user_id,attribute1
81972838,"{""Old"":12530,""New"":12532,""Reason"":3}"
48352269,"{""Old"":2966,""New"":2976,""Reason"":3}"
37988048,"{""Old"":1093,""New"":1095,""Reason"":3}"
63778994,"{""Old"":156146,""New"":156166,""Reason"":3}"
63778994,"{""Old"":157068,""New"":157088,""Reason"":3}"
63778994,"{""Old"":158398,""New"":158428,""Reason"":3}"
57366251,"{""Old"":3185,""New"":3187,""Reason"":3}"
63778994,"{""Old"":157388,""New"":157408,""Reason"":3}"
4867326,"{""Old"":187,""New"":189,""Reason"":3}"
73276609,"{""Old"":152,""New"":154,""Reason"":3}"
73276609,"{""Old"":171,""New"":173,""Reason"":3}"
41008032,"{""Old"":964,""New"":966,""Reason"":3}"
202176747,"{""Old"":6052,""New"":6072,""Reason"":3}"
35936585,"{""Old"":27115,""New"":27117,""Reason"":3}"
35936585,"{""Old"":27249,""New"":27251,""Reason"":3}"
63778994,"{""Old"":157608,""New"":157628,""Reason"":3}"
63778994,"{""Old"":158957,""New"":159017,""Reason"":3}"
35936585,"{""Old"":26919,""New"":26921,""Reason"":3}"
80504175,"{""Old"":1392,""New"":1396,""Reason"":3}"
73276609,"{""Old"":303,""New"":305,""Reason"":3}"
41008032,"{""Old"":958,""New"":960,""Reason"":3}"
41008032,"{""Old"":1006,""New"":1008,""Reason"":3}"
63778994,"{""Old"":155671,""New"":155691,""Reason"":3}"
63778994,"{""Old"":157238,""New"":157288,""Reason"":3}"
59126316,"{""Old"":848,""New"":850,""Reason"":3}"
48352269,"{""Old"":2867,""New"":2869,""Reason"":3}"
81972838,"{""Old"":12375,""New"":12377,""Reason"":3}"
81972838,"{""Old"":12349,""New"":12353,""Reason"":3}"
55531402,"{""Old"":794353,""New"":794373,""Reason"":3}"
55531402,"{""Old"":797595,""New"":797635,""Reason"":3}"
55531402,"{""Old"":797433,""New"":797443,""Reason"":3}"
55531402,"{""Old"":798380,""New"":798400,""Reason"":3}"
55531402,"{""Old"":800560,""New"":800570,""Reason"":3}"
55531402,"{""Old"":801699,""New"":801749,""Reason"":3}"
9084499,"{""Old"":122,""New"":124,""Reason"":3}"
42724579,"{""Old"":158,""New"":160,""Reason"":3}"
42724579,"{""Old"":366,""New"":368,""Reason"":3}"
8772801,"{""Old"":882,""New"":884,""Reason"":3}"
8772801,"{""Old"":884,""New"":886,""Reason"":3}"
55531402,"{""Old"":794438,""New"":794458,""Reason"":3}"
55531402,"{""Old"":796824,""New"":796826,""Reason"":3}"
55531402,"{""Old"":798772,""New"":798782,""Reason"":3}"
55531402,"{""Old"":799374,""New"":799414,""Reason"":3}"
55531402,"{""Old"":801229,""New"":801239,""Reason"":3}"
40671256,"{""Old"":1745,""New"":1747,""Reason"":3}"
85246118,"{""Old"":807,""New"":809,""Reason"":3}"
83676575,"{""Old"":3124,""New"":3134,""Reason"":3}"
85246118,"{""Old"":814,""New"":816,""Reason"":3}"
81972838,"{""Old"":12514,""New"":12516,""Reason"":3}"
81972838,"{""Old"":12385,""New"":12387,""Reason"":3}"
81972838,"{""Old"":12563,""New"":12573,""Reason"":3}"
81972838,"{""Old"":12581,""New"":12583,""Reason"":3}"
81972838,"{""Old"":12526,""New"":12528,""Reason"":3}"
81972838,"{""Old"":12561,""New"":12563,""Reason"":3}"
86252946,"{""Old"":84,""New"":86,""Reason"":3}"
85708585,"{""Old"":265,""New"":267,""Reason"":3}"
48352269,"{""Old"":2830,""New"":2840,""Reason"":3}"
48352269,"{""Old"":2904,""New"":2924,""Reason"":3}"
48352269,"{""Old"":2894,""New"":2904,""Reason"":3}"
62310563,"{""Old"":75,""New"":77,""Reason"":3}"
65661392,"{""Old"":41,""New"":43,""Reason"":3}"
6084170,"{""Old"":565,""New"":567,""Reason"":3}"
55531402,"{""Old"":794129,""New"":794149,""Reason"":3}"
55531402,"{""Old"":795004,""New"":795014,""Reason"":3}"
55531402,"{""Old"":797168,""New"":797178,""Reason"":3}"
55531402,"{""Old"":799736,""New"":799756,""Reason"":3}"
75730356,"{""Old"":243,""New"":247,""Reason"":3}"
55531402,"{""Old"":805010,""New"":805020,""Reason"":3}"
55531402,"{""Old"":796779,""New"":796789,""Reason"":3}"
55531402,"{""Old"":799152,""New"":799162,""Reason"":3}"
55531402,"{""Old"":801509,""New"":801519,""Reason"":3}"
19535546,"{""Old"":536,""New"":540,""Reason"":3}"
66718790,"{""Old"":3492,""New"":3494,""Reason"":3}"
8772801,"{""Old"":796,""New"":798,""Reason"":3}"
56305413,"{""Old"":3525,""New"":3527,""Reason"":3}"
8772801,"{""Old"":880,""New"":882,""Reason"":3}"
56305413,"{""Old"":2162,""New"":2164,""Reason"":3}"
46290546,"{""Old"":4412,""New"":4422,""Reason"":3}"
42724579,"{""Old"":349,""New"":351,""Reason"":3}"
42724579,"{""Old"":176,""New"":178,""Reason"":3}"
42724579,"{""Old"":229,""New"":231,""Reason"":3}"
46419793,"{""Old"":246,""New"":248,""Reason"":3}"
46290546,"{""Old"":4622,""New"":4632,""Reason"":3}"
46290546,"{""Old"":5167,""New"":5177,""Reason"":3}"
14034509,"{""Old"":831,""New"":833,""Reason"":3}"
70373765,"{""Old"":265,""New"":267,""Reason"":3}"
75730356,"{""Old"":276,""New"":278,""Reason"":3}"
75730356,"{""Old"":311,""New"":313,""Reason"":3}"
45310161,"{""Old"":28,""New"":30,""Reason"":3}"
55531402,"{""Old"":803188,""New"":803198,""Reason"":3}"
55531402,"{""Old"":803360,""New"":803370,""Reason"":3}"
55531402,"{""Old"":794581,""New"":794591,""Reason"":3}"
55531402,"{""Old"":797500,""New"":797520,""Reason"":3}"
55531402,"{""Old"":798625,""New"":798635,""Reason"":3}"
55531402,"{""Old"":799706,""New"":799716,""Reason"":3}"
55531402,"{""Old"":800995,""New"":801005,""Reason"":3}"
55531402,"{""Old"":801806,""New"":801816,""Reason"":3}"
45310161,"{""Old"":48,""New"":50,""Reason"":3}"
45310161,"{""Old"":61,""New"":63,""Reason"":3}"
46419793,"{""Old"":38,""New"":40,""Reason"":3}"
56305413,"{""Old"":3527,""New"":3537,""Reason"":3}"
56305413,"{""Old"":2104,""New"":2106,""Reason"":3}"
55531402,"{""Old"":802958,""New"":802978,""Reason"":3}"
55531402,"{""Old"":796454,""New"":796474,""Reason"":3}"
55531402,"{""Old"":797388,""New"":797398,""Reason"":3}"
55531402,"{""Old"":798750,""New"":798770,""Reason"":3}"
55531402,"{""Old"":799142,""New"":799152,""Reason"":3}"
55531402,"{""Old"":800181,""New"":800211,""Reason"":3}"
55531402,"{""Old"":801264,""New"":801274,""Reason"":3}"
13186631,"{""Old"":1397,""New"":1407,""Reason"":3}"
13186631,"{""Old"":1623,""New"":1633,""Reason"":3}"
40671256,"{""Old"":1818,""New"":1828,""Reason"":3}"
57711906,"{""Old"":89,""New"":91,""Reason"":3}"
42724579,"{""Old"":320,""New"":322,""Reason"":3}"
8772801,"{""Old"":821,""New"":823,""Reason"":3}"
8772801,"{""Old"":894,""New"":904,""Reason"":3}"
56305413,"{""Old"":2624,""New"":2626,""Reason"":3}"
56305413,"{""Old"":2840,""New"":2842,""Reason"":3}"
56305413,"{""Old"":3266,""New"":3276,""Reason"":3}"
66718790,"{""Old"":4828,""New"":4838,""Reason"":3}"
48352269,"{""Old"":6604,""New"":6608,""Reason"":3}"
66718790,"{""Old"":3494,""New"":3496,""Reason"":3}"
66718790,"{""Old"":3952,""New"":3954,""Reason"":3}"
66718790,"{""Old"":4542,""New"":4552,""Reason"":3}"
66718790,"{""Old"":4852,""New"":4862,""Reason"":3}"
19535546,"{""Old"":667,""New"":669,""Reason"":3}"
19535546,"{""Old"":665,""New"":667,""Reason"":3}"
19535546,"{""Old"":588,""New"":590,""Reason"":3}"
19535546,"{""Old"":681,""New"":683,""Reason"":3}"
14034509,"{""Old"":835,""New"":837,""Reason"":3}"
70373765,"{""Old"":226,""New"":228,""Reason"":3}"
51765158,"{""Old"":949,""New"":959,""Reason"":3}"
42724579,"{""Old"":305,""New"":307,""Reason"":3}"
45310161,"{""Old"":43,""New"":45,""Reason"":3}"
45310161,"{""Old"":57,""New"":59,""Reason"":3}"
8772801,"{""Old"":792,""New"":796,""Reason"":3}"
8772801,"{""Old"":846,""New"":856,""Reason"":3}"
203681405,"{""Old"":3191,""New"":3193,""Reason"":3}"
40671256,"{""Old"":2080,""New"":2082,""Reason"":3}"
55531402,"{""Old"":794373,""New"":794383,""Reason"":3}"
55531402,"{""Old"":796222,""New"":796242,""Reason"":3}"
55531402,"{""Old"":797755,""New"":797765,""Reason"":3}"
55531402,"{""Old"":800550,""New"":800560,""Reason"":3}"
55531402,"{""Old"":801092,""New"":801102,""Reason"":3}"
55531402,"{""Old"":801157,""New"":801159,""Reason"":3}"
55531402,"{""Old"":801836,""New"":801846,""Reason"":3}"
55531402,"{""Old"":794253,""New"":794263,""Reason"":3}"
55531402,"{""Old"":796866,""New"":796876,""Reason"":3}"
55531402,"{""Old"":799916,""New"":799936,""Reason"":3}"
88569534,"{""Old"":163,""New"":165,""Reason"":3}"
75730356,"{""Old"":204,""New"":206,""Reason"":3}"
75730356,"{""Old"":154,""New"":156,""Reason"":3}"
40671256,"{""Old"":1250,""New"":1252,""Reason"":3}"
40671256,"{""Old"":1749,""New"":1751,""Reason"":3}"
40671256,"{""Old"":1761,""New"":1771,""Reason"":3}"
40671256,"{""Old"":1310,""New"":1312,""Reason"":3}"
40671256,"{""Old"":1466,""New"":1468,""Reason"":3}"
19535546,"{""Old"":637,""New"":639,""Reason"":3}"
66718790,"{""Old"":4747,""New"":4757,""Reason"":3}"
66718790,"{""Old"":4862,""New"":4872,""Reason"":3}"
19535546,"{""Old"":543,""New"":545,""Reason"":3}"
6084170,"{""Old"":563,""New"":565,""Reason"":3}"
39038951,"{""Old"":732,""New"":734,""Reason"":3}"
48352269,"{""Old"":6663,""New"":6665,""Reason"":3}"
56305413,"{""Old"":2133,""New"":2135,""Reason"":3}"
80742310,"{""Old"":647,""New"":651,""Reason"":3}"
56305413,"{""Old"":2604,""New"":2606,""Reason"":3}"
56305413,"{""Old"":2716,""New"":2718,""Reason"":3}"
46419793,"{""Old"":440,""New"":442,""Reason"":3}"
46080690,"{""Old"":0,""New"":2,""Reason"":3}"
56305413,"{""Old"":2448,""New"":2450,""Reason"":3}"
56305413,"{""Old"":3338,""New"":3340,""Reason"":3}"
8772801,"{""Old"":908,""New"":910,""Reason"":3}"
56305413,"{""Old"":2238,""New"":2240,""Reason"":3}"
56305413,"{""Old"":2675,""New"":2677,""Reason"":3}"
56305413,"{""Old"":3074,""New"":3076,""Reason"":3}"
56305413,"{""Old"":3440,""New"":3450,""Reason"":3}"
56305413,"{""Old"":3509,""New"":3519,""Reason"":3}"
46419793,"{""Old"":395,""New"":397,""Reason"":3}"
46290546,"{""Old"":5502,""New"":5512,""Reason"":3}"
46290546,"{""Old"":4919,""New"":4939,""Reason"":3}"
46290546,"{""Old"":5009,""New"":5011,""Reason"":3}"
46290546,"{""Old"":5454,""New"":5464,""Reason"":3}"
70367218,"{""Old"":198,""New"":200,""Reason"":3}"
46290546,"{""Old"":5362,""New"":5372,""Reason"":3}"
46290546,"{""Old"":5532,""New"":5542,""Reason"":3}"
63799212,"{""Old"":9469,""New"":9479,""Reason"":3}"
63799212,"{""Old"":13373,""New"":13383,""Reason"":3}"
63799212,"{""Old"":7619,""New"":7629,""Reason"":3}"
63799212,"{""Old"":8417,""New"":8427,""Reason"":3}"
66718790,"{""Old"":4498,""New"":4508,""Reason"":3}"
66718790,"{""Old"":4886,""New"":4896,""Reason"":3}"
19535546,"{""Old"":669,""New"":671,""Reason"":3}"
66718790,"{""Old"":5382,""New"":5392,""Reason"":3}"
66718790,"{""Old"":5879,""New"":5881,""Reason"":3}"
70373765,"{""Old"":272,""New"":274,""Reason"":3}"
48352269,"{""Old"":6650,""New"":6652,""Reason"":3}"
44782814,"{""Old"":490,""New"":492,""Reason"":3}"
42724579,"{""Old"":134,""New"":136,""Reason"":3}"
46290546,"{""Old"":4909,""New"":4919,""Reason"":3}"
46290546,"{""Old"":5512,""New"":5522,""Reason"":3}"
36439403,"{""Old"":1379,""New"":1381,""Reason"":3}"
63799212,"{""Old"":4878,""New"":4880,""Reason"":3}"
56866711,"{""Old"":2323,""New"":2333,""Reason"":3}"
54055764,"{""Old"":4523,""New"":4525,""Reason"":3}"
37784995,"{""Old"":894,""New"":896,""Reason"":3}"
54055764,"{""Old"":4471,""New"":4473,""Reason"":3}"
51765158,"{""Old"":1187,""New"":1191,""Reason"":3}"
51765158,"{""Old"":1244,""New"":1246,""Reason"":3}"
66718790,"{""Old"":5272,""New"":5274,""Reason"":3}"
66718790,"{""Old"":5518,""New"":5528,""Reason"":3}"
66718790,"{""Old"":5767,""New"":5777,""Reason"":3}"
66718790,"{""Old"":5837,""New"":5839,""Reason"":3}"
66718790,"{""Old"":3652,""New"":3654,""Reason"":3}"
66718790,"{""Old"":4076,""New"":4078,""Reason"":3}"
66718790,"{""Old"":4696,""New"":4706,""Reason"":3}"
46290546,"{""Old"":4849,""New"":4859,""Reason"":3}"
27777369,"{""Old"":229,""New"":231,""Reason"":3}"
19535546,"{""Old"":1276,""New"":1278,""Reason"":3}"
19535546,"{""Old"":1307,""New"":1309,""Reason"":3}"
63799212,"{""Old"":10835,""New"":10855,""Reason"":3}"
63799212,"{""Old"":10987,""New"":10997,""Reason"":3}"
63799212,"{""Old"":9499,""New"":9509,""Reason"":3}"
63799212,"{""Old"":10886,""New"":10896,""Reason"":3}"
63799212,"{""Old"":11057,""New"":11067,""Reason"":3}"
63799212,"{""Old"":12249,""New"":12259,""Reason"":3}"
63799212,"{""Old"":7283,""New"":7285,""Reason"":3}"
63799212,"{""Old"":8785,""New"":8795,""Reason"":3}"
66718790,"{""Old"":4720,""New"":4730,""Reason"":3}"
19535546,"{""Old"":603,""New"":605,""Reason"":3}"
52385318,"{""Old"":878,""New"":880,""Reason"":3}"
63799212,"{""Old"":5742,""New"":5744,""Reason"":3}"
63799212,"{""Old"":5832,""New"":5842,""Reason"":3}"
63799212,"{""Old"":5924,""New"":5926,""Reason"":3}"
47200242,"{""Old"":328,""New"":330,""Reason"":3}"
66718790,"{""Old"":4164,""New"":4174,""Reason"":3}"
66718790,"{""Old"":5247,""New"":5257,""Reason"":3}"
66718790,"{""Old"":5358,""New"":5360,""Reason"":3}"
66718790,"{""Old"":5308,""New"":5318,""Reason"":3}"
66718790,"{""Old"":5177,""New"":5187,""Reason"":3}"
39038951,"{""Old"":707,""New"":709,""Reason"":3}"
66718790,"{""Old"":5735,""New"":5737,""Reason"":3}"
25225869,"{""Old"":7392,""New"":7402,""Reason"":3}"
25225869,"{""Old"":7782,""New"":7792,""Reason"":3}"
25225869,"{""Old"":8200,""New"":8210,""Reason"":3}"
41823185,"{""Old"":406,""New"":408,""Reason"":3}"
25225869,"{""Old"":7347,""New"":7357,""Reason"":3}"
25225869,"{""Old"":7657,""New"":7667,""Reason"":3}"
25225869,"{""Old"":8190,""New"":8200,""Reason"":3}"
25225869,"{""Old"":8455,""New"":8465,""Reason"":3}"
8128487,"{""Old"":323,""New"":325,""Reason"":3}"
25225869,"{""Old"":5411,""New"":5421,""Reason"":3}"
25225869,"{""Old"":5846,""New"":5856,""Reason"":3}"
62293641,"{""Old"":385,""New"":387,""Reason"":3}"
41823185,"{""Old"":424,""New"":426,""Reason"":3}"
8980498,"{""Old"":671,""New"":673,""Reason"":3}"
75899123,"{""Old"":1852,""New"":1854,""Reason"":3}"
58164604,"{""Old"":625,""New"":629,""Reason"":3}"
41823185,"{""Old"":454,""New"":456,""Reason"":3}"
42402836,"{""Old"":280,""New"":282,""Reason"":3}"
49833858,"{""Old"":2044,""New"":2046,""Reason"":3}"
75899123,"{""Old"":1771,""New"":1773,""Reason"":3}"
41823185,"{""Old"":366,""New"":368,""Reason"":3}"
67962623,"{""Old"":4289,""New"":4293,""Reason"":3}"
62293641,"{""Old"":381,""New"":383,""Reason"":3}"
6634097,"{""Old"":277,""New"":279,""Reason"":3}"
41823185,"{""Old"":369,""New"":371,""Reason"":3}"
38804811,"{""Old"":1800,""New"":1802,""Reason"":3}"
75899123,"{""Old"":1813,""New"":1815,""Reason"":3}"
55531402,"{""Old"":397930,""New"":397932,""Reason"":3}"
55531402,"{""Old"":399398,""New"":399428,""Reason"":3}"
55531402,"{""Old"":399969,""New"":399979,""Reason"":3}"
55531402,"{""Old"":400946,""New"":400966,""Reason"":3}"
55531402,"{""Old"":404843,""New"":404863,""Reason"":3}"
55531402,"{""Old"":386218,""New"":386238,""Reason"":3}"
55531402,"{""Old"":387188,""New"":387218,""Reason"":3}"
55531402,"{""Old"":387148,""New"":387158,""Reason"":3}"
55531402,"{""Old"":390664,""New"":390666,""Reason"":3}"
55531402,"{""Old"":394792,""New"":394802,""Reason"":3}"
55531402,"{""Old"":394758,""New"":394760,""Reason"":3}"
55531402,"{""Old"":395147,""New"":395149,""Reason"":3}"
55531402,"{""Old"":395316,""New"":395326,""Reason"":3}"
55531402,"{""Old"":400311,""New"":400331,""Reason"":3}"
55531402,"{""Old"":401562,""New"":401572,""Reason"":3}"
55531402,"{""Old"":402394,""New"":402404,""Reason"":3}"
55531402,"{""Old"":402936,""New"":402966,""Reason"":3}"
55531402,"{""Old"":404623,""New"":404633,""Reason"":3}"
55531402,"{""Old"":407500,""New"":407520,""Reason"":3}"
55531402,"{""Old"":407625,""New"":407635,""Reason"":3}"
20302898,"{""Old"":1760,""New"":1770,""Reason"":3}"
8151531,"{""Old"":10210,""New"":10220,""Reason"":3}"
8151531,"{""Old"":10382,""New"":10384,""Reason"":3}"
28505678,"{""Old"":609,""New"":611,""Reason"":3}"
41314505,"{""Old"":263,""New"":265,""Reason"":3}"
57366251,"{""Old"":3551,""New"":3553,""Reason"":3}"
79702191,"{""Old"":452,""New"":458,""Reason"":3}"
4867326,"{""Old"":205,""New"":207,""Reason"":3}"
78174244,"{""Old"":1135,""New"":1137,""Reason"":3}"
78174244,"{""Old"":1166,""New"":1168,""Reason"":3}"
62439790,"{""Old"":1489,""New"":1495,""Reason"":3}"
73588812,"{""Old"":980,""New"":990,""Reason"":3}"
73588812,"{""Old"":1775,""New"":1777,""Reason"":3}"
82629288,"{""Old"":380,""New"":382,""Reason"":3}"
24208183,"{""Old"":129,""New"":131,""Reason"":3}"
66718790,"{""Old"":3016,""New"":3026,""Reason"":3}"
24208183,"{""Old"":154,""New"":156,""Reason"":3}"
66718790,"{""Old"":5923,""New"":5925,""Reason"":3}"
19535546,"{""Old"":1136,""New"":1138,""Reason"":3}"
19535546,"{""Old"":1644,""New"":1646,""Reason"":3}"
55531402,"{""Old"":803330,""New"":803360,""Reason"":3}"
55531402,"{""Old"":804095,""New"":804115,""Reason"":3}"
55531402,"{""Old"":804635,""New"":804665,""Reason"":3}"
45310161,"{""Old"":69,""New"":71,""Reason"":3}"
40671256,"{""Old"":1341,""New"":1343,""Reason"":3}"
40671256,"{""Old"":2115,""New"":2125,""Reason"":3}"
40671256,"{""Old"":1566,""New"":1568,""Reason"":3}"
40671256,"{""Old"":1739,""New"":1741,""Reason"":3}"
40671256,"{""Old"":1733,""New"":1735,""Reason"":3}"
40671256,"{""Old"":1464,""New"":1466,""Reason"":3}"
37279442,"{""Old"":10557,""New"":10559,""Reason"":3}"
55531402,"{""Old"":805465,""New"":805475,""Reason"":3}"
55531402,"{""Old"":802421,""New"":802441,""Reason"":3}"
24208183,"{""Old"":102,""New"":104,""Reason"":3}"
63799212,"{""Old"":6976,""New"":6986,""Reason"":3}"
63799212,"{""Old"":8100,""New"":8102,""Reason"":3}"
63799212,"{""Old"":8773,""New"":8775,""Reason"":3}"
63799212,"{""Old"":10491,""New"":10501,""Reason"":3}"
63799212,"{""Old"":12419,""New"":12429,""Reason"":3}"
63799212,"{""Old"":12981,""New"":12991,""Reason"":3}"
63799212,"{""Old"":13201,""New"":13221,""Reason"":3}"
63799212,"{""Old"":5686,""New"":5688,""Reason"":3}"
56305413,"{""Old"":2234,""New"":2236,""Reason"":3}"
56305413,"{""Old"":2312,""New"":2314,""Reason"":3}"
56305413,"{""Old"":2908,""New"":2910,""Reason"":3}"
76395205,"{""Old"":451,""New"":453,""Reason"":3}"
81192725,"{""Old"":279,""New"":281,""Reason"":3}"
56305413,"{""Old"":2816,""New"":2818,""Reason"":3}"
76395205,"{""Old"":416,""New"":418,""Reason"":3}"
56305413,"{""Old"":2271,""New"":2273,""Reason"":3}"
56305413,"{""Old"":2540,""New"":2542,""Reason"":3}"
76395205,"{""Old"":442,""New"":444,""Reason"":3}"
81192725,"{""Old"":53,""New"":55,""Reason"":3}"
81192725,"{""Old"":233,""New"":235,""Reason"":3}"
81192725,"{""Old"":202,""New"":204,""Reason"":3}"
82629288,"{""Old"":517,""New"":519,""Reason"":3}"
82629288,"{""Old"":523,""New"":525,""Reason"":3}"
73588812,"{""Old"":1717,""New"":1719,""Reason"":3}"
79702191,"{""Old"":320,""New"":322,""Reason"":3}"
79702191,"{""Old"":349,""New"":351,""Reason"":3}"
79702191,"{""Old"":314,""New"":316,""Reason"":3}"
202176747,"{""Old"":6072,""New"":6082,""Reason"":3}"
72848715,"{""Old"":1701,""New"":1711,""Reason"":3}"
73588812,"{""Old"":1319,""New"":1321,""Reason"":3}"
73588812,"{""Old"":1336,""New"":1338,""Reason"":3}"
73588812,"{""Old"":1581,""New"":1583,""Reason"":3}"
73588812,"{""Old"":1058,""New"":1060,""Reason"":3}"
73588812,"{""Old"":1509,""New"":1511,""Reason"":3}"
80692993,"{""Old"":1136,""New"":1138,""Reason"":3}"
80692993,"{""Old"":1132,""New"":1134,""Reason"":3}"
80692993,"{""Old"":1138,""New"":1140,""Reason"":3}"
57366251,"{""Old"":3232,""New"":3242,""Reason"":3}"
30429272,"{""Old"":2504,""New"":2506,""Reason"":3}"
8159597,"{""Old"":946,""New"":948,""Reason"":3}"
8159597,"{""Old"":2964,""New"":2974,""Reason"":3}"
8159597,"{""Old"":3963,""New"":3973,""Reason"":3}"
8159597,"{""Old"":4037,""New"":4057,""Reason"":3}"
8151531,"{""Old"":9951,""New"":9953,""Reason"":3}"
8151531,"{""Old"":10882,""New"":10884,""Reason"":3}"
8151531,"{""Old"":11019,""New"":11029,""Reason"":3}"
8159597,"{""Old"":569,""New"":571,""Reason"":3}"
8159597,"{""Old"":1741,""New"":1751,""Reason"":3}"
8159597,"{""Old"":2402,""New"":2412,""Reason"":3}"
8159597,"{""Old"":2478,""New"":2488,""Reason"":3}"
8159597,"{""Old"":3228,""New"":3238,""Reason"":3}"
30429272,"{""Old"":2570,""New"":2572,""Reason"":3}"
43959427,"{""Old"":3823,""New"":3827,""Reason"":3}"
55921654,"{""Old"":281,""New"":283,""Reason"":3}"
8159597,"{""Old"":593,""New"":595,""Reason"":3}"
8159597,"{""Old"":1609,""New"":1611,""Reason"":3}"
8159597,"{""Old"":1625,""New"":1635,""Reason"":3}"
8159597,"{""Old"":3761,""New"":3771,""Reason"":3}"
19535546,"{""Old"":1620,""New"":1622,""Reason"":3}"
19535546,"{""Old"":1649,""New"":1659,""Reason"":3}"
19535546,"{""Old"":1748,""New"":1750,""Reason"":3}"
19535546,"{""Old"":1677,""New"":1679,""Reason"":3}"
66718790,"{""Old"":5927,""New"":5929,""Reason"":3}"
19535546,"{""Old"":1099,""New"":1101,""Reason"":3}"
19535546,"{""Old"":1347,""New"":1349,""Reason"":3}"
19535546,"{""Old"":1420,""New"":1422,""Reason"":3}"
19535546,"{""Old"":1744,""New"":1746,""Reason"":3}"
70373765,"{""Old"":263,""New"":265,""Reason"":3}"
6084170,"{""Old"":540,""New"":542,""Reason"":3}"
66718790,"{""Old"":2938,""New"":2948,""Reason"":3}"
23245682,"{""Old"":1071,""New"":1073,""Reason"":3}"
55531402,"{""Old"":385351,""New"":385371,""Reason"":3}"
55531402,"{""Old"":391411,""New"":391421,""Reason"":3}"
55531402,"{""Old"":391236,""New"":391246,""Reason"":3}"
55531402,"{""Old"":392726,""New"":392736,""Reason"":3}"
55531402,"{""Old"":394632,""New"":394652,""Reason"":3}"
55531402,"{""Old"":396690,""New"":396700,""Reason"":3}"
55531402,"{""Old"":397252,""New"":397262,""Reason"":3}"
55531402,"{""Old"":397967,""New"":397977,""Reason"":3}"
55531402,"{""Old"":399160,""New"":399170,""Reason"":3}"
55531402,"{""Old"":402766,""New"":402776,""Reason"":3}"
55531402,"{""Old"":406543,""New"":406563,""Reason"":3}"
55531402,"{""Old"":407490,""New"":407500,""Reason"":3}"
55531402,"{""Old"":409517,""New"":409527,""Reason"":3}"
82785902,"{""Old"":46385,""New"":46387,""Reason"":3}"
82785902,"{""Old"":46279,""New"":46289,""Reason"":3}"
31776438,"{""Old"":191,""New"":193,""Reason"":3}"
82785902,"{""Old"":46110,""New"":46120,""Reason"":3}"
82785902,"{""Old"":46303,""New"":46313,""Reason"":3}"
55531402,"{""Old"":410207,""New"":410227,""Reason"":3}"
55531402,"{""Old"":411502,""New"":411512,""Reason"":3}"
55531402,"{""Old"":411677,""New"":411687,""Reason"":3}"
55531402,"{""Old"":410047,""New"":410057,""Reason"":3}"
55531402,"{""Old"":411252,""New"":411272,""Reason"":3}"
55531402,"{""Old"":409562,""New"":409572,""Reason"":3}"
55531402,"{""Old"":412022,""New"":412032,""Reason"":3}"
67260187,"{""Old"":235,""New"":237,""Reason"":3}"
55531402,"{""Old"":385311,""New"":385331,""Reason"":3}"
55531402,"{""Old"":387400,""New"":387410,""Reason"":3}"
55531402,"{""Old"":388901,""New"":388921,""Reason"":3}"
55531402,"{""Old"":390569,""New"":390589,""Reason"":3}"
55531402,"{""Old"":391691,""New"":391701,""Reason"":3}"
55531402,"{""Old"":394581,""New"":394591,""Reason"":3}"
55531402,"{""Old"":394804,""New"":394814,""Reason"":3}"
55531402,"{""Old"":395376,""New"":395378,""Reason"":3}"
55531402,"{""Old"":396147,""New"":396157,""Reason"":3}"
55531402,"{""Old"":405663,""New"":405683,""Reason"":3}"
25799691,"{""Old"":1354,""New"":1356,""Reason"":3}"
52990199,"{""Old"":910,""New"":912,""Reason"":3}"
52990199,"{""Old"":1179,""New"":1189,""Reason"":3}"
48352269,"{""Old"":3028,""New"":3038,""Reason"":3}"
56866711,"{""Old"":2014,""New"":2016,""Reason"":3}"
44361334,"{""Old"":133,""New"":135,""Reason"":3}"
52990199,"{""Old"":1103,""New"":1107,""Reason"":3}"
82785902,"{""Old"":45709,""New"":45711,""Reason"":3}"
82785902,"{""Old"":46301,""New"":46303,""Reason"":3}"
82785902,"{""Old"":45727,""New"":45729,""Reason"":3}"
82785902,"{""Old"":46533,""New"":46543,""Reason"":3}"
55531402,"{""Old"":409717,""New"":409727,""Reason"":3}"
55531402,"{""Old"":409662,""New"":409672,""Reason"":3}"
82785902,"{""Old"":46120,""New"":46130,""Reason"":3}"
65594943,"{""Old"":126,""New"":128,""Reason"":3}"
31776438,"{""Old"":258,""New"":260,""Reason"":3}"
212325782,"{""Old"":6041,""New"":6051,""Reason"":3}"
52990199,"{""Old"":903,""New"":905,""Reason"":3}"
25799691,"{""Old"":1290,""New"":1292,""Reason"":3}"
25799691,"{""Old"":1304,""New"":1306,""Reason"":3}"
25799691,"{""Old"":1310,""New"":1312,""Reason"":3}"
52990199,"{""Old"":1041,""New"":1043,""Reason"":3}"
50416621,"{""Old"":476,""New"":478,""Reason"":3}"
55531402,"{""Old"":390866,""New"":390876,""Reason"":3}"
55531402,"{""Old"":392836,""New"":392846,""Reason"":3}"
55531402,"{""Old"":396137,""New"":396147,""Reason"":3}"
55531402,"{""Old"":401282,""New"":401292,""Reason"":3}"
55531402,"{""Old"":405473,""New"":405493,""Reason"":3}"
55531402,"{""Old"":407520,""New"":407540,""Reason"":3}"
55531402,"{""Old"":409627,""New"":409637,""Reason"":3}"
55531402,"{""Old"":394438,""New"":394440,""Reason"":3}"
55531402,"{""Old"":394620,""New"":394622,""Reason"":3}"
55531402,"{""Old"":396730,""New"":396740,""Reason"":3}"
55531402,"{""Old"":399215,""New"":399225,""Reason"":3}"
55531402,"{""Old"":404238,""New"":404268,""Reason"":3}"
55531402,"{""Old"":404538,""New"":404558,""Reason"":3}"
55531402,"{""Old"":406788,""New"":406798,""Reason"":3}"
55531402,"{""Old"":386033,""New"":386043,""Reason"":3}"
55531402,"{""Old"":387670,""New"":387680,""Reason"":3}"
55531402,"{""Old"":386443,""New"":386453,""Reason"":3}"
55531402,"{""Old"":386293,""New"":386303,""Reason"":3}"
55531402,"{""Old"":389637,""New"":389647,""Reason"":3}"
55531402,"{""Old"":390169,""New"":390179,""Reason"":3}"
55531402,"{""Old"":394814,""New"":394816,""Reason"":3}"
55531402,"{""Old"":395867,""New"":395877,""Reason"":3}"
55531402,"{""Old"":398636,""New"":398646,""Reason"":3}"
55531402,"{""Old"":399545,""New"":399605,""Reason"":3}"
55531402,"{""Old"":401327,""New"":401337,""Reason"":3}"
55531402,"{""Old"":402806,""New"":402816,""Reason"":3}"
55531402,"{""Old"":408375,""New"":408385,""Reason"":3}"
82785902,"{""Old"":46600,""New"":46610,""Reason"":3}"
48550785,"{""Old"":1131,""New"":1133,""Reason"":3}"
82785902,"{""Old"":47807,""New"":47809,""Reason"":3}"
82785902,"{""Old"":48401,""New"":48403,""Reason"":3}"
82785902,"{""Old"":48613,""New"":48623,""Reason"":3}"
82785902,"{""Old"":50378,""New"":50388,""Reason"":3}"
82785902,"{""Old"":50490,""New"":50500,""Reason"":3}"
82785902,"{""Old"":51955,""New"":51965,""Reason"":3}"
55531402,"{""Old"":384467,""New"":384477,""Reason"":3}"
55531402,"{""Old"":385841,""New"":385861,""Reason"":3}"
55531402,"{""Old"":390509,""New"":390529,""Reason"":3}"
55531402,"{""Old"":392356,""New"":392376,""Reason"":3}"
55531402,"{""Old"":392376,""New"":392386,""Reason"":3}"
55531402,"{""Old"":392466,""New"":392486,""Reason"":3}"
55531402,"{""Old"":394622,""New"":394632,""Reason"":3}"
55531402,"{""Old"":395972,""New"":395982,""Reason"":3}"
55531402,"{""Old"":400186,""New"":400206,""Reason"":3}"
55531402,"{""Old"":402484,""New"":402486,""Reason"":3}"
55531402,"{""Old"":404128,""New"":404138,""Reason"":3}"
55531402,"{""Old"":405363,""New"":405373,""Reason"":3}"
55531402,"{""Old"":408365,""New"":408375,""Reason"":3}"
55531402,"{""Old"":409385,""New"":409395,""Reason"":3}"
82785902,"{""Old"":46313,""New"":46323,""Reason"":3}"
82785902,"{""Old"":46632,""New"":46642,""Reason"":3}"
82785902,"{""Old"":45992,""New"":46002,""Reason"":3}"
67260187,"{""Old"":206,""New"":208,""Reason"":3}"
55531402,"{""Old"":385531,""New"":385541,""Reason"":3}"
55531402,"{""Old"":386568,""New"":386578,""Reason"":3}"
55531402,"{""Old"":387977,""New"":387987,""Reason"":3}"
55531402,"{""Old"":390014,""New"":390024,""Reason"":3}"
55531402,"{""Old"":390529,""New"":390569,""Reason"":3}"
55531402,"{""Old"":394662,""New"":394664,""Reason"":3}"
55531402,"{""Old"":395047,""New"":395057,""Reason"":3}"
55531402,"{""Old"":400004,""New"":400014,""Reason"":3}"
55531402,"{""Old"":405158,""New"":405178,""Reason"":3}"
55531402,"{""Old"":406973,""New"":406993,""Reason"":3}"
55531402,"{""Old"":407880,""New"":407890,""Reason"":3}"
55531402,"{""Old"":409572,""New"":409592,""Reason"":3}"
55531402,"{""Old"":387390,""New"":387400,""Reason"":3}"
55531402,"{""Old"":387313,""New"":387323,""Reason"":3}"
55531402,"{""Old"":387752,""New"":387762,""Reason"":3}"
55531402,"{""Old"":389036,""New"":389046,""Reason"":3}"
55531402,"{""Old"":390676,""New"":390686,""Reason"":3}"
55531402,"{""Old"":391991,""New"":392001,""Reason"":3}"
55531402,"{""Old"":392551,""New"":392571,""Reason"":3}"
55531402,"{""Old"":394760,""New"":394770,""Reason"":3}"
55531402,"{""Old"":400741,""New"":400761,""Reason"":3}"
55531402,"{""Old"":401964,""New"":401974,""Reason"":3}"
55531402,"{""Old"":402374,""New"":402394,""Reason"":3}"
55531402,"{""Old"":405123,""New"":405133,""Reason"":3}"
55531402,"{""Old"":407048,""New"":407058,""Reason"":3}"
55531402,"{""Old"":409055,""New"":409065,""Reason"":3}"
82785902,"{""Old"":45488,""New"":45490,""Reason"":3}"
82629288,"{""Old"":513,""New"":515,""Reason"":3}"
36439403,"{""Old"":592,""New"":594,""Reason"":3}"
74426538,"{""Old"":958,""New"":960,""Reason"":3}"
35936585,"{""Old"":27189,""New"":27191,""Reason"":3}"
35936585,"{""Old"":27335,""New"":27339,""Reason"":3}"
84303672,"{""Old"":6212,""New"":6214,""Reason"":3}"
209520756,"{""Old"":3027,""New"":3037,""Reason"":3}"
73588812,"{""Old"":1567,""New"":1577,""Reason"":3}"
73588812,"{""Old"":1608,""New"":1610,""Reason"":3}"
73588812,"{""Old"":1623,""New"":1625,""Reason"":3}"
62439790,"{""Old"":1477,""New"":1479,""Reason"":3}"
57366251,"{""Old"":3012,""New"":3014,""Reason"":3}"
4867326,"{""Old"":248,""New"":250,""Reason"":3}"
41008032,"{""Old"":886,""New"":888,""Reason"":3}"
41008032,"{""Old"":906,""New"":908,""Reason"":3}"
41008032,"{""Old"":902,""New"":904,""Reason"":3}"
41008032,"{""Old"":960,""New"":962,""Reason"":3}"
41008032,"{""Old"":962,""New"":964,""Reason"":3}"
41008032,"{""Old"":970,""New"":972,""Reason"":3}"
41008032,"{""Old"":1026,""New"":1028,""Reason"":3}"
72848715,"{""Old"":1719,""New"":1721,""Reason"":3}"
73588812,"{""Old"":1361,""New"":1363,""Reason"":3}"
73588812,"{""Old"":1719,""New"":1721,""Reason"":3}"
8159597,"{""Old"":897,""New"":899,""Reason"":3}"
8159597,"{""Old"":2888,""New"":2898,""Reason"":3}"
8159597,"{""Old"":2582,""New"":2602,""Reason"":3}"
8159597,"{""Old"":2922,""New"":2932,""Reason"":3}"
8159597,"{""Old"":4079,""New"":4089,""Reason"":3}"
8159597,"{""Old"":4199,""New"":4209,""Reason"":3}"
8159597,"{""Old"":4804,""New"":4814,""Reason"":3}"
55921654,"{""Old"":202,""New"":204,""Reason"":3}"
55921654,"{""Old"":213,""New"":215,""Reason"":3}"
55921654,"{""Old"":227,""New"":229,""Reason"":3}"
43959427,"{""Old"":3817,""New"":3819,""Reason"":3}"
30429272,"{""Old"":2514,""New"":2516,""Reason"":3}"
30429272,"{""Old"":2584,""New"":2586,""Reason"":3}"
8159597,"{""Old"":1155,""New"":1157,""Reason"":3}"
8159597,"{""Old"":2468,""New"":2478,""Reason"":3}"
8159597,"{""Old"":2646,""New"":2656,""Reason"":3}"
8159597,"{""Old"":2816,""New"":2826,""Reason"":3}"
8159597,"{""Old"":2974,""New"":2984,""Reason"":3}"
8159597,"{""Old"":3931,""New"":3941,""Reason"":3}"
8159597,"{""Old"":783,""New"":785,""Reason"":3}"
8159597,"{""Old"":2342,""New"":2344,""Reason"":3}"
8159597,"{""Old"":2332,""New"":2342,""Reason"":3}"
8159597,"{""Old"":2952,""New"":2954,""Reason"":3}"
8159597,"{""Old"":3098,""New"":3108,""Reason"":3}"
8159597,"{""Old"":2438,""New"":2448,""Reason"":3}"
8159597,"{""Old"":2518,""New"":2528,""Reason"":3}"
8159597,"{""Old"":2676,""New"":2686,""Reason"":3}"
8159597,"{""Old"":952,""New"":954,""Reason"":3}"
8159597,"{""Old"":968,""New"":970,""Reason"":3}"
8159597,"{""Old"":2776,""New"":2786,""Reason"":3}"
8159597,"{""Old"":2868,""New"":2878,""Reason"":3}"
8159597,"{""Old"":3178,""New"":3188,""Reason"":3}"
8159597,"{""Old"":3833,""New"":3843,""Reason"":3}"
8159597,"{""Old"":785,""New"":787,""Reason"":3}"
55921654,"{""Old"":199,""New"":201,""Reason"":3}"
8151531,"{""Old"":10521,""New"":10531,""Reason"":3}"
8151531,"{""Old"":10784,""New"":10786,""Reason"":3}"
8151531,"{""Old"":11033,""New"":11035,""Reason"":3}"
8159597,"{""Old"":4496,""New"":4506,""Reason"":3}"
8151531,"{""Old"":10435,""New"":10437,""Reason"":3}"
8151531,"{""Old"":9891,""New"":9893,""Reason"":3}"
8151531,"{""Old"":10130,""New"":10132,""Reason"":3}"
8151531,"{""Old"":10508,""New"":10518,""Reason"":3}"
8151531,"{""Old"":10734,""New"":10736,""Reason"":3}"
8151531,"{""Old"":10967,""New"":10969,""Reason"":3}"
8159597,"{""Old"":763,""New"":773,""Reason"":3}"
8159597,"{""Old"":2538,""New"":2540,""Reason"":3}"
8159597,"{""Old"":4946,""New"":4956,""Reason"":3}"
8159597,"{""Old"":5056,""New"":5066,""Reason"":3}"
8151531,"{""Old"":9909,""New"":9911,""Reason"":3}"
8151531,"{""Old"":10493,""New"":10495,""Reason"":3}"
8151531,"{""Old"":10678,""New"":10688,""Reason"":3}"
8151531,"{""Old"":10929,""New"":10931,""Reason"":3}"
8159597,"{""Old"":5106,""New"":5116,""Reason"":3}"
8151531,"{""Old"":9983,""New"":9985,""Reason"":3}"
8151531,"{""Old"":10178,""New"":10180,""Reason"":3}"
8151531,"{""Old"":10336,""New"":10338,""Reason"":3}"
8151531,"{""Old"":10772,""New"":10774,""Reason"":3}"
8159597,"{""Old"":1237,""New"":1247,""Reason"":3}"
8151531,"{""Old"":9921,""New"":9923,""Reason"":3}"
8151531,"{""Old"":10147,""New"":10149,""Reason"":3}"
8151531,"{""Old"":10279,""New"":10283,""Reason"":3}"
8151531,"{""Old"":10708,""New"":10710,""Reason"":3}"
30429272,"{""Old"":2506,""New"":2510,""Reason"":3}"
8151531,"{""Old"":9913,""New"":9915,""Reason"":3}"
8151531,"{""Old"":10575,""New"":10577,""Reason"":3}"
8151531,"{""Old"":10606,""New"":10608,""Reason"":3}"
8151531,"{""Old"":10617,""New"":10627,""Reason"":3}"
8151531,"{""Old"":10806,""New"":10808,""Reason"":3}"
8151531,"{""Old"":11055,""New"":11057,""Reason"":3}"
30429272,"{""Old"":2609,""New"":2611,""Reason"":3}"
4867326,"{""Old"":266,""New"":268,""Reason"":3}"
41008032,"{""Old"":948,""New"":958,""Reason"":3}"
84303672,"{""Old"":6218,""New"":6220,""Reason"":3}"
62439790,"{""Old"":1558,""New"":1560,""Reason"":3}"
35936585,"{""Old"":26907,""New"":26917,""Reason"":3}"
35936585,"{""Old"":26987,""New"":26989,""Reason"":3}"
35936585,"{""Old"":27373,""New"":27375,""Reason"":3}"
73588812,"{""Old"":1536,""New"":1538,""Reason"":3}"
73588812,"{""Old"":1534,""New"":1536,""Reason"":3}"
73588812,"{""Old"":1549,""New"":1551,""Reason"":3}"
32027539,"{""Old"":726,""New"":736,""Reason"":3}"
73588812,"{""Old"":1610,""New"":1612,""Reason"":3}"
73588812,"{""Old"":1180,""New"":1182,""Reason"":3}"
73588812,"{""Old"":1786,""New"":1796,""Reason"":3}"
73588812,"{""Old"":1285,""New"":1287,""Reason"":3}"
22023288,"{""Old"":180,""New"":182,""Reason"":3}"
22023288,"{""Old"":1465,""New"":1467,""Reason"":3}"
22023288,"{""Old"":2310,""New"":2330,""Reason"":3}"
22023288,"{""Old"":3277,""New"":3287,""Reason"":3}"
22023288,"{""Old"":3347,""New"":3357,""Reason"":3}"
81972838,"{""Old"":12490,""New"":12492,""Reason"":3}"
73588812,"{""Old"":1505,""New"":1507,""Reason"":3}"
73588812,"{""Old"":1586,""New"":1588,""Reason"":3}"
73588812,"{""Old"":1656,""New"":1658,""Reason"":3}"
73588812,"{""Old"":1696,""New"":1698,""Reason"":3}"
72848715,"{""Old"":1715,""New"":1717,""Reason"":3}"
52640973,"{""Old"":542,""New"":544,""Reason"":3}"
41008032,"{""Old"":898,""New"":900,""Reason"":3}"
35936585,"{""Old"":26901,""New"":26903,""Reason"":3}"
35936585,"{""Old"":27351,""New"":27361,""Reason"":3}"
73276609,"{""Old"":162,""New"":164,""Reason"":3}"
41008032,"{""Old"":896,""New"":898,""Reason"":3}"
73588812,"{""Old"":1517,""New"":1519,""Reason"":3}"
41008032,"{""Old"":789,""New"":791,""Reason"":3}"
73588812,"{""Old"":1782,""New"":1786,""Reason"":3}"
55531402,"{""Old"":802141,""New"":802151,""Reason"":3}"
55531402,"{""Old"":802843,""New"":802863,""Reason"":3}"
55531402,"{""Old"":794626,""New"":794646,""Reason"":3}"
57711906,"{""Old"":91,""New"":93,""Reason"":3}"
55531402,"{""Old"":798857,""New"":798867,""Reason"":3}"
55531402,"{""Old"":800076,""New"":800086,""Reason"":3}"
75730356,"{""Old"":169,""New"":171,""Reason"":3}"
40671256,"{""Old"":1958,""New"":1960,""Reason"":3}"
40671256,"{""Old"":2018,""New"":2020,""Reason"":3}"
13186631,"{""Old"":1525,""New"":1527,""Reason"":3}"
55531402,"{""Old"":796057,""New"":796067,""Reason"":3}"
55531402,"{""Old"":798922,""New"":798932,""Reason"":3}"
13173590,"{""Old"":44511,""New"":44517,""Reason"":3}"
70367218,"{""Old"":166,""New"":168,""Reason"":3}"
70367218,"{""Old"":196,""New"":198,""Reason"":3}"
66718790,"{""Old"":4642,""New"":4652,""Reason"":3}"
76395205,"{""Old"":471,""New"":473,""Reason"":3}"
25220083,"{""Old"":1497,""New"":1499,""Reason"":3}"
56305413,"{""Old"":3450,""New"":3460,""Reason"":3}"
56305413,"{""Old"":2489,""New"":2499,""Reason"":3}"
46419793,"{""Old"":197,""New"":201,""Reason"":3}"
56116279,"{""Old"":51,""New"":53,""Reason"":3}"
56116279,"{""Old"":49,""New"":51,""Reason"":3}"
42724579,"{""Old"":278,""New"":280,""Reason"":3}"
42724579,"{""Old"":190,""New"":192,""Reason"":3}"
42724579,"{""Old"":203,""New"":205,""Reason"":3}"
36439403,"{""Old"":1397,""New"":1399,""Reason"":3}"
37988048,"{""Old"":1107,""New"":1117,""Reason"":3}"
80504175,"{""Old"":1455,""New"":1457,""Reason"":3}"
4867326,"{""Old"":222,""New"":224,""Reason"":3}"
41008032,"{""Old"":860,""New"":862,""Reason"":3}"
41008032,"{""Old"":866,""New"":868,""Reason"":3}"
35936585,"{""Old"":27452,""New"":27462,""Reason"":3}"
57366251,"{""Old"":3694,""New"":3698,""Reason"":3}"
49447860,"{""Old"":2,""New"":4,""Reason"":3}"
41008032,"{""Old"":844,""New"":846,""Reason"":3}"
41008032,"{""Old"":787,""New"":789,""Reason"":3}"
41008032,"{""Old"":862,""New"":864,""Reason"":3}"
63778994,"{""Old"":157753,""New"":157783,""Reason"":3}"
63778994,"{""Old"":158463,""New"":158483,""Reason"":3}"
62439790,"{""Old"":1364,""New"":1366,""Reason"":3}"
35936585,"{""Old"":27113,""New"":27115,""Reason"":3}"
57366251,"{""Old"":3052,""New"":3054,""Reason"":3}"
57366251,"{""Old"":3142,""New"":3144,""Reason"":3}"
57366251,"{""Old"":3417,""New"":3419,""Reason"":3}"
41008032,"{""Old"":920,""New"":922,""Reason"":3}"
41008032,"{""Old"":986,""New"":988,""Reason"":3}"
41008032,"{""Old"":1004,""New"":1006,""Reason"":3}"
73276609,"{""Old"":237,""New"":239,""Reason"":3}"
63778994,"{""Old"":155010,""New"":155050,""Reason"":3}"
63778994,"{""Old"":157353,""New"":157363,""Reason"":3}"
62439790,"{""Old"":1540,""New"":1542,""Reason"":3}"
45310161,"{""Old"":108,""New"":110,""Reason"":3}"
40671256,"{""Old"":1791,""New"":1793,""Reason"":3}"
40671256,"{""Old"":1982,""New"":1992,""Reason"":3}"
40671256,"{""Old"":1771,""New"":1773,""Reason"":3}"
14034509,"{""Old"":844,""New"":846,""Reason"":3}"
40671256,"{""Old"":1252,""New"":1254,""Reason"":3}"
40671256,"{""Old"":2066,""New"":2068,""Reason"":3}"
55531402,"{""Old"":795586,""New"":795596,""Reason"":3}"
75730356,"{""Old"":559,""New"":569,""Reason"":3}"
40671256,"{""Old"":1801,""New"":1803,""Reason"":3}"
66718790,"{""Old"":3737,""New"":3739,""Reason"":3}"
66718790,"{""Old"":3828,""New"":3830,""Reason"":3}"
63799212,"{""Old"":4599,""New"":4601,""Reason"":3}"
19535546,"{""Old"":714,""New"":716,""Reason"":3}"
66718790,"{""Old"":3047,""New"":3049,""Reason"":3}"
19535546,"{""Old"":1333,""New"":1337,""Reason"":3}"
19535546,"{""Old"":1429,""New"":1431,""Reason"":3}"
19535546,"{""Old"":1589,""New"":1593,""Reason"":3}"
56305413,"{""Old"":2706,""New"":2716,""Reason"":3}"
56305413,"{""Old"":2873,""New"":2883,""Reason"":3}"
56305413,"{""Old"":3018,""New"":3028,""Reason"":3}"
56305413,"{""Old"":3048,""New"":3058,""Reason"":3}"
8772801,"{""Old"":910,""New"":912,""Reason"":3}"
8772801,"{""Old"":757,""New"":759,""Reason"":3}"
56305413,"{""Old"":2275,""New"":2277,""Reason"":3}"
56305413,"{""Old"":2936,""New"":2938,""Reason"":3}"
80742310,"{""Old"":667,""New"":669,""Reason"":3}"
8772801,"{""Old"":760,""New"":770,""Reason"":3}"
70367218,"{""Old"":219,""New"":221,""Reason"":3}"
46419793,"{""Old"":108,""New"":110,""Reason"":3}"
56305413,"{""Old"":2059,""New"":2061,""Reason"":3}"
46419793,"{""Old"":388,""New"":390,""Reason"":3}"
63799212,"{""Old"":6986,""New"":6996,""Reason"":3}"
63799212,"{""Old"":8439,""New"":8449,""Reason"":3}"
63799212,"{""Old"":8937,""New"":8947,""Reason"":3}"
63799212,"{""Old"":9599,""New"":9609,""Reason"":3}"
63799212,"{""Old"":9999,""New"":10009,""Reason"":3}"
63799212,"{""Old"":11902,""New"":11932,""Reason"":3}"
6561284,"{""Old"":582,""New"":584,""Reason"":3}"
66718790,"{""Old"":4425,""New"":4427,""Reason"":3}"
66718790,"{""Old"":3056,""New"":3058,""Reason"":3}"
66718790,"{""Old"":4313,""New"":4323,""Reason"":3}"
66718790,"{""Old"":4540,""New"":4542,""Reason"":3}"
66718790,"{""Old"":3438,""New"":3440,""Reason"":3}"
19535546,"{""Old"":720,""New"":722,""Reason"":3}"
39038951,"{""Old"":695,""New"":697,""Reason"":3}"
52640973,"{""Old"":540,""New"":542,""Reason"":3}"
62439790,"{""Old"":1556,""New"":1558,""Reason"":3}"
73276609,"{""Old"":242,""New"":244,""Reason"":3}"
41008032,"{""Old"":762,""New"":764,""Reason"":3}"
41008032,"{""Old"":870,""New"":874,""Reason"":3}"
62439790,"{""Old"":1221,""New"":1223,""Reason"":3}"
63778994,"{""Old"":156778,""New"":156818,""Reason"":3}"
63778994,"{""Old"":157818,""New"":157868,""Reason"":3}"
35936585,"{""Old"":27187,""New"":27189,""Reason"":3}"
63778994,"{""Old"":156166,""New"":156186,""Reason"":3}"
63778994,"{""Old"":157023,""New"":157033,""Reason"":3}"
63778994,"{""Old"":158610,""New"":158630,""Reason"":3}"
63778994,"{""Old"":155611,""New"":155631,""Reason"":3}"
41008032,"{""Old"":884,""New"":886,""Reason"":3}"
79702191,"{""Old"":460,""New"":462,""Reason"":3}"
57366251,"{""Old"":3737,""New"":3739,""Reason"":3}"
79702191,"{""Old"":439,""New"":441,""Reason"":3}"
73276609,"{""Old"":261,""New"":263,""Reason"":3}"
84641297,"{""Old"":4032,""New"":4034,""Reason"":3}"
80504175,"{""Old"":1437,""New"":1439,""Reason"":3}"
62439790,"{""Old"":1257,""New"":1259,""Reason"":3}"
41008032,"{""Old"":982,""New"":984,""Reason"":3}"
79702191,"{""Old"":458,""New"":460,""Reason"":3}"
79702191,"{""Old"":316,""New"":318,""Reason"":3}"
35936585,"{""Old"":27311,""New"":27313,""Reason"":3}"
35936585,"{""Old"":27489,""New"":27499,""Reason"":3}"
37988048,"{""Old"":1089,""New"":1091,""Reason"":3}"
63778994,"{""Old"":157703,""New"":157753,""Reason"":3}"
63778994,"{""Old"":158677,""New"":158687,""Reason"":3}"
211423534,"{""Old"":22953,""New"":22955,""Reason"":3}"
41008032,"{""Old"":850,""New"":854,""Reason"":3}"
35936585,"{""Old"":27313,""New"":27323,""Reason"":3}"
35936585,"{""Old"":27662,""New"":27672,""Reason"":3}"
35936585,"{""Old"":27672,""New"":27682,""Reason"":3}"
35936585,"{""Old"":26899,""New"":26901,""Reason"":3}"
62439790,"{""Old"":1162,""New"":1164,""Reason"":3}"
79702191,"{""Old"":337,""New"":339,""Reason"":3}"
73276609,"{""Old"":74,""New"":78,""Reason"":3}"
37988048,"{""Old"":1097,""New"":1107,""Reason"":3}"
52640973,"{""Old"":548,""New"":550,""Reason"":3}"
41008032,"{""Old"":930,""New"":932,""Reason"":3}"
63778994,"{""Old"":154553,""New"":154583,""Reason"":3}"
63778994,"{""Old"":158353,""New"":158373,""Reason"":3}"
62439790,"{""Old"":1358,""New"":1360,""Reason"":3}"
57366251,"{""Old"":3583,""New"":3587,""Reason"":3}"
84641297,"{""Old"":4050,""New"":4052,""Reason"":3}"
63778994,"{""Old"":154990,""New"":155010,""Reason"":3}"
62439790,"{""Old"":1182,""New"":1184,""Reason"":3}"
4867326,"{""Old"":243,""New"":245,""Reason"":3}"
4867326,"{""Old"":235,""New"":237,""Reason"":3}"
41008032,"{""Old"":702,""New"":704,""Reason"":3}"
41008032,"{""Old"":858,""New"":860,""Reason"":3}"
62439790,"{""Old"":1449,""New"":1459,""Reason"":3}"
41008032,"{""Old"":892,""New"":894,""Reason"":3}"
38405690,"{""Old"":644,""New"":654,""Reason"":3}"
81972838,"{""Old"":12492,""New"":12494,""Reason"":3}"
62310563,"{""Old"":139,""New"":141,""Reason"":3}"
57366251,"{""Old"":3488,""New"":3490,""Reason"":3}"
79702191,"{""Old"":372,""New"":374,""Reason"":3}"
62439790,"{""Old"":1271,""New"":1273,""Reason"":3}"
35936585,"{""Old"":27339,""New"":27349,""Reason"":3}"
57366251,"{""Old"":3094,""New"":3096,""Reason"":3}"
84641297,"{""Old"":4048,""New"":4050,""Reason"":3}"
62439790,"{""Old"":1530,""New"":1532,""Reason"":3}"
73276609,"{""Old"":264,""New"":266,""Reason"":3}"
41008032,"{""Old"":904,""New"":906,""Reason"":3}"
80504175,"{""Old"":1361,""New"":1363,""Reason"":3}"
62439790,"{""Old"":1275,""New"":1277,""Reason"":3}"
35936585,"{""Old"":27571,""New"":27573,""Reason"":3}"
62439790,"{""Old"":1473,""New"":1475,""Reason"":3}"
57366251,"{""Old"":3139,""New"":3141,""Reason"":3}"
84641297,"{""Old"":4052,""New"":4054,""Reason"":3}"
57366251,"{""Old"":3150,""New"":3160,""Reason"":3}"
73276609,"{""Old"":230,""New"":232,""Reason"":3}"
4867326,"{""Old"":162,""New"":164,""Reason"":3}"
41008032,"{""Old"":752,""New"":754,""Reason"":3}"
41008032,"{""Old"":848,""New"":850,""Reason"":3}"
41008032,"{""Old"":928,""New"":930,""Reason"":3}"
41008032,"{""Old"":1014,""New"":1016,""Reason"":3}"
36717689,"{""Old"":0,""New"":2,""Reason"":3}"
63778994,"{""Old"":155661,""New"":155671,""Reason"":3}"
62439790,"{""Old"":1198,""New"":1208,""Reason"":3}"
80504175,"{""Old"":1375,""New"":1377,""Reason"":3}"
75730356,"{""Old"":267,""New"":269,""Reason"":3}"
75730356,"{""Old"":296,""New"":298,""Reason"":3}"
75730356,"{""Old"":179,""New"":181,""Reason"":3}"
75730356,"{""Old"":241,""New"":243,""Reason"":3}"
40671256,"{""Old"":1273,""New"":1275,""Reason"":3}"
40671256,"{""Old"":1222,""New"":1224,""Reason"":3}"
63799212,"{""Old"":9609,""New"":9619,""Reason"":3}"
63799212,"{""Old"":12851,""New"":12861,""Reason"":3}"
63799212,"{""Old"":13910,""New"":13920,""Reason"":3}"
19535546,"{""Old"":710,""New"":714,""Reason"":3}"
55531402,"{""Old"":794825,""New"":794855,""Reason"":3}"
55531402,"{""Old"":798430,""New"":798450,""Reason"":3}"
55531402,"{""Old"":798675,""New"":798685,""Reason"":3}"
55531402,"{""Old"":800161,""New"":800171,""Reason"":3}"
6561284,"{""Old"":593,""New"":595,""Reason"":3}"
40671256,"{""Old"":1366,""New"":1368,""Reason"":3}"
40671256,"{""Old"":1712,""New"":1714,""Reason"":3}"
40671256,"{""Old"":1908,""New"":1910,""Reason"":3}"
40671256,"{""Old"":2003,""New"":2005,""Reason"":3}"
13600351,"{""Old"":701,""New"":703,""Reason"":3}"
75730356,"{""Old"":222,""New"":224,""Reason"":3}"
75730356,"{""Old"":228,""New"":230,""Reason"":3}"
55531402,"{""Old"":801080,""New"":801090,""Reason"":3}"
55531402,"{""Old"":800960,""New"":800970,""Reason"":3}"
55531402,"{""Old"":801614,""New"":801674,""Reason"":3}"
45310161,"{""Old"":71,""New"":73,""Reason"":3}"
19535546,"{""Old"":598,""New"":600,""Reason"":3}"
39038951,"{""Old"":767,""New"":769,""Reason"":3}"
19535546,"{""Old"":671,""New"":673,""Reason"":3}"
19535546,"{""Old"":683,""New"":685,""Reason"":3}"
11296566,"{""Old"":1923,""New"":1925,""Reason"":3}"
19535546,"{""Old"":590,""New"":592,""Reason"":3}"
19535546,"{""Old"":607,""New"":611,""Reason"":3}"
66718790,"{""Old"":4440,""New"":4450,""Reason"":3}"
66718790,"{""Old"":4182,""New"":4184,""Reason"":3}"
6561284,"{""Old"":580,""New"":582,""Reason"":3}"
55531402,"{""Old"":804145,""New"":804165,""Reason"":3}"
45310161,"{""Old"":121,""New"":123,""Reason"":3}"
76395205,"{""Old"":461,""New"":463,""Reason"":3}"
81192725,"{""Old"":329,""New"":331,""Reason"":3}"
42724579,"{""Old"":316,""New"":318,""Reason"":3}"
14034509,"{""Old"":833,""New"":835,""Reason"":3}"
14034509,"{""Old"":842,""New"":844,""Reason"":3}"
54055764,"{""Old"":4511,""New"":4513,""Reason"":3}"
54055764,"{""Old"":4489,""New"":4491,""Reason"":3}"
54055764,"{""Old"":4509,""New"":4511,""Reason"":3}"
51765158,"{""Old"":991,""New"":993,""Reason"":3}"
70373765,"{""Old"":223,""New"":225,""Reason"":3}"
55531402,"{""Old"":802518,""New"":802528,""Reason"":3}"
55531402,"{""Old"":802266,""New"":802276,""Reason"":3}"
55531402,"{""Old"":802978,""New"":802998,""Reason"":3}"
55531402,"{""Old"":803910,""New"":803920,""Reason"":3}"
55531402,"{""Old"":797949,""New"":797969,""Reason"":3}"
55531402,"{""Old"":798460,""New"":798500,""Reason"":3}"
55531402,"{""Old"":799716,""New"":799736,""Reason"":3}"
55531402,"{""Old"":802026,""New"":802036,""Reason"":3}"
55531402,"{""Old"":802738,""New"":802778,""Reason"":3}"
55531402,"{""Old"":804135,""New"":804145,""Reason"":3}"
55531402,"{""Old"":805957,""New"":805967,""Reason"":3}"
55531402,"{""Old"":806517,""New"":806527,""Reason"":3}"
19005457,"{""Old"":3562,""New"":3564,""Reason"":3}"
40671256,"{""Old"":1400,""New"":1402,""Reason"":3}"
40671256,"{""Old"":1522,""New"":1526,""Reason"":3}"
40671256,"{""Old"":1256,""New"":1258,""Reason"":3}"
55531402,"{""Old"":795444,""New"":795464,""Reason"":3}"
55531402,"{""Old"":796499,""New"":796519,""Reason"":3}"
55531402,"{""Old"":797971,""New"":797981,""Reason"":3}"
55531402,"{""Old"":799561,""New"":799571,""Reason"":3}"
55531402,"{""Old"":799459,""New"":799479,""Reason"":3}"
55531402,"{""Old"":795397,""New"":795399,""Reason"":3}"
55531402,"{""Old"":797655,""New"":797665,""Reason"":3}"
55531402,"{""Old"":798066,""New"":798086,""Reason"":3}"
55531402,"{""Old"":797675,""New"":797715,""Reason"":3}"
55531402,"{""Old"":798635,""New"":798675,""Reason"":3}"
55531402,"{""Old"":800660,""New"":800690,""Reason"":3}"
55531402,"{""Old"":800895,""New"":800905,""Reason"":3}"
45310161,"{""Old"":59,""New"":61,""Reason"":3}"
55531402,"{""Old"":794753,""New"":794763,""Reason"":3}"
55531402,"{""Old"":799244,""New"":799254,""Reason"":3}"
55531402,"{""Old"":800271,""New"":800291,""Reason"":3}"
45310161,"{""Old"":24,""New"":26,""Reason"":3}"
45310161,"{""Old"":37,""New"":39,""Reason"":3}"
42724579,"{""Old"":266,""New"":268,""Reason"":3}"
46290546,"{""Old"":5322,""New"":5332,""Reason"":3}"
42724579,"{""Old"":178,""New"":180,""Reason"":3}"
220667075,"{""Old"":775,""New"":781,""Reason"":3}"
203681405,"{""Old"":3189,""New"":3191,""Reason"":3}"
39038951,"{""Old"":719,""New"":729,""Reason"":3}"
54055764,"{""Old"":4497,""New"":4499,""Reason"":3}"
19535546,"{""Old"":605,""New"":607,""Reason"":3}"
19535546,"{""Old"":640,""New"":642,""Reason"":3}"
19535546,"{""Old"":706,""New"":708,""Reason"":3}"
66718790,"{""Old"":4365,""New"":4375,""Reason"":3}"
66718790,"{""Old"":4666,""New"":4686,""Reason"":3}"
39038951,"{""Old"":740,""New"":742,""Reason"":3}"
56305413,"{""Old"":2767,""New"":2787,""Reason"":3}"
76395205,"{""Old"":500,""New"":504,""Reason"":3}"
54055764,"{""Old"":4495,""New"":4497,""Reason"":3}"
8772801,"{""Old"":904,""New"":906,""Reason"":3}"
8772801,"{""Old"":915,""New"":917,""Reason"":3}"
46290546,"{""Old"":5021,""New"":5031,""Reason"":3}"
46290546,"{""Old"":5113,""New"":5123,""Reason"":3}"
46290546,"{""Old"":5464,""New"":5474,""Reason"":3}"
76395205,"{""Old"":479,""New"":481,""Reason"":3}"
8772801,"{""Old"":867,""New"":869,""Reason"":3}"
42724579,"{""Old"":298,""New"":300,""Reason"":3}"
46290546,"{""Old"":4839,""New"":4849,""Reason"":3}"
46290546,"{""Old"":5123,""New"":5125,""Reason"":3}"
46290546,"{""Old"":5486,""New"":5488,""Reason"":3}"
46290546,"{""Old"":5247,""New"":5257,""Reason"":3}"
68764292,"{""Old"":263,""New"":265,""Reason"":3}"
48352269,"{""Old"":6555,""New"":6557,""Reason"":3}"
48352269,"{""Old"":6615,""New"":6617,""Reason"":3}"
48352269,"{""Old"":6631,""New"":6633,""Reason"":3}"
52385318,"{""Old"":527,""New"":529,""Reason"":3}"
48352269,"{""Old"":6570,""New"":6572,""Reason"":3}"
19535546,"{""Old"":722,""New"":724,""Reason"":3}"
46290546,"{""Old"":5474,""New"":5484,""Reason"":3}"
42724579,"{""Old"":285,""New"":287,""Reason"":3}"
46290546,"{""Old"":4522,""New"":4532,""Reason"":3}"
19535546,"{""Old"":596,""New"":598,""Reason"":3}"
14365010,"{""Old"":311,""New"":313,""Reason"":3}"
46290546,"{""Old"":4557,""New"":4567,""Reason"":3}"
46290546,"{""Old"":4577,""New"":4587,""Reason"":3}"
46290546,"{""Old"":4642,""New"":4652,""Reason"":3}"
63799212,"{""Old"":5458,""New"":5462,""Reason"":3}"
52385318,"{""Old"":521,""New"":523,""Reason"":3}"
52385318,"{""Old"":645,""New"":647,""Reason"":3}"
63799212,"{""Old"":5329,""New"":5339,""Reason"":3}"
63799212,"{""Old"":10099,""New"":10109,""Reason"":3}"
63799212,"{""Old"":13495,""New"":13505,""Reason"":3}"
63799212,"{""Old"":8907,""New"":8917,""Reason"":3}"
63799212,"{""Old"":7285,""New"":7295,""Reason"":3}"
63799212,"{""Old"":7933,""New"":7943,""Reason"":3}"
63799212,"{""Old"":10997,""New"":11007,""Reason"":3}"
63799212,"{""Old"":12479,""New"":12489,""Reason"":3}"
63799212,"{""Old"":12891,""New"":12921,""Reason"":3}"
63799212,"{""Old"":13753,""New"":13763,""Reason"":3}"
66718790,"{""Old"":5225,""New"":5235,""Reason"":3}"
66718790,"{""Old"":5328,""New"":5338,""Reason"":3}"
66718790,"{""Old"":5422,""New"":5432,""Reason"":3}"
66718790,"{""Old"":5187,""New"":5197,""Reason"":3}"
25913684,"{""Old"":33,""New"":35,""Reason"":3}"
46290546,"{""Old"":5061,""New"":5081,""Reason"":3}"
46290546,"{""Old"":5091,""New"":5093,""Reason"":3}"
46290546,"{""Old"":4360,""New"":4370,""Reason"":3}"
66718790,"{""Old"":3934,""New"":3936,""Reason"":3}"
66718790,"{""Old"":4104,""New"":4114,""Reason"":3}"
66718790,"{""Old"":4178,""New"":4180,""Reason"":3}"
66718790,"{""Old"":4248,""New"":4258,""Reason"":3}"
19535546,"{""Old"":728,""New"":730,""Reason"":3}"
24208183,"{""Old"":166,""New"":168,""Reason"":3}"
66718790,"{""Old"":5729,""New"":5731,""Reason"":3}"
66718790,"{""Old"":5582,""New"":5602,""Reason"":3}"
66718790,"{""Old"":5695,""New"":5705,""Reason"":3}"
66718790,"{""Old"":5709,""New"":5719,""Reason"":3}"
66718790,"{""Old"":5719,""New"":5729,""Reason"":3}"
66718790,"{""Old"":5809,""New"":5811,""Reason"":3}"
39038951,"{""Old"":763,""New"":765,""Reason"":3}"
6084170,"{""Old"":526,""New"":528,""Reason"":3}"
6084170,"{""Old"":557,""New"":559,""Reason"":3}"
27777369,"{""Old"":151,""New"":153,""Reason"":3}"
19535546,"{""Old"":1666,""New"":1668,""Reason"":3}"
66718790,"{""Old"":5360,""New"":5380,""Reason"":3}"
66718790,"{""Old"":5602,""New"":5604,""Reason"":3}"
66718790,"{""Old"":5661,""New"":5671,""Reason"":3}"
66718790,"{""Old"":5604,""New"":5614,""Reason"":3}"
66718790,"{""Old"":5813,""New"":5833,""Reason"":3}"
66718790,"{""Old"":5707,""New"":5709,""Reason"":3}"
66718790,"{""Old"":5451,""New"":5461,""Reason"":3}"
19535546,"{""Old"":594,""New"":596,""Reason"":3}"
52385318,"{""Old"":657,""New"":659,""Reason"":3}"
63799212,"{""Old"":5548,""New"":5550,""Reason"":3}"
66718790,"{""Old"":5657,""New"":5659,""Reason"":3}"
24208183,"{""Old"":73,""New"":75,""Reason"":3}"
39038951,"{""Old"":699,""New"":701,""Reason"":3}"
66718790,"{""Old"":5538,""New"":5548,""Reason"":3}"
66718790,"{""Old"":5562,""New"":5572,""Reason"":3}"
38319980,"{""Old"":7407,""New"":7409,""Reason"":3}"
48352269,"{""Old"":6619,""New"":6621,""Reason"":3}"
48352269,"{""Old"":6665,""New"":6667,""Reason"":3}"
66718790,"{""Old"":5681,""New"":5683,""Reason"":3}"
66718790,"{""Old"":5777,""New"":5787,""Reason"":3}"
48352269,"{""Old"":6667,""New"":6669,""Reason"":3}"
203681405,"{""Old"":3185,""New"":3187,""Reason"":3}"
52385318,"{""Old"":1000,""New"":1010,""Reason"":3}"
63799212,"{""Old"":7119,""New"":7129,""Reason"":3}"
63799212,"{""Old"":7998,""New"":8008,""Reason"":3}"
63799212,"{""Old"":9235,""New"":9245,""Reason"":3}"
63799212,"{""Old"":9959,""New"":9969,""Reason"":3}"
63799212,"{""Old"":11107,""New"":11117,""Reason"":3}"
63799212,"{""Old"":13383,""New"":13393,""Reason"":3}"
63799212,"{""Old"":6640,""New"":6650,""Reason"":3}"
63799212,"{""Old"":6996,""New"":6998,""Reason"":3}"
63799212,"{""Old"":7261,""New"":7271,""Reason"":3}"
63799212,"{""Old"":12057,""New"":12067,""Reason"":3}"
63799212,"{""Old"":12409,""New"":12419,""Reason"":3}"
37784995,"{""Old"":896,""New"":898,""Reason"":3}"
55531402,"{""Old"":801147,""New"":801157,""Reason"":3}"
55531402,"{""Old"":799539,""New"":799549,""Reason"":3}"
55531402,"{""Old"":799881,""New"":799891,""Reason"":3}"
55531402,"{""Old"":801035,""New"":801055,""Reason"":3}"
55531402,"{""Old"":801219,""New"":801229,""Reason"":3}"
55531402,"{""Old"":796067,""New"":796077,""Reason"":3}"
55531402,"{""Old"":798158,""New"":798168,""Reason"":3}"
55531402,"{""Old"":800625,""New"":800635,""Reason"":3}"
55531402,"{""Old"":800540,""New"":800550,""Reason"":3}"
40671256,"{""Old"":1895,""New"":1897,""Reason"":3}"
40671256,"{""Old"":1620,""New"":1622,""Reason"":3}"
40671256,"{""Old"":1797,""New"":1799,""Reason"":3}"
63799212,"{""Old"":7529,""New"":7539,""Reason"":3}"
63799212,"{""Old"":7898,""New"":7908,""Reason"":3}"
63799212,"{""Old"":9519,""New"":9529,""Reason"":3}"
63799212,"{""Old"":6939,""New"":6949,""Reason"":3}"
63799212,"{""Old"":12399,""New"":12409,""Reason"":3}"
63799212,"{""Old"":12304,""New"":12314,""Reason"":3}"
6084170,"{""Old"":522,""New"":524,""Reason"":3}"
66718790,"{""Old"":5933,""New"":5935,""Reason"":3}"
56305413,"{""Old"":2273,""New"":2275,""Reason"":3}"
56305413,"{""Old"":3141,""New"":3143,""Reason"":3}"
52385318,"{""Old"":988,""New"":990,""Reason"":3}"
66718790,"{""Old"":4090,""New"":4092,""Reason"":3}"
66718790,"{""Old"":3658,""New"":3660,""Reason"":3}"
66718790,"{""Old"":3822,""New"":3824,""Reason"":3}"
52385318,"{""Old"":661,""New"":663,""Reason"":3}"
63799212,"{""Old"":8122,""New"":8132,""Reason"":3}"
63799212,"{""Old"":8887,""New"":8897,""Reason"":3}"
63799212,"{""Old"":9989,""New"":9999,""Reason"":3}"
63799212,"{""Old"":10600,""New"":10610,""Reason"":3}"
63799212,"{""Old"":10785,""New"":10815,""Reason"":3}"
63799212,"{""Old"":12294,""New"":12304,""Reason"":3}"
63799212,"{""Old"":12314,""New"":12324,""Reason"":3}"
63799212,"{""Old"":13803,""New"":13813,""Reason"":3}"
63799212,"{""Old"":5480,""New"":5482,""Reason"":3}"
52385318,"{""Old"":659,""New"":661,""Reason"":3}"
52385318,"{""Old"":756,""New"":766,""Reason"":3}"
52385318,"{""Old"":902,""New"":912,""Reason"":3}"
52385318,"{""Old"":962,""New"":972,""Reason"":3}"
52385318,"{""Old"":512,""New"":514,""Reason"":3}"
66718790,"{""Old"":3936,""New"":3938,""Reason"":3}"
66718790,"{""Old"":3656,""New"":3658,""Reason"":3}"
24208183,"{""Old"":160,""New"":162,""Reason"":3}"
66718790,"{""Old"":4597,""New"":4607,""Reason"":3}"
37279442,"{""Old"":10613,""New"":10615,""Reason"":3}"
85708585,"{""Old"":263,""New"":265,""Reason"":3}"
82785902,"{""Old"":45711,""New"":45713,""Reason"":3}"
67260187,"{""Old"":330,""New"":332,""Reason"":3}"
18220669,"{""Old"":1900,""New"":1910,""Reason"":3}"
48352269,"{""Old"":2793,""New"":2795,""Reason"":3}"
38405690,"{""Old"":656,""New"":658,""Reason"":3}"
55531402,"{""Old"":386078,""New"":386088,""Reason"":3}"
55531402,"{""Old"":387902,""New"":387922,""Reason"":3}"
55531402,"{""Old"":388222,""New"":388252,""Reason"":3}"
55531402,"{""Old"":391956,""New"":391966,""Reason"":3}"
55531402,"{""Old"":396835,""New"":396845,""Reason"":3}"
55531402,"{""Old"":399478,""New"":399480,""Reason"":3}"
55531402,"{""Old"":401187,""New"":401207,""Reason"":3}"
55531402,"{""Old"":403868,""New"":403888,""Reason"":3}"
55531402,"{""Old"":404458,""New"":404468,""Reason"":3}"
55531402,"{""Old"":404503,""New"":404513,""Reason"":3}"
55531402,"{""Old"":405078,""New"":405088,""Reason"":3}"
55531402,"{""Old"":408430,""New"":408440,""Reason"":3}"
55531402,"{""Old"":387832,""New"":387842,""Reason"":3}"
55531402,"{""Old"":389367,""New"":389377,""Reason"":3}"
55531402,"{""Old"":394556,""New"":394558,""Reason"":3}"
55531402,"{""Old"":395687,""New"":395697,""Reason"":3}"
55531402,"{""Old"":396092,""New"":396102,""Reason"":3}"
55531402,"{""Old"":398801,""New"":398811,""Reason"":3}"
55531402,"{""Old"":399227,""New"":399237,""Reason"":3}"
55531402,"{""Old"":403416,""New"":403426,""Reason"":3}"
55531402,"{""Old"":406458,""New"":406478,""Reason"":3}"
55531402,"{""Old"":406273,""New"":406293,""Reason"":3}"
55531402,"{""Old"":406683,""New"":406693,""Reason"":3}"
55531402,"{""Old"":406908,""New"":406918,""Reason"":3}"
55531402,"{""Old"":408620,""New"":408650,""Reason"":3}"
55531402,"{""Old"":412267,""New"":412277,""Reason"":3}"
55531402,"{""Old"":412572,""New"":412582,""Reason"":3}"
38405690,"{""Old"":654,""New"":656,""Reason"":3}"
22023288,"{""Old"":1129,""New"":1131,""Reason"":3}"
22023288,"{""Old"":1441,""New"":1443,""Reason"":3}"
22023288,"{""Old"":2464,""New"":2474,""Reason"":3}"
22023288,"{""Old"":2823,""New"":2833,""Reason"":3}"
50416621,"{""Old"":141,""New"":143,""Reason"":3}"
81972838,"{""Old"":12549,""New"":12559,""Reason"":3}"
81972838,"{""Old"":12387,""New"":12389,""Reason"":3}"
81972838,"{""Old"":12575,""New"":12577,""Reason"":3}"
62310563,"{""Old"":114,""New"":116,""Reason"":3}"
49825474,"{""Old"":2012,""New"":2014,""Reason"":3}"
49825474,"{""Old"":2425,""New"":2427,""Reason"":3}"
49825474,"{""Old"":2476,""New"":2478,""Reason"":3}"
73588812,"{""Old"":1869,""New"":1871,""Reason"":3}"
73588812,"{""Old"":938,""New"":940,""Reason"":3}"
73588812,"{""Old"":1449,""New"":1451,""Reason"":3}"
73588812,"{""Old"":1806,""New"":1808,""Reason"":3}"
82629288,"{""Old"":322,""New"":324,""Reason"":3}"
73588812,"{""Old"":1857,""New"":1867,""Reason"":3}"
57366251,"{""Old"":3419,""New"":3421,""Reason"":3}"
41008032,"{""Old"":980,""New"":982,""Reason"":3}"
41008032,"{""Old"":936,""New"":946,""Reason"":3}"
35936585,"{""Old"":27620,""New"":27622,""Reason"":3}"
35936585,"{""Old"":27511,""New"":27521,""Reason"":3}"
35936585,"{""Old"":27692,""New"":27702,""Reason"":3}"
62439790,"{""Old"":1279,""New"":1281,""Reason"":3}"
63778994,"{""Old"":158762,""New"":158822,""Reason"":3}"
41008032,"{""Old"":1012,""New"":1014,""Reason"":3}"
36439403,"{""Old"":1416,""New"":1426,""Reason"":3}"
76395205,"{""Old"":476,""New"":478,""Reason"":3}"
36439403,"{""Old"":1411,""New"":1413,""Reason"":3}"
76395205,"{""Old"":511,""New"":513,""Reason"":3}"
76395205,"{""Old"":497,""New"":499,""Reason"":3}"
70367218,"{""Old"":230,""New"":232,""Reason"":3}"
40671256,"{""Old"":2068,""New"":2070,""Reason"":3}"
40671256,"{""Old"":2092,""New"":2094,""Reason"":3}"
55531402,"{""Old"":794783,""New"":794793,""Reason"":3}"
55531402,"{""Old"":795952,""New"":795962,""Reason"":3}"
55531402,"{""Old"":796559,""New"":796579,""Reason"":3}"
55531402,"{""Old"":798156,""New"":798158,""Reason"":3}"
55531402,"{""Old"":801464,""New"":801474,""Reason"":3}"
55531402,"{""Old"":802176,""New"":802206,""Reason"":3}"
55531402,"{""Old"":804295,""New"":804335,""Reason"":3}"
13173590,"{""Old"":44272,""New"":44274,""Reason"":3}"
75730356,"{""Old"":351,""New"":361,""Reason"":3}"
75730356,"{""Old"":537,""New"":539,""Reason"":3}"
55531402,"{""Old"":798560,""New"":798570,""Reason"":3}"
55531402,"{""Old"":799606,""New"":799616,""Reason"":3}"
55531402,"{""Old"":796996,""New"":797006,""Reason"":3}"
55531402,"{""Old"":797735,""New"":797755,""Reason"":3}"
55531402,"{""Old"":800336,""New"":800346,""Reason"":3}"
55531402,"{""Old"":801424,""New"":801434,""Reason"":3}"
40671256,"{""Old"":1805,""New"":1807,""Reason"":3}"
40671256,"{""Old"":1937,""New"":1939,""Reason"":3}"
40671256,"{""Old"":1955,""New"":1957,""Reason"":3}"
73588812,"{""Old"":1579,""New"":1581,""Reason"":3}"
73588812,"{""Old"":1948,""New"":1950,""Reason"":3}"
73588812,"{""Old"":1700,""New"":1704,""Reason"":3}"
73588812,"{""Old"":1195,""New"":1197,""Reason"":3}"
73588812,"{""Old"":1708,""New"":1710,""Reason"":3}"
73588812,"{""Old"":1364,""New"":1366,""Reason"":3}"
36439403,"{""Old"":570,""New"":572,""Reason"":3}"
73588812,"{""Old"":1739,""New"":1741,""Reason"":3}"
73588812,"{""Old"":1819,""New"":1821,""Reason"":3}"
73588812,"{""Old"":1674,""New"":1676,""Reason"":3}"
73588812,"{""Old"":1519,""New"":1521,""Reason"":3}"
73588812,"{""Old"":1495,""New"":1497,""Reason"":3}"
36439403,"{""Old"":599,""New"":601,""Reason"":3}"
55531402,"{""Old"":798228,""New"":798248,""Reason"":3}"
55531402,"{""Old"":798942,""New"":798952,""Reason"":3}"
55531402,"{""Old"":799274,""New"":799284,""Reason"":3}"
55531402,"{""Old"":799661,""New"":799681,""Reason"":3}"
55531402,"{""Old"":801454,""New"":801464,""Reason"":3}"
55531402,"{""Old"":804665,""New"":804695,""Reason"":3}"
55531402,"{""Old"":797303,""New"":797323,""Reason"":3}"
55531402,"{""Old"":800480,""New"":800490,""Reason"":3}"
55531402,"{""Old"":800765,""New"":800775,""Reason"":3}"
55531402,"{""Old"":801159,""New"":801169,""Reason"":3}"
55531402,"{""Old"":802883,""New"":802913,""Reason"":3}"
55531402,"{""Old"":804890,""New"":804930,""Reason"":3}"
63799212,"{""Old"":5978,""New"":5988,""Reason"":3}"
8772801,"{""Old"":788,""New"":790,""Reason"":3}"
8772801,"{""Old"":862,""New"":864,""Reason"":3}"
8772801,"{""Old"":872,""New"":874,""Reason"":3}"
55531402,"{""Old"":795648,""New"":795658,""Reason"":3}"
55531402,"{""Old"":796826,""New"":796836,""Reason"":3}"
55531402,"{""Old"":799309,""New"":799329,""Reason"":3}"
55531402,"{""Old"":799254,""New"":799274,""Reason"":3}"
55531402,"{""Old"":800690,""New"":800700,""Reason"":3}"
55531402,"{""Old"":796704,""New"":796714,""Reason"":3}"
55531402,"{""Old"":799097,""New"":799107,""Reason"":3}"
55531402,"{""Old"":794693,""New"":794703,""Reason"":3}"
55531402,"{""Old"":794544,""New"":794554,""Reason"":3}"
55531402,"{""Old"":795464,""New"":795474,""Reason"":3}"
55531402,"{""Old"":801349,""New"":801379,""Reason"":3}"
66718790,"{""Old"":4625,""New"":4635,""Reason"":3}"
66718790,"{""Old"":3824,""New"":3826,""Reason"":3}"
66718790,"{""Old"":4375,""New"":4385,""Reason"":3}"
66718790,"{""Old"":4764,""New"":4774,""Reason"":3}"
66718790,"{""Old"":4968,""New"":4978,""Reason"":3}"
66718790,"{""Old"":4978,""New"":4988,""Reason"":3}"
75730356,"{""Old"":274,""New"":276,""Reason"":3}"
19535546,"{""Old"":592,""New"":594,""Reason"":3}"
66718790,"{""Old"":4258,""New"":4268,""Reason"":3}"
66718790,"{""Old"":4343,""New"":4345,""Reason"":3}"
48550785,"{""Old"":1133,""New"":1135,""Reason"":3}"
19535546,"{""Old"":555,""New"":557,""Reason"":3}"
66718790,"{""Old"":3818,""New"":3820,""Reason"":3}"
66718790,"{""Old"":3036,""New"":3046,""Reason"":3}"
66718790,"{""Old"":3735,""New"":3737,""Reason"":3}"
42724579,"{""Old"":201,""New"":203,""Reason"":3}"
42724579,"{""Old"":241,""New"":243,""Reason"":3}"
66718790,"{""Old"":2954,""New"":2986,""Reason"":3}"
66718790,"{""Old"":4538,""New"":4540,""Reason"":3}"
63799212,"{""Old"":4654,""New"":4656,""Reason"":3}"
63799212,"{""Old"":6498,""New"":6508,""Reason"":3}"
63799212,"{""Old"":7798,""New"":7808,""Reason"":3}"
63799212,"{""Old"":7943,""New"":7953,""Reason"":3}"
63799212,"{""Old"":10059,""New"":10069,""Reason"":3}"
63799212,"{""Old"":10610,""New"":10630,""Reason"":3}"
63799212,"{""Old"":10875,""New"":10885,""Reason"":3}"
63799212,"{""Old"":12549,""New"":12559,""Reason"":3}"
8763321,"{""Old"":1458,""New"":1460,""Reason"":3}"
70373765,"{""Old"":258,""New"":260,""Reason"":3}"
81192725,"{""Old"":222,""New"":224,""Reason"":3}"
56305413,"{""Old"":2106,""New"":2108,""Reason"":3}"
22023288,"{""Old"":3247,""New"":3257,""Reason"":3}"
22023288,"{""Old"":3707,""New"":3717,""Reason"":3}"
63778994,"{""Old"":157463,""New"":157493,""Reason"":3}"
57366251,"{""Old"":3527,""New"":3529,""Reason"":3}"
57366251,"{""Old"":3054,""New"":3064,""Reason"":3}"
63778994,"{""Old"":159067,""New"":159107,""Reason"":3}"
84641297,"{""Old"":4046,""New"":4048,""Reason"":3}"
79702191,"{""Old"":376,""New"":378,""Reason"":3}"
41008032,"{""Old"":846,""New"":848,""Reason"":3}"
62439790,"{""Old"":1225,""New"":1227,""Reason"":3}"
62439790,"{""Old"":1277,""New"":1279,""Reason"":3}"
63778994,"{""Old"":157058,""New"":157068,""Reason"":3}"
63778994,"{""Old"":156973,""New"":157013,""Reason"":3}"
84641297,"{""Old"":4070,""New"":4072,""Reason"":3}"
55531402,"{""Old"":794243,""New"":794253,""Reason"":3}"
55531402,"{""Old"":794691,""New"":794693,""Reason"":3}"
55531402,"{""Old"":797423,""New"":797433,""Reason"":3}"
55531402,"{""Old"":798086,""New"":798096,""Reason"":3}"
55531402,"{""Old"":798520,""New"":798530,""Reason"":3}"
55531402,"{""Old"":798685,""New"":798705,""Reason"":3}"
55531402,"{""Old"":799756,""New"":799786,""Reason"":3}"
55531402,"{""Old"":796297,""New"":796307,""Reason"":3}"
55531402,"{""Old"":797113,""New"":797143,""Reason"":3}"
55531402,"{""Old"":798011,""New"":798041,""Reason"":3}"
55531402,"{""Old"":797790,""New"":797810,""Reason"":3}"
55531402,"{""Old"":797715,""New"":797735,""Reason"":3}"
209900380,"{""Old"":220,""New"":222,""Reason"":3}"
40671256,"{""Old"":1887,""New"":1891,""Reason"":3}"
76395205,"{""Old"":428,""New"":430,""Reason"":3}"
76395205,"{""Old"":421,""New"":423,""Reason"":3}"
41008032,"{""Old"":918,""New"":920,""Reason"":3}"
41008032,"{""Old"":1008,""New"":1010,""Reason"":3}"
80504175,"{""Old"":1398,""New"":1400,""Reason"":3}"
63778994,"{""Old"":155691,""New"":155701,""Reason"":3}"
57366251,"{""Old"":3144,""New"":3146,""Reason"":3}"
80692993,"{""Old"":1130,""New"":1132,""Reason"":3}"
79702191,"{""Old"":482,""New"":484,""Reason"":3}"
41008032,"{""Old"":800,""New"":802,""Reason"":3}"
62439790,"{""Old"":1532,""New"":1534,""Reason"":3}"
62310563,"{""Old"":59,""New"":61,""Reason"":3}"
48352269,"{""Old"":3090,""New"":3100,""Reason"":3}"
59126316,"{""Old"":846,""New"":848,""Reason"":3}"
59038909,"{""Old"":1405,""New"":1409,""Reason"":3}"
48352269,"{""Old"":2976,""New"":2986,""Reason"":3}"
48352269,"{""Old"":3008,""New"":3018,""Reason"":3}"
22023288,"{""Old"":3821,""New"":3831,""Reason"":3}"
62310563,"{""Old"":64,""New"":66,""Reason"":3}"
74572602,"{""Old"":2836,""New"":2846,""Reason"":3}"
41008032,"{""Old"":978,""New"":980,""Reason"":3}"
73276609,"{""Old"":244,""New"":246,""Reason"":3}"
35936585,"{""Old"":27349,""New"":27351,""Reason"":3}"
62439790,"{""Old"":1194,""New"":1196,""Reason"":3}"
41008032,"{""Old"":834,""New"":838,""Reason"":3}"
80504175,"{""Old"":1451,""New"":1453,""Reason"":3}"
57366251,"{""Old"":3410,""New"":3412,""Reason"":3}"
63778994,"{""Old"":156928,""New"":156948,""Reason"":3}"
63778994,"{""Old"":157868,""New"":157918,""Reason"":3}"
62439790,"{""Old"":1237,""New"":1239,""Reason"":3}"
63778994,"{""Old"":154693,""New"":154695,""Reason"":3}"
63778994,"{""Old"":156818,""New"":156848,""Reason"":3}"
63778994,"{""Old"":154663,""New"":154683,""Reason"":3}"
63778994,"{""Old"":155075,""New"":155077,""Reason"":3}"
63778994,"{""Old"":156403,""New"":156443,""Reason"":3}"
63778994,"{""Old"":158675,""New"":158677,""Reason"":3}"
62439790,"{""Old"":1176,""New"":1178,""Reason"":3}"
62439790,"{""Old"":1223,""New"":1225,""Reason"":3}"
4867326,"{""Old"":153,""New"":155,""Reason"":3}"
41008032,"{""Old"":754,""New"":758,""Reason"":3}"
41008032,"{""Old"":874,""New"":884,""Reason"":3}"
41008032,"{""Old"":1010,""New"":1012,""Reason"":3}"
48352269,"{""Old"":2996,""New"":3006,""Reason"":3}"
48352269,"{""Old"":3058,""New"":3068,""Reason"":3}"
59126316,"{""Old"":850,""New"":852,""Reason"":3}"
62310563,"{""Old"":107,""New"":111,""Reason"":3}"
55531402,"{""Old"":803595,""New"":803605,""Reason"":3}"
55531402,"{""Old"":803500,""New"":803510,""Reason"":3}"
55531402,"{""Old"":805185,""New"":805195,""Reason"":3}"
55531402,"{""Old"":806387,""New"":806397,""Reason"":3}"
55531402,"{""Old"":798730,""New"":798750,""Reason"":3}"
55531402,"{""Old"":800800,""New"":800810,""Reason"":3}"
55531402,"{""Old"":803865,""New"":803875,""Reason"":3}"
75730356,"{""Old"":197,""New"":199,""Reason"":3}"
75730356,"{""Old"":263,""New"":265,""Reason"":3}"
51765158,"{""Old"":987,""New"":989,""Reason"":3}"
51765158,"{""Old"":1038,""New"":1048,""Reason"":3}"
56866711,"{""Old"":2353,""New"":2355,""Reason"":3}"
63778994,"{""Old"":156633,""New"":156673,""Reason"":3}"
84641297,"{""Old"":4066,""New"":4068,""Reason"":3}"
63778994,"{""Old"":154740,""New"":154760,""Reason"":3}"
63778994,"{""Old"":155641,""New"":155651,""Reason"":3}"
57366251,"{""Old"":3470,""New"":3472,""Reason"":3}"
52640973,"{""Old"":546,""New"":548,""Reason"":3}"
41008032,"{""Old"":820,""New"":822,""Reason"":3}"
41008032,"{""Old"":830,""New"":832,""Reason"":3}"
41008032,"{""Old"":1002,""New"":1004,""Reason"":3}"
41008032,"{""Old"":784,""New"":786,""Reason"":3}"
41008032,"{""Old"":818,""New"":820,""Reason"":3}"
73276609,"{""Old"":233,""New"":235,""Reason"":3}"
57366251,"{""Old"":3242,""New"":3252,""Reason"":3}"
63778994,"{""Old"":155826,""New"":155846,""Reason"":3}"
63778994,"{""Old"":156091,""New"":156121,""Reason"":3}"
63778994,"{""Old"":156468,""New"":156478,""Reason"":3}"
75730356,"{""Old"":318,""New"":320,""Reason"":3}"
23053094,"{""Old"":1011,""New"":1013,""Reason"":3}"
52385318,"{""Old"":842,""New"":844,""Reason"":3}"
63799212,"{""Old"":5438,""New"":5440,""Reason"":3}"
63799212,"{""Old"":5590,""New"":5592,""Reason"":3}"
8772801,"{""Old"":842,""New"":844,""Reason"":3}"
8772801,"{""Old"":817,""New"":819,""Reason"":3}"
42724579,"{""Old"":339,""New"":341,""Reason"":3}"
14034509,"{""Old"":867,""New"":869,""Reason"":3}"
70367218,"{""Old"":144,""New"":146,""Reason"":3}"
55531402,"{""Old"":800261,""New"":800271,""Reason"":3}"
45310161,"{""Old"":19,""New"":21,""Reason"":3}"
40671256,"{""Old"":1743,""New"":1745,""Reason"":3}"
40671256,"{""Old"":1996,""New"":1998,""Reason"":3}"
55531402,"{""Old"":802276,""New"":802286,""Reason"":3}"
55531402,"{""Old"":794703,""New"":794723,""Reason"":3}"
55531402,"{""Old"":795519,""New"":795529,""Reason"":3}"
55531402,"{""Old"":795802,""New"":795812,""Reason"":3}"
55531402,"{""Old"":797263,""New"":797273,""Reason"":3}"
55531402,"{""Old"":799641,""New"":799661,""Reason"":3}"
55531402,"{""Old"":800096,""New"":800116,""Reason"":3}"
55531402,"{""Old"":799936,""New"":799946,""Reason"":3}"
40671256,"{""Old"":2090,""New"":2092,""Reason"":3}"
62439790,"{""Old"":1243,""New"":1245,""Reason"":3}"
73276609,"{""Old"":253,""New"":255,""Reason"":3}"
73276609,"{""Old"":332,""New"":334,""Reason"":3}"
57366251,"{""Old"":3161,""New"":3171,""Reason"":3}"
63778994,"{""Old"":155077,""New"":155097,""Reason"":3}"
63778994,"{""Old"":157983,""New"":157993,""Reason"":3}"
63778994,"{""Old"":155846,""New"":155856,""Reason"":3}"
57366251,"{""Old"":3254,""New"":3264,""Reason"":3}"
63778994,"{""Old"":157918,""New"":157948,""Reason"":3}"
63778994,"{""Old"":155172,""New"":155182,""Reason"":3}"
63778994,"{""Old"":155097,""New"":155107,""Reason"":3}"
63778994,"{""Old"":156071,""New"":156091,""Reason"":3}"
80504175,"{""Old"":1390,""New"":1392,""Reason"":3}"
80504175,"{""Old"":1432,""New"":1434,""Reason"":3}"
80504175,"{""Old"":1439,""New"":1441,""Reason"":3}"
41008032,"{""Old"":894,""New"":896,""Reason"":3}"
79702191,"{""Old"":480,""New"":482,""Reason"":3}"
79702191,"{""Old"":503,""New"":505,""Reason"":3}"
211423534,"{""Old"":22792,""New"":22794,""Reason"":3}"
57366251,"{""Old"":3080,""New"":3090,""Reason"":3}"
57366251,"{""Old"":3129,""New"":3139,""Reason"":3}"
62439790,"{""Old"":1520,""New"":1522,""Reason"":3}"
84641297,"{""Old"":4044,""New"":4046,""Reason"":3}"
63778994,"{""Old"":157503,""New"":157523,""Reason"":3}"
63778994,"{""Old"":158453,""New"":158463,""Reason"":3}"
62439790,"{""Old"":1342,""New"":1344,""Reason"":3}"
41008032,"{""Old"":840,""New"":844,""Reason"":3}"
8772801,"{""Old"":860,""New"":862,""Reason"":3}"
56305413,"{""Old"":3537,""New"":3547,""Reason"":3}"
81192725,"{""Old"":331,""New"":333,""Reason"":3}"
55531402,"{""Old"":794857,""New"":794897,""Reason"":3}"
55531402,"{""Old"":795039,""New"":795049,""Reason"":3}"
55531402,"{""Old"":796007,""New"":796027,""Reason"":3}"
40671256,"{""Old"":1928,""New"":1930,""Reason"":3}"
40671256,"{""Old"":1922,""New"":1924,""Reason"":3}"
40671256,"{""Old"":1992,""New"":1994,""Reason"":3}"
75730356,"{""Old"":529,""New"":533,""Reason"":3}"
75730356,"{""Old"":535,""New"":537,""Reason"":3}"
23053094,"{""Old"":1030,""New"":1032,""Reason"":3}"
64516532,"{""Old"":21,""New"":23,""Reason"":3}"
55531402,"{""Old"":804970,""New"":804980,""Reason"":3}"
55531402,"{""Old"":795705,""New"":795715,""Reason"":3}"
55531402,"{""Old"":797463,""New"":797465,""Reason"":3}"
55531402,"{""Old"":797969,""New"":797971,""Reason"":3}"
209900380,"{""Old"":216,""New"":218,""Reason"":3}"
56866711,"{""Old"":2355,""New"":2365,""Reason"":3}"
75730356,"{""Old"":269,""New"":271,""Reason"":3}"
54055764,"{""Old"":4469,""New"":4471,""Reason"":3}"
8763321,"{""Old"":1454,""New"":1456,""Reason"":3}"
56305413,"{""Old"":2164,""New"":2174,""Reason"":3}"
56305413,"{""Old"":3038,""New"":3048,""Reason"":3}"
56305413,"{""Old"":3474,""New"":3484,""Reason"":3}"
55531402,"{""Old"":796277,""New"":796287,""Reason"":3}"
55531402,"{""Old"":799087,""New"":799097,""Reason"":3}"
55531402,"{""Old"":795745,""New"":795747,""Reason"":3}"
55531402,"{""Old"":798323,""New"":798325,""Reason"":3}"
13186631,"{""Old"":1613,""New"":1623,""Reason"":3}"
55531402,"{""Old"":794932,""New"":794942,""Reason"":3}"
55531402,"{""Old"":797850,""New"":797880,""Reason"":3}"
55531402,"{""Old"":799509,""New"":799519,""Reason"":3}"
55531402,"{""Old"":796424,""New"":796444,""Reason"":3}"
55531402,"{""Old"":797520,""New"":797550,""Reason"":3}"
75730356,"{""Old"":250,""New"":252,""Reason"":3}"
46290546,"{""Old"":5145,""New"":5155,""Reason"":3}"
70367218,"{""Old"":228,""New"":230,""Reason"":3}"
70367218,"{""Old"":233,""New"":243,""Reason"":3}"
56305413,"{""Old"":2912,""New"":2914,""Reason"":3}"
56305413,"{""Old"":3202,""New"":3204,""Reason"":3}"
55531402,"{""Old"":796444,""New"":796454,""Reason"":3}"
55531402,"{""Old"":798258,""New"":798268,""Reason"":3}"
45310161,"{""Old"":111,""New"":113,""Reason"":3}"
45310161,"{""Old"":21,""New"":23,""Reason"":3}"
42724579,"{""Old"":169,""New"":171,""Reason"":3}"
46290546,"{""Old"":4370,""New"":4372,""Reason"":3}"
42724579,"{""Old"":381,""New"":383,""Reason"":3}"
44782814,"{""Old"":496,""New"":498,""Reason"":3}"
54055764,"{""Old"":4473,""New"":4483,""Reason"":3}"
46290546,"{""Old"":5522,""New"":5532,""Reason"":3}"
8772801,"{""Old"":906,""New"":908,""Reason"":3}"
8772801,"{""Old"":835,""New"":837,""Reason"":3}"
11296566,"{""Old"":1929,""New"":1931,""Reason"":3}"
51765158,"{""Old"":975,""New"":977,""Reason"":3}"
68764292,"{""Old"":255,""New"":257,""Reason"":3}"
203681405,"{""Old"":3173,""New"":3175,""Reason"":3}"
48352269,"{""Old"":6680,""New"":6682,""Reason"":3}"
40671256,"{""Old"":1807,""New"":1809,""Reason"":3}"
40671256,"{""Old"":2001,""New"":2003,""Reason"":3}"
40671256,"{""Old"":2040,""New"":2042,""Reason"":3}"
40671256,"{""Old"":1967,""New"":1969,""Reason"":3}"
40671256,"{""Old"":2016,""New"":2018,""Reason"":3}"
209900380,"{""Old"":211,""New"":213,""Reason"":3}"
40671256,"{""Old"":1254,""New"":1256,""Reason"":3}"
40671256,"{""Old"":1220,""New"":1222,""Reason"":3}"
75730356,"{""Old"":301,""New"":303,""Reason"":3}"
86802600,"{""Old"":283,""New"":285,""Reason"":3}"
19535546,"{""Old"":583,""New"":585,""Reason"":3}"
19535546,"{""Old"":663,""New"":665,""Reason"":3}"
19535546,"{""Old"":718,""New"":720,""Reason"":3}"
63799212,"{""Old"":5446,""New"":5448,""Reason"":3}"
63799212,"{""Old"":5776,""New"":5786,""Reason"":3}"
63799212,"{""Old"":7211,""New"":7221,""Reason"":3}"
63799212,"{""Old"":7641,""New"":7651,""Reason"":3}"
63799212,"{""Old"":8060,""New"":8070,""Reason"":3}"
63799212,"{""Old"":8407,""New"":8417,""Reason"":3}"
63799212,"{""Old"":8987,""New"":9007,""Reason"":3}"
63799212,"{""Old"":10543,""New"":10553,""Reason"":3}"
63799212,"{""Old"":10957,""New"":10967,""Reason"":3}"
63799212,"{""Old"":11317,""New"":11327,""Reason"":3}"
63799212,"{""Old"":12349,""New"":12359,""Reason"":3}"
63799212,"{""Old"":13393,""New"":13403,""Reason"":3}"
63799212,"{""Old"":13557,""New"":13567,""Reason"":3}"
44782814,"{""Old"":492,""New"":494,""Reason"":3}"
54055764,"{""Old"":4491,""New"":4493,""Reason"":3}"
51765158,"{""Old"":1034,""New"":1036,""Reason"":3}"
8763321,"{""Old"":1474,""New"":1476,""Reason"":3}"
80742310,"{""Old"":657,""New"":667,""Reason"":3}"
56305413,"{""Old"":2718,""New"":2720,""Reason"":3}"
56305413,"{""Old"":3236,""New"":3246,""Reason"":3}"
81192725,"{""Old"":315,""New"":317,""Reason"":3}"
56305413,"{""Old"":3400,""New"":3420,""Reason"":3}"
8772801,"{""Old"":814,""New"":816,""Reason"":3}"
8772801,"{""Old"":870,""New"":872,""Reason"":3}"
76395205,"{""Old"":418,""New"":420,""Reason"":3}"
56305413,"{""Old"":3523,""New"":3525,""Reason"":3}"
56305413,"{""Old"":3472,""New"":3474,""Reason"":3}"
51765158,"{""Old"":959,""New"":973,""Reason"":3}"
56305413,"{""Old"":3246,""New"":3256,""Reason"":3}"
42724579,"{""Old"":383,""New"":385,""Reason"":3}"
54055764,"{""Old"":4454,""New"":4456,""Reason"":3}"
54055764,"{""Old"":4493,""New"":4495,""Reason"":3}"
70367218,"{""Old"":140,""New"":142,""Reason"":3}"
70367218,"{""Old"":217,""New"":219,""Reason"":3}"
54055764,"{""Old"":4505,""New"":4507,""Reason"":3}"
46290546,"{""Old"":5197,""New"":5207,""Reason"":3}"
46290546,"{""Old"":4587,""New"":4597,""Reason"":3}"
46290546,"{""Old"":4392,""New"":4402,""Reason"":3}"
46290546,"{""Old"":5041,""New"":5061,""Reason"":3}"
70367218,"{""Old"":189,""New"":191,""Reason"":3}"
42724579,"{""Old"":136,""New"":138,""Reason"":3}"
46290546,"{""Old"":5177,""New"":5197,""Reason"":3}"
46290546,"{""Old"":4652,""New"":4662,""Reason"":3}"
42724579,"{""Old"":117,""New"":119,""Reason"":3}"
37784995,"{""Old"":882,""New"":892,""Reason"":3}"
70367218,"{""Old"":159,""New"":161,""Reason"":3}"
70367218,"{""Old"":193,""New"":195,""Reason"":3}"
46290546,"{""Old"":5217,""New"":5227,""Reason"":3}"
46290546,"{""Old"":5422,""New"":5452,""Reason"":3}"
46290546,"{""Old"":5103,""New"":5113,""Reason"":3}"
42724579,"{""Old"":351,""New"":353,""Reason"":3}"
56866711,"{""Old"":2367,""New"":2369,""Reason"":3}"
37784995,"{""Old"":892,""New"":894,""Reason"":3}"
42724579,"{""Old"":318,""New"":320,""Reason"":3}"
46290546,"{""Old"":4632,""New"":4642,""Reason"":3}"
42724579,"{""Old"":171,""New"":173,""Reason"":3}"
42724579,"{""Old"":239,""New"":241,""Reason"":3}"
203681405,"{""Old"":3187,""New"":3189,""Reason"":3}"
63799212,"{""Old"":5484,""New"":5486,""Reason"":3}"
63799212,"{""Old"":5926,""New"":5936,""Reason"":3}"
38319980,"{""Old"":7375,""New"":7377,""Reason"":3}"
63799212,"{""Old"":4034,""New"":4036,""Reason"":3}"
66718790,"{""Old"":5685,""New"":5695,""Reason"":3}"
66718790,"{""Old"":5348,""New"":5358,""Reason"":3}"
66718790,"{""Old"":5498,""New"":5508,""Reason"":3}"
38319980,"{""Old"":7377,""New"":7387,""Reason"":3}"
66718790,"{""Old"":5167,""New"":5177,""Reason"":3}"
66718790,"{""Old"":5207,""New"":5217,""Reason"":3}"
66718790,"{""Old"":4047,""New"":4049,""Reason"":3}"
66718790,"{""Old"":4102,""New"":4104,""Reason"":3}"
66718790,"{""Old"":5412,""New"":5422,""Reason"":3}"
66718790,"{""Old"":5841,""New"":5851,""Reason"":3}"
66718790,"{""Old"":5733,""New"":5735,""Reason"":3}"
66718790,"{""Old"":5018,""New"":5020,""Reason"":3}"
66718790,"{""Old"":5833,""New"":5835,""Reason"":3}"
66718790,"{""Old"":4184,""New"":4186,""Reason"":3}"
66718790,"{""Old"":4453,""New"":4463,""Reason"":3}"
66718790,"{""Old"":4928,""New"":4938,""Reason"":3}"
63799212,"{""Old"":9854,""New"":9864,""Reason"":3}"
63799212,"{""Old"":12751,""New"":12771,""Reason"":3}"
63799212,"{""Old"":12991,""New"":13001,""Reason"":3}"
63799212,"{""Old"":13261,""New"":13271,""Reason"":3}"
63799212,"{""Old"":13281,""New"":13301,""Reason"":3}"
63799212,"{""Old"":14060,""New"":14070,""Reason"":3}"
48352269,"{""Old"":6642,""New"":6644,""Reason"":3}"
19535546,"{""Old"":716,""New"":718,""Reason"":3}"
66718790,"{""Old"":4528,""New"":4538,""Reason"":3}"
66718790,"{""Old"":2930,""New"":2932,""Reason"":3}"
19535546,"{""Old"":1166,""New"":1168,""Reason"":3}"
39038951,"{""Old"":749,""New"":753,""Reason"":3}"
48352269,"{""Old"":6593,""New"":6595,""Reason"":3}"
57366251,"{""Old"":6689,""New"":6711,""Reason"":3}"
48352269,"{""Old"":6579,""New"":6581,""Reason"":3}"
83788628,"{""Old"":411,""New"":413,""Reason"":3}"
83788628,"{""Old"":429,""New"":431,""Reason"":3}"
46290546,"{""Old"":7557,""New"":7567,""Reason"":3}"
83788628,"{""Old"":329,""New"":331,""Reason"":3}"
83788628,"{""Old"":427,""New"":429,""Reason"":3}"
63778994,"{""Old"":358871,""New"":358873,""Reason"":3}"
63778994,"{""Old"":360333,""New"":360343,""Reason"":3}"
8673338,"{""Old"":13240,""New"":13242,""Reason"":3}"
13533643,"{""Old"":3658,""New"":3660,""Reason"":3}"
8673338,"{""Old"":12970,""New"":12980,""Reason"":3}"
70315956,"{""Old"":777,""New"":779,""Reason"":3}"
70971660,"{""Old"":845,""New"":847,""Reason"":3}"
48073539,"{""Old"":2161,""New"":2165,""Reason"":3}"
8883313,"{""Old"":1594,""New"":1596,""Reason"":3}"
8883313,"{""Old"":1643,""New"":1645,""Reason"":3}"
73660558,"{""Old"":2513,""New"":2515,""Reason"":3}"
8673338,"{""Old"":13408,""New"":13410,""Reason"":3}"
216198135,"{""Old"":334979,""New"":334989,""Reason"":3}"
56224846,"{""Old"":126,""New"":128,""Reason"":3}"
86009749,"{""Old"":337,""New"":339,""Reason"":3}"
209538568,"{""Old"":1664,""New"":1666,""Reason"":3}"
47200242,"{""Old"":7613,""New"":7615,""Reason"":3}"
8257034,"{""Old"":3336,""New"":3338,""Reason"":3}"
215520292,"{""Old"":314680,""New"":314700,""Reason"":3}"
215520292,"{""Old"":315830,""New"":315860,""Reason"":3}"
215520292,"{""Old"":317431,""New"":317451,""Reason"":3}"
215520292,"{""Old"":317756,""New"":317796,""Reason"":3}"
215520292,"{""Old"":314972,""New"":315032,""Reason"":3}"
215520292,"{""Old"":315355,""New"":315385,""Reason"":3}"
215520292,"{""Old"":317846,""New"":317876,""Reason"":3}"
48056970,"{""Old"":886,""New"":888,""Reason"":3}"
44510856,"{""Old"":1572,""New"":1574,""Reason"":3}"
44510856,"{""Old"":1608,""New"":1610,""Reason"":3}"
80491185,"{""Old"":4812,""New"":4814,""Reason"":3}"
56031221,"{""Old"":255,""New"":257,""Reason"":3}"
80491185,"{""Old"":4568,""New"":4570,""Reason"":3}"
6615671,"{""Old"":983,""New"":985,""Reason"":3}"
58261482,"{""Old"":1120,""New"":1122,""Reason"":3}"
58261482,"{""Old"":1093,""New"":1095,""Reason"":3}"
58261482,"{""Old"":1169,""New"":1179,""Reason"":3}"
65582555,"{""Old"":93,""New"":95,""Reason"":3}"
63778994,"{""Old"":367352,""New"":367362,""Reason"":3}"
63778994,"{""Old"":367562,""New"":367582,""Reason"":3}"
63778994,"{""Old"":364218,""New"":364228,""Reason"":3}"
63778994,"{""Old"":360483,""New"":360485,""Reason"":3}"
63778994,"{""Old"":362407,""New"":362417,""Reason"":3}"
63778994,"{""Old"":363833,""New"":363863,""Reason"":3}"
63778994,"{""Old"":364038,""New"":364048,""Reason"":3}"
63778994,"{""Old"":366382,""New"":366392,""Reason"":3}"
37744135,"{""Old"":28215,""New"":28217,""Reason"":3}"
65661392,"{""Old"":5466,""New"":5468,""Reason"":3}"
37744135,"{""Old"":27677,""New"":27679,""Reason"":3}"
9692226,"{""Old"":1737,""New"":1739,""Reason"":3}"
211423534,"{""Old"":42912,""New"":42922,""Reason"":3}"
49831730,"{""Old"":367,""New"":369,""Reason"":3}"
4980186,"{""Old"":2684,""New"":2694,""Reason"":3}"
71227328,"{""Old"":384,""New"":386,""Reason"":3}"
13083476,"{""Old"":1028,""New"":1030,""Reason"":3}"
13083476,"{""Old"":1036,""New"":1038,""Reason"":3}"
23033741,"{""Old"":142,""New"":144,""Reason"":3}"
72784091,"{""Old"":1228,""New"":1230,""Reason"":3}"
85219672,"{""Old"":16701,""New"":16703,""Reason"":3}"
85219672,"{""Old"":16831,""New"":16841,""Reason"":3}"
85219672,"{""Old"":17285,""New"":17295,""Reason"":3}"
85219672,"{""Old"":15158,""New"":15168,""Reason"":3}"
85219672,"{""Old"":15194,""New"":15196,""Reason"":3}"
85219672,"{""Old"":15428,""New"":15430,""Reason"":3}"
85219672,"{""Old"":15478,""New"":15488,""Reason"":3}"
85219672,"{""Old"":15624,""New"":15634,""Reason"":3}"
85219672,"{""Old"":15563,""New"":15583,""Reason"":3}"
85219672,"{""Old"":17334,""New"":17344,""Reason"":3}"
85219672,"{""Old"":17747,""New"":17757,""Reason"":3}"
85219672,"{""Old"":13042,""New"":13046,""Reason"":3}"
85219672,"{""Old"":13706,""New"":13708,""Reason"":3}"
85219672,"{""Old"":14059,""New"":14061,""Reason"":3}"
38478123,"{""Old"":167,""New"":169,""Reason"":3}"
85219672,"{""Old"":17271,""New"":17281,""Reason"":3}"
80246621,"{""Old"":859,""New"":861,""Reason"":3}"
4472194,"{""Old"":3249,""New"":3251,""Reason"":3}"
32002545,"{""Old"":350,""New"":352,""Reason"":3}"
52436180,"{""Old"":384723,""New"":384727,""Reason"":3}"
73660558,"{""Old"":2410,""New"":2412,""Reason"":3}"
79142355,"{""Old"":1080,""New"":1082,""Reason"":3}"
70971660,"{""Old"":519,""New"":521,""Reason"":3}"
8673338,"{""Old"":13270,""New"":13272,""Reason"":3}"
8883313,"{""Old"":1503,""New"":1505,""Reason"":3}"
16303419,"{""Old"":75189,""New"":75199,""Reason"":3}"
16303419,"{""Old"":75896,""New"":75906,""Reason"":3}"
13755035,"{""Old"":174,""New"":176,""Reason"":3}"
208910409,"{""Old"":252,""New"":254,""Reason"":3}"
40712395,"{""Old"":592,""New"":594,""Reason"":3}"
40712395,"{""Old"":1318,""New"":1328,""Reason"":3}"
38518128,"{""Old"":2709,""New"":2711,""Reason"":3}"
216198135,"{""Old"":335669,""New"":335679,""Reason"":3}"
38319980,"{""Old"":81656,""New"":81658,""Reason"":3}"
38319980,"{""Old"":82291,""New"":82301,""Reason"":3}"
38319980,"{""Old"":82002,""New"":82012,""Reason"":3}"
38319980,"{""Old"":82249,""New"":82259,""Reason"":3}"
4239086,"{""Old"":3732,""New"":3734,""Reason"":3}"
8873732,"{""Old"":24970,""New"":24972,""Reason"":3}"
8873732,"{""Old"":24984,""New"":24986,""Reason"":3}"
8873732,"{""Old"":24950,""New"":24960,""Reason"":3}"
8873732,"{""Old"":25124,""New"":25126,""Reason"":3}"
8873732,"{""Old"":24940,""New"":24946,""Reason"":3}"
8873732,"{""Old"":25248,""New"":25250,""Reason"":3}"
70289120,"{""Old"":1962,""New"":1964,""Reason"":3}"
44510856,"{""Old"":1598,""New"":1600,""Reason"":3}"
44510856,"{""Old"":1535,""New"":1537,""Reason"":3}"
48056970,"{""Old"":1065,""New"":1067,""Reason"":3}"
48056970,"{""Old"":1075,""New"":1077,""Reason"":3}"
48056970,"{""Old"":1093,""New"":1095,""Reason"":3}"
44510856,"{""Old"":1456,""New"":1458,""Reason"":3}"
44510856,"{""Old"":1592,""New"":1594,""Reason"":3}"
44510856,"{""Old"":1540,""New"":1550,""Reason"":3}"
44510856,"{""Old"":1656,""New"":1658,""Reason"":3}"
44510856,"{""Old"":1699,""New"":1701,""Reason"":3}"
44510856,"{""Old"":1398,""New"":1400,""Reason"":3}"
8873732,"{""Old"":25011,""New"":25013,""Reason"":3}"
8873732,"{""Old"":25182,""New"":25184,""Reason"":3}"
48056970,"{""Old"":1059,""New"":1061,""Reason"":3}"
38746584,"{""Old"":1093,""New"":1095,""Reason"":3}"
38319980,"{""Old"":82389,""New"":82399,""Reason"":3}"
38319980,"{""Old"":82695,""New"":82705,""Reason"":3}"
74426538,"{""Old"":2172,""New"":2174,""Reason"":3}"
38319980,"{""Old"":81906,""New"":81916,""Reason"":3}"
4239086,"{""Old"":3458,""New"":3460,""Reason"":3}"
4239086,"{""Old"":3726,""New"":3728,""Reason"":3}"
4239086,"{""Old"":3397,""New"":3399,""Reason"":3}"
41040836,"{""Old"":430,""New"":432,""Reason"":3}"
41040836,"{""Old"":559,""New"":561,""Reason"":3}"
44481882,"{""Old"":507,""New"":517,""Reason"":3}"
35216582,"{""Old"":30219,""New"":30229,""Reason"":3}"
35216582,"{""Old"":28423,""New"":28433,""Reason"":3}"
35216582,"{""Old"":29953,""New"":29955,""Reason"":3}"
35216582,"{""Old"":29967,""New"":29977,""Reason"":3}"
35216582,"{""Old"":30936,""New"":30946,""Reason"":3}"
32381984,"{""Old"":300,""New"":302,""Reason"":3}"
210993055,"{""Old"":55809,""New"":55811,""Reason"":3}"
210993055,"{""Old"":57166,""New"":57176,""Reason"":3}"
11129004,"{""Old"":2305,""New"":2315,""Reason"":3}"
11129004,"{""Old"":2333,""New"":2335,""Reason"":3}"
208990330,"{""Old"":219,""New"":221,""Reason"":3}"
33904862,"{""Old"":595,""New"":597,""Reason"":3}"
49831730,"{""Old"":922,""New"":924,""Reason"":3}"
202176747,"{""Old"":115067,""New"":115077,""Reason"":3}"
202176747,"{""Old"":115119,""New"":115129,""Reason"":3}"
38749156,"{""Old"":5979,""New"":5989,""Reason"":3}"
38749156,"{""Old"":420,""New"":430,""Reason"":3}"
8257034,"{""Old"":3225,""New"":3227,""Reason"":3}"
64771681,"{""Old"":2813,""New"":2823,""Reason"":3}"
209538568,"{""Old"":1670,""New"":1672,""Reason"":3}"
48073539,"{""Old"":2219,""New"":2229,""Reason"":3}"
48073539,"{""Old"":2242,""New"":2244,""Reason"":3}"
8673338,"{""Old"":13594,""New"":13604,""Reason"":3}"
8883313,"{""Old"":1390,""New"":1400,""Reason"":3}"
52436180,"{""Old"":382014,""New"":382024,""Reason"":3}"
52436180,"{""Old"":382309,""New"":382319,""Reason"":3}"
32002545,"{""Old"":304,""New"":306,""Reason"":3}"
52436180,"{""Old"":379245,""New"":379255,""Reason"":3}"
8673338,"{""Old"":13398,""New"":13408,""Reason"":3}"
40712395,"{""Old"":1271,""New"":1273,""Reason"":3}"
40712395,"{""Old"":1604,""New"":1614,""Reason"":3}"
40712395,"{""Old"":1330,""New"":1332,""Reason"":3}"
208910409,"{""Old"":296,""New"":298,""Reason"":3}"
40712395,"{""Old"":1004,""New"":1006,""Reason"":3}"
47061761,"{""Old"":1049,""New"":1051,""Reason"":3}"
47061761,"{""Old"":1012,""New"":1014,""Reason"":3}"
47061761,"{""Old"":1051,""New"":1053,""Reason"":3}"
47061761,"{""Old"":840,""New"":842,""Reason"":3}"
47061761,"{""Old"":1033,""New"":1035,""Reason"":3}"
47061761,"{""Old"":946,""New"":948,""Reason"":3}"
47061761,"{""Old"":1041,""New"":1043,""Reason"":3}"
47061761,"{""Old"":819,""New"":821,""Reason"":3}"
47061761,"{""Old"":1133,""New"":1135,""Reason"":3}"
47061761,"{""Old"":1494,""New"":1496,""Reason"":3}"
47061761,"{""Old"":1399,""New"":1401,""Reason"":3}"
8673338,"{""Old"":12778,""New"":12782,""Reason"":3}"
8673338,"{""Old"":13058,""New"":13068,""Reason"":3}"
8673338,"{""Old"":13146,""New"":13148,""Reason"":3}"
70315956,"{""Old"":870,""New"":872,""Reason"":3}"
200690715,"{""Old"":383,""New"":385,""Reason"":3}"
17730425,"{""Old"":3102,""New"":3112,""Reason"":3}"
38749156,"{""Old"":2793,""New"":2795,""Reason"":3}"
38749156,"{""Old"":4828,""New"":4848,""Reason"":3}"
38749156,"{""Old"":6224,""New"":6244,""Reason"":3}"
42367164,"{""Old"":1638,""New"":1642,""Reason"":3}"
42367164,"{""Old"":1757,""New"":1767,""Reason"":3}"
42367164,"{""Old"":1957,""New"":1959,""Reason"":3}"
56262169,"{""Old"":284,""New"":286,""Reason"":3}"
46290546,"{""Old"":7537,""New"":7547,""Reason"":3}"
6868129,"{""Old"":1375,""New"":1385,""Reason"":3}"
65582555,"{""Old"":137,""New"":139,""Reason"":3}"
7473273,"{""Old"":4543,""New"":4553,""Reason"":3}"
6149384,"{""Old"":884,""New"":886,""Reason"":3}"
83788628,"{""Old"":402,""New"":404,""Reason"":3}"
211423534,"{""Old"":43126,""New"":43136,""Reason"":3}"
4239086,"{""Old"":3590,""New"":3592,""Reason"":3}"
4239086,"{""Old"":3767,""New"":3769,""Reason"":3}"
4239086,"{""Old"":3796,""New"":3798,""Reason"":3}"
37314067,"{""Old"":452,""New"":454,""Reason"":3}"
8190086,"{""Old"":196,""New"":198,""Reason"":3}"
37314067,"{""Old"":405,""New"":407,""Reason"":3}"
23353445,"{""Old"":509,""New"":511,""Reason"":3}"
23353445,"{""Old"":530,""New"":540,""Reason"":3}"
23353445,"{""Old"":568,""New"":570,""Reason"":3}"
71718548,"{""Old"":452,""New"":454,""Reason"":3}"
71718548,"{""Old"":427,""New"":431,""Reason"":3}"
38095618,"{""Old"":79541,""New"":79551,""Reason"":3}"
4239086,"{""Old"":3639,""New"":3641,""Reason"":3}"
38095618,"{""Old"":78361,""New"":78363,""Reason"":3}"
38095618,"{""Old"":79511,""New"":79521,""Reason"":3}"
38095618,"{""Old"":79635,""New"":79655,""Reason"":3}"
37784995,"{""Old"":5434,""New"":5436,""Reason"":3}"
8190086,"{""Old"":192,""New"":194,""Reason"":3}"
38319980,"{""Old"":81453,""New"":81455,""Reason"":3}"
38319980,"{""Old"":82738,""New"":82748,""Reason"":3}"
38319980,"{""Old"":81461,""New"":81463,""Reason"":3}"
53645102,"{""Old"":472,""New"":480,""Reason"":3}"
83940666,"{""Old"":2436,""New"":2438,""Reason"":3}"
17730425,"{""Old"":2860,""New"":2870,""Reason"":3}"
17730425,"{""Old"":2526,""New"":2528,""Reason"":3}"
17730425,"{""Old"":2779,""New"":2781,""Reason"":3}"
20302898,"{""Old"":2687,""New"":2697,""Reason"":3}"
8673338,"{""Old"":13422,""New"":13432,""Reason"":3}"
53038420,"{""Old"":292,""New"":294,""Reason"":3}"
208910409,"{""Old"":238,""New"":240,""Reason"":3}"
208910409,"{""Old"":300,""New"":302,""Reason"":3}"
208910409,"{""Old"":227,""New"":229,""Reason"":3}"
208910409,"{""Old"":254,""New"":256,""Reason"":3}"
40712395,"{""Old"":753,""New"":755,""Reason"":3}"
43780156,"{""Old"":75572,""New"":75574,""Reason"":3}"
43351980,"{""Old"":15320,""New"":15322,""Reason"":3}"
40712395,"{""Old"":731,""New"":733,""Reason"":3}"
40712395,"{""Old"":1522,""New"":1524,""Reason"":3}"
7087738,"{""Old"":56,""New"":58,""Reason"":3}"
200690715,"{""Old"":425,""New"":427,""Reason"":3}"
17730425,"{""Old"":2360,""New"":2362,""Reason"":3}"
17730425,"{""Old"":2530,""New"":2532,""Reason"":3}"
17730425,"{""Old"":2749,""New"":2759,""Reason"":3}"
17730425,"{""Old"":3100,""New"":3102,""Reason"":3}"
4980186,"{""Old"":2619,""New"":2629,""Reason"":3}"
35875544,"{""Old"":23095,""New"":23097,""Reason"":3}"
6084170,"{""Old"":8528,""New"":8530,""Reason"":3}"
6084170,"{""Old"":8651,""New"":8661,""Reason"":3}"
50416621,"{""Old"":2758,""New"":2768,""Reason"":3}"
9083671,"{""Old"":1217,""New"":1219,""Reason"":3}"
29350329,"{""Old"":172,""New"":174,""Reason"":3}"
29350329,"{""Old"":174,""New"":176,""Reason"":3}"
40712395,"{""Old"":737,""New"":739,""Reason"":3}"
40712395,"{""Old"":735,""New"":737,""Reason"":3}"
40712395,"{""Old"":698,""New"":700,""Reason"":3}"
29350329,"{""Old"":159,""New"":161,""Reason"":3}"
7087738,"{""Old"":65,""New"":67,""Reason"":3}"
7087738,"{""Old"":69,""New"":71,""Reason"":3}"
208910409,"{""Old"":630,""New"":632,""Reason"":3}"
208910409,"{""Old"":786,""New"":788,""Reason"":3}"
208910409,"{""Old"":808,""New"":818,""Reason"":3}"
40712395,"{""Old"":663,""New"":665,""Reason"":3}"
40712395,"{""Old"":758,""New"":760,""Reason"":3}"
4239086,"{""Old"":4118,""New"":4122,""Reason"":3}"
4558571,"{""Old"":115,""New"":117,""Reason"":3}"
11129004,"{""Old"":3740,""New"":3750,""Reason"":3}"
11129004,"{""Old"":4290,""New"":4300,""Reason"":3}"
11129004,"{""Old"":4935,""New"":4945,""Reason"":3}"
67836518,"{""Old"":4669,""New"":4679,""Reason"":3}"
67836518,"{""Old"":4482,""New"":4492,""Reason"":3}"
84957257,"{""Old"":17540,""New"":17550,""Reason"":3}"
20302898,"{""Old"":2980,""New"":2982,""Reason"":3}"
37988048,"{""Old"":1772,""New"":1774,""Reason"":3}"
8883313,"{""Old"":1602,""New"":1604,""Reason"":3}"
84957257,"{""Old"":16311,""New"":16321,""Reason"":3}"
53038420,"{""Old"":341,""New"":343,""Reason"":3}"
84957257,"{""Old"":16673,""New"":16683,""Reason"":3}"
8883313,"{""Old"":1372,""New"":1374,""Reason"":3}"
8883313,"{""Old"":1439,""New"":1449,""Reason"":3}"
38095618,"{""Old"":79043,""New"":79063,""Reason"":3}"
38095618,"{""Old"":79379,""New"":79389,""Reason"":3}"
38095618,"{""Old"":78257,""New"":78259,""Reason"":3}"
38095618,"{""Old"":78872,""New"":78876,""Reason"":3}"
38095618,"{""Old"":79615,""New"":79625,""Reason"":3}"
38095618,"{""Old"":80127,""New"":80137,""Reason"":3}"
38319980,"{""Old"":81861,""New"":81863,""Reason"":3}"
38095618,"{""Old"":78894,""New"":78896,""Reason"":3}"
38095618,"{""Old"":79345,""New"":79347,""Reason"":3}"
39750047,"{""Old"":273,""New"":275,""Reason"":3}"
85219672,"{""Old"":18211,""New"":18221,""Reason"":3}"
51324872,"{""Old"":18806,""New"":18808,""Reason"":3}"
85219672,"{""Old"":12941,""New"":12943,""Reason"":3}"
85219672,"{""Old"":12947,""New"":12949,""Reason"":3}"
85219672,"{""Old"":14356,""New"":14366,""Reason"":3}"
85219672,"{""Old"":14465,""New"":14467,""Reason"":3}"
80758401,"{""Old"":5311,""New"":5313,""Reason"":3}"
80758401,"{""Old"":5563,""New"":5583,""Reason"":3}"
53698855,"{""Old"":2137,""New"":2139,""Reason"":3}"
39750047,"{""Old"":248,""New"":250,""Reason"":3}"
46662749,"{""Old"":174,""New"":176,""Reason"":3}"
80758401,"{""Old"":4941,""New"":4943,""Reason"":3}"
32002545,"{""Old"":173,""New"":177,""Reason"":3}"
32002545,"{""Old"":202,""New"":204,""Reason"":3}"
8883313,"{""Old"":1514,""New"":1516,""Reason"":3}"
11296566,"{""Old"":2403,""New"":2413,""Reason"":3}"
11296566,"{""Old"":2425,""New"":2427,""Reason"":3}"
52436180,"{""Old"":379025,""New"":379035,""Reason"":3}"
52436180,"{""Old"":383749,""New"":383759,""Reason"":3}"
84957257,"{""Old"":17415,""New"":17417,""Reason"":3}"
84957257,"{""Old"":16093,""New"":16095,""Reason"":3}"
84957257,"{""Old"":14324,""New"":14326,""Reason"":3}"
84957257,"{""Old"":16075,""New"":16079,""Reason"":3}"
84957257,"{""Old"":17073,""New"":17083,""Reason"":3}"
84957257,"{""Old"":16403,""New"":16405,""Reason"":3}"
53038420,"{""Old"":426,""New"":428,""Reason"":3}"
84957257,"{""Old"":17708,""New"":17718,""Reason"":3}"
84957257,"{""Old"":17888,""New"":17898,""Reason"":3}"
53038420,"{""Old"":430,""New"":432,""Reason"":3}"
84957257,"{""Old"":17600,""New"":17610,""Reason"":3}"
67836518,"{""Old"":4492,""New"":4502,""Reason"":3}"
67836518,"{""Old"":4350,""New"":4352,""Reason"":3}"
67836518,"{""Old"":4588,""New"":4590,""Reason"":3}"
67836518,"{""Old"":4704,""New"":4714,""Reason"":3}"
9083671,"{""Old"":1205,""New"":1207,""Reason"":3}"
200690715,"{""Old"":406,""New"":408,""Reason"":3}"
76604874,"{""Old"":40,""New"":42,""Reason"":3}"
211423534,"{""Old"":42617,""New"":42627,""Reason"":3}"
63778994,"{""Old"":361086,""New"":361096,""Reason"":3}"
63778994,"{""Old"":364872,""New"":364882,""Reason"":3}"
63778994,"{""Old"":366017,""New"":366027,""Reason"":3}"
63778994,"{""Old"":366292,""New"":366312,""Reason"":3}"
211423534,"{""Old"":43326,""New"":43336,""Reason"":3}"
46662749,"{""Old"":2209,""New"":2211,""Reason"":3}"
46662749,"{""Old"":2207,""New"":2209,""Reason"":3}"
46662749,"{""Old"":2221,""New"":2223,""Reason"":3}"
46662749,"{""Old"":2327,""New"":2329,""Reason"":3}"
48550785,"{""Old"":1277,""New"":1279,""Reason"":3}"
211423534,"{""Old"":43366,""New"":43376,""Reason"":3}"
48073539,"{""Old"":2332,""New"":2334,""Reason"":3}"
8673338,"{""Old"":13250,""New"":13260,""Reason"":3}"
70971660,"{""Old"":889,""New"":891,""Reason"":3}"
70971660,"{""Old"":908,""New"":912,""Reason"":3}"
32002545,"{""Old"":108,""New"":114,""Reason"":3}"
218151732,"{""Old"":2292,""New"":2294,""Reason"":3}"
8673338,"{""Old"":12686,""New"":12688,""Reason"":3}"
8673338,"{""Old"":13292,""New"":13294,""Reason"":3}"
70971660,"{""Old"":1127,""New"":1129,""Reason"":3}"
169859,"{""Old"":8819,""New"":8829,""Reason"":3}"
169859,"{""Old"":8859,""New"":8863,""Reason"":3}"
8673338,"{""Old"":12746,""New"":12748,""Reason"":3}"
8673338,"{""Old"":13098,""New"":13100,""Reason"":3}"
8673338,"{""Old"":13158,""New"":13178,""Reason"":3}"
53645102,"{""Old"":483,""New"":485,""Reason"":3}"
23305159,"{""Old"":532,""New"":534,""Reason"":3}"
23305159,"{""Old"":704,""New"":706,""Reason"":3}"
46662749,"{""Old"":2223,""New"":2225,""Reason"":3}"
46662749,"{""Old"":2254,""New"":2264,""Reason"":3}"
211423534,"{""Old"":43436,""New"":43446,""Reason"":3}"
211423534,"{""Old"":42892,""New"":42912,""Reason"":3}"
211423534,"{""Old"":42742,""New"":42752,""Reason"":3}"
211423534,"{""Old"":43096,""New"":43116,""Reason"":3}"
211423534,"{""Old"":43054,""New"":43056,""Reason"":3}"
211423534,"{""Old"":43316,""New"":43326,""Reason"":3}"
64771681,"{""Old"":3849,""New"":3851,""Reason"":3}"
205211705,"{""Old"":3220,""New"":3222,""Reason"":3}"
13083476,"{""Old"":486,""New"":496,""Reason"":3}"
13083476,"{""Old"":567,""New"":569,""Reason"":3}"
13083476,"{""Old"":786,""New"":788,""Reason"":3}"
13083476,"{""Old"":563,""New"":565,""Reason"":3}"
9442327,"{""Old"":483,""New"":485,""Reason"":3}"
62448257,"{""Old"":2262,""New"":2272,""Reason"":3}"
36422175,"{""Old"":655,""New"":657,""Reason"":3}"
71227328,"{""Old"":376,""New"":378,""Reason"":3}"
84490801,"{""Old"":84456,""New"":84458,""Reason"":3}"
6084170,"{""Old"":8609,""New"":8611,""Reason"":3}"
202176747,"{""Old"":115047,""New"":115057,""Reason"":3}"
205211705,"{""Old"":3199,""New"":3201,""Reason"":3}"
10241303,"{""Old"":674,""New"":676,""Reason"":3}"
50681822,"{""Old"":251,""New"":253,""Reason"":3}"
50681822,"{""Old"":367,""New"":369,""Reason"":3}"
85219672,"{""Old"":12923,""New"":12925,""Reason"":3}"
85219672,"{""Old"":14859,""New"":14879,""Reason"":3}"
85219672,"{""Old"":13140,""New"":13142,""Reason"":3}"
85219672,"{""Old"":14334,""New"":14336,""Reason"":3}"
35875544,"{""Old"":18466,""New"":18468,""Reason"":3}"
64771681,"{""Old"":3839,""New"":3849,""Reason"":3}"
9442327,"{""Old"":510,""New"":512,""Reason"":3}"
35875544,"{""Old"":23015,""New"":23017,""Reason"":3}"
42367164,"{""Old"":1226,""New"":1228,""Reason"":3}"
42367164,"{""Old"":1324,""New"":1328,""Reason"":3}"
42367164,"{""Old"":1789,""New"":1791,""Reason"":3}"
42367164,"{""Old"":2001,""New"":2003,""Reason"":3}"
35875544,"{""Old"":20221,""New"":20231,""Reason"":3}"
35875544,"{""Old"":20426,""New"":20436,""Reason"":3}"
79815782,"{""Old"":525,""New"":527,""Reason"":3}"
38749156,"{""Old"":947,""New"":951,""Reason"":3}"
38749156,"{""Old"":953,""New"":955,""Reason"":3}"
38749156,"{""Old"":4639,""New"":4659,""Reason"":3}"
218733227,"{""Old"":1080,""New"":1082,""Reason"":3}"
35216582,"{""Old"":28475,""New"":28485,""Reason"":3}"
44481882,"{""Old"":492,""New"":494,""Reason"":3}"
44481882,"{""Old"":538,""New"":540,""Reason"":3}"
40247006,"{""Old"":1401,""New"":1403,""Reason"":3}"
40247006,"{""Old"":1387,""New"":1389,""Reason"":3}"
40247006,"{""Old"":1307,""New"":1309,""Reason"":3}"
44481882,"{""Old"":494,""New"":496,""Reason"":3}"
44481882,"{""Old"":563,""New"":565,""Reason"":3}"
24608076,"{""Old"":3041,""New"":3043,""Reason"":3}"
24608076,"{""Old"":3967,""New"":3977,""Reason"":3}"
24608076,"{""Old"":4223,""New"":4233,""Reason"":3}"
16836715,"{""Old"":124,""New"":126,""Reason"":3}"
208990330,"{""Old"":210,""New"":212,""Reason"":3}"
208990330,"{""Old"":206,""New"":208,""Reason"":3}"
208990330,"{""Old"":216,""New"":218,""Reason"":3}"
4239086,"{""Old"":3800,""New"":3804,""Reason"":3}"
38095618,"{""Old"":79943,""New"":79945,""Reason"":3}"
5058136,"{""Old"":4583,""New"":4585,""Reason"":3}"
38319980,"{""Old"":82521,""New"":82523,""Reason"":3}"
39750047,"{""Old"":284,""New"":286,""Reason"":3}"
38095618,"{""Old"":79211,""New"":79221,""Reason"":3}"
5058136,"{""Old"":4563,""New"":4573,""Reason"":3}"
38095618,"{""Old"":78764,""New"":78766,""Reason"":3}"
64771681,"{""Old"":3630,""New"":3632,""Reason"":3}"
13083476,"{""Old"":813,""New"":823,""Reason"":3}"
35875544,"{""Old"":19765,""New"":19769,""Reason"":3}"
35875544,"{""Old"":20094,""New"":20096,""Reason"":3}"
26453322,"{""Old"":32608,""New"":32638,""Reason"":3}"
23353445,"{""Old"":540,""New"":542,""Reason"":3}"
38319980,"{""Old"":83947,""New"":83957,""Reason"":3}"
38319980,"{""Old"":82471,""New"":82481,""Reason"":3}"
38319980,"{""Old"":82748,""New"":82758,""Reason"":3}"
38319980,"{""Old"":84329,""New"":84339,""Reason"":3}"
38319980,"{""Old"":83500,""New"":83502,""Reason"":3}"
38095618,"{""Old"":78583,""New"":78585,""Reason"":3}"
38095618,"{""Old"":78888,""New"":78890,""Reason"":3}"
38095618,"{""Old"":79191,""New"":79201,""Reason"":3}"
38095618,"{""Old"":79879,""New"":79881,""Reason"":3}"
38095618,"{""Old"":79933,""New"":79943,""Reason"":3}"
71532491,"{""Old"":2497,""New"":2499,""Reason"":3}"
4980186,"{""Old"":3260,""New"":3270,""Reason"":3}"
9442327,"{""Old"":294,""New"":296,""Reason"":3}"
9442327,"{""Old"":342,""New"":344,""Reason"":3}"
56262169,"{""Old"":342,""New"":344,""Reason"":3}"
9442327,"{""Old"":245,""New"":247,""Reason"":3}"
36562476,"{""Old"":328,""New"":330,""Reason"":3}"
39687811,"{""Old"":259,""New"":261,""Reason"":3}"
39687811,"{""Old"":340,""New"":342,""Reason"":3}"
39687811,"{""Old"":349,""New"":351,""Reason"":3}"
8257034,"{""Old"":3274,""New"":3276,""Reason"":3}"
64771681,"{""Old"":3164,""New"":3174,""Reason"":3}"
38749156,"{""Old"":4582,""New"":4592,""Reason"":3}"
38749156,"{""Old"":5305,""New"":5307,""Reason"":3}"
38749156,"{""Old"":5092,""New"":5102,""Reason"":3}"
38749156,"{""Old"":5827,""New"":5837,""Reason"":3}"
35875544,"{""Old"":20580,""New"":20582,""Reason"":3}"
35875544,"{""Old"":20972,""New"":20982,""Reason"":3}"
49831730,"{""Old"":406,""New"":408,""Reason"":3}"
49831730,"{""Old"":531,""New"":533,""Reason"":3}"
38749156,"{""Old"":2928,""New"":2938,""Reason"":3}"
32116408,"{""Old"":1479,""New"":1481,""Reason"":3}"
64771681,"{""Old"":2937,""New"":2947,""Reason"":3}"
49831730,"{""Old"":453,""New"":455,""Reason"":3}"
49831730,"{""Old"":479,""New"":481,""Reason"":3}"
49831730,"{""Old"":519,""New"":521,""Reason"":3}"
49831730,"{""Old"":694,""New"":696,""Reason"":3}"
202176747,"{""Old"":114789,""New"":114817,""Reason"":3}"
53698855,"{""Old"":2133,""New"":2135,""Reason"":3}"
38319980,"{""Old"":84009,""New"":84019,""Reason"":3}"
38319980,"{""Old"":84159,""New"":84169,""Reason"":3}"
38319980,"{""Old"":83662,""New"":83672,""Reason"":3}"
38319980,"{""Old"":82645,""New"":82655,""Reason"":3}"
38319980,"{""Old"":83400,""New"":83430,""Reason"":3}"
38319980,"{""Old"":83917,""New"":83927,""Reason"":3}"
38319980,"{""Old"":84059,""New"":84069,""Reason"":3}"
64771681,"{""Old"":3344,""New"":3354,""Reason"":3}"
64771681,"{""Old"":1375,""New"":1377,""Reason"":3}"
64771681,"{""Old"":2100,""New"":2110,""Reason"":3}"
42367164,"{""Old"":943,""New"":945,""Reason"":3}"
42367164,"{""Old"":1586,""New"":1590,""Reason"":3}"
42367164,"{""Old"":1949,""New"":1953,""Reason"":3}"
42367164,"{""Old"":2069,""New"":2071,""Reason"":3}"
38749156,"{""Old"":174,""New"":176,""Reason"":3}"
38749156,"{""Old"":412,""New"":414,""Reason"":3}"
8257034,"{""Old"":3368,""New"":3370,""Reason"":3}"
42367164,"{""Old"":881,""New"":883,""Reason"":3}"
42367164,"{""Old"":1234,""New"":1236,""Reason"":3}"
42367164,"{""Old"":1644,""New"":1646,""Reason"":3}"
42367164,"{""Old"":1787,""New"":1789,""Reason"":3}"
39687811,"{""Old"":224,""New"":226,""Reason"":3}"
64771681,"{""Old"":1066,""New"":1068,""Reason"":3}"
64771681,"{""Old"":2254,""New"":2264,""Reason"":3}"
38319980,"{""Old"":83602,""New"":83612,""Reason"":3}"
38319980,"{""Old"":84279,""New"":84289,""Reason"":3}"
38319980,"{""Old"":82717,""New"":82727,""Reason"":3}"
38319980,"{""Old"":83622,""New"":83632,""Reason"":3}"
38319980,"{""Old"":84149,""New"":84159,""Reason"":3}"
38319980,"{""Old"":84259,""New"":84269,""Reason"":3}"
38319980,"{""Old"":82087,""New"":82089,""Reason"":3}"
38319980,"{""Old"":84451,""New"":84461,""Reason"":3}"
38319980,"{""Old"":84109,""New"":84119,""Reason"":3}"
38319980,"{""Old"":83572,""New"":83582,""Reason"":3}"
38319980,"{""Old"":84229,""New"":84239,""Reason"":3}"
56224846,"{""Old"":156,""New"":158,""Reason"":3}"
11129004,"{""Old"":2008,""New"":2010,""Reason"":3}"
44782814,"{""Old"":1103,""New"":1105,""Reason"":3}"
62923015,"{""Old"":707,""New"":709,""Reason"":3}"
62923015,"{""Old"":687,""New"":689,""Reason"":3}"
24797713,"{""Old"":15,""New"":17,""Reason"":3}"
11129004,"{""Old"":2238,""New"":2248,""Reason"":3}"
11129004,"{""Old"":2085,""New"":2095,""Reason"":3}"
71233387,"{""Old"":48,""New"":50,""Reason"":3}"
35216582,"{""Old"":28605,""New"":28615,""Reason"":3}"
35216582,"{""Old"":28655,""New"":28665,""Reason"":3}"
35216582,"{""Old"":28779,""New"":28789,""Reason"":3}"
69442044,"{""Old"":320,""New"":322,""Reason"":3}"
35216582,"{""Old"":28707,""New"":28717,""Reason"":3}"
35216582,"{""Old"":29939,""New"":29949,""Reason"":3}"
35216582,"{""Old"":29957,""New"":29967,""Reason"":3}"
35216582,"{""Old"":30203,""New"":30207,""Reason"":3}"
35216582,"{""Old"":30249,""New"":30259,""Reason"":3}"
35216582,"{""Old"":31110,""New"":31120,""Reason"":3}"
46662749,"{""Old"":218,""New"":228,""Reason"":3}"
38319980,"{""Old"":83652,""New"":83662,""Reason"":3}"
7034318,"{""Old"":193,""New"":195,""Reason"":3}"
210993055,"{""Old"":56602,""New"":56612,""Reason"":3}"
210993055,"{""Old"":56687,""New"":56697,""Reason"":3}"
85219672,"{""Old"":13064,""New"":13066,""Reason"":3}"
85219672,"{""Old"":13089,""New"":13091,""Reason"":3}"
38319980,"{""Old"":83260,""New"":83280,""Reason"":3}"
38319980,"{""Old"":84359,""New"":84361,""Reason"":3}"
38319980,"{""Old"":84471,""New"":84481,""Reason"":3}"
71532491,"{""Old"":2511,""New"":2513,""Reason"":3}"
38319980,"{""Old"":83070,""New"":83090,""Reason"":3}"
38319980,"{""Old"":83582,""New"":83592,""Reason"":3}"
38319980,"{""Old"":83989,""New"":83999,""Reason"":3}"
38319980,"{""Old"":82367,""New"":82377,""Reason"":3}"
38319980,"{""Old"":83512,""New"":83522,""Reason"":3}"
38319980,"{""Old"":83979,""New"":83989,""Reason"":3}"
210993055,"{""Old"":56415,""New"":56425,""Reason"":3}"
210993055,"{""Old"":56502,""New"":56512,""Reason"":3}"
62923015,"{""Old"":722,""New"":732,""Reason"":3}"
56224846,"{""Old"":53,""New"":55,""Reason"":3}"
38478123,"{""Old"":176,""New"":178,""Reason"":3}"
85219672,"{""Old"":13093,""New"":13095,""Reason"":3}"
85219672,"{""Old"":13828,""New"":13838,""Reason"":3}"
85219672,"{""Old"":14211,""New"":14221,""Reason"":3}"
85219672,"{""Old"":14489,""New"":14491,""Reason"":3}"
85219672,"{""Old"":14745,""New"":14755,""Reason"":3}"
85219672,"{""Old"":15210,""New"":15212,""Reason"":3}"
85219672,"{""Old"":15257,""New"":15267,""Reason"":3}"
85219672,"{""Old"":16179,""New"":16189,""Reason"":3}"
85219672,"{""Old"":17553,""New"":17563,""Reason"":3}"
85219672,"{""Old"":17662,""New"":17664,""Reason"":3}"
85219672,"{""Old"":18037,""New"":18047,""Reason"":3}"
44481882,"{""Old"":727,""New"":729,""Reason"":3}"
44481882,"{""Old"":565,""New"":567,""Reason"":3}"
53645102,"{""Old"":90,""New"":92,""Reason"":3}"
42218918,"{""Old"":540,""New"":542,""Reason"":3}"
218733227,"{""Old"":985,""New"":987,""Reason"":3}"
71233387,"{""Old"":84,""New"":86,""Reason"":3}"
10339843,"{""Old"":118,""New"":120,""Reason"":3}"
13173590,"{""Old"":60424,""New"":60428,""Reason"":3}"
13173590,"{""Old"":60599,""New"":60601,""Reason"":3}"
23033741,"{""Old"":150,""New"":152,""Reason"":3}"
85219672,"{""Old"":17776,""New"":17786,""Reason"":3}"
85219672,"{""Old"":17861,""New"":17871,""Reason"":3}"
50681822,"{""Old"":644,""New"":646,""Reason"":3}"
50681822,"{""Old"":656,""New"":658,""Reason"":3}"
50681822,"{""Old"":664,""New"":666,""Reason"":3}"
23033741,"{""Old"":343,""New"":345,""Reason"":3}"
24608076,"{""Old"":2959,""New"":2961,""Reason"":3}"
24608076,"{""Old"":3165,""New"":3169,""Reason"":3}"
24608076,"{""Old"":4527,""New"":4537,""Reason"":3}"
10339843,"{""Old"":219,""New"":221,""Reason"":3}"
10241303,"{""Old"":686,""New"":688,""Reason"":3}"
13173590,"{""Old"":60597,""New"":60599,""Reason"":3}"
10339843,"{""Old"":157,""New"":159,""Reason"":3}"
24608076,"{""Old"":4283,""New"":4293,""Reason"":3}"
11129004,"{""Old"":2200,""New"":2202,""Reason"":3}"
208990330,"{""Old"":272,""New"":274,""Reason"":3}"
218733227,"{""Old"":991,""New"":1001,""Reason"":3}"
11129004,"{""Old"":2265,""New"":2267,""Reason"":3}"
11129004,"{""Old"":2448,""New"":2458,""Reason"":3}"
43218430,"{""Old"":1728,""New"":1730,""Reason"":3}"
80758401,"{""Old"":6475,""New"":6485,""Reason"":3}"
32027539,"{""Old"":974,""New"":976,""Reason"":3}"
35216582,"{""Old"":28537,""New"":28547,""Reason"":3}"
35216582,"{""Old"":30125,""New"":30127,""Reason"":3}"
39038951,"{""Old"":1236,""New"":1238,""Reason"":3}"
46662749,"{""Old"":61,""New"":63,""Reason"":3}"
36439403,"{""Old"":1531,""New"":1533,""Reason"":3}"
62923015,"{""Old"":682,""New"":684,""Reason"":3}"
6881205,"{""Old"":1333,""New"":1335,""Reason"":3}"
85219672,"{""Old"":13271,""New"":13273,""Reason"":3}"
85219672,"{""Old"":14795,""New"":14805,""Reason"":3}"
85219672,"{""Old"":14957,""New"":14959,""Reason"":3}"
210993055,"{""Old"":57131,""New"":57141,""Reason"":3}"
23563391,"{""Old"":934,""New"":936,""Reason"":3}"
35216582,"{""Old"":28086,""New"":28096,""Reason"":3}"
35216582,"{""Old"":28717,""New"":28727,""Reason"":3}"
74572602,"{""Old"":3435,""New"":3463,""Reason"":3}"
31553938,"{""Old"":157,""New"":161,""Reason"":3}"
31553938,"{""Old"":176,""New"":178,""Reason"":3}"
31553938,"{""Old"":190,""New"":192,""Reason"":3}"
206123773,"{""Old"":1836,""New"":1838,""Reason"":3}"
67260187,"{""Old"":363,""New"":365,""Reason"":3}"
67260187,"{""Old"":375,""New"":377,""Reason"":3}"
67260187,"{""Old"":290,""New"":292,""Reason"":3}"
212325782,"{""Old"":6021,""New"":6031,""Reason"":3}"
62439790,"{""Old"":1396,""New"":1398,""Reason"":3}"
79702191,"{""Old"":487,""New"":497,""Reason"":3}"
67260187,"{""Old"":305,""New"":307,""Reason"":3}"
67260187,"{""Old"":342,""New"":344,""Reason"":3}"
31776438,"{""Old"":463,""New"":465,""Reason"":3}"
31776438,"{""Old"":479,""New"":481,""Reason"":3}"
4405710,"{""Old"":695,""New"":697,""Reason"":3}"
83880780,"{""Old"":261,""New"":263,""Reason"":3}"
83880780,"{""Old"":310,""New"":312,""Reason"":3}"
64516532,"{""Old"":19,""New"":21,""Reason"":3}"
18220669,"{""Old"":1888,""New"":1890,""Reason"":3}"
37399438,"{""Old"":896,""New"":898,""Reason"":3}"
37399438,"{""Old"":742,""New"":744,""Reason"":3}"
37399438,"{""Old"":799,""New"":803,""Reason"":3}"
67260187,"{""Old"":336,""New"":338,""Reason"":3}"
83880780,"{""Old"":392,""New"":394,""Reason"":3}"
37279442,"{""Old"":10325,""New"":10327,""Reason"":3}"
55531402,"{""Old"":804230,""New"":804250,""Reason"":3}"
55531402,"{""Old"":805155,""New"":805185,""Reason"":3}"
55531402,"{""Old"":805240,""New"":805250,""Reason"":3}"
40671256,"{""Old"":1700,""New"":1702,""Reason"":3}"
40671256,"{""Old"":1372,""New"":1374,""Reason"":3}"
19535546,"{""Old"":1494,""New"":1496,""Reason"":3}"
59231397,"{""Old"":3802,""New"":3812,""Reason"":3}"
59231397,"{""Old"":4270,""New"":4280,""Reason"":3}"
8302676,"{""Old"":2667,""New"":2669,""Reason"":3}"
45469827,"{""Old"":972,""New"":974,""Reason"":3}"
46419793,"{""Old"":303,""New"":305,""Reason"":3}"
46419793,"{""Old"":370,""New"":372,""Reason"":3}"
46419793,"{""Old"":342,""New"":344,""Reason"":3}"
46419793,"{""Old"":445,""New"":447,""Reason"":3}"
81192725,"{""Old"":217,""New"":221,""Reason"":3}"
46419793,"{""Old"":378,""New"":388,""Reason"":3}"
81192725,"{""Old"":164,""New"":166,""Reason"":3}"
46419793,"{""Old"":264,""New"":266,""Reason"":3}"
81192725,"{""Old"":291,""New"":293,""Reason"":3}"
51765158,"{""Old"":1132,""New"":1134,""Reason"":3}"
37279442,"{""Old"":10381,""New"":10383,""Reason"":3}"
55531402,"{""Old"":802508,""New"":802518,""Reason"":3}"
55531402,"{""Old"":805557,""New"":805577,""Reason"":3}"
55531402,"{""Old"":806122,""New"":806142,""Reason"":3}"
55531402,"{""Old"":803033,""New"":803063,""Reason"":3}"
55531402,"{""Old"":803835,""New"":803855,""Reason"":3}"
55921654,"{""Old"":1595,""New"":1597,""Reason"":3}"
55921654,"{""Old"":1362,""New"":1364,""Reason"":3}"
55921654,"{""Old"":1368,""New"":1370,""Reason"":3}"
59231397,"{""Old"":1330,""New"":1332,""Reason"":3}"
123245731,"{""Old"":9794,""New"":9804,""Reason"":3}"
55531402,"{""Old"":171754,""New"":171756,""Reason"":3}"
55531402,"{""Old"":173107,""New"":173117,""Reason"":3}"
55531402,"{""Old"":173326,""New"":173346,""Reason"":3}"
55531402,"{""Old"":175295,""New"":175305,""Reason"":3}"
55531402,"{""Old"":175165,""New"":175175,""Reason"":3}"
55531402,"{""Old"":176481,""New"":176483,""Reason"":3}"
55531402,"{""Old"":176406,""New"":176446,""Reason"":3}"
55531402,"{""Old"":177660,""New"":177670,""Reason"":3}"
55531402,"{""Old"":182223,""New"":182233,""Reason"":3}"
55921654,"{""Old"":983,""New"":985,""Reason"":3}"
55921654,"{""Old"":860,""New"":862,""Reason"":3}"
12346315,"{""Old"":4219,""New"":4221,""Reason"":3}"
82785902,"{""Old"":46070,""New"":46080,""Reason"":3}"
82785902,"{""Old"":47514,""New"":47516,""Reason"":3}"
67260187,"{""Old"":176,""New"":178,""Reason"":3}"
67260187,"{""Old"":174,""New"":176,""Reason"":3}"
67260187,"{""Old"":170,""New"":172,""Reason"":3}"
2982116,"{""Old"":86,""New"":88,""Reason"":3}"
49825474,"{""Old"":2091,""New"":2093,""Reason"":3}"
2982116,"{""Old"":58,""New"":60,""Reason"":3}"
203820093,"{""Old"":7657,""New"":7659,""Reason"":3}"
78174244,"{""Old"":1178,""New"":1180,""Reason"":3}"
78174244,"{""Old"":1032,""New"":1034,""Reason"":3}"
78174244,"{""Old"":1211,""New"":1213,""Reason"":3}"
62439790,"{""Old"":1497,""New"":1499,""Reason"":3}"
62439790,"{""Old"":1420,""New"":1422,""Reason"":3}"
62439790,"{""Old"":1334,""New"":1336,""Reason"":3}"
62439790,"{""Old"":1392,""New"":1394,""Reason"":3}"
55921654,"{""Old"":279,""New"":281,""Reason"":3}"
53318306,"{""Old"":150,""New"":152,""Reason"":3}"
53727285,"{""Old"":453,""New"":463,""Reason"":3}"
18436020,"{""Old"":230,""New"":232,""Reason"":3}"
120308116,"{""Old"":442,""New"":444,""Reason"":3}"
59231397,"{""Old"":1346,""New"":1348,""Reason"":3}"
12301610,"{""Old"":934,""New"":936,""Reason"":3}"
12301610,"{""Old"":966,""New"":968,""Reason"":3}"
17205050,"{""Old"":672,""New"":674,""Reason"":3}"
59231397,"{""Old"":1141,""New"":1143,""Reason"":3}"
299630,"{""Old"":1845,""New"":1855,""Reason"":3}"
299630,"{""Old"":2147,""New"":2149,""Reason"":3}"
12346315,"{""Old"":4370,""New"":4372,""Reason"":3}"
299630,"{""Old"":3008,""New"":3010,""Reason"":3}"
299630,"{""Old"":4333,""New"":4343,""Reason"":3}"
59231397,"{""Old"":1612,""New"":1614,""Reason"":3}"
59231397,"{""Old"":1314,""New"":1316,""Reason"":3}"
74572602,"{""Old"":3131,""New"":3133,""Reason"":3}"
43365752,"{""Old"":838,""New"":840,""Reason"":3}"
59231397,"{""Old"":3199,""New"":3209,""Reason"":3}"
59231397,"{""Old"":3479,""New"":3483,""Reason"":3}"
59231397,"{""Old"":3790,""New"":3792,""Reason"":3}"
59231397,"{""Old"":4190,""New"":4200,""Reason"":3}"
59231397,"{""Old"":4160,""New"":4170,""Reason"":3}"
59231397,"{""Old"":1248,""New"":1250,""Reason"":3}"
8654000,"{""Old"":5671,""New"":5681,""Reason"":3}"
8654000,"{""Old"":4128,""New"":4130,""Reason"":3}"
42723630,"{""Old"":46242,""New"":46244,""Reason"":3}"
8654000,"{""Old"":4882,""New"":4884,""Reason"":3}"
8654000,"{""Old"":5162,""New"":5172,""Reason"":3}"
8654000,"{""Old"":5826,""New"":5828,""Reason"":3}"
8654000,"{""Old"":5573,""New"":5583,""Reason"":3}"
8654000,"{""Old"":5828,""New"":5830,""Reason"":3}"
8654000,"{""Old"":5924,""New"":5934,""Reason"":3}"
8654000,"{""Old"":4606,""New"":4616,""Reason"":3}"
8654000,"{""Old"":5202,""New"":5212,""Reason"":3}"
8654000,"{""Old"":5551,""New"":5553,""Reason"":3}"
8654000,"{""Old"":4136,""New"":4138,""Reason"":3}"
8654000,"{""Old"":5090,""New"":5100,""Reason"":3}"
8654000,"{""Old"":5501,""New"":5511,""Reason"":3}"
8654000,"{""Old"":5720,""New"":5730,""Reason"":3}"
8159597,"{""Old"":154,""New"":156,""Reason"":3}"
55921654,"{""Old"":265,""New"":267,""Reason"":3}"
55921654,"{""Old"":1457,""New"":1459,""Reason"":3}"
74572602,"{""Old"":3133,""New"":3135,""Reason"":3}"
59231397,"{""Old"":2362,""New"":2372,""Reason"":3}"
13186631,"{""Old"":1593,""New"":1603,""Reason"":3}"
55531402,"{""Old"":804390,""New"":804420,""Reason"":3}"
55531402,"{""Old"":804605,""New"":804615,""Reason"":3}"
55531402,"{""Old"":804980,""New"":805010,""Reason"":3}"
55531402,"{""Old"":805305,""New"":805315,""Reason"":3}"
19535546,"{""Old"":1647,""New"":1649,""Reason"":3}"
19535546,"{""Old"":1134,""New"":1136,""Reason"":3}"
19535546,"{""Old"":1173,""New"":1175,""Reason"":3}"
24208183,"{""Old"":142,""New"":146,""Reason"":3}"
51765158,"{""Old"":1240,""New"":1242,""Reason"":3}"
13245861,"{""Old"":455,""New"":457,""Reason"":3}"
46419793,"{""Old"":359,""New"":361,""Reason"":3}"
56305413,"{""Old"":3178,""New"":3180,""Reason"":3}"
40671256,"{""Old"":1326,""New"":1328,""Reason"":3}"
40671256,"{""Old"":1347,""New"":1349,""Reason"":3}"
55531402,"{""Old"":802296,""New"":802316,""Reason"":3}"
75730356,"{""Old"":557,""New"":559,""Reason"":3}"
40671256,"{""Old"":1622,""New"":1624,""Reason"":3}"
55531402,"{""Old"":802948,""New"":802958,""Reason"":3}"
55531402,"{""Old"":805260,""New"":805280,""Reason"":3}"
55531402,"{""Old"":806462,""New"":806472,""Reason"":3}"
55531402,"{""Old"":806687,""New"":806697,""Reason"":3}"
55531402,"{""Old"":806507,""New"":806517,""Reason"":3}"
55531402,"{""Old"":801901,""New"":801921,""Reason"":3}"
55531402,"{""Old"":803143,""New"":803163,""Reason"":3}"
55531402,"{""Old"":804055,""New"":804075,""Reason"":3}"
55531402,"{""Old"":805597,""New"":805607,""Reason"":3}"
55531402,"{""Old"":805882,""New"":805892,""Reason"":3}"
45939459,"{""Old"":130,""New"":132,""Reason"":3}"
37784995,"{""Old"":856,""New"":858,""Reason"":3}"
81192725,"{""Old"":212,""New"":216,""Reason"":3}"
81192725,"{""Old"":236,""New"":238,""Reason"":3}"
81192725,"{""Old"":309,""New"":311,""Reason"":3}"
81192725,"{""Old"":49,""New"":51,""Reason"":3}"
56866711,"{""Old"":2369,""New"":2379,""Reason"":3}"
56305413,"{""Old"":2818,""New"":2828,""Reason"":3}"
55921654,"{""Old"":1097,""New"":1099,""Reason"":3}"
59231397,"{""Old"":1526,""New"":1536,""Reason"":3}"
59231397,"{""Old"":1608,""New"":1610,""Reason"":3}"
59231397,"{""Old"":2504,""New"":2514,""Reason"":3}"
59231397,"{""Old"":3449,""New"":3459,""Reason"":3}"
59231397,"{""Old"":3580,""New"":3590,""Reason"":3}"
59231397,"{""Old"":1881,""New"":1883,""Reason"":3}"
59231397,"{""Old"":4070,""New"":4080,""Reason"":3}"
59231397,"{""Old"":2464,""New"":2474,""Reason"":3}"
59231397,"{""Old"":4000,""New"":4010,""Reason"":3}"
59231397,"{""Old"":896,""New"":898,""Reason"":3}"
59231397,"{""Old"":1193,""New"":1195,""Reason"":3}"
12301610,"{""Old"":974,""New"":976,""Reason"":3}"
12301610,"{""Old"":958,""New"":960,""Reason"":3}"
59231397,"{""Old"":1252,""New"":1254,""Reason"":3}"
55921654,"{""Old"":1464,""New"":1466,""Reason"":3}"
55921654,"{""Old"":1442,""New"":1444,""Reason"":3}"
55921654,"{""Old"":950,""New"":952,""Reason"":3}"
55921654,"{""Old"":1373,""New"":1377,""Reason"":3}"
55921654,"{""Old"":1592,""New"":1594,""Reason"":3}"
55843654,"{""Old"":4160,""New"":4170,""Reason"":3}"
59231397,"{""Old"":684,""New"":686,""Reason"":3}"
50416621,"{""Old"":190,""New"":192,""Reason"":3}"
50416621,"{""Old"":199,""New"":203,""Reason"":3}"
83676575,"{""Old"":2768,""New"":2778,""Reason"":3}"
52990199,"{""Old"":856,""New"":858,""Reason"":3}"
55921654,"{""Old"":1301,""New"":1303,""Reason"":3}"
55921654,"{""Old"":930,""New"":934,""Reason"":3}"
84278309,"{""Old"":36,""New"":38,""Reason"":3}"
17205050,"{""Old"":656,""New"":658,""Reason"":3}"
30429272,"{""Old"":3115,""New"":3117,""Reason"":3}"
59231397,"{""Old"":894,""New"":896,""Reason"":3}"
59231397,"{""Old"":2474,""New"":2494,""Reason"":3}"
59231397,"{""Old"":2661,""New"":2671,""Reason"":3}"
59231397,"{""Old"":3469,""New"":3479,""Reason"":3}"
59231397,"{""Old"":4040,""New"":4050,""Reason"":3}"
9877941,"{""Old"":134,""New"":136,""Reason"":3}"
59231397,"{""Old"":1090,""New"":1092,""Reason"":3}"
59231397,"{""Old"":1362,""New"":1372,""Reason"":3}"
59231397,"{""Old"":1438,""New"":1440,""Reason"":3}"
12301610,"{""Old"":830,""New"":832,""Reason"":3}"
12301610,"{""Old"":938,""New"":940,""Reason"":3}"
53293406,"{""Old"":21,""New"":23,""Reason"":3}"
12301610,"{""Old"":900,""New"":902,""Reason"":3}"
12301610,"{""Old"":962,""New"":964,""Reason"":3}"
59231397,"{""Old"":1009,""New"":1011,""Reason"":3}"
59231397,"{""Old"":1005,""New"":1007,""Reason"":3}"
59231397,"{""Old"":1003,""New"":1005,""Reason"":3}"
59231397,"{""Old"":1476,""New"":1486,""Reason"":3}"
59231397,"{""Old"":1869,""New"":1879,""Reason"":3}"
59231397,"{""Old"":1761,""New"":1771,""Reason"":3}"
59231397,"{""Old"":2543,""New"":2553,""Reason"":3}"
59231397,"{""Old"":3329,""New"":3339,""Reason"":3}"
59231397,"{""Old"":3956,""New"":3966,""Reason"":3}"
59231397,"{""Old"":1568,""New"":1578,""Reason"":3}"
59231397,"{""Old"":2013,""New"":2015,""Reason"":3}"
59231397,"{""Old"":2706,""New"":2716,""Reason"":3}"
59231397,"{""Old"":3429,""New"":3439,""Reason"":3}"
59231397,"{""Old"":3980,""New"":3990,""Reason"":3}"
59231397,"{""Old"":4180,""New"":4190,""Reason"":3}"
59231397,"{""Old"":2454,""New"":2464,""Reason"":3}"
59231397,"{""Old"":2553,""New"":2563,""Reason"":3}"
59231397,"{""Old"":991,""New"":993,""Reason"":3}"
59231397,"{""Old"":1428,""New"":1438,""Reason"":3}"
54055764,"{""Old"":3636,""New"":3648,""Reason"":3}"
8654000,"{""Old"":4526,""New"":4528,""Reason"":3}"
8654000,"{""Old"":4912,""New"":4922,""Reason"":3}"
8654000,"{""Old"":5317,""New"":5327,""Reason"":3}"
80742310,"{""Old"":130,""New"":132,""Reason"":3}"
8654000,"{""Old"":5371,""New"":5391,""Reason"":3}"
8654000,"{""Old"":5730,""New"":5740,""Reason"":3}"
8654000,"{""Old"":5883,""New"":5893,""Reason"":3}"
8654000,"{""Old"":5984,""New"":5994,""Reason"":3}"
20302898,"{""Old"":1756,""New"":1758,""Reason"":3}"
80742310,"{""Old"":168,""New"":170,""Reason"":3}"
80141190,"{""Old"":306,""New"":308,""Reason"":3}"
52990199,"{""Old"":925,""New"":927,""Reason"":3}"
80141190,"{""Old"":338,""New"":340,""Reason"":3}"
37399438,"{""Old"":774,""New"":776,""Reason"":3}"
80141190,"{""Old"":393,""New"":395,""Reason"":3}"
81192725,"{""Old"":51,""New"":53,""Reason"":3}"
37784995,"{""Old"":874,""New"":876,""Reason"":3}"
19535546,"{""Old"":1554,""New"":1556,""Reason"":3}"
19535546,"{""Old"":2913,""New"":2915,""Reason"":3}"
19535546,"{""Old"":3251,""New"":3253,""Reason"":3}"
19535546,"{""Old"":3315,""New"":3317,""Reason"":3}"
19535546,"{""Old"":3477,""New"":3479,""Reason"":3}"
19535546,"{""Old"":3495,""New"":3505,""Reason"":3}"
19535546,"{""Old"":3722,""New"":3724,""Reason"":3}"
6084170,"{""Old"":559,""New"":561,""Reason"":3}"
6084170,"{""Old"":551,""New"":555,""Reason"":3}"
63799212,"{""Old"":5756,""New"":5766,""Reason"":3}"
52385318,"{""Old"":690,""New"":692,""Reason"":3}"
63799212,"{""Old"":5688,""New"":5698,""Reason"":3}"
63799212,"{""Old"":6038,""New"":6048,""Reason"":3}"
52385318,"{""Old"":550,""New"":552,""Reason"":3}"
52385318,"{""Old"":698,""New"":700,""Reason"":3}"
40671256,"{""Old"":1332,""New"":1336,""Reason"":3}"
40671256,"{""Old"":1430,""New"":1432,""Reason"":3}"
40671256,"{""Old"":1532,""New"":1534,""Reason"":3}"
40671256,"{""Old"":1564,""New"":1566,""Reason"":3}"
66718790,"{""Old"":2950,""New"":2952,""Reason"":3}"
55531402,"{""Old"":794468,""New"":794488,""Reason"":3}"
4915991,"{""Old"":14635,""New"":14637,""Reason"":3}"
80141190,"{""Old"":432,""New"":434,""Reason"":3}"
80141190,"{""Old"":430,""New"":432,""Reason"":3}"
80141190,"{""Old"":559,""New"":561,""Reason"":3}"
52990199,"{""Old"":1107,""New"":1109,""Reason"":3}"
44361334,"{""Old"":137,""New"":139,""Reason"":3}"
44361334,"{""Old"":149,""New"":151,""Reason"":3}"
80141190,"{""Old"":448,""New"":450,""Reason"":3}"
52990199,"{""Old"":919,""New"":921,""Reason"":3}"
52990199,"{""Old"":858,""New"":860,""Reason"":3}"
80141190,"{""Old"":302,""New"":304,""Reason"":3}"
44361334,"{""Old"":154,""New"":156,""Reason"":3}"
52990199,"{""Old"":932,""New"":934,""Reason"":3}"
52990199,"{""Old"":1111,""New"":1113,""Reason"":3}"
52990199,"{""Old"":1304,""New"":1306,""Reason"":3}"
67260187,"{""Old"":320,""New"":330,""Reason"":3}"
82785902,"{""Old"":46892,""New"":46902,""Reason"":3}"
4405710,"{""Old"":693,""New"":695,""Reason"":3}"
53898758,"{""Old"":3478,""New"":3480,""Reason"":3}"
49825474,"{""Old"":2093,""New"":2095,""Reason"":3}"
49825474,"{""Old"":2082,""New"":2084,""Reason"":3}"
50416621,"{""Old"":149,""New"":151,""Reason"":3}"
49825474,"{""Old"":2353,""New"":2355,""Reason"":3}"
55531402,"{""Old"":392541,""New"":392551,""Reason"":3}"
55531402,"{""Old"":394543,""New"":394545,""Reason"":3}"
55531402,"{""Old"":394714,""New"":394716,""Reason"":3}"
55531402,"{""Old"":401807,""New"":401817,""Reason"":3}"
55531402,"{""Old"":402129,""New"":402139,""Reason"":3}"
55531402,"{""Old"":403371,""New"":403381,""Reason"":3}"
55531402,"{""Old"":404668,""New"":404698,""Reason"":3}"
55531402,"{""Old"":407218,""New"":407228,""Reason"":3}"
55531402,"{""Old"":407790,""New"":407820,""Reason"":3}"
55531402,"{""Old"":407945,""New"":407965,""Reason"":3}"
55531402,"{""Old"":387485,""New"":387515,""Reason"":3}"
55531402,"{""Old"":388749,""New"":388759,""Reason"":3}"
55531402,"{""Old"":389819,""New"":389839,""Reason"":3}"
55531402,"{""Old"":411297,""New"":411317,""Reason"":3}"
55531402,"{""Old"":395545,""New"":395555,""Reason"":3}"
55531402,"{""Old"":401292,""New"":401302,""Reason"":3}"
55531402,"{""Old"":403998,""New"":404018,""Reason"":3}"
55531402,"{""Old"":405033,""New"":405043,""Reason"":3}"
55531402,"{""Old"":386663,""New"":386673,""Reason"":3}"
55531402,"{""Old"":387882,""New"":387902,""Reason"":3}"
67260187,"{""Old"":250,""New"":252,""Reason"":3}"
55531402,"{""Old"":387435,""New"":387445,""Reason"":3}"
55531402,"{""Old"":387862,""New"":387882,""Reason"":3}"
55531402,"{""Old"":388252,""New"":388282,""Reason"":3}"
55531402,"{""Old"":388544,""New"":388554,""Reason"":3}"
55531402,"{""Old"":394028,""New"":394030,""Reason"":3}"
55531402,"{""Old"":394716,""New"":394726,""Reason"":3}"
55531402,"{""Old"":401011,""New"":401021,""Reason"":3}"
55531402,"{""Old"":402976,""New"":402986,""Reason"":3}"
55531402,"{""Old"":403196,""New"":403236,""Reason"":3}"
55531402,"{""Old"":404938,""New"":404948,""Reason"":3}"
55531402,"{""Old"":406918,""New"":406928,""Reason"":3}"
55531402,"{""Old"":408580,""New"":408590,""Reason"":3}"
82785902,"{""Old"":45719,""New"":45725,""Reason"":3}"
82785902,"{""Old"":46590,""New"":46600,""Reason"":3}"
67260187,"{""Old"":237,""New"":247,""Reason"":3}"
31776438,"{""Old"":194,""New"":198,""Reason"":3}"
31776438,"{""Old"":260,""New"":262,""Reason"":3}"
55531402,"{""Old"":391301,""New"":391311,""Reason"":3}"
55531402,"{""Old"":391546,""New"":391566,""Reason"":3}"
55531402,"{""Old"":392001,""New"":392011,""Reason"":3}"
55531402,"{""Old"":394570,""New"":394580,""Reason"":3}"
55531402,"{""Old"":395982,""New"":396002,""Reason"":3}"
55531402,"{""Old"":397389,""New"":397409,""Reason"":3}"
55531402,"{""Old"":398144,""New"":398164,""Reason"":3}"
55531402,"{""Old"":399075,""New"":399085,""Reason"":3}"
55531402,"{""Old"":399378,""New"":399398,""Reason"":3}"
55531402,"{""Old"":401048,""New"":401058,""Reason"":3}"
55531402,"{""Old"":402516,""New"":402546,""Reason"":3}"
55531402,"{""Old"":402496,""New"":402516,""Reason"":3}"
55531402,"{""Old"":405813,""New"":405833,""Reason"":3}"
55531402,"{""Old"":407635,""New"":407645,""Reason"":3}"
55531402,"{""Old"":408385,""New"":408395,""Reason"":3}"
55531402,"{""Old"":386488,""New"":386498,""Reason"":3}"
55531402,"{""Old"":389807,""New"":389809,""Reason"":3}"
55531402,"{""Old"":402179,""New"":402189,""Reason"":3}"
55531402,"{""Old"":402726,""New"":402766,""Reason"":3}"
55531402,"{""Old"":403426,""New"":403446,""Reason"":3}"
55531402,"{""Old"":407435,""New"":407455,""Reason"":3}"
55531402,"{""Old"":409792,""New"":409802,""Reason"":3}"
22023288,"{""Old"":170,""New"":172,""Reason"":3}"
22023288,"{""Old"":3413,""New"":3415,""Reason"":3}"
22023288,"{""Old"":3497,""New"":3507,""Reason"":3}"
81972838,"{""Old"":12545,""New"":12547,""Reason"":3}"
40671256,"{""Old"":2094,""New"":2104,""Reason"":3}"
55531402,"{""Old"":803208,""New"":803210,""Reason"":3}"
55531402,"{""Old"":804820,""New"":804830,""Reason"":3}"
55531402,"{""Old"":803565,""New"":803575,""Reason"":3}"
55531402,"{""Old"":803680,""New"":803690,""Reason"":3}"
55531402,"{""Old"":804165,""New"":804175,""Reason"":3}"
55531402,"{""Old"":805702,""New"":805712,""Reason"":3}"
55531402,"{""Old"":806237,""New"":806247,""Reason"":3}"
13173590,"{""Old"":44630,""New"":44632,""Reason"":3}"
55531402,"{""Old"":794855,""New"":794857,""Reason"":3}"
55531402,"{""Old"":795715,""New"":795725,""Reason"":3}"
40671256,"{""Old"":1793,""New"":1795,""Reason"":3}"
13186631,"{""Old"":1635,""New"":1645,""Reason"":3}"
55531402,"{""Old"":802401,""New"":802411,""Reason"":3}"
75730356,"{""Old"":209,""New"":211,""Reason"":3}"
13186631,"{""Old"":1395,""New"":1397,""Reason"":3}"
55531402,"{""Old"":804085,""New"":804095,""Reason"":3}"
55531402,"{""Old"":804075,""New"":804085,""Reason"":3}"
55531402,"{""Old"":805872,""New"":805882,""Reason"":3}"
55531402,"{""Old"":805842,""New"":805872,""Reason"":3}"
55531402,"{""Old"":802468,""New"":802508,""Reason"":3}"
55531402,"{""Old"":803790,""New"":803800,""Reason"":3}"
19535546,"{""Old"":1381,""New"":1383,""Reason"":3}"
19535546,"{""Old"":1680,""New"":1682,""Reason"":3}"
13186631,"{""Old"":1552,""New"":1554,""Reason"":3}"
55531402,"{""Old"":803640,""New"":803650,""Reason"":3}"
13186631,"{""Old"":1603,""New"":1613,""Reason"":3}"
55531402,"{""Old"":806332,""New"":806352,""Reason"":3}"
13186631,"{""Old"":1633,""New"":1635,""Reason"":3}"
55531402,"{""Old"":804520,""New"":804530,""Reason"":3}"
55531402,"{""Old"":805195,""New"":805215,""Reason"":3}"
55531402,"{""Old"":805967,""New"":805977,""Reason"":3}"
55531402,"{""Old"":802673,""New"":802683,""Reason"":3}"
55531402,"{""Old"":802613,""New"":802643,""Reason"":3}"
55531402,"{""Old"":806177,""New"":806187,""Reason"":3}"
13186631,"{""Old"":1645,""New"":1649,""Reason"":3}"
30429272,"{""Old"":2530,""New"":2534,""Reason"":3}"
30429272,"{""Old"":2611,""New"":2613,""Reason"":3}"
8151531,"{""Old"":10776,""New"":10778,""Reason"":3}"
55921654,"{""Old"":197,""New"":199,""Reason"":3}"
8159597,"{""Old"":4702,""New"":4722,""Reason"":3}"
8159597,"{""Old"":4854,""New"":4864,""Reason"":3}"
40824286,"{""Old"":2515,""New"":2517,""Reason"":3}"
8159597,"{""Old"":789,""New"":791,""Reason"":3}"
8159597,"{""Old"":1607,""New"":1609,""Reason"":3}"
8159597,"{""Old"":1669,""New"":1671,""Reason"":3}"
8159597,"{""Old"":2634,""New"":2636,""Reason"":3}"
8159597,"{""Old"":1635,""New"":1645,""Reason"":3}"
8159597,"{""Old"":2540,""New"":2542,""Reason"":3}"
8159597,"{""Old"":3004,""New"":3024,""Reason"":3}"
8159597,"{""Old"":3238,""New"":3248,""Reason"":3}"
8159597,"{""Old"":3911,""New"":3921,""Reason"":3}"
8159597,"{""Old"":4149,""New"":4159,""Reason"":3}"
8159597,"{""Old"":567,""New"":569,""Reason"":3}"
8159597,"{""Old"":1191,""New"":1193,""Reason"":3}"
8159597,"{""Old"":1827,""New"":1847,""Reason"":3}"
8159597,"{""Old"":2846,""New"":2856,""Reason"":3}"
8159597,"{""Old"":3891,""New"":3901,""Reason"":3}"
8159597,"{""Old"":2312,""New"":2322,""Reason"":3}"
8159597,"{""Old"":2614,""New"":2624,""Reason"":3}"
8159597,"{""Old"":601,""New"":603,""Reason"":3}"
8159597,"{""Old"":781,""New"":783,""Reason"":3}"
8159597,"{""Old"":1101,""New"":1103,""Reason"":3}"
8159597,"{""Old"":3034,""New"":3044,""Reason"":3}"
8151531,"{""Old"":10038,""New"":10040,""Reason"":3}"
8151531,"{""Old"":10306,""New"":10308,""Reason"":3}"
8151531,"{""Old"":11045,""New"":11055,""Reason"":3}"
67260187,"{""Old"":60,""New"":62,""Reason"":3}"
55531402,"{""Old"":385371,""New"":385381,""Reason"":3}"
55531402,"{""Old"":385671,""New"":385681,""Reason"":3}"
55531402,"{""Old"":387158,""New"":387178,""Reason"":3}"
55531402,"{""Old"":388704,""New"":388724,""Reason"":3}"
55531402,"{""Old"":388946,""New"":388956,""Reason"":3}"
55531402,"{""Old"":392086,""New"":392096,""Reason"":3}"
55531402,"{""Old"":399805,""New"":399815,""Reason"":3}"
55531402,"{""Old"":400256,""New"":400276,""Reason"":3}"
55531402,"{""Old"":401467,""New"":401497,""Reason"":3}"
55531402,"{""Old"":403446,""New"":403466,""Reason"":3}"
55531402,"{""Old"":405178,""New"":405188,""Reason"":3}"
55531402,"{""Old"":408075,""New"":408085,""Reason"":3}"
49825474,"{""Old"":2042,""New"":2044,""Reason"":3}"
49825474,"{""Old"":2236,""New"":2238,""Reason"":3}"
49825474,"{""Old"":2329,""New"":2331,""Reason"":3}"
49825474,"{""Old"":2656,""New"":2666,""Reason"":3}"
49825474,"{""Old"":2079,""New"":2081,""Reason"":3}"
82785902,"{""Old"":45506,""New"":45508,""Reason"":3}"
31776438,"{""Old"":108,""New"":110,""Reason"":3}"
82785902,"{""Old"":45715,""New"":45719,""Reason"":3}"
55531402,"{""Old"":390469,""New"":390479,""Reason"":3}"
55531402,"{""Old"":392626,""New"":392636,""Reason"":3}"
55531402,"{""Old"":392761,""New"":392771,""Reason"":3}"
55531402,"{""Old"":394923,""New"":394933,""Reason"":3}"
55531402,"{""Old"":396568,""New"":396570,""Reason"":3}"
55531402,"{""Old"":396570,""New"":396590,""Reason"":3}"
55531402,"{""Old"":396845,""New"":396855,""Reason"":3}"
55531402,"{""Old"":399065,""New"":399075,""Reason"":3}"
55531402,"{""Old"":400861,""New"":400871,""Reason"":3}"
55531402,"{""Old"":402159,""New"":402179,""Reason"":3}"
55531402,"{""Old"":403511,""New"":403521,""Reason"":3}"
55531402,"{""Old"":406423,""New"":406433,""Reason"":3}"
55531402,"{""Old"":387515,""New"":387555,""Reason"":3}"
55531402,"{""Old"":385896,""New"":385906,""Reason"":3}"
55531402,"{""Old"":386818,""New"":386828,""Reason"":3}"
55531402,"{""Old"":386578,""New"":386588,""Reason"":3}"
55531402,"{""Old"":389884,""New"":389904,""Reason"":3}"
55531402,"{""Old"":389777,""New"":389797,""Reason"":3}"
55531402,"{""Old"":391336,""New"":391356,""Reason"":3}"
55531402,"{""Old"":391206,""New"":391216,""Reason"":3}"
55531402,"{""Old"":394770,""New"":394772,""Reason"":3}"
55531402,"{""Old"":396027,""New"":396047,""Reason"":3}"
55531402,"{""Old"":396765,""New"":396775,""Reason"":3}"
55531402,"{""Old"":399110,""New"":399120,""Reason"":3}"
55531402,"{""Old"":399760,""New"":399780,""Reason"":3}"
55531402,"{""Old"":400936,""New"":400946,""Reason"":3}"
55531402,"{""Old"":405088,""New"":405098,""Reason"":3}"
55531402,"{""Old"":407295,""New"":407315,""Reason"":3}"
55531402,"{""Old"":408755,""New"":408775,""Reason"":3}"
55531402,"{""Old"":389994,""New"":390014,""Reason"":3}"
55531402,"{""Old"":392251,""New"":392291,""Reason"":3}"
55531402,"{""Old"":394652,""New"":394662,""Reason"":3}"
55531402,"{""Old"":395000,""New"":395002,""Reason"":3}"
55531402,"{""Old"":398364,""New"":398374,""Reason"":3}"
55531402,"{""Old"":399967,""New"":399969,""Reason"":3}"
55531402,"{""Old"":401130,""New"":401150,""Reason"":3}"
55531402,"{""Old"":402656,""New"":402666,""Reason"":3}"
55531402,"{""Old"":386523,""New"":386543,""Reason"":3}"
55531402,"{""Old"":388966,""New"":388976,""Reason"":3}"
67260187,"{""Old"":350,""New"":352,""Reason"":3}"
44361334,"{""Old"":151,""New"":153,""Reason"":3}"
25799691,"{""Old"":1263,""New"":1265,""Reason"":3}"
43959427,"{""Old"":3815,""New"":3817,""Reason"":3}"
30429272,"{""Old"":2605,""New"":2607,""Reason"":3}"
55921654,"{""Old"":269,""New"":271,""Reason"":3}"
55921654,"{""Old"":255,""New"":257,""Reason"":3}"
30429272,"{""Old"":2516,""New"":2518,""Reason"":3}"
8159597,"{""Old"":2360,""New"":2370,""Reason"":3}"
8159597,"{""Old"":820,""New"":822,""Reason"":3}"
8159597,"{""Old"":964,""New"":966,""Reason"":3}"
8159597,"{""Old"":3044,""New"":3054,""Reason"":3}"
8159597,"{""Old"":3078,""New"":3088,""Reason"":3}"
8159597,"{""Old"":3198,""New"":3208,""Reason"":3}"
8159597,"{""Old"":2436,""New"":2438,""Reason"":3}"
8159597,"{""Old"":2786,""New"":2796,""Reason"":3}"
8159597,"{""Old"":2942,""New"":2952,""Reason"":3}"
40671256,"{""Old"":2036,""New"":2040,""Reason"":3}"
75730356,"{""Old"":571,""New"":581,""Reason"":3}"
40671256,"{""Old"":2104,""New"":2106,""Reason"":3}"
8763321,"{""Old"":1472,""New"":1474,""Reason"":3}"
37784995,"{""Old"":900,""New"":902,""Reason"":3}"
56305413,"{""Old"":3256,""New"":3266,""Reason"":3}"
56305413,"{""Old"":3276,""New"":3278,""Reason"":3}"
56305413,"{""Old"":2242,""New"":2244,""Reason"":3}"
56305413,"{""Old"":2618,""New"":2620,""Reason"":3}"
56305413,"{""Old"":2789,""New"":2791,""Reason"":3}"
56305413,"{""Old"":3096,""New"":3106,""Reason"":3}"
31776438,"{""Old"":512,""New"":514,""Reason"":3}"
31776438,"{""Old"":571,""New"":573,""Reason"":3}"
55531402,"{""Old"":384457,""New"":384467,""Reason"":3}"
55531402,"{""Old"":387475,""New"":387485,""Reason"":3}"
55531402,"{""Old"":390741,""New"":390761,""Reason"":3}"
55531402,"{""Old"":391421,""New"":391451,""Reason"":3}"
55531402,"{""Old"":392456,""New"":392466,""Reason"":3}"
55531402,"{""Old"":400091,""New"":400101,""Reason"":3}"
55531402,"{""Old"":402676,""New"":402686,""Reason"":3}"
55531402,"{""Old"":402966,""New"":402976,""Reason"":3}"
55531402,"{""Old"":408915,""New"":408925,""Reason"":3}"
50416621,"{""Old"":197,""New"":199,""Reason"":3}"
49825474,"{""Old"":2073,""New"":2075,""Reason"":3}"
49825474,"{""Old"":2157,""New"":2159,""Reason"":3}"
67260187,"{""Old"":172,""New"":174,""Reason"":3}"
82785902,"{""Old"":45524,""New"":45526,""Reason"":3}"
82785902,"{""Old"":45703,""New"":45705,""Reason"":3}"
82785902,"{""Old"":45799,""New"":45801,""Reason"":3}"
82785902,"{""Old"":46014,""New"":46016,""Reason"":3}"
82785902,"{""Old"":46363,""New"":46373,""Reason"":3}"
55531402,"{""Old"":386808,""New"":386818,""Reason"":3}"
55531402,"{""Old"":387013,""New"":387023,""Reason"":3}"
55531402,"{""Old"":386948,""New"":386958,""Reason"":3}"
55531402,"{""Old"":387595,""New"":387615,""Reason"":3}"
55531402,"{""Old"":388307,""New"":388317,""Reason"":3}"
55531402,"{""Old"":388092,""New"":388102,""Reason"":3}"
55531402,"{""Old"":389592,""New"":389602,""Reason"":3}"
55531402,"{""Old"":395102,""New"":395112,""Reason"":3}"
55531402,"{""Old"":398601,""New"":398611,""Reason"":3}"
55531402,"{""Old"":398965,""New"":398975,""Reason"":3}"
55531402,"{""Old"":402776,""New"":402796,""Reason"":3}"
55531402,"{""Old"":404028,""New"":404048,""Reason"":3}"
55531402,"{""Old"":405003,""New"":405023,""Reason"":3}"
55531402,"{""Old"":408310,""New"":408320,""Reason"":3}"
67260187,"{""Old"":120,""New"":122,""Reason"":3}"
55531402,"{""Old"":386088,""New"":386098,""Reason"":3}"
55531402,"{""Old"":386863,""New"":386873,""Reason"":3}"
55531402,"{""Old"":387842,""New"":387852,""Reason"":3}"
55531402,"{""Old"":388579,""New"":388589,""Reason"":3}"
55531402,"{""Old"":389046,""New"":389076,""Reason"":3}"
55531402,"{""Old"":389929,""New"":389939,""Reason"":3}"
55531402,"{""Old"":389767,""New"":389777,""Reason"":3}"
55531402,"{""Old"":389692,""New"":389722,""Reason"":3}"
55531402,"{""Old"":390394,""New"":390414,""Reason"":3}"
55531402,"{""Old"":390244,""New"":390264,""Reason"":3}"
55531402,"{""Old"":390921,""New"":390931,""Reason"":3}"
55531402,"{""Old"":391836,""New"":391846,""Reason"":3}"
55531402,"{""Old"":397644,""New"":397654,""Reason"":3}"
55531402,"{""Old"":398254,""New"":398274,""Reason"":3}"
55531402,"{""Old"":402289,""New"":402299,""Reason"":3}"
55531402,"{""Old"":402606,""New"":402616,""Reason"":3}"
55531402,"{""Old"":403076,""New"":403106,""Reason"":3}"
55531402,"{""Old"":403663,""New"":403673,""Reason"":3}"
55531402,"{""Old"":391856,""New"":391866,""Reason"":3}"
55531402,"{""Old"":396057,""New"":396067,""Reason"":3}"
55531402,"{""Old"":396590,""New"":396600,""Reason"":3}"
55531402,"{""Old"":397005,""New"":397015,""Reason"":3}"
55531402,"{""Old"":397409,""New"":397419,""Reason"":3}"
55531402,"{""Old"":398329,""New"":398339,""Reason"":3}"
55531402,"{""Old"":399480,""New"":399510,""Reason"":3}"
55531402,"{""Old"":405398,""New"":405418,""Reason"":3}"
55531402,"{""Old"":407340,""New"":407350,""Reason"":3}"
55531402,"{""Old"":407265,""New"":407285,""Reason"":3}"
55531402,"{""Old"":407820,""New"":407840,""Reason"":3}"
55531402,"{""Old"":388329,""New"":388339,""Reason"":3}"
55531402,"{""Old"":389101,""New"":389111,""Reason"":3}"
55531402,"{""Old"":409375,""New"":409385,""Reason"":3}"
50416621,"{""Old"":492,""New"":494,""Reason"":3}"
82785902,"{""Old"":45514,""New"":45516,""Reason"":3}"
55531402,"{""Old"":389682,""New"":389692,""Reason"":3}"
55531402,"{""Old"":390319,""New"":390339,""Reason"":3}"
55531402,"{""Old"":391246,""New"":391256,""Reason"":3}"
55531402,"{""Old"":395697,""New"":395707,""Reason"":3}"
55531402,"{""Old"":398486,""New"":398496,""Reason"":3}"
55531402,"{""Old"":398399,""New"":398419,""Reason"":3}"
55531402,"{""Old"":399852,""New"":399872,""Reason"":3}"
55531402,"{""Old"":401497,""New"":401517,""Reason"":3}"
55531402,"{""Old"":403026,""New"":403036,""Reason"":3}"
55531402,"{""Old"":407715,""New"":407745,""Reason"":3}"
55531402,"{""Old"":408300,""New"":408310,""Reason"":3}"
49825474,"{""Old"":2188,""New"":2192,""Reason"":3}"
31776438,"{""Old"":206,""New"":208,""Reason"":3}"
67260187,"{""Old"":38,""New"":40,""Reason"":3}"
30429272,"{""Old"":2510,""New"":2512,""Reason"":3}"
30429272,"{""Old"":2632,""New"":2634,""Reason"":3}"
8159597,"{""Old"":1223,""New"":1225,""Reason"":3}"
8159597,"{""Old"":4169,""New"":4179,""Reason"":3}"
8159597,"{""Old"":1805,""New"":1815,""Reason"":3}"
8159597,"{""Old"":2878,""New"":2888,""Reason"":3}"
30429272,"{""Old"":2568,""New"":2570,""Reason"":3}"
8159597,"{""Old"":787,""New"":789,""Reason"":3}"
8159597,"{""Old"":2898,""New"":2900,""Reason"":3}"
8159597,"{""Old"":3088,""New"":3098,""Reason"":3}"
8159597,"{""Old"":3426,""New"":3436,""Reason"":3}"
8151531,"{""Old"":10094,""New"":10096,""Reason"":3}"
8151531,"{""Old"":10464,""New"":10474,""Reason"":3}"
30429272,"{""Old"":2572,""New"":2582,""Reason"":3}"
30429272,"{""Old"":2603,""New"":2605,""Reason"":3}"
70315956,"{""Old"":134,""New"":136,""Reason"":3}"
8159597,"{""Old"":3306,""New"":3316,""Reason"":3}"
8159597,"{""Old"":3471,""New"":3481,""Reason"":3}"
8159597,"{""Old"":3951,""New"":3961,""Reason"":3}"
8159597,"{""Old"":4533,""New"":4543,""Reason"":3}"
8159597,"{""Old"":4678,""New"":4688,""Reason"":3}"
8159597,"{""Old"":4764,""New"":4784,""Reason"":3}"
8159597,"{""Old"":4906,""New"":4916,""Reason"":3}"
8159597,"{""Old"":4986,""New"":4996,""Reason"":3}"
8151531,"{""Old"":10283,""New"":10285,""Reason"":3}"
30429272,"{""Old"":2589,""New"":2599,""Reason"":3}"
30429272,"{""Old"":2630,""New"":2632,""Reason"":3}"
8151531,"{""Old"":10447,""New"":10449,""Reason"":3}"
8151531,"{""Old"":10694,""New"":10696,""Reason"":3}"
8151531,"{""Old"":10706,""New"":10708,""Reason"":3}"
8151531,"{""Old"":10637,""New"":10639,""Reason"":3}"
8151531,"{""Old"":11015,""New"":11019,""Reason"":3}"
8151531,"{""Old"":10227,""New"":10229,""Reason"":3}"
8151531,"{""Old"":10274,""New"":10276,""Reason"":3}"
8151531,"{""Old"":10390,""New"":10394,""Reason"":3}"
8151531,"{""Old"":10792,""New"":10794,""Reason"":3}"
8159597,"{""Old"":134,""New"":136,""Reason"":3}"
8159597,"{""Old"":1952,""New"":1962,""Reason"":3}"
8159597,"{""Old"":3803,""New"":3813,""Reason"":3}"
8151531,"{""Old"":10728,""New"":10730,""Reason"":3}"
8151531,"{""Old"":10869,""New"":10871,""Reason"":3}"
8159597,"{""Old"":1727,""New"":1729,""Reason"":3}"
8159597,"{""Old"":2348,""New"":2350,""Reason"":3}"
8159597,"{""Old"":2552,""New"":2562,""Reason"":3}"
8159597,"{""Old"":3066,""New"":3068,""Reason"":3}"
8151531,"{""Old"":9871,""New"":9873,""Reason"":3}"
8151531,"{""Old"":11069,""New"":11071,""Reason"":3}"
8151531,"{""Old"":11063,""New"":11065,""Reason"":3}"
30429272,"{""Old"":2618,""New"":2628,""Reason"":3}"
8151531,"{""Old"":10809,""New"":10811,""Reason"":3}"
8159597,"{""Old"":1707,""New"":1717,""Reason"":3}"
8159597,"{""Old"":1847,""New"":1857,""Reason"":3}"
8159597,"{""Old"":4033,""New"":4035,""Reason"":3}"
8159597,"{""Old"":4067,""New"":4069,""Reason"":3}"
8151531,"{""Old"":10254,""New"":10256,""Reason"":3}"
8159597,"{""Old"":2346,""New"":2348,""Reason"":3}"
8151531,"{""Old"":9931,""New"":9933,""Reason"":3}"
8151531,"{""Old"":9925,""New"":9927,""Reason"":3}"
8151531,"{""Old"":10764,""New"":10766,""Reason"":3}"
8151531,"{""Old"":10865,""New"":10867,""Reason"":3}"
8151531,"{""Old"":10906,""New"":10908,""Reason"":3}"
8151531,"{""Old"":9917,""New"":9919,""Reason"":3}"
8151531,"{""Old"":10644,""New"":10654,""Reason"":3}"
8151531,"{""Old"":10724,""New"":10726,""Reason"":3}"
55531402,"{""Old"":392386,""New"":392396,""Reason"":3}"
55531402,"{""Old"":393401,""New"":393403,""Reason"":3}"
55531402,"{""Old"":394816,""New"":394818,""Reason"":3}"
55531402,"{""Old"":395037,""New"":395047,""Reason"":3}"
55531402,"{""Old"":395002,""New"":395012,""Reason"":3}"
55531402,"{""Old"":395199,""New"":395209,""Reason"":3}"
55531402,"{""Old"":398117,""New"":398119,""Reason"":3}"
55531402,"{""Old"":402866,""New"":402876,""Reason"":3}"
55531402,"{""Old"":403501,""New"":403511,""Reason"":3}"
55531402,"{""Old"":406338,""New"":406348,""Reason"":3}"
55531402,"{""Old"":408085,""New"":408095,""Reason"":3}"
55531402,"{""Old"":386478,""New"":386488,""Reason"":3}"
55531402,"{""Old"":387355,""New"":387365,""Reason"":3}"
55531402,"{""Old"":387353,""New"":387355,""Reason"":3}"
55531402,"{""Old"":388956,""New"":388966,""Reason"":3}"
55531402,"{""Old"":388859,""New"":388879,""Reason"":3}"
55531402,"{""Old"":409280,""New"":409300,""Reason"":3}"
55531402,"{""Old"":413061,""New"":413071,""Reason"":3}"
55531402,"{""Old"":385796,""New"":385806,""Reason"":3}"
55531402,"{""Old"":386198,""New"":386218,""Reason"":3}"
55531402,"{""Old"":390449,""New"":390469,""Reason"":3}"
55531402,"{""Old"":394490,""New"":394492,""Reason"":3}"
55531402,"{""Old"":394559,""New"":394561,""Reason"":3}"
55531402,"{""Old"":394726,""New"":394728,""Reason"":3}"
55531402,"{""Old"":397369,""New"":397379,""Reason"":3}"
55531402,"{""Old"":398811,""New"":398821,""Reason"":3}"
55531402,"{""Old"":399045,""New"":399055,""Reason"":3}"
55531402,"{""Old"":401857,""New"":401867,""Reason"":3}"
55531402,"{""Old"":402054,""New"":402064,""Reason"":3}"
55531402,"{""Old"":402299,""New"":402329,""Reason"":3}"
55531402,"{""Old"":404728,""New"":404758,""Reason"":3}"
55531402,"{""Old"":407390,""New"":407410,""Reason"":3}"
55531402,"{""Old"":408535,""New"":408545,""Reason"":3}"
55531402,"{""Old"":408725,""New"":408755,""Reason"":3}"
55531402,"{""Old"":388534,""New"":388544,""Reason"":3}"
55531402,"{""Old"":391746,""New"":391756,""Reason"":3}"
55531402,"{""Old"":395510,""New"":395520,""Reason"":3}"
55531402,"{""Old"":395897,""New"":395917,""Reason"":3}"
55531402,"{""Old"":397689,""New"":397691,""Reason"":3}"
55531402,"{""Old"":404048,""New"":404068,""Reason"":3}"
55531402,"{""Old"":404468,""New"":404478,""Reason"":3}"
55531402,"{""Old"":405858,""New"":405868,""Reason"":3}"
55531402,"{""Old"":409045,""New"":409055,""Reason"":3}"
82785902,"{""Old"":46488,""New"":46498,""Reason"":3}"
4405710,"{""Old"":675,""New"":677,""Reason"":3}"
67260187,"{""Old"":127,""New"":129,""Reason"":3}"
82785902,"{""Old"":46712,""New"":46722,""Reason"":3}"
67260187,"{""Old"":75,""New"":77,""Reason"":3}"
67260187,"{""Old"":112,""New"":114,""Reason"":3}"
67260187,"{""Old"":212,""New"":214,""Reason"":3}"
67260187,"{""Old"":122,""New"":124,""Reason"":3}"
49825474,"{""Old"":2132,""New"":2142,""Reason"":3}"
49825474,"{""Old"":2184,""New"":2186,""Reason"":3}"
73588812,"{""Old"":1598,""New"":1600,""Reason"":3}"
74426538,"{""Old"":960,""New"":962,""Reason"":3}"
82629288,"{""Old"":535,""New"":537,""Reason"":3}"
57366251,"{""Old"":3180,""New"":3184,""Reason"":3}"
73276609,"{""Old"":319,""New"":321,""Reason"":3}"
41008032,"{""Old"":888,""New"":890,""Reason"":3}"
73588812,"{""Old"":1369,""New"":1371,""Reason"":3}"
84303672,"{""Old"":6214,""New"":6216,""Reason"":3}"
82629288,"{""Old"":544,""New"":546,""Reason"":3}"
73276609,"{""Old"":326,""New"":330,""Reason"":3}"
63778994,"{""Old"":155731,""New"":155741,""Reason"":3}"
37988048,"{""Old"":1095,""New"":1097,""Reason"":3}"
8159597,"{""Old"":1645,""New"":1647,""Reason"":3}"
8159597,"{""Old"":2686,""New"":2696,""Reason"":3}"
8159597,"{""Old"":2766,""New"":2776,""Reason"":3}"
8159597,"{""Old"":4013,""New"":4033,""Reason"":3}"
8151531,"{""Old"":10802,""New"":10804,""Reason"":3}"
8151531,"{""Old"":11081,""New"":11083,""Reason"":3}"
8159597,"{""Old"":4966,""New"":4976,""Reason"":3}"
55921654,"{""Old"":195,""New"":197,""Reason"":3}"
8159597,"{""Old"":4844,""New"":4854,""Reason"":3}"
8151531,"{""Old"":9933,""New"":9935,""Reason"":3}"
8151531,"{""Old"":10040,""New"":10042,""Reason"":3}"
8151531,"{""Old"":10024,""New"":10026,""Reason"":3}"
8151531,"{""Old"":10668,""New"":10670,""Reason"":3}"
8159597,"{""Old"":779,""New"":781,""Reason"":3}"
8159597,"{""Old"":2572,""New"":2582,""Reason"":3}"
8159597,"{""Old"":5188,""New"":5198,""Reason"":3}"
8159597,"{""Old"":509,""New"":511,""Reason"":3}"
8159597,"{""Old"":575,""New"":577,""Reason"":3}"
8151531,"{""Old"":10639,""New"":10641,""Reason"":3}"
8151531,"{""Old"":10758,""New"":10760,""Reason"":3}"
8159597,"{""Old"":4884,""New"":4894,""Reason"":3}"
8159597,"{""Old"":4814,""New"":4834,""Reason"":3}"
8159597,"{""Old"":1532,""New"":1542,""Reason"":3}"
8159597,"{""Old"":1761,""New"":1771,""Reason"":3}"
8159597,"{""Old"":1857,""New"":1877,""Reason"":3}"
8151531,"{""Old"":9887,""New"":9889,""Reason"":3}"
8151531,"{""Old"":10503,""New"":10507,""Reason"":3}"
8151531,"{""Old"":9919,""New"":9921,""Reason"":3}"
8151531,"{""Old"":9923,""New"":9925,""Reason"":3}"
8151531,"{""Old"":10139,""New"":10141,""Reason"":3}"
8151531,"{""Old"":10144,""New"":10146,""Reason"":3}"
8151531,"{""Old"":10339,""New"":10343,""Reason"":3}"
8151531,"{""Old"":10532,""New"":10536,""Reason"":3}"
8151531,"{""Old"":10943,""New"":10947,""Reason"":3}"
8151531,"{""Old"":11073,""New"":11075,""Reason"":3}"
8151531,"{""Old"":10656,""New"":10658,""Reason"":3}"
8151531,"{""Old"":10704,""New"":10706,""Reason"":3}"
8151531,"{""Old"":10985,""New"":10995,""Reason"":3}"
8159597,"{""Old"":5138,""New"":5148,""Reason"":3}"
40671256,"{""Old"":1785,""New"":1787,""Reason"":3}"
40671256,"{""Old"":1932,""New"":1934,""Reason"":3}"
55531402,"{""Old"":800810,""New"":800830,""Reason"":3}"
55531402,"{""Old"":803133,""New"":803143,""Reason"":3}"
55531402,"{""Old"":803088,""New"":803098,""Reason"":3}"
55531402,"{""Old"":803660,""New"":803670,""Reason"":3}"
55531402,"{""Old"":804335,""New"":804345,""Reason"":3}"
55531402,"{""Old"":805822,""New"":805832,""Reason"":3}"
75730356,"{""Old"":186,""New"":188,""Reason"":3}"
75730356,"{""Old"":261,""New"":263,""Reason"":3}"
75730356,"{""Old"":231,""New"":233,""Reason"":3}"
40671256,"{""Old"":2084,""New"":2088,""Reason"":3}"
55531402,"{""Old"":796624,""New"":796644,""Reason"":3}"
55531402,"{""Old"":798770,""New"":798772,""Reason"":3}"
40671256,"{""Old"":1963,""New"":1967,""Reason"":3}"
40671256,"{""Old"":1980,""New"":1982,""Reason"":3}"
40671256,"{""Old"":2030,""New"":2032,""Reason"":3}"
40671256,"{""Old"":2088,""New"":2090,""Reason"":3}"
40671256,"{""Old"":1948,""New"":1950,""Reason"":3}"
40671256,"{""Old"":1960,""New"":1962,""Reason"":3}"
40671256,"{""Old"":1803,""New"":1805,""Reason"":3}"
40671256,"{""Old"":1994,""New"":1996,""Reason"":3}"
40671256,"{""Old"":1477,""New"":1479,""Reason"":3}"
45310161,"{""Old"":130,""New"":132,""Reason"":3}"
45310161,"{""Old"":67,""New"":69,""Reason"":3}"
13186631,"{""Old"":1473,""New"":1475,""Reason"":3}"
55531402,"{""Old"":794403,""New"":794413,""Reason"":3}"
55531402,"{""Old"":795725,""New"":795745,""Reason"":3}"
49825474,"{""Old"":2430,""New"":2432,""Reason"":3}"
49825474,"{""Old"":2674,""New"":2676,""Reason"":3}"
49825474,"{""Old"":2682,""New"":2684,""Reason"":3}"
49825474,"{""Old"":2752,""New"":2762,""Reason"":3}"
2982116,"{""Old"":45,""New"":47,""Reason"":3}"
2982116,"{""Old"":92,""New"":94,""Reason"":3}"
73588812,"{""Old"":1763,""New"":1773,""Reason"":3}"
73588812,"{""Old"":1827,""New"":1837,""Reason"":3}"
73588812,"{""Old"":1634,""New"":1636,""Reason"":3}"
73588812,"{""Old"":957,""New"":967,""Reason"":3}"
36439403,"{""Old"":539,""New"":549,""Reason"":3}"
73588812,"{""Old"":2094,""New"":2104,""Reason"":3}"
36439403,"{""Old"":549,""New"":551,""Reason"":3}"
73588812,"{""Old"":1484,""New"":1486,""Reason"":3}"
73588812,"{""Old"":1264,""New"":1266,""Reason"":3}"
73588812,"{""Old"":1447,""New"":1449,""Reason"":3}"
11296566,"{""Old"":1927,""New"":1929,""Reason"":3}"
19535546,"{""Old"":661,""New"":663,""Reason"":3}"
66718790,"{""Old"":4355,""New"":4365,""Reason"":3}"
66718790,"{""Old"":4345,""New"":4355,""Reason"":3}"
66718790,"{""Old"":4838,""New"":4848,""Reason"":3}"
66718790,"{""Old"":3068,""New"":3078,""Reason"":3}"
39038951,"{""Old"":747,""New"":749,""Reason"":3}"
19535546,"{""Old"":1597,""New"":1607,""Reason"":3}"
45310161,"{""Old"":134,""New"":136,""Reason"":3}"
40671256,"{""Old"":1552,""New"":1554,""Reason"":3}"
40671256,"{""Old"":1860,""New"":1862,""Reason"":3}"
40671256,"{""Old"":1842,""New"":1846,""Reason"":3}"
40671256,"{""Old"":1899,""New"":1901,""Reason"":3}"
55531402,"{""Old"":802206,""New"":802216,""Reason"":3}"
55531402,"{""Old"":804585,""New"":804605,""Reason"":3}"
55531402,"{""Old"":805350,""New"":805360,""Reason"":3}"
55531402,"{""Old"":805315,""New"":805325,""Reason"":3}"
56305413,"{""Old"":2477,""New"":2479,""Reason"":3}"
76395205,"{""Old"":414,""New"":416,""Reason"":3}"
70367218,"{""Old"":155,""New"":157,""Reason"":3}"
70367218,"{""Old"":247,""New"":249,""Reason"":3}"
36439403,"{""Old"":1438,""New"":1440,""Reason"":3}"
73588812,"{""Old"":1706,""New"":1708,""Reason"":3}"
73276609,"{""Old"":289,""New"":291,""Reason"":3}"
63778994,"{""Old"":157783,""New"":157793,""Reason"":3}"
63778994,"{""Old"":158712,""New"":158742,""Reason"":3}"
63778994,"{""Old"":154653,""New"":154663,""Reason"":3}"
63778994,"{""Old"":158173,""New"":158203,""Reason"":3}"
57366251,"{""Old"":3252,""New"":3254,""Reason"":3}"
63778994,"{""Old"":154890,""New"":154910,""Reason"":3}"
63778994,"{""Old"":157973,""New"":157983,""Reason"":3}"
73588812,"{""Old"":1289,""New"":1291,""Reason"":3}"
36439403,"{""Old"":559,""New"":561,""Reason"":3}"
73588812,"{""Old"":1593,""New"":1595,""Reason"":3}"
73588812,"{""Old"":1402,""New"":1404,""Reason"":3}"
73588812,"{""Old"":1648,""New"":1650,""Reason"":3}"
22023288,"{""Old"":1639,""New"":1649,""Reason"":3}"
22023288,"{""Old"":2737,""New"":2739,""Reason"":3}"
22023288,"{""Old"":3557,""New"":3577,""Reason"":3}"
62310563,"{""Old"":66,""New"":70,""Reason"":3}"
38319980,"{""Old"":6183,""New"":6193,""Reason"":3}"
62310563,"{""Old"":62,""New"":64,""Reason"":3}"
62310563,"{""Old"":124,""New"":126,""Reason"":3}"
85246118,"{""Old"":809,""New"":811,""Reason"":3}"
35936585,"{""Old"":27333,""New"":27335,""Reason"":3}"
52640973,"{""Old"":534,""New"":536,""Reason"":3}"
35936585,"{""Old"":26921,""New"":26923,""Reason"":3}"
35936585,"{""Old"":27216,""New"":27218,""Reason"":3}"
62439790,"{""Old"":1186,""New"":1188,""Reason"":3}"
41008032,"{""Old"":868,""New"":870,""Reason"":3}"
41008032,"{""Old"":1016,""New"":1026,""Reason"":3}"
41008032,"{""Old"":822,""New"":824,""Reason"":3}"
57366251,"{""Old"":3050,""New"":3052,""Reason"":3}"
41008032,"{""Old"":984,""New"":986,""Reason"":3}"
63778994,"{""Old"":155921,""New"":155931,""Reason"":3}"
63778994,"{""Old"":157228,""New"":157238,""Reason"":3}"
63778994,"{""Old"":155182,""New"":155576,""Reason"":3}"
63778994,"{""Old"":158258,""New"":158318,""Reason"":3}"
63778994,"{""Old"":156026,""New"":156036,""Reason"":3}"
9877941,"{""Old"":440,""New"":442,""Reason"":3}"
48352269,"{""Old"":2946,""New"":2956,""Reason"":3}"
48352269,"{""Old"":2986,""New"":2996,""Reason"":3}"
81972838,"{""Old"":12436,""New"":12438,""Reason"":3}"
81972838,"{""Old"":12494,""New"":12496,""Reason"":3}"
81972838,"{""Old"":12377,""New"":12379,""Reason"":3}"
81972838,"{""Old"":12547,""New"":12549,""Reason"":3}"
38405690,"{""Old"":640,""New"":642,""Reason"":3}"
22023288,"{""Old"":3831,""New"":3841,""Reason"":3}"
81972838,"{""Old"":12573,""New"":12575,""Reason"":3}"
81972838,"{""Old"":12579,""New"":12581,""Reason"":3}"
62310563,"{""Old"":136,""New"":138,""Reason"":3}"
55531402,"{""Old"":794383,""New"":794403,""Reason"":3}"
55531402,"{""Old"":797006,""New"":797016,""Reason"":3}"
40671256,"{""Old"":1224,""New"":1226,""Reason"":3}"
66718790,"{""Old"":3948,""New"":3950,""Reason"":3}"
45310161,"{""Old"":132,""New"":134,""Reason"":3}"
55531402,"{""Old"":802286,""New"":802296,""Reason"":3}"
55531402,"{""Old"":805100,""New"":805110,""Reason"":3}"
55531402,"{""Old"":804830,""New"":804840,""Reason"":3}"
55531402,"{""Old"":796412,""New"":796422,""Reason"":3}"
55531402,"{""Old"":797348,""New"":797358,""Reason"":3}"
55531402,"{""Old"":801329,""New"":801349,""Reason"":3}"
40671256,"{""Old"":1238,""New"":1240,""Reason"":3}"
40671256,"{""Old"":2054,""New"":2064,""Reason"":3}"
40671256,"{""Old"":1240,""New"":1242,""Reason"":3}"
48352269,"{""Old"":3006,""New"":3008,""Reason"":3}"
48352269,"{""Old"":3018,""New"":3028,""Reason"":3}"
62310563,"{""Old"":126,""New"":128,""Reason"":3}"
81972838,"{""Old"":12369,""New"":12371,""Reason"":3}"
80595379,"{""Old"":54,""New"":56,""Reason"":3}"
12301610,"{""Old"":2546,""New"":2548,""Reason"":3}"
38319980,"{""Old"":6214,""New"":6224,""Reason"":3}"
62439790,"{""Old"":1362,""New"":1364,""Reason"":3}"
62439790,"{""Old"":1400,""New"":1402,""Reason"":3}"
62439790,"{""Old"":1160,""New"":1162,""Reason"":3}"
80504175,"{""Old"":1441,""New"":1451,""Reason"":3}"
4867326,"{""Old"":296,""New"":298,""Reason"":3}"
4867326,"{""Old"":183,""New"":185,""Reason"":3}"
4867326,"{""Old"":185,""New"":187,""Reason"":3}"
41008032,"{""Old"":900,""New"":902,""Reason"":3}"
57366251,"{""Old"":3096,""New"":3098,""Reason"":3}"
57366251,"{""Old"":3199,""New"":3203,""Reason"":3}"
57366251,"{""Old"":3265,""New"":3267,""Reason"":3}"
63778994,"{""Old"":156478,""New"":156538,""Reason"":3}"
63778994,"{""Old"":158533,""New"":158563,""Reason"":3}"
81972838,"{""Old"":12400,""New"":12402,""Reason"":3}"
65661392,"{""Old"":39,""New"":41,""Reason"":3}"
81972838,"{""Old"":12454,""New"":12464,""Reason"":3}"
81972838,"{""Old"":12498,""New"":12500,""Reason"":3}"
4867326,"{""Old"":302,""New"":304,""Reason"":3}"
41008032,"{""Old"":710,""New"":714,""Reason"":3}"
41008032,"{""Old"":934,""New"":936,""Reason"":3}"
41008032,"{""Old"":974,""New"":978,""Reason"":3}"
41008032,"{""Old"":890,""New"":892,""Reason"":3}"
41008032,"{""Old"":924,""New"":926,""Reason"":3}"
211423534,"{""Old"":22798,""New"":22800,""Reason"":3}"
57366251,"{""Old"":3566,""New"":3568,""Reason"":3}"
57366251,"{""Old"":3700,""New"":3702,""Reason"":3}"
35936585,"{""Old"":27185,""New"":27187,""Reason"":3}"
80504175,"{""Old"":1418,""New"":1420,""Reason"":3}"
35936585,"{""Old"":27119,""New"":27129,""Reason"":3}"
41008032,"{""Old"":723,""New"":733,""Reason"":3}"
41008032,"{""Old"":990,""New"":992,""Reason"":3}"
73276609,"{""Old"":330,""New"":332,""Reason"":3}"
79702191,"{""Old"":341,""New"":343,""Reason"":3}"
79702191,"{""Old"":403,""New"":405,""Reason"":3}"
73276609,"{""Old"":164,""New"":166,""Reason"":3}"
73276609,"{""Old"":324,""New"":326,""Reason"":3}"
73276609,"{""Old"":345,""New"":347,""Reason"":3}"
80504175,"{""Old"":1420,""New"":1422,""Reason"":3}"
35936585,"{""Old"":27101,""New"":27103,""Reason"":3}"
35936585,"{""Old"":27218,""New"":27220,""Reason"":3}"
57366251,"{""Old"":3098,""New"":3108,""Reason"":3}"
57366251,"{""Old"":3189,""New"":3199,""Reason"":3}"
62439790,"{""Old"":1459,""New"":1461,""Reason"":3}"
4867326,"{""Old"":239,""New"":241,""Reason"":3}"
63778994,"{""Old"":154785,""New"":154805,""Reason"":3}"
81972838,"{""Old"":12450,""New"":12452,""Reason"":3}"
81972838,"{""Old"":12543,""New"":12545,""Reason"":3}"
81972838,"{""Old"":12367,""New"":12369,""Reason"":3}"
81972838,"{""Old"":12577,""New"":12579,""Reason"":3}"
48352269,"{""Old"":2924,""New"":2934,""Reason"":3}"
81972838,"{""Old"":12371,""New"":12375,""Reason"":3}"
81972838,"{""Old"":12585,""New"":12587,""Reason"":3}"
81972838,"{""Old"":12434,""New"":12436,""Reason"":3}"
81972838,"{""Old"":12478,""New"":12482,""Reason"":3}"
56305413,"{""Old"":3470,""New"":3472,""Reason"":3}"
56866711,"{""Old"":2313,""New"":2323,""Reason"":3}"
42724579,"{""Old"":294,""New"":296,""Reason"":3}"
63799212,"{""Old"":4824,""New"":4826,""Reason"":3}"
63799212,"{""Old"":7978,""New"":7988,""Reason"":3}"
63799212,"{""Old"":8102,""New"":8112,""Reason"":3}"
63799212,"{""Old"":8070,""New"":8080,""Reason"":3}"
63799212,"{""Old"":9077,""New"":9087,""Reason"":3}"
63799212,"{""Old"":10662,""New"":10672,""Reason"":3}"
63799212,"{""Old"":11587,""New"":11597,""Reason"":3}"
63799212,"{""Old"":13723,""New"":13733,""Reason"":3}"
55531402,"{""Old"":796157,""New"":796177,""Reason"":3}"
55531402,"{""Old"":797882,""New"":797892,""Reason"":3}"
55531402,"{""Old"":798325,""New"":798355,""Reason"":3}"
55531402,"{""Old"":798912,""New"":798922,""Reason"":3}"
55531402,"{""Old"":800403,""New"":800405,""Reason"":3}"
56305413,"{""Old"":2092,""New"":2102,""Reason"":3}"
56116279,"{""Old"":45,""New"":47,""Reason"":3}"
81192725,"{""Old"":81,""New"":83,""Reason"":3}"
81192725,"{""Old"":176,""New"":178,""Reason"":3}"
56305413,"{""Old"":2910,""New"":2912,""Reason"":3}"
56305413,"{""Old"":2983,""New"":2993,""Reason"":3}"
56305413,"{""Old"":3076,""New"":3086,""Reason"":3}"
56305413,"{""Old"":3216,""New"":3226,""Reason"":3}"
37784995,"{""Old"":902,""New"":904,""Reason"":3}"
42724579,"{""Old"":364,""New"":366,""Reason"":3}"
81192725,"{""Old"":299,""New"":301,""Reason"":3}"
46419793,"{""Old"":121,""New"":123,""Reason"":3}"
46419793,"{""Old"":140,""New"":142,""Reason"":3}"
56305413,"{""Old"":2526,""New"":2528,""Reason"":3}"
54055764,"{""Old"":4485,""New"":4487,""Reason"":3}"
48352269,"{""Old"":6553,""New"":6555,""Reason"":3}"
48352269,"{""Old"":6647,""New"":6649,""Reason"":3}"
48352269,"{""Old"":6589,""New"":6591,""Reason"":3}"
51765158,"{""Old"":1027,""New"":1029,""Reason"":3}"
48352269,"{""Old"":6687,""New"":6689,""Reason"":3}"
66718790,"{""Old"":3521,""New"":3523,""Reason"":3}"
66718790,"{""Old"":4074,""New"":4076,""Reason"":3}"
19535546,"{""Old"":1583,""New"":1585,""Reason"":3}"
24208183,"{""Old"":148,""New"":150,""Reason"":3}"
54055764,"{""Old"":4507,""New"":4509,""Reason"":3}"
56305413,"{""Old"":3340,""New"":3350,""Reason"":3}"
8772801,"{""Old"":775,""New"":777,""Reason"":3}"
56305413,"{""Old"":2205,""New"":2207,""Reason"":3}"
56305413,"{""Old"":2926,""New"":2936,""Reason"":3}"
54055764,"{""Old"":4487,""New"":4489,""Reason"":3}"
56305413,"{""Old"":2787,""New"":2789,""Reason"":3}"
81192725,"{""Old"":317,""New"":319,""Reason"":3}"
46290546,"{""Old"":4372,""New"":4382,""Reason"":3}"
42724579,"{""Old"":262,""New"":264,""Reason"":3}"
42724579,"{""Old"":385,""New"":387,""Reason"":3}"
70373765,"{""Old"":235,""New"":237,""Reason"":3}"
46290546,"{""Old"":5484,""New"":5486,""Reason"":3}"
56866711,"{""Old"":2333,""New"":2343,""Reason"":3}"
48352269,"{""Old"":6591,""New"":6593,""Reason"":3}"
56305413,"{""Old"":3547,""New"":3557,""Reason"":3}"
8772801,"{""Old"":912,""New"":914,""Reason"":3}"
56305413,"{""Old"":3180,""New"":3190,""Reason"":3}"
46419793,"{""Old"":86,""New"":88,""Reason"":3}"
76395205,"{""Old"":481,""New"":485,""Reason"":3}"
42724579,"{""Old"":355,""New"":357,""Reason"":3}"
70373765,"{""Old"":228,""New"":230,""Reason"":3}"
42724579,"{""Old"":368,""New"":370,""Reason"":3}"
46290546,"{""Old"":5011,""New"":5021,""Reason"":3}"
42724579,"{""Old"":113,""New"":115,""Reason"":3}"
46290546,"{""Old"":5125,""New"":5135,""Reason"":3}"
46290546,"{""Old"":5207,""New"":5217,""Reason"":3}"
46290546,"{""Old"":4567,""New"":4577,""Reason"":3}"
46290546,"{""Old"":5332,""New"":5342,""Reason"":3}"
46290546,"{""Old"":5452,""New"":5454,""Reason"":3}"
70373765,"{""Old"":231,""New"":233,""Reason"":3}"
63799212,"{""Old"":5064,""New"":5074,""Reason"":3}"
36439403,"{""Old"":1381,""New"":1383,""Reason"":3}"
51765158,"{""Old"":973,""New"":975,""Reason"":3}"
51765158,"{""Old"":1014,""New"":1016,""Reason"":3}"
46290546,"{""Old"":4939,""New"":4949,""Reason"":3}"
42724579,"{""Old"":219,""New"":229,""Reason"":3}"
19535546,"{""Old"":724,""New"":726,""Reason"":3}"
66718790,"{""Old"":4186,""New"":4188,""Reason"":3}"
66718790,"{""Old"":4395,""New"":4405,""Reason"":3}"
39038951,"{""Old"":765,""New"":767,""Reason"":3}"
19535546,"{""Old"":1171,""New"":1173,""Reason"":3}"
19535546,"{""Old"":1642,""New"":1644,""Reason"":3}"
46290546,"{""Old"":4402,""New"":4412,""Reason"":3}"
56866711,"{""Old"":2343,""New"":2353,""Reason"":3}"
54055764,"{""Old"":4483,""New"":4485,""Reason"":3}"
70373765,"{""Old"":268,""New"":272,""Reason"":3}"
42724579,"{""Old"":115,""New"":117,""Reason"":3}"
70367218,"{""Old"":200,""New"":202,""Reason"":3}"
42724579,"{""Old"":324,""New"":326,""Reason"":3}"
52385318,"{""Old"":984,""New"":988,""Reason"":3}"
48352269,"{""Old"":6700,""New"":6702,""Reason"":3}"
66718790,"{""Old"":5074,""New"":5084,""Reason"":3}"
66718790,"{""Old"":5392,""New"":5402,""Reason"":3}"
63799212,"{""Old"":9724,""New"":9734,""Reason"":3}"
63799212,"{""Old"":10715,""New"":10725,""Reason"":3}"
63799212,"{""Old"":11182,""New"":11192,""Reason"":3}"
66718790,"{""Old"":3523,""New"":3525,""Reason"":3}"
66718790,"{""Old"":3832,""New"":3834,""Reason"":3}"
63799212,"{""Old"":4683,""New"":4693,""Reason"":3}"
63799212,"{""Old"":4987,""New"":4989,""Reason"":3}"
63799212,"{""Old"":5076,""New"":5078,""Reason"":3}"
19535546,"{""Old"":1451,""New"":1453,""Reason"":3}"
66718790,"{""Old"":5935,""New"":5945,""Reason"":3}"
66718790,"{""Old"":5157,""New"":5167,""Reason"":3}"
66718790,"{""Old"":5104,""New"":5114,""Reason"":3}"
66718790,"{""Old"":5473,""New"":5483,""Reason"":3}"
66718790,"{""Old"":5839,""New"":5841,""Reason"":3}"
66718790,"{""Old"":5572,""New"":5582,""Reason"":3}"
66718790,"{""Old"":5835,""New"":5837,""Reason"":3}"
66718790,"{""Old"":5811,""New"":5813,""Reason"":3}"
66718790,"{""Old"":5671,""New"":5681,""Reason"":3}"
63799212,"{""Old"":4036,""New"":4046,""Reason"":3}"
216143452,"{""Old"":131,""New"":133,""Reason"":3}"
24208183,"{""Old"":71,""New"":73,""Reason"":3}"
66718790,"{""Old"":4278,""New"":4288,""Reason"":3}"
66718790,"{""Old"":4908,""New"":4928,""Reason"":3}"
66718790,"{""Old"":4587,""New"":4597,""Reason"":3}"
66718790,"{""Old"":4778,""New"":4788,""Reason"":3}"
39038951,"{""Old"":688,""New"":690,""Reason"":3}"
66718790,"{""Old"":3006,""New"":3016,""Reason"":3}"
66718790,"{""Old"":5008,""New"":5018,""Reason"":3}"
66718790,"{""Old"":5235,""New"":5245,""Reason"":3}"
66718790,"{""Old"":5318,""New"":5328,""Reason"":3}"
66718790,"{""Old"":5647,""New"":5657,""Reason"":3}"
19535546,"{""Old"":1294,""New"":1296,""Reason"":3}"
19535546,"{""Old"":1672,""New"":1674,""Reason"":3}"
63799212,"{""Old"":5550,""New"":5552,""Reason"":3}"
63799212,"{""Old"":12811,""New"":12851,""Reason"":3}"
63799212,"{""Old"":5376,""New"":5380,""Reason"":3}"
63799212,"{""Old"":5482,""New"":5484,""Reason"":3}"
63799212,"{""Old"":5788,""New"":5790,""Reason"":3}"
52385318,"{""Old"":692,""New"":696,""Reason"":3}"
63799212,"{""Old"":9457,""New"":9459,""Reason"":3}"
63799212,"{""Old"":13231,""New"":13241,""Reason"":3}"
19535546,"{""Old"":534,""New"":536,""Reason"":3}"
63799212,"{""Old"":7686,""New"":7696,""Reason"":3}"
63799212,"{""Old"":8571,""New"":8591,""Reason"":3}"
63799212,"{""Old"":10049,""New"":10059,""Reason"":3}"
63799212,"{""Old"":13813,""New"":13823,""Reason"":3}"
63799212,"{""Old"":13960,""New"":13980,""Reason"":3}"
63799212,"{""Old"":14030,""New"":14040,""Reason"":3}"
63799212,"{""Old"":8008,""New"":8018,""Reason"":3}"
37744135,"{""Old"":29410,""New"":29420,""Reason"":3}"
37744135,"{""Old"":29532,""New"":29534,""Reason"":3}"
211423534,"{""Old"":42607,""New"":42617,""Reason"":3}"
23305159,"{""Old"":538,""New"":540,""Reason"":3}"
23305159,"{""Old"":742,""New"":744,""Reason"":3}"
23305159,"{""Old"":463,""New"":469,""Reason"":3}"
23305159,"{""Old"":477,""New"":481,""Reason"":3}"
61658100,"{""Old"":1539,""New"":1541,""Reason"":3}"
61658100,"{""Old"":1637,""New"":1639,""Reason"":3}"
43780156,"{""Old"":3628,""New"":3638,""Reason"":3}"
43780156,"{""Old"":5796,""New"":5846,""Reason"":3}"
43780156,"{""Old"":6098,""New"":6100,""Reason"":3}"
43780156,"{""Old"":8761,""New"":8781,""Reason"":3}"
43780156,"{""Old"":9726,""New"":9736,""Reason"":3}"
43780156,"{""Old"":14819,""New"":14829,""Reason"":3}"
43780156,"{""Old"":19056,""New"":19076,""Reason"":3}"
43780156,"{""Old"":19136,""New"":19146,""Reason"":3}"
43780156,"{""Old"":21148,""New"":21168,""Reason"":3}"
43780156,"{""Old"":21438,""New"":21448,""Reason"":3}"
43780156,"{""Old"":22118,""New"":22128,""Reason"":3}"
43780156,"{""Old"":24743,""New"":24753,""Reason"":3}"
43780156,"{""Old"":26348,""New"":26358,""Reason"":3}"
43780156,"{""Old"":27218,""New"":27228,""Reason"":3}"
43780156,"{""Old"":27348,""New"":27368,""Reason"":3}"
43780156,"{""Old"":27548,""New"":27568,""Reason"":3}"
43780156,"{""Old"":27488,""New"":27498,""Reason"":3}"
43780156,"{""Old"":29163,""New"":29173,""Reason"":3}"
43780156,"{""Old"":2341,""New"":2351,""Reason"":3}"
44663519,"{""Old"":427,""New"":429,""Reason"":3}"
44663519,"{""Old"":586,""New"":588,""Reason"":3}"
83457219,"{""Old"":2269,""New"":2271,""Reason"":3}"
43780156,"{""Old"":12917,""New"":12927,""Reason"":3}"
43780156,"{""Old"":14589,""New"":14609,""Reason"":3}"
43780156,"{""Old"":14944,""New"":14954,""Reason"":3}"
43780156,"{""Old"":15246,""New"":15256,""Reason"":3}"
43780156,"{""Old"":17621,""New"":17631,""Reason"":3}"
43780156,"{""Old"":18876,""New"":18886,""Reason"":3}"
43780156,"{""Old"":19116,""New"":19126,""Reason"":3}"
43780156,"{""Old"":19948,""New"":19968,""Reason"":3}"
43780156,"{""Old"":20513,""New"":20523,""Reason"":3}"
43780156,"{""Old"":20873,""New"":20883,""Reason"":3}"
43780156,"{""Old"":23093,""New"":23103,""Reason"":3}"
43780156,"{""Old"":23678,""New"":23688,""Reason"":3}"
43780156,"{""Old"":23913,""New"":23923,""Reason"":3}"
43780156,"{""Old"":25123,""New"":25133,""Reason"":3}"
43780156,"{""Old"":29123,""New"":29133,""Reason"":3}"
43780156,"{""Old"":29768,""New"":29778,""Reason"":3}"
43780156,"{""Old"":30593,""New"":30603,""Reason"":3}"
43780156,"{""Old"":31058,""New"":31068,""Reason"":3}"
43780156,"{""Old"":31413,""New"":31433,""Reason"":3}"
43780156,"{""Old"":31228,""New"":31248,""Reason"":3}"
43780156,"{""Old"":31578,""New"":31588,""Reason"":3}"
43780156,"{""Old"":31723,""New"":31733,""Reason"":3}"
43780156,"{""Old"":31883,""New"":31933,""Reason"":3}"
43780156,"{""Old"":35353,""New"":35383,""Reason"":3}"
43780156,"{""Old"":35638,""New"":35668,""Reason"":3}"
43780156,"{""Old"":37563,""New"":37573,""Reason"":3}"
43780156,"{""Old"":37813,""New"":37823,""Reason"":3}"
43780156,"{""Old"":39393,""New"":39403,""Reason"":3}"
43780156,"{""Old"":24713,""New"":24733,""Reason"":3}"
43780156,"{""Old"":26088,""New"":26098,""Reason"":3}"
43780156,"{""Old"":29113,""New"":29123,""Reason"":3}"
43780156,"{""Old"":31378,""New"":31388,""Reason"":3}"
43780156,"{""Old"":31733,""New"":31743,""Reason"":3}"
43780156,"{""Old"":36363,""New"":36383,""Reason"":3}"
43780156,"{""Old"":37143,""New"":37153,""Reason"":3}"
43780156,"{""Old"":37453,""New"":37463,""Reason"":3}"
43780156,"{""Old"":39413,""New"":39423,""Reason"":3}"
43780156,"{""Old"":2922,""New"":2924,""Reason"":3}"
43780156,"{""Old"":6410,""New"":6420,""Reason"":3}"
43780156,"{""Old"":6792,""New"":6802,""Reason"":3}"
43780156,"{""Old"":7992,""New"":8002,""Reason"":3}"
43780156,"{""Old"":10046,""New"":10056,""Reason"":3}"
43780156,"{""Old"":11760,""New"":11770,""Reason"":3}"
43780156,"{""Old"":12815,""New"":12817,""Reason"":3}"
43780156,"{""Old"":17161,""New"":17171,""Reason"":3}"
43780156,"{""Old"":18756,""New"":18786,""Reason"":3}"
43780156,"{""Old"":18946,""New"":18966,""Reason"":3}"
43780156,"{""Old"":20863,""New"":20873,""Reason"":3}"
79480736,"{""Old"":250,""New"":252,""Reason"":3}"
43780156,"{""Old"":22533,""New"":22553,""Reason"":3}"
43780156,"{""Old"":23158,""New"":23168,""Reason"":3}"
43780156,"{""Old"":24543,""New"":24553,""Reason"":3}"
43780156,"{""Old"":28998,""New"":29018,""Reason"":3}"
43780156,"{""Old"":29388,""New"":29418,""Reason"":3}"
43780156,"{""Old"":29798,""New"":29808,""Reason"":3}"
43780156,"{""Old"":32373,""New"":32393,""Reason"":3}"
43780156,"{""Old"":33303,""New"":33313,""Reason"":3}"
43780156,"{""Old"":36723,""New"":36743,""Reason"":3}"
43780156,"{""Old"":37473,""New"":37483,""Reason"":3}"
43780156,"{""Old"":2827,""New"":2857,""Reason"":3}"
43780156,"{""Old"":4921,""New"":4941,""Reason"":3}"
43780156,"{""Old"":5396,""New"":5406,""Reason"":3}"
43780156,"{""Old"":9516,""New"":9526,""Reason"":3}"
43780156,"{""Old"":10833,""New"":10853,""Reason"":3}"
43780156,"{""Old"":13447,""New"":13467,""Reason"":3}"
43780156,"{""Old"":13677,""New"":13687,""Reason"":3}"
43780156,"{""Old"":17431,""New"":17441,""Reason"":3}"
43780156,"{""Old"":19588,""New"":19598,""Reason"":3}"
79480736,"{""Old"":401,""New"":403,""Reason"":3}"
43780156,"{""Old"":39843,""New"":39853,""Reason"":3}"
41121780,"{""Old"":254,""New"":256,""Reason"":3}"
41121780,"{""Old"":252,""New"":254,""Reason"":3}"
24608076,"{""Old"":3231,""New"":3241,""Reason"":3}"
24608076,"{""Old"":3621,""New"":3623,""Reason"":3}"
85219672,"{""Old"":18303,""New"":18305,""Reason"":3}"
24608076,"{""Old"":3039,""New"":3041,""Reason"":3}"
24608076,"{""Old"":3903,""New"":3905,""Reason"":3}"
24608076,"{""Old"":4303,""New"":4305,""Reason"":3}"
23033741,"{""Old"":239,""New"":241,""Reason"":3}"
50681822,"{""Old"":433,""New"":435,""Reason"":3}"
50681822,"{""Old"":682,""New"":684,""Reason"":3}"
23563391,"{""Old"":932,""New"":934,""Reason"":3}"
33372137,"{""Old"":3368,""New"":3378,""Reason"":3}"
35216582,"{""Old"":29903,""New"":29905,""Reason"":3}"
35216582,"{""Old"":31030,""New"":31040,""Reason"":3}"
35216582,"{""Old"":31636,""New"":31646,""Reason"":3}"
35216582,"{""Old"":31212,""New"":31232,""Reason"":3}"
30344310,"{""Old"":2324,""New"":2334,""Reason"":3}"
23353445,"{""Old"":592,""New"":594,""Reason"":3}"
47061761,"{""Old"":1429,""New"":1431,""Reason"":3}"
44663519,"{""Old"":411,""New"":413,""Reason"":3}"
6865857,"{""Old"":3004,""New"":3006,""Reason"":3}"
83457219,"{""Old"":2091,""New"":2093,""Reason"":3}"
83457219,"{""Old"":2237,""New"":2239,""Reason"":3}"
35875544,"{""Old"":19970,""New"":19972,""Reason"":3}"
35875544,"{""Old"":20141,""New"":20143,""Reason"":3}"
47061761,"{""Old"":1645,""New"":1647,""Reason"":3}"
4239086,"{""Old"":3991,""New"":3993,""Reason"":3}"
4239086,"{""Old"":3903,""New"":3905,""Reason"":3}"
4239086,"{""Old"":4059,""New"":4061,""Reason"":3}"
4239086,"{""Old"":3810,""New"":3814,""Reason"":3}"
4239086,"{""Old"":4124,""New"":4128,""Reason"":3}"
71718548,"{""Old"":414,""New"":416,""Reason"":3}"
38095618,"{""Old"":79521,""New"":79531,""Reason"":3}"
32405736,"{""Old"":1266,""New"":1268,""Reason"":3}"
20302898,"{""Old"":2839,""New"":2841,""Reason"":3}"
20302898,"{""Old"":2909,""New"":2913,""Reason"":3}"
20302898,"{""Old"":2733,""New"":2743,""Reason"":3}"
17730425,"{""Old"":2714,""New"":2724,""Reason"":3}"
52436180,"{""Old"":378895,""New"":378905,""Reason"":3}"
70971660,"{""Old"":1142,""New"":1144,""Reason"":3}"
218151732,"{""Old"":2278,""New"":2280,""Reason"":3}"
218151732,"{""Old"":2308,""New"":2310,""Reason"":3}"
52436180,"{""Old"":384751,""New"":384761,""Reason"":3}"
23353445,"{""Old"":572,""New"":574,""Reason"":3}"
23353445,"{""Old"":409,""New"":411,""Reason"":3}"
23353445,"{""Old"":489,""New"":491,""Reason"":3}"
23353445,"{""Old"":578,""New"":588,""Reason"":3}"
28505678,"{""Old"":1037,""New"":1039,""Reason"":3}"
43996202,"{""Old"":96,""New"":98,""Reason"":3}"
53568722,"{""Old"":181,""New"":183,""Reason"":3}"
83457219,"{""Old"":2249,""New"":2251,""Reason"":3}"
83457219,"{""Old"":2388,""New"":2392,""Reason"":3}"
83457219,"{""Old"":2118,""New"":2120,""Reason"":3}"
83457219,"{""Old"":2408,""New"":2410,""Reason"":3}"
83457219,"{""Old"":2183,""New"":2185,""Reason"":3}"
83457219,"{""Old"":2213,""New"":2223,""Reason"":3}"
43780156,"{""Old"":5958,""New"":5968,""Reason"":3}"
43780156,"{""Old"":15371,""New"":15381,""Reason"":3}"
43780156,"{""Old"":17601,""New"":17621,""Reason"":3}"
43780156,"{""Old"":18116,""New"":18126,""Reason"":3}"
43780156,"{""Old"":18566,""New"":18586,""Reason"":3}"
43780156,"{""Old"":20983,""New"":21003,""Reason"":3}"
43780156,"{""Old"":21258,""New"":21268,""Reason"":3}"
43780156,"{""Old"":23778,""New"":23788,""Reason"":3}"
43780156,"{""Old"":24203,""New"":24213,""Reason"":3}"
43780156,"{""Old"":25143,""New"":25153,""Reason"":3}"
43780156,"{""Old"":27043,""New"":27053,""Reason"":3}"
43780156,"{""Old"":28678,""New"":28688,""Reason"":3}"
43780156,"{""Old"":30683,""New"":30703,""Reason"":3}"
43780156,"{""Old"":31458,""New"":31468,""Reason"":3}"
43780156,"{""Old"":32258,""New"":32268,""Reason"":3}"
43780156,"{""Old"":38713,""New"":38723,""Reason"":3}"
79480736,"{""Old"":677,""New"":679,""Reason"":3}"
79480736,"{""Old"":282,""New"":284,""Reason"":3}"
83457219,"{""Old"":2294,""New"":2304,""Reason"":3}"
83457219,"{""Old"":2404,""New"":2406,""Reason"":3}"
23353445,"{""Old"":550,""New"":552,""Reason"":3}"
50494222,"{""Old"":82287,""New"":82297,""Reason"":3}"
50494222,"{""Old"":82337,""New"":82347,""Reason"":3}"
4239086,"{""Old"":4104,""New"":4106,""Reason"":3}"
83457219,"{""Old"":2414,""New"":2416,""Reason"":3}"
83457219,"{""Old"":2104,""New"":2114,""Reason"":3}"
83457219,"{""Old"":2167,""New"":2169,""Reason"":3}"
83319984,"{""Old"":4501,""New"":4503,""Reason"":3}"
80491185,"{""Old"":4346,""New"":4356,""Reason"":3}"
27777369,"{""Old"":67216,""New"":67226,""Reason"":3}"
27777369,"{""Old"":66960,""New"":66970,""Reason"":3}"
52436180,"{""Old"":380910,""New"":380920,""Reason"":3}"
8883313,"{""Old"":1718,""New"":1720,""Reason"":3}"
8883313,"{""Old"":1741,""New"":1751,""Reason"":3}"
13533643,"{""Old"":3626,""New"":3636,""Reason"":3}"
31853290,"{""Old"":62,""New"":64,""Reason"":3}"
48073539,"{""Old"":2183,""New"":2189,""Reason"":3}"
79142355,"{""Old"":958,""New"":968,""Reason"":3}"
47061761,"{""Old"":1321,""New"":1323,""Reason"":3}"
47061761,"{""Old"":1117,""New"":1119,""Reason"":3}"
47061761,"{""Old"":1623,""New"":1625,""Reason"":3}"
47061761,"{""Old"":1680,""New"":1682,""Reason"":3}"
47061761,"{""Old"":1188,""New"":1198,""Reason"":3}"
47061761,"{""Old"":1383,""New"":1385,""Reason"":3}"
47061761,"{""Old"":1514,""New"":1516,""Reason"":3}"
47061761,"{""Old"":1564,""New"":1566,""Reason"":3}"
47061761,"{""Old"":1035,""New"":1037,""Reason"":3}"
43780156,"{""Old"":39713,""New"":39723,""Reason"":3}"
42284682,"{""Old"":885,""New"":887,""Reason"":3}"
79480736,"{""Old"":738,""New"":740,""Reason"":3}"
43780156,"{""Old"":23498,""New"":23508,""Reason"":3}"
43780156,"{""Old"":25268,""New"":25278,""Reason"":3}"
43780156,"{""Old"":29668,""New"":29678,""Reason"":3}"
43780156,"{""Old"":31118,""New"":31138,""Reason"":3}"
43780156,"{""Old"":33668,""New"":33698,""Reason"":3}"
43780156,"{""Old"":37683,""New"":37693,""Reason"":3}"
43780156,"{""Old"":38943,""New"":38963,""Reason"":3}"
43780156,"{""Old"":7402,""New"":7412,""Reason"":3}"
43780156,"{""Old"":10391,""New"":10393,""Reason"":3}"
43780156,"{""Old"":12330,""New"":12340,""Reason"":3}"
43780156,"{""Old"":13162,""New"":13182,""Reason"":3}"
43780156,"{""Old"":13962,""New"":13972,""Reason"":3}"
43780156,"{""Old"":17306,""New"":17316,""Reason"":3}"
43780156,"{""Old"":17221,""New"":17261,""Reason"":3}"
43780156,"{""Old"":19618,""New"":19628,""Reason"":3}"
43780156,"{""Old"":20173,""New"":20183,""Reason"":3}"
43780156,"{""Old"":21003,""New"":21013,""Reason"":3}"
43780156,"{""Old"":21828,""New"":21838,""Reason"":3}"
42284682,"{""Old"":871,""New"":873,""Reason"":3}"
43780156,"{""Old"":39653,""New"":39663,""Reason"":3}"
43780156,"{""Old"":6420,""New"":6430,""Reason"":3}"
43780156,"{""Old"":10186,""New"":10196,""Reason"":3}"
43780156,"{""Old"":14449,""New"":14459,""Reason"":3}"
43780156,"{""Old"":19858,""New"":19868,""Reason"":3}"
43780156,"{""Old"":21748,""New"":21758,""Reason"":3}"
43780156,"{""Old"":24048,""New"":24088,""Reason"":3}"
43780156,"{""Old"":24173,""New"":24193,""Reason"":3}"
43780156,"{""Old"":24923,""New"":24933,""Reason"":3}"
43780156,"{""Old"":28503,""New"":28513,""Reason"":3}"
43780156,"{""Old"":30078,""New"":30088,""Reason"":3}"
43780156,"{""Old"":30713,""New"":30733,""Reason"":3}"
43780156,"{""Old"":34898,""New"":34908,""Reason"":3}"
43780156,"{""Old"":35828,""New"":35848,""Reason"":3}"
43780156,"{""Old"":36713,""New"":36723,""Reason"":3}"
43780156,"{""Old"":38123,""New"":38173,""Reason"":3}"
79480736,"{""Old"":375,""New"":379,""Reason"":3}"
79480736,"{""Old"":455,""New"":457,""Reason"":3}"
43780156,"{""Old"":39793,""New"":39803,""Reason"":3}"
43780156,"{""Old"":23393,""New"":23413,""Reason"":3}"
43780156,"{""Old"":23748,""New"":23758,""Reason"":3}"
43780156,"{""Old"":24243,""New"":24263,""Reason"":3}"
43780156,"{""Old"":27863,""New"":27873,""Reason"":3}"
43780156,"{""Old"":27753,""New"":27763,""Reason"":3}"
43780156,"{""Old"":31078,""New"":31088,""Reason"":3}"
43780156,"{""Old"":31513,""New"":31543,""Reason"":3}"
43780156,"{""Old"":33213,""New"":33223,""Reason"":3}"
43780156,"{""Old"":34863,""New"":34873,""Reason"":3}"
43780156,"{""Old"":35973,""New"":35983,""Reason"":3}"
43780156,"{""Old"":38003,""New"":38033,""Reason"":3}"
43780156,"{""Old"":38563,""New"":38573,""Reason"":3}"
43780156,"{""Old"":38893,""New"":38903,""Reason"":3}"
43780156,"{""Old"":5001,""New"":5021,""Reason"":3}"
43780156,"{""Old"":6120,""New"":6130,""Reason"":3}"
43780156,"{""Old"":7892,""New"":7902,""Reason"":3}"
43780156,"{""Old"":8102,""New"":8122,""Reason"":3}"
43780156,"{""Old"":9801,""New"":9811,""Reason"":3}"
43780156,"{""Old"":10086,""New"":10096,""Reason"":3}"
43780156,"{""Old"":11035,""New"":11045,""Reason"":3}"
43780156,"{""Old"":13687,""New"":13707,""Reason"":3}"
43780156,"{""Old"":15781,""New"":15791,""Reason"":3}"
43780156,"{""Old"":17051,""New"":17071,""Reason"":3}"
43780156,"{""Old"":20403,""New"":20413,""Reason"":3}"
43780156,"{""Old"":21398,""New"":21408,""Reason"":3}"
83457219,"{""Old"":2094,""New"":2098,""Reason"":3}"
83457219,"{""Old"":2392,""New"":2394,""Reason"":3}"
43780156,"{""Old"":22878,""New"":22888,""Reason"":3}"
43780156,"{""Old"":26043,""New"":26063,""Reason"":3}"
43780156,"{""Old"":26208,""New"":26218,""Reason"":3}"
43780156,"{""Old"":29018,""New"":29028,""Reason"":3}"
43780156,"{""Old"":31188,""New"":31198,""Reason"":3}"
43780156,"{""Old"":36693,""New"":36703,""Reason"":3}"
43780156,"{""Old"":37443,""New"":37453,""Reason"":3}"
43780156,"{""Old"":37643,""New"":37653,""Reason"":3}"
43780156,"{""Old"":38073,""New"":38083,""Reason"":3}"
43780156,"{""Old"":38903,""New"":38913,""Reason"":3}"
43780156,"{""Old"":4336,""New"":4346,""Reason"":3}"
43780156,"{""Old"":5241,""New"":5251,""Reason"":3}"
43780156,"{""Old"":7392,""New"":7402,""Reason"":3}"
43780156,"{""Old"":8709,""New"":8759,""Reason"":3}"
43780156,"{""Old"":9841,""New"":9851,""Reason"":3}"
43780156,"{""Old"":12155,""New"":12165,""Reason"":3}"
43780156,"{""Old"":20098,""New"":20138,""Reason"":3}"
43780156,"{""Old"":21298,""New"":21308,""Reason"":3}"
79480736,"{""Old"":534,""New"":538,""Reason"":3}"
43780156,"{""Old"":2236,""New"":2246,""Reason"":3}"
70315956,"{""Old"":823,""New"":825,""Reason"":3}"
70971660,"{""Old"":1205,""New"":1209,""Reason"":3}"
73660558,"{""Old"":2257,""New"":2267,""Reason"":3}"
73660558,"{""Old"":2559,""New"":2561,""Reason"":3}"
202863679,"{""Old"":1278,""New"":1288,""Reason"":3}"
29350329,"{""Old"":170,""New"":172,""Reason"":3}"
8654505,"{""Old"":481,""New"":483,""Reason"":3}"
200690715,"{""Old"":374,""New"":376,""Reason"":3}"
20302898,"{""Old"":2808,""New"":2810,""Reason"":3}"
9083671,"{""Old"":1201,""New"":1203,""Reason"":3}"
28562228,"{""Old"":233,""New"":235,""Reason"":3}"
49831730,"{""Old"":781,""New"":783,""Reason"":3}"
208910409,"{""Old"":701,""New"":703,""Reason"":3}"
208910409,"{""Old"":772,""New"":774,""Reason"":3}"
9428992,"{""Old"":909,""New"":911,""Reason"":3}"
13755035,"{""Old"":125,""New"":127,""Reason"":3}"
43351980,"{""Old"":15526,""New"":15536,""Reason"":3}"
40712395,"{""Old"":667,""New"":669,""Reason"":3}"
55522266,"{""Old"":545,""New"":547,""Reason"":3}"
25599199,"{""Old"":1174,""New"":1176,""Reason"":3}"
215520292,"{""Old"":316999,""New"":317039,""Reason"":3}"
215520292,"{""Old"":315465,""New"":315485,""Reason"":3}"
215520292,"{""Old"":315298,""New"":315308,""Reason"":3}"
215520292,"{""Old"":316262,""New"":316272,""Reason"":3}"
44510856,"{""Old"":1618,""New"":1620,""Reason"":3}"
8873732,"{""Old"":25088,""New"":25092,""Reason"":3}"
8873732,"{""Old"":25230,""New"":25232,""Reason"":3}"
71227328,"{""Old"":344,""New"":350,""Reason"":3}"
64771681,"{""Old"":2957,""New"":2967,""Reason"":3}"
50494222,"{""Old"":82075,""New"":82085,""Reason"":3}"
50494222,"{""Old"":81527,""New"":81537,""Reason"":3}"
50494222,"{""Old"":81905,""New"":81915,""Reason"":3}"
80758401,"{""Old"":6383,""New"":6393,""Reason"":3}"
80758401,"{""Old"":6393,""New"":6395,""Reason"":3}"
73660558,"{""Old"":1629,""New"":1649,""Reason"":3}"
40247006,"{""Old"":1338,""New"":1340,""Reason"":3}"
35614624,"{""Old"":169,""New"":171,""Reason"":3}"
85219672,"{""Old"":16019,""New"":16029,""Reason"":3}"
85219672,"{""Old"":16699,""New"":16701,""Reason"":3}"
85219672,"{""Old"":17239,""New"":17241,""Reason"":3}"
80246621,"{""Old"":836,""New"":838,""Reason"":3}"
4405013,"{""Old"":571,""New"":573,""Reason"":3}"
80246621,"{""Old"":857,""New"":859,""Reason"":3}"
80246621,"{""Old"":870,""New"":872,""Reason"":3}"
120308116,"{""Old"":1144,""New"":1154,""Reason"":3}"
27777369,"{""Old"":634,""New"":636,""Reason"":3}"
35216582,"{""Old"":31566,""New"":31576,""Reason"":3}"
17730425,"{""Old"":2528,""New"":2530,""Reason"":3}"
17730425,"{""Old"":2884,""New"":2886,""Reason"":3}"
17730425,"{""Old"":2989,""New"":2991,""Reason"":3}"
84303672,"{""Old"":9815,""New"":9817,""Reason"":3}"
86281742,"{""Old"":1197,""New"":1207,""Reason"":3}"
44663519,"{""Old"":567,""New"":577,""Reason"":3}"
44931151,"{""Old"":82272,""New"":82274,""Reason"":3}"
44931151,"{""Old"":83028,""New"":83038,""Reason"":3}"
44931151,"{""Old"":82924,""New"":82926,""Reason"":3}"
44931151,"{""Old"":84195,""New"":84205,""Reason"":3}"
9442327,"{""Old"":70,""New"":72,""Reason"":3}"
9442327,"{""Old"":92,""New"":96,""Reason"":3}"
9442327,"{""Old"":198,""New"":200,""Reason"":3}"
44931151,"{""Old"":84619,""New"":84629,""Reason"":3}"
44931151,"{""Old"":83400,""New"":83430,""Reason"":3}"
46446795,"{""Old"":2965,""New"":2975,""Reason"":3}"
83319984,"{""Old"":4491,""New"":4501,""Reason"":3}"
6865857,"{""Old"":3334,""New"":3336,""Reason"":3}"
6865857,"{""Old"":3338,""New"":3340,""Reason"":3}"
9130127,"{""Old"":154,""New"":156,""Reason"":3}"
46446795,"{""Old"":2879,""New"":2899,""Reason"":3}"
9130127,"{""Old"":148,""New"":150,""Reason"":3}"
30344310,"{""Old"":2200,""New"":2210,""Reason"":3}"
50494222,"{""Old"":81719,""New"":81729,""Reason"":3}"
50494222,"{""Old"":81751,""New"":81761,""Reason"":3}"
50494222,"{""Old"":82567,""New"":82577,""Reason"":3}"
5058136,"{""Old"":4557,""New"":4559,""Reason"":3}"
38095618,"{""Old"":78284,""New"":78286,""Reason"":3}"
23353445,"{""Old"":482,""New"":484,""Reason"":3}"
50494222,"{""Old"":81447,""New"":81457,""Reason"":3}"
50494222,"{""Old"":81925,""New"":81935,""Reason"":3}"
50494222,"{""Old"":82107,""New"":82117,""Reason"":3}"
38095618,"{""Old"":78641,""New"":78647,""Reason"":3}"
38095618,"{""Old"":78575,""New"":78577,""Reason"":3}"
38095618,"{""Old"":78585,""New"":78587,""Reason"":3}"
38095618,"{""Old"":78758,""New"":78760,""Reason"":3}"
38095618,"{""Old"":79253,""New"":79263,""Reason"":3}"
38095618,"{""Old"":79695,""New"":79705,""Reason"":3}"
38095618,"{""Old"":80117,""New"":80127,""Reason"":3}"
38095618,"{""Old"":80007,""New"":80017,""Reason"":3}"
6868129,"{""Old"":1314,""New"":1316,""Reason"":3}"
46662749,"{""Old"":2232,""New"":2234,""Reason"":3}"
63778994,"{""Old"":360515,""New"":360525,""Reason"":3}"
63778994,"{""Old"":361076,""New"":361086,""Reason"":3}"
63778994,"{""Old"":361503,""New"":361513,""Reason"":3}"
63778994,"{""Old"":362477,""New"":362487,""Reason"":3}"
63778994,"{""Old"":366612,""New"":366622,""Reason"":3}"
42817421,"{""Old"":2376,""New"":2378,""Reason"":3}"
65661392,"{""Old"":5338,""New"":5340,""Reason"":3}"
48205250,"{""Old"":4626,""New"":4628,""Reason"":3}"
48205250,"{""Old"":4202,""New"":4204,""Reason"":3}"
65582555,"{""Old"":69,""New"":71,""Reason"":3}"
26480103,"{""Old"":581,""New"":583,""Reason"":3}"
81856946,"{""Old"":943,""New"":945,""Reason"":3}"
81856946,"{""Old"":962,""New"":964,""Reason"":3}"
81856946,"{""Old"":1128,""New"":1130,""Reason"":3}"
81856946,"{""Old"":475,""New"":477,""Reason"":3}"
81856946,"{""Old"":517,""New"":519,""Reason"":3}"
79782981,"{""Old"":5763,""New"":5765,""Reason"":3}"
79782981,"{""Old"":8063,""New"":8073,""Reason"":3}"
79782981,"{""Old"":8094,""New"":8104,""Reason"":3}"
17655371,"{""Old"":414,""New"":416,""Reason"":3}"
17655371,"{""Old"":889,""New"":899,""Reason"":3}"
26480103,"{""Old"":169,""New"":171,""Reason"":3}"
37781144,"{""Old"":388,""New"":390,""Reason"":3}"
79782981,"{""Old"":8536,""New"":8546,""Reason"":3}"
59065012,"{""Old"":234,""New"":236,""Reason"":3}"
208990330,"{""Old"":188,""New"":190,""Reason"":3}"
23033741,"{""Old"":199,""New"":201,""Reason"":3}"
35875544,"{""Old"":22502,""New"":22512,""Reason"":3}"
66273046,"{""Old"":158,""New"":160,""Reason"":3}"
4980186,"{""Old"":3330,""New"":3340,""Reason"":3}"
71227328,"{""Old"":351,""New"":353,""Reason"":3}"
47239784,"{""Old"":1146,""New"":1148,""Reason"":3}"
59065012,"{""Old"":232,""New"":234,""Reason"":3}"
23033741,"{""Old"":419,""New"":421,""Reason"":3}"
24608076,"{""Old"":3103,""New"":3105,""Reason"":3}"
24608076,"{""Old"":3241,""New"":3261,""Reason"":3}"
24608076,"{""Old"":3219,""New"":3229,""Reason"":3}"
24608076,"{""Old"":3645,""New"":3655,""Reason"":3}"
24608076,"{""Old"":3745,""New"":3755,""Reason"":3}"
24608076,"{""Old"":3955,""New"":3965,""Reason"":3}"
24608076,"{""Old"":4079,""New"":4089,""Reason"":3}"
24608076,"{""Old"":4467,""New"":4477,""Reason"":3}"
38319980,"{""Old"":81670,""New"":81672,""Reason"":3}"
20440680,"{""Old"":3393,""New"":3395,""Reason"":3}"
38095618,"{""Old"":79073,""New"":79075,""Reason"":3}"
38095618,"{""Old"":79563,""New"":79573,""Reason"":3}"
38095618,"{""Old"":79551,""New"":79553,""Reason"":3}"
38095618,"{""Old"":78637,""New"":78639,""Reason"":3}"
38095618,"{""Old"":79105,""New"":79107,""Reason"":3}"
38095618,"{""Old"":79685,""New"":79695,""Reason"":3}"
38095618,"{""Old"":79531,""New"":79541,""Reason"":3}"
38095618,"{""Old"":78415,""New"":78417,""Reason"":3}"
38095618,"{""Old"":79231,""New"":79233,""Reason"":3}"
4239086,"{""Old"":3455,""New"":3457,""Reason"":3}"
74426538,"{""Old"":2142,""New"":2144,""Reason"":3}"
50494222,"{""Old"":82857,""New"":82867,""Reason"":3}"
41040836,"{""Old"":550,""New"":552,""Reason"":3}"
41040836,"{""Old"":564,""New"":566,""Reason"":3}"
44931151,"{""Old"":82172,""New"":82174,""Reason"":3}"
44931151,"{""Old"":83148,""New"":83158,""Reason"":3}"
44931151,"{""Old"":83258,""New"":83260,""Reason"":3}"
44931151,"{""Old"":83310,""New"":83320,""Reason"":3}"
9442327,"{""Old"":187,""New"":189,""Reason"":3}"
9442327,"{""Old"":119,""New"":121,""Reason"":3}"
9442327,"{""Old"":173,""New"":175,""Reason"":3}"
9442327,"{""Old"":171,""New"":173,""Reason"":3}"
200690715,"{""Old"":395,""New"":397,""Reason"":3}"
9083671,"{""Old"":1209,""New"":1213,""Reason"":3}"
40712395,"{""Old"":590,""New"":592,""Reason"":3}"
208910409,"{""Old"":632,""New"":634,""Reason"":3}"
13755035,"{""Old"":279,""New"":281,""Reason"":3}"
16303419,"{""Old"":65732,""New"":65742,""Reason"":3}"
16303419,"{""Old"":66058,""New"":66068,""Reason"":3}"
16303419,"{""Old"":67005,""New"":67015,""Reason"":3}"
16303419,"{""Old"":73177,""New"":73187,""Reason"":3}"
16303419,"{""Old"":74014,""New"":74024,""Reason"":3}"
38319980,"{""Old"":82387,""New"":82389,""Reason"":3}"
38319980,"{""Old"":81256,""New"":81258,""Reason"":3}"
13533643,"{""Old"":470,""New"":472,""Reason"":3}"
69442044,"{""Old"":328,""New"":330,""Reason"":3}"
44481882,"{""Old"":749,""New"":751,""Reason"":3}"
44481882,"{""Old"":646,""New"":648,""Reason"":3}"
44481882,"{""Old"":667,""New"":669,""Reason"":3}"
80758401,"{""Old"":6465,""New"":6475,""Reason"":3}"
40247006,"{""Old"":1385,""New"":1387,""Reason"":3}"
55522266,"{""Old"":555,""New"":557,""Reason"":3}"
27777369,"{""Old"":67169,""New"":67179,""Reason"":3}"
8873732,"{""Old"":24885,""New"":24887,""Reason"":3}"
8873732,"{""Old"":25096,""New"":25098,""Reason"":3}"
8873732,"{""Old"":25136,""New"":25138,""Reason"":3}"
20302898,"{""Old"":2649,""New"":2651,""Reason"":3}"
29350329,"{""Old"":126,""New"":128,""Reason"":3}"
29350329,"{""Old"":190,""New"":192,""Reason"":3}"
31853290,"{""Old"":70,""New"":72,""Reason"":3}"
31853290,"{""Old"":51,""New"":53,""Reason"":3}"
11129004,"{""Old"":2149,""New"":2151,""Reason"":3}"
11129004,"{""Old"":2490,""New"":2500,""Reason"":3}"
11129004,"{""Old"":2167,""New"":2169,""Reason"":3}"
14365010,"{""Old"":450,""New"":452,""Reason"":3}"
85219672,"{""Old"":13142,""New"":13144,""Reason"":3}"
298627,"{""Old"":166,""New"":168,""Reason"":3}"
10586403,"{""Old"":2784,""New"":2794,""Reason"":3}"
80653261,"{""Old"":855,""New"":857,""Reason"":3}"
83788628,"{""Old"":423,""New"":425,""Reason"":3}"
83788628,"{""Old"":379,""New"":381,""Reason"":3}"
6615671,"{""Old"":1089,""New"":1091,""Reason"":3}"
58261482,"{""Old"":1231,""New"":1233,""Reason"":3}"
81856946,"{""Old"":1298,""New"":1300,""Reason"":3}"
9076256,"{""Old"":737,""New"":739,""Reason"":3}"
215520292,"{""Old"":316232,""New"":316262,""Reason"":3}"
215520292,"{""Old"":316979,""New"":316999,""Reason"":3}"
80491185,"{""Old"":5179,""New"":5181,""Reason"":3}"
80491185,"{""Old"":4884,""New"":4886,""Reason"":3}"
8873732,"{""Old"":25049,""New"":25051,""Reason"":3}"
8873732,"{""Old"":25252,""New"":25254,""Reason"":3}"
219535131,"{""Old"":19701,""New"":19703,""Reason"":3}"
8873732,"{""Old"":24997,""New"":25007,""Reason"":3}"
8873732,"{""Old"":25098,""New"":25100,""Reason"":3}"
8873732,"{""Old"":25198,""New"":25200,""Reason"":3}"
8873732,"{""Old"":25254,""New"":25256,""Reason"":3}"
8873732,"{""Old"":25009,""New"":25011,""Reason"":3}"
8873732,"{""Old"":25070,""New"":25080,""Reason"":3}"
8873732,"{""Old"":25122,""New"":25124,""Reason"":3}"
8873732,"{""Old"":25132,""New"":25134,""Reason"":3}"
8873732,"{""Old"":25202,""New"":25204,""Reason"":3}"
53038420,"{""Old"":245,""New"":247,""Reason"":3}"
8883313,"{""Old"":1518,""New"":1520,""Reason"":3}"
8883313,"{""Old"":1352,""New"":1354,""Reason"":3}"
32002545,"{""Old"":434,""New"":436,""Reason"":3}"
32002545,"{""Old"":553,""New"":555,""Reason"":3}"
32002545,"{""Old"":213,""New"":215,""Reason"":3}"
208910409,"{""Old"":797,""New"":799,""Reason"":3}"
208910409,"{""Old"":416,""New"":418,""Reason"":3}"
208910409,"{""Old"":314,""New"":324,""Reason"":3}"
9428992,"{""Old"":911,""New"":913,""Reason"":3}"
208910409,"{""Old"":658,""New"":660,""Reason"":3}"
40712395,"{""Old"":608,""New"":610,""Reason"":3}"
208910409,"{""Old"":281,""New"":283,""Reason"":3}"
79782981,"{""Old"":5204,""New"":5214,""Reason"":3}"
79782981,"{""Old"":5370,""New"":5380,""Reason"":3}"
79782981,"{""Old"":6818,""New"":6820,""Reason"":3}"
79782981,"{""Old"":7225,""New"":7235,""Reason"":3}"
79782981,"{""Old"":3436,""New"":3438,""Reason"":3}"
79782981,"{""Old"":3539,""New"":3549,""Reason"":3}"
79782981,"{""Old"":3556,""New"":3558,""Reason"":3}"
79782981,"{""Old"":3115,""New"":3117,""Reason"":3}"
81856946,"{""Old"":1354,""New"":1356,""Reason"":3}"
211423534,"{""Old"":42852,""New"":42862,""Reason"":3}"
211423534,"{""Old"":43086,""New"":43096,""Reason"":3}"
7378760,"{""Old"":145148,""New"":145150,""Reason"":3}"
23305159,"{""Old"":702,""New"":704,""Reason"":3}"
46662749,"{""Old"":2169,""New"":2171,""Reason"":3}"
37744135,"{""Old"":29266,""New"":29268,""Reason"":3}"
37744135,"{""Old"":29306,""New"":29308,""Reason"":3}"
37744135,"{""Old"":28223,""New"":28233,""Reason"":3}"
37744135,"{""Old"":29260,""New"":29264,""Reason"":3}"
9692226,"{""Old"":1778,""New"":1780,""Reason"":3}"
48205250,"{""Old"":4605,""New"":4607,""Reason"":3}"
38308190,"{""Old"":1141,""New"":1143,""Reason"":3}"
9692226,"{""Old"":1731,""New"":1733,""Reason"":3}"
9692226,"{""Old"":1826,""New"":1828,""Reason"":3}"
9692226,"{""Old"":1741,""New"":1743,""Reason"":3}"
9692226,"{""Old"":1755,""New"":1757,""Reason"":3}"
9692226,"{""Old"":1930,""New"":1932,""Reason"":3}"
65661392,"{""Old"":5352,""New"":5354,""Reason"":3}"
79782981,"{""Old"":3052,""New"":3054,""Reason"":3}"
79782981,"{""Old"":3103,""New"":3105,""Reason"":3}"
79782981,"{""Old"":3107,""New"":3109,""Reason"":3}"
79782981,"{""Old"":8810,""New"":8820,""Reason"":3}"
16303419,"{""Old"":68931,""New"":68941,""Reason"":3}"
16303419,"{""Old"":72482,""New"":72502,""Reason"":3}"
16303419,"{""Old"":74564,""New"":74574,""Reason"":3}"
13755035,"{""Old"":206,""New"":208,""Reason"":3}"
13755035,"{""Old"":204,""New"":206,""Reason"":3}"
16303419,"{""Old"":66038,""New"":66048,""Reason"":3}"
16303419,"{""Old"":70510,""New"":70530,""Reason"":3}"
16303419,"{""Old"":71017,""New"":71027,""Reason"":3}"
16303419,"{""Old"":72522,""New"":72542,""Reason"":3}"
84303672,"{""Old"":9873,""New"":9875,""Reason"":3}"
46290546,"{""Old"":7722,""New"":7732,""Reason"":3}"
46290546,"{""Old"":7662,""New"":7672,""Reason"":3}"
83788628,"{""Old"":413,""New"":415,""Reason"":3}"
4239086,"{""Old"":3416,""New"":3418,""Reason"":3}"
4239086,"{""Old"":3481,""New"":3483,""Reason"":3}"
4239086,"{""Old"":3728,""New"":3730,""Reason"":3}"
4239086,"{""Old"":3897,""New"":3899,""Reason"":3}"
38319980,"{""Old"":81266,""New"":81268,""Reason"":3}"
38319980,"{""Old"":81676,""New"":81678,""Reason"":3}"
38319980,"{""Old"":81916,""New"":81918,""Reason"":3}"
38319980,"{""Old"":81970,""New"":81980,""Reason"":3}"
38319980,"{""Old"":82325,""New"":82335,""Reason"":3}"
48073539,"{""Old"":2340,""New"":2344,""Reason"":3}"
84957257,"{""Old"":16217,""New"":16227,""Reason"":3}"
84957257,"{""Old"":16763,""New"":16773,""Reason"":3}"
39687811,"{""Old"":624,""New"":626,""Reason"":3}"
16303419,"{""Old"":73607,""New"":73617,""Reason"":3}"
16303419,"{""Old"":74534,""New"":74544,""Reason"":3}"
16303419,"{""Old"":77691,""New"":77693,""Reason"":3}"
13755035,"{""Old"":295,""New"":297,""Reason"":3}"
35875544,"{""Old"":31249,""New"":31251,""Reason"":3}"
35875544,"{""Old"":31439,""New"":31441,""Reason"":3}"
40712395,"{""Old"":973,""New"":975,""Reason"":3}"
16303419,"{""Old"":65702,""New"":65712,""Reason"":3}"
16303419,"{""Old"":65772,""New"":65782,""Reason"":3}"
16303419,"{""Old"":72017,""New"":72027,""Reason"":3}"
35875544,"{""Old"":31301,""New"":31303,""Reason"":3}"
42367164,"{""Old"":1376,""New"":1378,""Reason"":3}"
42367164,"{""Old"":2087,""New"":2089,""Reason"":3}"
42367164,"{""Old"":1112,""New"":1122,""Reason"":3}"
42367164,"{""Old"":2077,""New"":2079,""Reason"":3}"
4980186,"{""Old"":2937,""New"":2947,""Reason"":3}"
66273046,"{""Old"":156,""New"":158,""Reason"":3}"
4980186,"{""Old"":3430,""New"":3440,""Reason"":3}"
56262169,"{""Old"":163,""New"":165,""Reason"":3}"
64771681,"{""Old"":2897,""New"":2907,""Reason"":3}"
57851814,"{""Old"":739,""New"":741,""Reason"":3}"
57851814,"{""Old"":741,""New"":743,""Reason"":3}"
7658111,"{""Old"":8774,""New"":8776,""Reason"":3}"
42367164,"{""Old"":2125,""New"":2127,""Reason"":3}"
39687811,"{""Old"":199,""New"":201,""Reason"":3}"
38749156,"{""Old"":386,""New"":388,""Reason"":3}"
28562228,"{""Old"":172,""New"":174,""Reason"":3}"
62448257,"{""Old"":2288,""New"":2290,""Reason"":3}"
40712395,"{""Old"":1127,""New"":1129,""Reason"":3}"
24196485,"{""Old"":40252,""New"":40254,""Reason"":3}"
40712395,"{""Old"":969,""New"":971,""Reason"":3}"
215520292,"{""Old"":318096,""New"":318106,""Reason"":3}"
80491185,"{""Old"":4658,""New"":4660,""Reason"":3}"
80491185,"{""Old"":4684,""New"":4686,""Reason"":3}"
215520292,"{""Old"":313997,""New"":314037,""Reason"":3}"
215520292,"{""Old"":315258,""New"":315298,""Reason"":3}"
215520292,"{""Old"":315435,""New"":315465,""Reason"":3}"
215520292,"{""Old"":314221,""New"":314231,""Reason"":3}"
215520292,"{""Old"":316804,""New"":316874,""Reason"":3}"
215520292,"{""Old"":315169,""New"":315171,""Reason"":3}"
215520292,"{""Old"":315862,""New"":315882,""Reason"":3}"
215520292,"{""Old"":317381,""New"":317431,""Reason"":3}"
8873732,"{""Old"":24889,""New"":24891,""Reason"":3}"
80491185,"{""Old"":4586,""New"":4588,""Reason"":3}"
80491185,"{""Old"":4782,""New"":4784,""Reason"":3}"
215520292,"{""Old"":314670,""New"":314680,""Reason"":3}"
215520292,"{""Old"":316552,""New"":316572,""Reason"":3}"
48056970,"{""Old"":1041,""New"":1043,""Reason"":3}"
27777369,"{""Old"":66615,""New"":66617,""Reason"":3}"
48056970,"{""Old"":980,""New"":990,""Reason"":3}"
48056970,"{""Old"":892,""New"":894,""Reason"":3}"
48056970,"{""Old"":1103,""New"":1105,""Reason"":3}"
44510856,"{""Old"":1440,""New"":1442,""Reason"":3}"
44510856,"{""Old"":1492,""New"":1494,""Reason"":3}"
48056970,"{""Old"":924,""New"":926,""Reason"":3}"
48056970,"{""Old"":943,""New"":945,""Reason"":3}"
48056970,"{""Old"":1083,""New"":1085,""Reason"":3}"
8873732,"{""Old"":25017,""New"":25021,""Reason"":3}"
9076256,"{""Old"":709,""New"":719,""Reason"":3}"
48056970,"{""Old"":928,""New"":930,""Reason"":3}"
48056970,"{""Old"":1063,""New"":1065,""Reason"":3}"
48056970,"{""Old"":1095,""New"":1097,""Reason"":3}"
38749156,"{""Old"":308,""New"":310,""Reason"":3}"
35875544,"{""Old"":19989,""New"":19991,""Reason"":3}"
32281739,"{""Old"":3477,""New"":3479,""Reason"":3}"
8257034,"{""Old"":3409,""New"":3411,""Reason"":3}"
57851814,"{""Old"":645,""New"":647,""Reason"":3}"
57851814,"{""Old"":672,""New"":674,""Reason"":3}"
205211705,"{""Old"":3263,""New"":3265,""Reason"":3}"
35875544,"{""Old"":31371,""New"":31381,""Reason"":3}"
35875544,"{""Old"":31453,""New"":31463,""Reason"":3}"
17730425,"{""Old"":2830,""New"":2840,""Reason"":3}"
40712395,"{""Old"":619,""New"":621,""Reason"":3}"
32389590,"{""Old"":367,""New"":371,""Reason"":3}"
32002545,"{""Old"":219,""New"":229,""Reason"":3}"
84957257,"{""Old"":17235,""New"":17255,""Reason"":3}"
47061761,"{""Old"":806,""New"":808,""Reason"":3}"
47061761,"{""Old"":1717,""New"":1719,""Reason"":3}"
85601968,"{""Old"":72,""New"":74,""Reason"":3}"
26453322,"{""Old"":33458,""New"":33460,""Reason"":3}"
8873732,"{""Old"":25068,""New"":25070,""Reason"":3}"
8873732,"{""Old"":25092,""New"":25094,""Reason"":3}"
27777369,"{""Old"":67129,""New"":67139,""Reason"":3}"
44510856,"{""Old"":1526,""New"":1528,""Reason"":3}"
48056970,"{""Old"":884,""New"":886,""Reason"":3}"
48056970,"{""Old"":1111,""New"":1121,""Reason"":3}"
48056970,"{""Old"":998,""New"":1000,""Reason"":3}"
44510856,"{""Old"":1550,""New"":1560,""Reason"":3}"
215520292,"{""Old"":314872,""New"":314902,""Reason"":3}"
215520292,"{""Old"":315882,""New"":315892,""Reason"":3}"
80491185,"{""Old"":4564,""New"":4566,""Reason"":3}"
80491185,"{""Old"":4816,""New"":4818,""Reason"":3}"
80491185,"{""Old"":4469,""New"":4471,""Reason"":3}"
81856946,"{""Old"":583,""New"":585,""Reason"":3}"
81856946,"{""Old"":818,""New"":820,""Reason"":3}"
79782981,"{""Old"":3221,""New"":3223,""Reason"":3}"
79782981,"{""Old"":3028,""New"":3038,""Reason"":3}"
79782981,"{""Old"":3054,""New"":3056,""Reason"":3}"
79782981,"{""Old"":8556,""New"":8566,""Reason"":3}"
79782981,"{""Old"":8578,""New"":8588,""Reason"":3}"
79782981,"{""Old"":8606,""New"":8616,""Reason"":3}"
79782981,"{""Old"":9254,""New"":9264,""Reason"":3}"
81856946,"{""Old"":559,""New"":561,""Reason"":3}"
81856946,"{""Old"":453,""New"":455,""Reason"":3}"
79782981,"{""Old"":9019,""New"":9029,""Reason"":3}"
79782981,"{""Old"":3759,""New"":3761,""Reason"":3}"
81856946,"{""Old"":1230,""New"":1232,""Reason"":3}"
81856946,"{""Old"":950,""New"":952,""Reason"":3}"
81856946,"{""Old"":843,""New"":845,""Reason"":3}"
79782981,"{""Old"":8646,""New"":8650,""Reason"":3}"
79782981,"{""Old"":9234,""New"":9244,""Reason"":3}"
56756635,"{""Old"":3002,""New"":3004,""Reason"":3}"
79782981,"{""Old"":5949,""New"":5959,""Reason"":3}"
79782981,"{""Old"":6870,""New"":6880,""Reason"":3}"
79782981,"{""Old"":8023,""New"":8033,""Reason"":3}"
9692226,"{""Old"":1733,""New"":1735,""Reason"":3}"
9692226,"{""Old"":1801,""New"":1803,""Reason"":3}"
9692226,"{""Old"":2005,""New"":2007,""Reason"":3}"
37744135,"{""Old"":29334,""New"":29336,""Reason"":3}"
81856946,"{""Old"":445,""New"":447,""Reason"":3}"
81856946,"{""Old"":468,""New"":470,""Reason"":3}"
47061761,"{""Old"":1339,""New"":1341,""Reason"":3}"
47061761,"{""Old"":1401,""New"":1403,""Reason"":3}"
47061761,"{""Old"":1553,""New"":1555,""Reason"":3}"
47061761,"{""Old"":1573,""New"":1575,""Reason"":3}"
47061761,"{""Old"":1310,""New"":1312,""Reason"":3}"
202176747,"{""Old"":114895,""New"":114897,""Reason"":3}"
202176747,"{""Old"":114947,""New"":114957,""Reason"":3}"
202176747,"{""Old"":114957,""New"":114967,""Reason"":3}"
202176747,"{""Old"":115107,""New"":115117,""Reason"":3}"
62553613,"{""Old"":10823,""New"":10825,""Reason"":3}"
42367164,"{""Old"":1380,""New"":1382,""Reason"":3}"
42367164,"{""Old"":2027,""New"":2029,""Reason"":3}"
71227328,"{""Old"":358,""New"":360,""Reason"":3}"
4980186,"{""Old"":3304,""New"":3314,""Reason"":3}"
4980186,"{""Old"":3318,""New"":3320,""Reason"":3}"
7658111,"{""Old"":8776,""New"":8778,""Reason"":3}"
47061761,"{""Old"":757,""New"":759,""Reason"":3}"
47061761,"{""Old"":1480,""New"":1490,""Reason"":3}"
47061761,"{""Old"":824,""New"":826,""Reason"":3}"
47061761,"{""Old"":1796,""New"":1798,""Reason"":3}"
47061761,"{""Old"":1802,""New"":1804,""Reason"":3}"
38319980,"{""Old"":81644,""New"":81646,""Reason"":3}"
38319980,"{""Old"":81888,""New"":81890,""Reason"":3}"
38319980,"{""Old"":80724,""New"":80726,""Reason"":3}"
38319980,"{""Old"":81455,""New"":81457,""Reason"":3}"
38319980,"{""Old"":81948,""New"":81958,""Reason"":3}"
23305159,"{""Old"":562,""New"":564,""Reason"":3}"
46662749,"{""Old"":2044,""New"":2046,""Reason"":3}"
46662749,"{""Old"":2203,""New"":2205,""Reason"":3}"
46662749,"{""Old"":2318,""New"":2320,""Reason"":3}"
23305159,"{""Old"":261,""New"":263,""Reason"":3}"
23305159,"{""Old"":335,""New"":337,""Reason"":3}"
26480103,"{""Old"":286,""New"":288,""Reason"":3}"
58261482,"{""Old"":1240,""New"":1250,""Reason"":3}"
6615671,"{""Old"":963,""New"":965,""Reason"":3}"
58261482,"{""Old"":1198,""New"":1200,""Reason"":3}"
58261482,"{""Old"":1218,""New"":1220,""Reason"":3}"
6615671,"{""Old"":1062,""New"":1064,""Reason"":3}"
6615671,"{""Old"":1021,""New"":1025,""Reason"":3}"
19970226,"{""Old"":92,""New"":94,""Reason"":3}"
58261482,"{""Old"":1557,""New"":1567,""Reason"":3}"
37781144,"{""Old"":323,""New"":325,""Reason"":3}"
63778994,"{""Old"":362062,""New"":362082,""Reason"":3}"
63778994,"{""Old"":365472,""New"":365482,""Reason"":3}"
6615671,"{""Old"":1114,""New"":1124,""Reason"":3}"
26186173,"{""Old"":146,""New"":148,""Reason"":3}"
202176747,"{""Old"":115097,""New"":115107,""Reason"":3}"
202176747,"{""Old"":115271,""New"":115281,""Reason"":3}"
42367164,"{""Old"":970,""New"":972,""Reason"":3}"
42367164,"{""Old"":1805,""New"":1811,""Reason"":3}"
42367164,"{""Old"":1977,""New"":1987,""Reason"":3}"
42367164,"{""Old"":1995,""New"":1997,""Reason"":3}"
47061761,"{""Old"":1780,""New"":1782,""Reason"":3}"
47061761,"{""Old"":1784,""New"":1786,""Reason"":3}"
47061761,"{""Old"":1636,""New"":1638,""Reason"":3}"
47061761,"{""Old"":744,""New"":746,""Reason"":3}"
210993055,"{""Old"":56512,""New"":56522,""Reason"":3}"
208990330,"{""Old"":204,""New"":206,""Reason"":3}"
59065012,"{""Old"":242,""New"":244,""Reason"":3}"
11129004,"{""Old"":2435,""New"":2437,""Reason"":3}"
24608076,"{""Old"":4919,""New"":4929,""Reason"":3}"
24608076,"{""Old"":3765,""New"":3775,""Reason"":3}"
24608076,"{""Old"":3715,""New"":3725,""Reason"":3}"
10339843,"{""Old"":223,""New"":225,""Reason"":3}"
65582555,"{""Old"":95,""New"":97,""Reason"":3}"
9692226,"{""Old"":1932,""New"":1934,""Reason"":3}"
37744135,"{""Old"":29338,""New"":29348,""Reason"":3}"
9692226,"{""Old"":1966,""New"":1968,""Reason"":3}"
79782981,"{""Old"":3167,""New"":3169,""Reason"":3}"
79782981,"{""Old"":3749,""New"":3751,""Reason"":3}"
79782981,"{""Old"":8636,""New"":8646,""Reason"":3}"
79782981,"{""Old"":3482,""New"":3484,""Reason"":3}"
79782981,"{""Old"":3480,""New"":3482,""Reason"":3}"
79782981,"{""Old"":3639,""New"":3641,""Reason"":3}"
79782981,"{""Old"":4417,""New"":4419,""Reason"":3}"
79782981,"{""Old"":7103,""New"":7113,""Reason"":3}"
79782981,"{""Old"":7173,""New"":7183,""Reason"":3}"
79782981,"{""Old"":7183,""New"":7193,""Reason"":3}"
79782981,"{""Old"":7325,""New"":7335,""Reason"":3}"
58261482,"{""Old"":1200,""New"":1202,""Reason"":3}"
58261482,"{""Old"":1226,""New"":1228,""Reason"":3}"
58261482,"{""Old"":1162,""New"":1164,""Reason"":3}"
58261482,"{""Old"":1192,""New"":1194,""Reason"":3}"
26480103,"{""Old"":648,""New"":650,""Reason"":3}"
79782981,"{""Old"":3893,""New"":3895,""Reason"":3}"
79782981,"{""Old"":5202,""New"":5204,""Reason"":3}"
79782981,"{""Old"":5695,""New"":5697,""Reason"":3}"
79782981,"{""Old"":6950,""New"":6960,""Reason"":3}"
11296566,"{""Old"":2381,""New"":2383,""Reason"":3}"
11296566,"{""Old"":2391,""New"":2401,""Reason"":3}"
37784995,"{""Old"":5412,""New"":5422,""Reason"":3}"
5058136,"{""Old"":4605,""New"":4607,""Reason"":3}"
79782981,"{""Old"":3721,""New"":3723,""Reason"":3}"
79782981,"{""Old"":5011,""New"":5013,""Reason"":3}"
79782981,"{""Old"":5939,""New"":5949,""Reason"":3}"
79782981,"{""Old"":6646,""New"":6656,""Reason"":3}"
79782981,"{""Old"":7569,""New"":7579,""Reason"":3}"
79782981,"{""Old"":9009,""New"":9019,""Reason"":3}"
79782981,"{""Old"":8989,""New"":8999,""Reason"":3}"
79782981,"{""Old"":6636,""New"":6646,""Reason"":3}"
79782981,"{""Old"":7599,""New"":7609,""Reason"":3}"
37744135,"{""Old"":29546,""New"":29556,""Reason"":3}"
79782981,"{""Old"":3124,""New"":3126,""Reason"":3}"
79782981,"{""Old"":3558,""New"":3560,""Reason"":3}"
79782981,"{""Old"":3598,""New"":3608,""Reason"":3}"
79782981,"{""Old"":3857,""New"":3859,""Reason"":3}"
79782981,"{""Old"":5610,""New"":5620,""Reason"":3}"
79782981,"{""Old"":5775,""New"":5785,""Reason"":3}"
79782981,"{""Old"":7003,""New"":7013,""Reason"":3}"
79782981,"{""Old"":7619,""New"":7629,""Reason"":3}"
79782981,"{""Old"":7649,""New"":7659,""Reason"":3}"
79782981,"{""Old"":2972,""New"":2974,""Reason"":3}"
79782981,"{""Old"":8546,""New"":8556,""Reason"":3}"
37781144,"{""Old"":421,""New"":425,""Reason"":3}"
37781144,"{""Old"":437,""New"":439,""Reason"":3}"
79782981,"{""Old"":4007,""New"":4009,""Reason"":3}"
79782981,"{""Old"":6340,""New"":6350,""Reason"":3}"
79782981,"{""Old"":6444,""New"":6446,""Reason"":3}"
79782981,"{""Old"":6390,""New"":6400,""Reason"":3}"
58261482,"{""Old"":1164,""New"":1168,""Reason"":3}"
6615671,"{""Old"":1007,""New"":1009,""Reason"":3}"
6615671,"{""Old"":938,""New"":940,""Reason"":3}"
6615671,"{""Old"":1011,""New"":1021,""Reason"":3}"
58261482,"{""Old"":1603,""New"":1605,""Reason"":3}"
6615671,"{""Old"":991,""New"":993,""Reason"":3}"
58261482,"{""Old"":1274,""New"":1276,""Reason"":3}"
40712395,"{""Old"":708,""New"":710,""Reason"":3}"
38319980,"{""Old"":80736,""New"":80738,""Reason"":3}"
38319980,"{""Old"":82431,""New"":82441,""Reason"":3}"
69132095,"{""Old"":926,""New"":928,""Reason"":3}"
37314067,"{""Old"":423,""New"":425,""Reason"":3}"
9692226,"{""Old"":1809,""New"":1811,""Reason"":3}"
9692226,"{""Old"":1743,""New"":1753,""Reason"":3}"
46662749,"{""Old"":2034,""New"":2036,""Reason"":3}"
46662749,"{""Old"":2113,""New"":2123,""Reason"":3}"
46662749,"{""Old"":2171,""New"":2173,""Reason"":3}"
46662749,"{""Old"":2301,""New"":2303,""Reason"":3}"
37744135,"{""Old"":29232,""New"":29234,""Reason"":3}"
65582555,"{""Old"":47,""New"":49,""Reason"":3}"
65582555,"{""Old"":154,""New"":156,""Reason"":3}"
65582555,"{""Old"":130,""New"":132,""Reason"":3}"
63778994,"{""Old"":361573,""New"":361583,""Reason"":3}"
63778994,"{""Old"":362082,""New"":362102,""Reason"":3}"
63778994,"{""Old"":364700,""New"":364702,""Reason"":3}"
63778994,"{""Old"":367472,""New"":367492,""Reason"":3}"
46662749,"{""Old"":2185,""New"":2189,""Reason"":3}"
46662749,"{""Old"":2193,""New"":2203,""Reason"":3}"
38749156,"{""Old"":195,""New"":197,""Reason"":3}"
42367164,"{""Old"":2101,""New"":2103,""Reason"":3}"
82629288,"{""Old"":3148,""New"":3150,""Reason"":3}"
4980186,"{""Old"":2661,""New"":2671,""Reason"":3}"
4980186,"{""Old"":3360,""New"":3370,""Reason"":3}"
36422175,"{""Old"":642,""New"":644,""Reason"":3}"
81827083,"{""Old"":511,""New"":513,""Reason"":3}"
42367164,"{""Old"":1450,""New"":1452,""Reason"":3}"
42367164,"{""Old"":1482,""New"":1484,""Reason"":3}"
42367164,"{""Old"":1396,""New"":1404,""Reason"":3}"
42367164,"{""Old"":1484,""New"":1486,""Reason"":3}"
42367164,"{""Old"":1598,""New"":1602,""Reason"":3}"
42367164,"{""Old"":1652,""New"":1662,""Reason"":3}"
42367164,"{""Old"":1803,""New"":1805,""Reason"":3}"
42367164,"{""Old"":1881,""New"":1885,""Reason"":3}"
21938529,"{""Old"":128,""New"":130,""Reason"":3}"
56262169,"{""Old"":173,""New"":175,""Reason"":3}"
217737747,"{""Old"":486,""New"":490,""Reason"":3}"
38749156,"{""Old"":5339,""New"":5359,""Reason"":3}"
38749156,"{""Old"":5732,""New"":5742,""Reason"":3}"
42367164,"{""Old"":854,""New"":856,""Reason"":3}"
42367164,"{""Old"":1833,""New"":1843,""Reason"":3}"
42367164,"{""Old"":2035,""New"":2037,""Reason"":3}"
35875544,"{""Old"":21266,""New"":21268,""Reason"":3}"
35875544,"{""Old"":21676,""New"":21686,""Reason"":3}"
35875544,"{""Old"":20614,""New"":20616,""Reason"":3}"
6868129,"{""Old"":1312,""New"":1314,""Reason"":3}"
83788628,"{""Old"":400,""New"":402,""Reason"":3}"
83788628,"{""Old"":360,""New"":362,""Reason"":3}"
43996202,"{""Old"":425,""New"":429,""Reason"":3}"
65582555,"{""Old"":79,""New"":81,""Reason"":3}"
46662749,"{""Old"":2037,""New"":2039,""Reason"":3}"
83788628,"{""Old"":365,""New"":367,""Reason"":3}"
79782981,"{""Old"":6301,""New"":6303,""Reason"":3}"
79782981,"{""Old"":7939,""New"":7949,""Reason"":3}"
79782981,"{""Old"":8274,""New"":8284,""Reason"":3}"
79782981,"{""Old"":7659,""New"":7669,""Reason"":3}"
79782981,"{""Old"":3022,""New"":3028,""Reason"":3}"
79782981,"{""Old"":3041,""New"":3043,""Reason"":3}"
79782981,"{""Old"":8515,""New"":8525,""Reason"":3}"
79782981,"{""Old"":8616,""New"":8636,""Reason"":3}"
79782981,"{""Old"":8878,""New"":8888,""Reason"":3}"
79782981,"{""Old"":5459,""New"":5461,""Reason"":3}"
79782981,"{""Old"":6634,""New"":6636,""Reason"":3}"
79782981,"{""Old"":7499,""New"":7509,""Reason"":3}"
79782981,"{""Old"":8021,""New"":8023,""Reason"":3}"
79782981,"{""Old"":8979,""New"":8989,""Reason"":3}"
79782981,"{""Old"":5679,""New"":5681,""Reason"":3}"
79782981,"{""Old"":8294,""New"":8304,""Reason"":3}"
79782981,"{""Old"":8304,""New"":8306,""Reason"":3}"
79782981,"{""Old"":6738,""New"":6758,""Reason"":3}"
79782981,"{""Old"":7193,""New"":7203,""Reason"":3}"
79782981,"{""Old"":8073,""New"":8083,""Reason"":3}"
37781144,"{""Old"":237,""New"":239,""Reason"":3}"
37781144,"{""Old"":407,""New"":409,""Reason"":3}"
79782981,"{""Old"":3629,""New"":3631,""Reason"":3}"
79782981,"{""Old"":4036,""New"":4038,""Reason"":3}"
79782981,"{""Old"":5872,""New"":5882,""Reason"":3}"
79782981,"{""Old"":7385,""New"":7405,""Reason"":3}"
79782981,"{""Old"":7865,""New"":7867,""Reason"":3}"
79782981,"{""Old"":6656,""New"":6666,""Reason"":3}"
79782981,"{""Old"":6688,""New"":6698,""Reason"":3}"
79782981,"{""Old"":7447,""New"":7457,""Reason"":3}"
79782981,"{""Old"":7803,""New"":7813,""Reason"":3}"
79782981,"{""Old"":8224,""New"":8234,""Reason"":3}"
37781144,"{""Old"":399,""New"":401,""Reason"":3}"
37781144,"{""Old"":417,""New"":419,""Reason"":3}"
79782981,"{""Old"":3914,""New"":3916,""Reason"":3}"
79782981,"{""Old"":5511,""New"":5513,""Reason"":3}"
79782981,"{""Old"":5563,""New"":5573,""Reason"":3}"
79782981,"{""Old"":5709,""New"":5719,""Reason"":3}"
79782981,"{""Old"":6798,""New"":6818,""Reason"":3}"
79782981,"{""Old"":7289,""New"":7291,""Reason"":3}"
37744135,"{""Old"":28221,""New"":28223,""Reason"":3}"
37744135,"{""Old"":29588,""New"":29590,""Reason"":3}"
65661392,"{""Old"":5504,""New"":5506,""Reason"":3}"
65661392,"{""Old"":5468,""New"":5470,""Reason"":3}"
79782981,"{""Old"":8840,""New"":8860,""Reason"":3}"
79782981,"{""Old"":3847,""New"":3849,""Reason"":3}"
79782981,"{""Old"":6011,""New"":6021,""Reason"":3}"
79782981,"{""Old"":6246,""New"":6266,""Reason"":3}"
79782981,"{""Old"":6400,""New"":6410,""Reason"":3}"
79782981,"{""Old"":6446,""New"":6448,""Reason"":3}"
79782981,"{""Old"":7519,""New"":7529,""Reason"":3}"
79782981,"{""Old"":7721,""New"":7723,""Reason"":3}"
79782981,"{""Old"":8134,""New"":8144,""Reason"":3}"
79782981,"{""Old"":5019,""New"":5021,""Reason"":3}"
79782981,"{""Old"":6305,""New"":6315,""Reason"":3}"
79782981,"{""Old"":6666,""New"":6668,""Reason"":3}"
79782981,"{""Old"":7068,""New"":7078,""Reason"":3}"
79782981,"{""Old"":7579,""New"":7589,""Reason"":3}"
35875544,"{""Old"":19859,""New"":19869,""Reason"":3}"
66273046,"{""Old"":121,""New"":123,""Reason"":3}"
4980186,"{""Old"":2597,""New"":2599,""Reason"":3}"
35875544,"{""Old"":22862,""New"":22864,""Reason"":3}"
38749156,"{""Old"":1113,""New"":1115,""Reason"":3}"
38749156,"{""Old"":4153,""New"":4163,""Reason"":3}"
42367164,"{""Old"":2119,""New"":2121,""Reason"":3}"
9692226,"{""Old"":1863,""New"":1865,""Reason"":3}"
9692226,"{""Old"":1906,""New"":1910,""Reason"":3}"
48205250,"{""Old"":4620,""New"":4622,""Reason"":3}"
211423534,"{""Old"":43206,""New"":43216,""Reason"":3}"
75375031,"{""Old"":376,""New"":380,""Reason"":3}"
63778994,"{""Old"":364148,""New"":364158,""Reason"":3}"
63778994,"{""Old"":365512,""New"":365522,""Reason"":3}"
63778994,"{""Old"":366867,""New"":366887,""Reason"":3}"
37781144,"{""Old"":256,""New"":258,""Reason"":3}"
79782981,"{""Old"":2966,""New"":2970,""Reason"":3}"
79782981,"{""Old"":2974,""New"":2976,""Reason"":3}"
79782981,"{""Old"":2988,""New"":2990,""Reason"":3}"
79782981,"{""Old"":3039,""New"":3041,""Reason"":3}"
79782981,"{""Old"":3126,""New"":3136,""Reason"":3}"
79782981,"{""Old"":3152,""New"":3154,""Reason"":3}"
79782981,"{""Old"":9183,""New"":9193,""Reason"":3}"
79782981,"{""Old"":2999,""New"":3001,""Reason"":3}"
79782981,"{""Old"":8947,""New"":8957,""Reason"":3}"
79782981,"{""Old"":9214,""New"":9224,""Reason"":3}"
79782981,"{""Old"":8425,""New"":8435,""Reason"":3}"
79782981,"{""Old"":9204,""New"":9214,""Reason"":3}"
79782981,"{""Old"":8505,""New"":8515,""Reason"":3}"
79782981,"{""Old"":8726,""New"":8736,""Reason"":3}"
79782981,"{""Old"":8912,""New"":8922,""Reason"":3}"
79782981,"{""Old"":2996,""New"":2998,""Reason"":3}"
79782981,"{""Old"":3085,""New"":3087,""Reason"":3}"
79782981,"{""Old"":3156,""New"":3158,""Reason"":3}"
83788628,"{""Old"":425,""New"":427,""Reason"":3}"
79782981,"{""Old"":8788,""New"":8798,""Reason"":3}"
79782981,"{""Old"":4313,""New"":4317,""Reason"":3}"
79782981,"{""Old"":5620,""New"":5622,""Reason"":3}"
79782981,"{""Old"":6758,""New"":6778,""Reason"":3}"
79782981,"{""Old"":7163,""New"":7173,""Reason"":3}"
79782981,"{""Old"":7255,""New"":7265,""Reason"":3}"
79782981,"{""Old"":7929,""New"":7939,""Reason"":3}"
79782981,"{""Old"":7969,""New"":7979,""Reason"":3}"
79782981,"{""Old"":8650,""New"":8660,""Reason"":3}"
79782981,"{""Old"":9051,""New"":9061,""Reason"":3}"
79782981,"{""Old"":5882,""New"":5892,""Reason"":3}"
79782981,"{""Old"":7123,""New"":7133,""Reason"":3}"
79782981,"{""Old"":7291,""New"":7301,""Reason"":3}"
79782981,"{""Old"":7427,""New"":7447,""Reason"":3}"
79782981,"{""Old"":7979,""New"":7981,""Reason"":3}"
65582555,"{""Old"":164,""New"":166,""Reason"":3}"
38308190,"{""Old"":1139,""New"":1141,""Reason"":3}"
23305159,"{""Old"":804,""New"":806,""Reason"":3}"
23305159,"{""Old"":810,""New"":812,""Reason"":3}"
46662749,"{""Old"":2244,""New"":2246,""Reason"":3}"
65582555,"{""Old"":77,""New"":79,""Reason"":3}"
211423534,"{""Old"":43066,""New"":43076,""Reason"":3}"
211423534,"{""Old"":43216,""New"":43226,""Reason"":3}"
9692226,"{""Old"":1995,""New"":2005,""Reason"":3}"
37744135,"{""Old"":28797,""New"":28799,""Reason"":3}"
37744135,"{""Old"":29302,""New"":29304,""Reason"":3}"
9692226,"{""Old"":1983,""New"":1985,""Reason"":3}"
67836518,"{""Old"":4645,""New"":4655,""Reason"":3}"
20302898,"{""Old"":2674,""New"":2676,""Reason"":3}"
37784995,"{""Old"":4449,""New"":4459,""Reason"":3}"
11129004,"{""Old"":4637,""New"":4647,""Reason"":3}"
11129004,"{""Old"":4925,""New"":4935,""Reason"":3}"
84957257,"{""Old"":13735,""New"":13745,""Reason"":3}"
84957257,"{""Old"":14878,""New"":14880,""Reason"":3}"
84957257,"{""Old"":15315,""New"":15317,""Reason"":3}"
84957257,"{""Old"":15660,""New"":15664,""Reason"":3}"
84957257,"{""Old"":16087,""New"":16089,""Reason"":3}"
84957257,"{""Old"":17437,""New"":17447,""Reason"":3}"
84957257,"{""Old"":17898,""New"":17908,""Reason"":3}"
70315956,"{""Old"":839,""New"":841,""Reason"":3}"
70315956,"{""Old"":872,""New"":874,""Reason"":3}"
32405736,"{""Old"":1257,""New"":1259,""Reason"":3}"
32405736,"{""Old"":1296,""New"":1298,""Reason"":3}"
9083671,"{""Old"":1207,""New"":1209,""Reason"":3}"
67836518,"{""Old"":4610,""New"":4620,""Reason"":3}"
20302898,"{""Old"":2705,""New"":2707,""Reason"":3}"
11129004,"{""Old"":4220,""New"":4230,""Reason"":3}"
11129004,"{""Old"":4659,""New"":4679,""Reason"":3}"
20302898,"{""Old"":2950,""New"":2952,""Reason"":3}"
67836518,"{""Old"":4331,""New"":4333,""Reason"":3}"
67836518,"{""Old"":4655,""New"":4657,""Reason"":3}"
47061761,"{""Old"":849,""New"":851,""Reason"":3}"
47061761,"{""Old"":1317,""New"":1321,""Reason"":3}"
47061761,"{""Old"":1726,""New"":1736,""Reason"":3}"
80653261,"{""Old"":847,""New"":849,""Reason"":3}"
24608076,"{""Old"":3079,""New"":3081,""Reason"":3}"
51324872,"{""Old"":18786,""New"":18796,""Reason"":3}"
50681822,"{""Old"":379,""New"":381,""Reason"":3}"
50681822,"{""Old"":375,""New"":379,""Reason"":3}"
24608076,"{""Old"":4385,""New"":4395,""Reason"":3}"
24608076,"{""Old"":4643,""New"":4653,""Reason"":3}"
36439403,"{""Old"":1485,""New"":1487,""Reason"":3}"
80758401,"{""Old"":6301,""New"":6311,""Reason"":3}"
80758401,"{""Old"":6435,""New"":6445,""Reason"":3}"
33372137,"{""Old"":3380,""New"":3382,""Reason"":3}"
44481882,"{""Old"":378,""New"":380,""Reason"":3}"
35216582,"{""Old"":29951,""New"":29953,""Reason"":3}"
35216582,"{""Old"":30019,""New"":30039,""Reason"":3}"
35216582,"{""Old"":30325,""New"":30335,""Reason"":3}"
35216582,"{""Old"":31192,""New"":31202,""Reason"":3}"
32027539,"{""Old"":1059,""New"":1061,""Reason"":3}"
44481882,"{""Old"":384,""New"":386,""Reason"":3}"
69442044,"{""Old"":410,""New"":412,""Reason"":3}"
69442044,"{""Old"":426,""New"":428,""Reason"":3}"
38095618,"{""Old"":79625,""New"":79635,""Reason"":3}"
56262169,"{""Old"":118,""New"":120,""Reason"":3}"
64771681,"{""Old"":2503,""New"":2505,""Reason"":3}"
202176747,"{""Old"":114987,""New"":114997,""Reason"":3}"
49833858,"{""Old"":1600,""New"":1602,""Reason"":3}"
4239086,"{""Old"":4018,""New"":4020,""Reason"":3}"
38095618,"{""Old"":80037,""New"":80047,""Reason"":3}"
38095618,"{""Old"":79509,""New"":79511,""Reason"":3}"
38095618,"{""Old"":79869,""New"":79879,""Reason"":3}"
38319980,"{""Old"":80728,""New"":80730,""Reason"":3}"
38319980,"{""Old"":82335,""New"":82341,""Reason"":3}"
38095618,"{""Old"":79109,""New"":79119,""Reason"":3}"
38095618,"{""Old"":80067,""New"":80077,""Reason"":3}"
42218918,"{""Old"":578,""New"":580,""Reason"":3}"
42218918,"{""Old"":482,""New"":492,""Reason"":3}"
80758401,"{""Old"":5387,""New"":5397,""Reason"":3}"
43218430,"{""Old"":1724,""New"":1726,""Reason"":3}"
69442044,"{""Old"":366,""New"":368,""Reason"":3}"
42218918,"{""Old"":595,""New"":597,""Reason"":3}"
55180850,"{""Old"":149,""New"":151,""Reason"":3}"
49831730,"{""Old"":1156,""New"":1160,""Reason"":3}"
56262169,"{""Old"":344,""New"":346,""Reason"":3}"
35875544,"{""Old"":23009,""New"":23011,""Reason"":3}"
35875544,"{""Old"":23119,""New"":23121,""Reason"":3}"
42367164,"{""Old"":1243,""New"":1245,""Reason"":3}"
42367164,"{""Old"":1424,""New"":1430,""Reason"":3}"
42367164,"{""Old"":1747,""New"":1749,""Reason"":3}"
42367164,"{""Old"":1735,""New"":1737,""Reason"":3}"
42367164,"{""Old"":1751,""New"":1753,""Reason"":3}"
57851814,"{""Old"":624,""New"":626,""Reason"":3}"
35875544,"{""Old"":21599,""New"":21609,""Reason"":3}"
42367164,"{""Old"":2007,""New"":2017,""Reason"":3}"
42367164,"{""Old"":1302,""New"":1304,""Reason"":3}"
42367164,"{""Old"":1945,""New"":1947,""Reason"":3}"
38749156,"{""Old"":945,""New"":947,""Reason"":3}"
38749156,"{""Old"":2093,""New"":2099,""Reason"":3}"
38749156,"{""Old"":5191,""New"":5201,""Reason"":3}"
38749156,"{""Old"":5608,""New"":5610,""Reason"":3}"
38749156,"{""Old"":5635,""New"":5637,""Reason"":3}"
56262169,"{""Old"":175,""New"":177,""Reason"":3}"
40700927,"{""Old"":68,""New"":70,""Reason"":3}"
85219672,"{""Old"":15339,""New"":15343,""Reason"":3}"
85219672,"{""Old"":16220,""New"":16230,""Reason"":3}"
85219672,"{""Old"":16499,""New"":16509,""Reason"":3}"
85219672,"{""Old"":16531,""New"":16533,""Reason"":3}"
85219672,"{""Old"":16747,""New"":16749,""Reason"":3}"
85219672,"{""Old"":17045,""New"":17055,""Reason"":3}"
85219672,"{""Old"":17893,""New"":17903,""Reason"":3}"
85219672,"{""Old"":18047,""New"":18057,""Reason"":3}"
38478123,"{""Old"":230,""New"":232,""Reason"":3}"
85219672,"{""Old"":12855,""New"":12857,""Reason"":3}"
85219672,"{""Old"":12832,""New"":12834,""Reason"":3}"
42284682,"{""Old"":827,""New"":831,""Reason"":3}"
10339843,"{""Old"":177,""New"":179,""Reason"":3}"
44481882,"{""Old"":517,""New"":521,""Reason"":3}"
35216582,"{""Old"":30057,""New"":30067,""Reason"":3}"
35216582,"{""Old"":31282,""New"":31302,""Reason"":3}"
35216582,"{""Old"":31382,""New"":31392,""Reason"":3}"
35216582,"{""Old"":30107,""New"":30109,""Reason"":3}"
35216582,"{""Old"":31332,""New"":31342,""Reason"":3}"
64516532,"{""Old"":30,""New"":32,""Reason"":3}"
55531402,"{""Old"":923227,""New"":923237,""Reason"":3}"
23033741,"{""Old"":61,""New"":63,""Reason"":3}"
10586403,"{""Old"":2737,""New"":2739,""Reason"":3}"
86009749,"{""Old"":291,""New"":293,""Reason"":3}"
62923015,"{""Old"":701,""New"":703,""Reason"":3}"
52436180,"{""Old"":378835,""New"":378845,""Reason"":3}"
52436180,"{""Old"":382194,""New"":382214,""Reason"":3}"
32002545,"{""Old"":156,""New"":158,""Reason"":3}"
52436180,"{""Old"":378815,""New"":378825,""Reason"":3}"
52436180,"{""Old"":384767,""New"":384777,""Reason"":3}"
32002545,"{""Old"":211,""New"":213,""Reason"":3}"
52436180,"{""Old"":382814,""New"":382824,""Reason"":3}"
52436180,"{""Old"":384719,""New"":384721,""Reason"":3}"
52436180,"{""Old"":384851,""New"":384861,""Reason"":3}"
48073539,"{""Old"":2357,""New"":2359,""Reason"":3}"
48073539,"{""Old"":2407,""New"":2409,""Reason"":3}"
52436180,"{""Old"":378925,""New"":378935,""Reason"":3}"
52436180,"{""Old"":384779,""New"":384789,""Reason"":3}"
48073539,"{""Old"":2258,""New"":2260,""Reason"":3}"
52436180,"{""Old"":382444,""New"":382454,""Reason"":3}"
52436180,"{""Old"":380970,""New"":380980,""Reason"":3}"
52436180,"{""Old"":380750,""New"":380770,""Reason"":3}"
52436180,"{""Old"":379450,""New"":379460,""Reason"":3}"
52436180,"{""Old"":380820,""New"":380850,""Reason"":3}"
52436180,"{""Old"":384765,""New"":384767,""Reason"":3}"
52436180,"{""Old"":380185,""New"":380195,""Reason"":3}"
32002545,"{""Old"":179,""New"":189,""Reason"":3}"
32002545,"{""Old"":215,""New"":217,""Reason"":3}"
32002545,"{""Old"":268,""New"":270,""Reason"":3}"
32002545,"{""Old"":282,""New"":284,""Reason"":3}"
48073539,"{""Old"":2288,""New"":2298,""Reason"":3}"
48073539,"{""Old"":2374,""New"":2376,""Reason"":3}"
32002545,"{""Old"":262,""New"":264,""Reason"":3}"
32002545,"{""Old"":315,""New"":317,""Reason"":3}"
52436180,"{""Old"":378805,""New"":378815,""Reason"":3}"
70971660,"{""Old"":948,""New"":950,""Reason"":3}"
70971660,"{""Old"":1247,""New"":1249,""Reason"":3}"
70971660,"{""Old"":695,""New"":697,""Reason"":3}"
70971660,"{""Old"":969,""New"":979,""Reason"":3}"
70971660,"{""Old"":1215,""New"":1217,""Reason"":3}"
70971660,"{""Old"":1219,""New"":1221,""Reason"":3}"
70971660,"{""Old"":480,""New"":482,""Reason"":3}"
32002545,"{""Old"":438,""New"":440,""Reason"":3}"
32002545,"{""Old"":524,""New"":534,""Reason"":3}"
42284682,"{""Old"":825,""New"":827,""Reason"":3}"
85219672,"{""Old"":15399,""New"":15401,""Reason"":3}"
85219672,"{""Old"":15365,""New"":15375,""Reason"":3}"
85219672,"{""Old"":16015,""New"":16017,""Reason"":3}"
85219672,"{""Old"":17219,""New"":17229,""Reason"":3}"
85219672,"{""Old"":17612,""New"":17622,""Reason"":3}"
51324872,"{""Old"":18762,""New"":18774,""Reason"":3}"
85219672,"{""Old"":13115,""New"":13125,""Reason"":3}"
85219672,"{""Old"":14785,""New"":14795,""Reason"":3}"
85219672,"{""Old"":17322,""New"":17324,""Reason"":3}"
80246621,"{""Old"":861,""New"":863,""Reason"":3}"
66273046,"{""Old"":138,""New"":140,""Reason"":3}"
49831730,"{""Old"":860,""New"":862,""Reason"":3}"
49831730,"{""Old"":878,""New"":880,""Reason"":3}"
49831730,"{""Old"":896,""New"":898,""Reason"":3}"
84490801,"{""Old"":84444,""New"":84446,""Reason"":3}"
64771681,"{""Old"":3652,""New"":3662,""Reason"":3}"
64771681,"{""Old"":3943,""New"":3945,""Reason"":3}"
64771681,"{""Old"":3923,""New"":3943,""Reason"":3}"
64771681,"{""Old"":4037,""New"":4047,""Reason"":3}"
13083476,"{""Old"":435,""New"":437,""Reason"":3}"
13083476,"{""Old"":472,""New"":474,""Reason"":3}"
13083476,"{""Old"":547,""New"":549,""Reason"":3}"
205211705,"{""Old"":3623,""New"":3625,""Reason"":3}"
39687811,"{""Old"":241,""New"":243,""Reason"":3}"
8257034,"{""Old"":3195,""New"":3197,""Reason"":3}"
38749156,"{""Old"":2623,""New"":2625,""Reason"":3}"
38749156,"{""Old"":3486,""New"":3488,""Reason"":3}"
38749156,"{""Old"":4868,""New"":4870,""Reason"":3}"
38749156,"{""Old"":5236,""New"":5246,""Reason"":3}"
35875544,"{""Old"":21550,""New"":21554,""Reason"":3}"
38319980,"{""Old"":80732,""New"":80734,""Reason"":3}"
38319980,"{""Old"":80734,""New"":80736,""Reason"":3}"
38319980,"{""Old"":82491,""New"":82501,""Reason"":3}"
38319980,"{""Old"":82553,""New"":82563,""Reason"":3}"
38319980,"{""Old"":81451,""New"":81453,""Reason"":3}"
52436180,"{""Old"":378825,""New"":378835,""Reason"":3}"
52436180,"{""Old"":378885,""New"":378895,""Reason"":3}"
52436180,"{""Old"":384717,""New"":384719,""Reason"":3}"
52436180,"{""Old"":381550,""New"":381560,""Reason"":3}"
52436180,"{""Old"":384789,""New"":384799,""Reason"":3}"
8673338,"{""Old"":12674,""New"":12676,""Reason"":3}"
8673338,"{""Old"":12914,""New"":12916,""Reason"":3}"
8673338,"{""Old"":12744,""New"":12746,""Reason"":3}"
8673338,"{""Old"":12916,""New"":12926,""Reason"":3}"
8673338,"{""Old"":13122,""New"":13124,""Reason"":3}"
8673338,"{""Old"":13208,""New"":13218,""Reason"":3}"
8673338,"{""Old"":13330,""New"":13332,""Reason"":3}"
48073539,"{""Old"":2165,""New"":2167,""Reason"":3}"
48073539,"{""Old"":2189,""New"":2193,""Reason"":3}"
25602497,"{""Old"":231,""New"":235,""Reason"":3}"
35875544,"{""Old"":22145,""New"":22155,""Reason"":3}"
35875544,"{""Old"":22475,""New"":22485,""Reason"":3}"
35875544,"{""Old"":22782,""New"":22784,""Reason"":3}"
49831730,"{""Old"":424,""New"":426,""Reason"":3}"
49831730,"{""Old"":570,""New"":572,""Reason"":3}"
66273046,"{""Old"":222,""New"":224,""Reason"":3}"
4980186,"{""Old"":2748,""New"":2758,""Reason"":3}"
35875544,"{""Old"":21364,""New"":21366,""Reason"":3}"
39687811,"{""Old"":188,""New"":190,""Reason"":3}"
39687811,"{""Old"":211,""New"":213,""Reason"":3}"
38749156,"{""Old"":384,""New"":386,""Reason"":3}"
49831730,"{""Old"":678,""New"":688,""Reason"":3}"
33904862,"{""Old"":619,""New"":621,""Reason"":3}"
33904862,"{""Old"":631,""New"":633,""Reason"":3}"
49831730,"{""Old"":614,""New"":616,""Reason"":3}"
38319980,"{""Old"":83642,""New"":83652,""Reason"":3}"
38319980,"{""Old"":84069,""New"":84079,""Reason"":3}"
38319980,"{""Old"":83296,""New"":83306,""Reason"":3}"
38319980,"{""Old"":83772,""New"":83792,""Reason"":3}"
85601968,"{""Old"":74,""New"":76,""Reason"":3}"
64771681,"{""Old"":2537,""New"":2539,""Reason"":3}"
48591626,"{""Old"":1564,""New"":1566,""Reason"":3}"
56262169,"{""Old"":71,""New"":73,""Reason"":3}"
209538568,"{""Old"":1672,""New"":1674,""Reason"":3}"
4239086,"{""Old"":3435,""New"":3445,""Reason"":3}"
7658111,"{""Old"":9172,""New"":9174,""Reason"":3}"
56262169,"{""Old"":270,""New"":272,""Reason"":3}"
57851814,"{""Old"":650,""New"":660,""Reason"":3}"
35875544,"{""Old"":21354,""New"":21364,""Reason"":3}"
28562228,"{""Old"":258,""New"":260,""Reason"":3}"
35875544,"{""Old"":23075,""New"":23085,""Reason"":3}"
49831730,"{""Old"":618,""New"":620,""Reason"":3}"
39687811,"{""Old"":215,""New"":217,""Reason"":3}"
7658111,"{""Old"":8784,""New"":8786,""Reason"":3}"
38749156,"{""Old"":5337,""New"":5339,""Reason"":3}"
38749156,"{""Old"":5959,""New"":5969,""Reason"":3}"
38749156,"{""Old"":6748,""New"":6750,""Reason"":3}"
13083476,"{""Old"":933,""New"":935,""Reason"":3}"
13083476,"{""Old"":1010,""New"":1012,""Reason"":3}"
38749156,"{""Old"":1645,""New"":1647,""Reason"":3}"
38749156,"{""Old"":4751,""New"":4753,""Reason"":3}"
38749156,"{""Old"":5270,""New"":5280,""Reason"":3}"
38749156,"{""Old"":5090,""New"":5092,""Reason"":3}"
42367164,"{""Old"":977,""New"":979,""Reason"":3}"
42367164,"{""Old"":1092,""New"":1102,""Reason"":3}"
42367164,"{""Old"":1813,""New"":1815,""Reason"":3}"
42367164,"{""Old"":1941,""New"":1943,""Reason"":3}"
64771681,"{""Old"":4007,""New"":4017,""Reason"":3}"
38319980,"{""Old"":81680,""New"":81682,""Reason"":3}"
38319980,"{""Old"":83308,""New"":83318,""Reason"":3}"
49831730,"{""Old"":1008,""New"":1012,""Reason"":3}"
49831730,"{""Old"":1149,""New"":1151,""Reason"":3}"
38319980,"{""Old"":83286,""New"":83296,""Reason"":3}"
26453322,"{""Old"":32698,""New"":32738,""Reason"":3}"
81827083,"{""Old"":513,""New"":515,""Reason"":3}"
56262169,"{""Old"":258,""New"":260,""Reason"":3}"
56262169,"{""Old"":266,""New"":268,""Reason"":3}"
9442327,"{""Old"":395,""New"":399,""Reason"":3}"
9442327,"{""Old"":540,""New"":542,""Reason"":3}"
48591626,"{""Old"":1589,""New"":1591,""Reason"":3}"
35847621,"{""Old"":428,""New"":430,""Reason"":3}"
56262169,"{""Old"":80,""New"":82,""Reason"":3}"
71227328,"{""Old"":356,""New"":358,""Reason"":3}"
71227328,"{""Old"":382,""New"":384,""Reason"":3}"
6084170,"{""Old"":8665,""New"":8667,""Reason"":3}"
38319980,"{""Old"":83897,""New"":83907,""Reason"":3}"
38319980,"{""Old"":84139,""New"":84149,""Reason"":3}"
38319980,"{""Old"":83358,""New"":83368,""Reason"":3}"
38319980,"{""Old"":83490,""New"":83500,""Reason"":3}"
38749156,"{""Old"":2557,""New"":2567,""Reason"":3}"
38749156,"{""Old"":2822,""New"":2824,""Reason"":3}"
38749156,"{""Old"":4375,""New"":4395,""Reason"":3}"
38749156,"{""Old"":4960,""New"":4970,""Reason"":3}"
38749156,"{""Old"":5015,""New"":5035,""Reason"":3}"
38749156,"{""Old"":5384,""New"":5404,""Reason"":3}"
38749156,"{""Old"":6244,""New"":6254,""Reason"":3}"
38749156,"{""Old"":390,""New"":392,""Reason"":3}"
42367164,"{""Old"":2105,""New"":2107,""Reason"":3}"
42367164,"{""Old"":838,""New"":840,""Reason"":3}"
42367164,"{""Old"":1090,""New"":1092,""Reason"":3}"
42367164,"{""Old"":1749,""New"":1751,""Reason"":3}"
42367164,"{""Old"":1867,""New"":1869,""Reason"":3}"
42367164,"{""Old"":1885,""New"":1887,""Reason"":3}"
42367164,"{""Old"":2081,""New"":2083,""Reason"":3}"
35875544,"{""Old"":22418,""New"":22428,""Reason"":3}"
13083476,"{""Old"":448,""New"":450,""Reason"":3}"
13083476,"{""Old"":689,""New"":691,""Reason"":3}"
39687811,"{""Old"":250,""New"":252,""Reason"":3}"
39687811,"{""Old"":305,""New"":309,""Reason"":3}"
39687811,"{""Old"":385,""New"":387,""Reason"":3}"
64771681,"{""Old"":988,""New"":990,""Reason"":3}"
64771681,"{""Old"":1633,""New"":1643,""Reason"":3}"
48591626,"{""Old"":1638,""New"":1640,""Reason"":3}"
205211705,"{""Old"":3132,""New"":3134,""Reason"":3}"
48591626,"{""Old"":1591,""New"":1593,""Reason"":3}"
48591626,"{""Old"":1614,""New"":1616,""Reason"":3}"
64771681,"{""Old"":2128,""New"":2130,""Reason"":3}"
64771681,"{""Old"":2184,""New"":2186,""Reason"":3}"
205211705,"{""Old"":3122,""New"":3132,""Reason"":3}"
205211705,"{""Old"":3189,""New"":3191,""Reason"":3}"
38749156,"{""Old"":459,""New"":461,""Reason"":3}"
8257034,"{""Old"":3191,""New"":3193,""Reason"":3}"
13083476,"{""Old"":631,""New"":637,""Reason"":3}"
38749156,"{""Old"":2836,""New"":2846,""Reason"":3}"
38749156,"{""Old"":3903,""New"":3905,""Reason"":3}"
38749156,"{""Old"":6374,""New"":6384,""Reason"":3}"
38749156,"{""Old"":6862,""New"":6872,""Reason"":3}"
42367164,"{""Old"":1630,""New"":1636,""Reason"":3}"
38749156,"{""Old"":330,""New"":332,""Reason"":3}"
38749156,"{""Old"":348,""New"":352,""Reason"":3}"
38749156,"{""Old"":406,""New"":408,""Reason"":3}"
38319980,"{""Old"":83592,""New"":83602,""Reason"":3}"
38319980,"{""Old"":84299,""New"":84309,""Reason"":3}"
38319980,"{""Old"":84169,""New"":84179,""Reason"":3}"
20440680,"{""Old"":3317,""New"":3319,""Reason"":3}"
20440680,"{""Old"":3375,""New"":3385,""Reason"":3}"
47200242,"{""Old"":7077,""New"":7079,""Reason"":3}"
47200242,"{""Old"":7196,""New"":7198,""Reason"":3}"
47200242,"{""Old"":7413,""New"":7415,""Reason"":3}"
9442327,"{""Old"":255,""New"":257,""Reason"":3}"
9442327,"{""Old"":361,""New"":363,""Reason"":3}"
9442327,"{""Old"":452,""New"":462,""Reason"":3}"
47200242,"{""Old"":7497,""New"":7499,""Reason"":3}"
64771681,"{""Old"":1563,""New"":1565,""Reason"":3}"
9442327,"{""Old"":258,""New"":268,""Reason"":3}"
48591626,"{""Old"":1587,""New"":1589,""Reason"":3}"
64771681,"{""Old"":1172,""New"":1174,""Reason"":3}"
64771681,"{""Old"":2276,""New"":2278,""Reason"":3}"
47200242,"{""Old"":7391,""New"":7393,""Reason"":3}"
47200242,"{""Old"":7589,""New"":7591,""Reason"":3}"
35875544,"{""Old"":21252,""New"":21254,""Reason"":3}"
35875544,"{""Old"":21458,""New"":21460,""Reason"":3}"
42367164,"{""Old"":2121,""New"":2123,""Reason"":3}"
38749156,"{""Old"":1491,""New"":1493,""Reason"":3}"
38749156,"{""Old"":1855,""New"":1865,""Reason"":3}"
38749156,"{""Old"":4233,""New"":4243,""Reason"":3}"
38749156,"{""Old"":6696,""New"":6716,""Reason"":3}"
35875544,"{""Old"":20314,""New"":20324,""Reason"":3}"
50416621,"{""Old"":2622,""New"":2632,""Reason"":3}"
47200242,"{""Old"":7603,""New"":7605,""Reason"":3}"
52825449,"{""Old"":1675,""New"":1677,""Reason"":3}"
35875544,"{""Old"":22659,""New"":22661,""Reason"":3}"
35875544,"{""Old"":22798,""New"":22800,""Reason"":3}"
35875544,"{""Old"":21264,""New"":21266,""Reason"":3}"
35875544,"{""Old"":21580,""New"":21582,""Reason"":3}"
50416621,"{""Old"":2696,""New"":2706,""Reason"":3}"
47200242,"{""Old"":7026,""New"":7028,""Reason"":3}"
47200242,"{""Old"":7090,""New"":7092,""Reason"":3}"
47200242,"{""Old"":7433,""New"":7435,""Reason"":3}"
47200242,"{""Old"":7549,""New"":7559,""Reason"":3}"
47200242,"{""Old"":7579,""New"":7581,""Reason"":3}"
13083476,"{""Old"":512,""New"":514,""Reason"":3}"
13083476,"{""Old"":514,""New"":524,""Reason"":3}"
13083476,"{""Old"":697,""New"":699,""Reason"":3}"
8257034,"{""Old"":3176,""New"":3178,""Reason"":3}"
8257034,"{""Old"":3266,""New"":3268,""Reason"":3}"
38749156,"{""Old"":316,""New"":318,""Reason"":3}"
38749156,"{""Old"":408,""New"":410,""Reason"":3}"
42367164,"{""Old"":2047,""New"":2049,""Reason"":3}"
71532491,"{""Old"":2509,""New"":2511,""Reason"":3}"
38319980,"{""Old"":84461,""New"":84471,""Reason"":3}"
38319980,"{""Old"":83284,""New"":83286,""Reason"":3}"
71532491,"{""Old"":2499,""New"":2501,""Reason"":3}"
38319980,"{""Old"":81447,""New"":81449,""Reason"":3}"
38319980,"{""Old"":84019,""New"":84029,""Reason"":3}"
38319980,"{""Old"":84431,""New"":84441,""Reason"":3}"
53645102,"{""Old"":485,""New"":487,""Reason"":3}"
85219672,"{""Old"":13017,""New"":13021,""Reason"":3}"
85219672,"{""Old"":14195,""New"":14197,""Reason"":3}"
38478123,"{""Old"":298,""New"":300,""Reason"":3}"
85219672,"{""Old"":16497,""New"":16499,""Reason"":3}"
67260187,"{""Old"":598,""New"":600,""Reason"":3}"
35216582,"{""Old"":31676,""New"":31686,""Reason"":3}"
24208183,"{""Old"":319,""New"":323,""Reason"":3}"
69442044,"{""Old"":497,""New"":499,""Reason"":3}"
38319980,"{""Old"":82311,""New"":82321,""Reason"":3}"
38319980,"{""Old"":83967,""New"":83977,""Reason"":3}"
35216582,"{""Old"":28453,""New"":28455,""Reason"":3}"
35216582,"{""Old"":31006,""New"":31008,""Reason"":3}"
46662749,"{""Old"":256,""New"":258,""Reason"":3}"
24608076,"{""Old"":4715,""New"":4725,""Reason"":3}"
24608076,"{""Old"":4807,""New"":4817,""Reason"":3}"
24608076,"{""Old"":4427,""New"":4437,""Reason"":3}"
24608076,"{""Old"":4059,""New"":4069,""Reason"":3}"
24608076,"{""Old"":4119,""New"":4129,""Reason"":3}"
13186631,"{""Old"":10531,""New"":10533,""Reason"":3}"
80758401,"{""Old"":6771,""New"":6791,""Reason"":3}"
42218918,"{""Old"":503,""New"":513,""Reason"":3}"
42218918,"{""Old"":354,""New"":356,""Reason"":3}"
80758401,"{""Old"":5100,""New"":5110,""Reason"":3}"
80758401,"{""Old"":5191,""New"":5201,""Reason"":3}"
35216582,"{""Old"":31412,""New"":31422,""Reason"":3}"
11129004,"{""Old"":1946,""New"":1950,""Reason"":3}"
46973434,"{""Old"":1,""New"":3,""Reason"":3}"
6881205,"{""Old"":1337,""New"":1347,""Reason"":3}"
218733227,"{""Old"":847,""New"":849,""Reason"":3}"
23033741,"{""Old"":109,""New"":111,""Reason"":3}"
10339843,"{""Old"":187,""New"":189,""Reason"":3}"
69442044,"{""Old"":316,""New"":318,""Reason"":3}"
69442044,"{""Old"":368,""New"":370,""Reason"":3}"
69442044,"{""Old"":455,""New"":457,""Reason"":3}"
24208183,"{""Old"":334,""New"":336,""Reason"":3}"
6881205,"{""Old"":1368,""New"":1370,""Reason"":3}"
46662749,"{""Old"":142,""New"":144,""Reason"":3}"
35216582,"{""Old"":31756,""New"":31766,""Reason"":3}"
35216582,"{""Old"":28695,""New"":28705,""Reason"":3}"
35216582,"{""Old"":28665,""New"":28675,""Reason"":3}"
35216582,"{""Old"":28505,""New"":28507,""Reason"":3}"
35216582,"{""Old"":31454,""New"":31464,""Reason"":3}"
35216582,"{""Old"":30209,""New"":30219,""Reason"":3}"
35216582,"{""Old"":30570,""New"":30572,""Reason"":3}"
35216582,"{""Old"":31766,""New"":31776,""Reason"":3}"
35216582,"{""Old"":29917,""New"":29919,""Reason"":3}"
35216582,"{""Old"":30169,""New"":30171,""Reason"":3}"
35216582,"{""Old"":30229,""New"":30239,""Reason"":3}"
46662749,"{""Old"":102,""New"":104,""Reason"":3}"
42218918,"{""Old"":593,""New"":595,""Reason"":3}"
80758401,"{""Old"":5543,""New"":5563,""Reason"":3}"
80758401,"{""Old"":6567,""New"":6587,""Reason"":3}"
42218918,"{""Old"":450,""New"":452,""Reason"":3}"
46662749,"{""Old"":191,""New"":193,""Reason"":3}"
200543839,"{""Old"":697,""New"":699,""Reason"":3}"
200543839,"{""Old"":701,""New"":703,""Reason"":3}"
200543839,"{""Old"":699,""New"":701,""Reason"":3}"
200543839,"{""Old"":693,""New"":697,""Reason"":3}"
200543839,"{""Old"":691,""New"":693,""Reason"":3}"
200543839,"{""Old"":703,""New"":705,""Reason"":3}"
71883863,"{""Old"":1124,""New"":1126,""Reason"":3}"
71883863,"{""Old"":1131,""New"":1133,""Reason"":3}"
71883863,"{""Old"":1110,""New"":1120,""Reason"":3}"
20115556,"{""Old"":347,""New"":349,""Reason"":3}"
215702910,"{""Old"":531,""New"":537,""Reason"":3}"
71883863,"{""Old"":1134,""New"":1144,""Reason"":3}"
71883863,"{""Old"":1103,""New"":1105,""Reason"":3}"
11045180,"{""Old"":14626,""New"":14628,""Reason"":3}"
71883863,"{""Old"":1108,""New"":1110,""Reason"":3}"
71883863,"{""Old"":1120,""New"":1124,""Reason"":3}"
71883863,"{""Old"":1129,""New"":1131,""Reason"":3}"
209050363,"{""Old"":2374,""New"":2376,""Reason"":3}"
71883863,"{""Old"":1149,""New"":1151,""Reason"":3}"
77112661,"{""Old"":13878,""New"":13880,""Reason"":3}"
77112661,"{""Old"":13876,""New"":13878,""Reason"":3}"
2968081,"{""Old"":2223,""New"":2225,""Reason"":3}"
2968081,"{""Old"":2299,""New"":2301,""Reason"":3}"
2968081,"{""Old"":2327,""New"":2329,""Reason"":3}"
2968081,"{""Old"":2294,""New"":2296,""Reason"":3}"
2968081,"{""Old"":2361,""New"":2363,""Reason"":3}"
2968081,"{""Old"":2355,""New"":2357,""Reason"":3}"
2968081,"{""Old"":2220,""New"":2222,""Reason"":3}"
2968081,"{""Old"":2263,""New"":2273,""Reason"":3}"
2968081,"{""Old"":2301,""New"":2303,""Reason"":3}"
2968081,"{""Old"":2284,""New"":2294,""Reason"":3}"
77112661,"{""Old"":13880,""New"":13882,""Reason"":3}"
56659199,"{""Old"":1484,""New"":1486,""Reason"":3}"
39951938,"{""Old"":1317,""New"":1319,""Reason"":3}"
220792592,"{""Old"":199,""New"":203,""Reason"":3}"
56659199,"{""Old"":1482,""New"":1484,""Reason"":3}"
2968081,"{""Old"":2320,""New"":2322,""Reason"":3}"
2968081,"{""Old"":2343,""New"":2345,""Reason"":3}"
2968081,"{""Old"":2315,""New"":2317,""Reason"":3}"
2968081,"{""Old"":2357,""New"":2359,""Reason"":3}"
2968081,"{""Old"":2331,""New"":2333,""Reason"":3}"
2968081,"{""Old"":2212,""New"":2214,""Reason"":3}"
2968081,"{""Old"":2307,""New"":2309,""Reason"":3}"
2968081,"{""Old"":2313,""New"":2315,""Reason"":3}"
56659199,"{""Old"":1476,""New"":1478,""Reason"":3}"
39951938,"{""Old"":1304,""New"":1306,""Reason"":3}"
2968081,"{""Old"":2209,""New"":2211,""Reason"":3}"
2968081,"{""Old"":2341,""New"":2343,""Reason"":3}"
2968081,"{""Old"":2305,""New"":2307,""Reason"":3}"
39951938,"{""Old"":1309,""New"":1311,""Reason"":3}"
2968081,"{""Old"":2218,""New"":2220,""Reason"":3}"
2968081,"{""Old"":2322,""New"":2324,""Reason"":3}"
2968081,"{""Old"":2311,""New"":2313,""Reason"":3}"
2968081,"{""Old"":2233,""New"":2235,""Reason"":3}"
2968081,"{""Old"":2317,""New"":2319,""Reason"":3}"
39951938,"{""Old"":1311,""New"":1313,""Reason"":3}"
56659199,"{""Old"":1479,""New"":1481,""Reason"":3}"
39951938,"{""Old"":1313,""New"":1315,""Reason"":3}"
56659199,"{""Old"":1486,""New"":1488,""Reason"":3}"
2968081,"{""Old"":2205,""New"":2207,""Reason"":3}"
2968081,"{""Old"":2303,""New"":2305,""Reason"":3}"
39951938,"{""Old"":1315,""New"":1317,""Reason"":3}"
69712509,"{""Old"":2172,""New"":2174,""Reason"":3}"
215702910,"{""Old"":529,""New"":531,""Reason"":3}"
55808754,"{""Old"":2618,""New"":2620,""Reason"":3}"
2968081,"{""Old"":2214,""New"":2216,""Reason"":3}"
77439084,"{""Old"":1881,""New"":1883,""Reason"":3}"
2968081,"{""Old"":2203,""New"":2205,""Reason"":3}"
2968081,"{""Old"":2345,""New"":2355,""Reason"":3}"
2968081,"{""Old"":2237,""New"":2239,""Reason"":3}"
39951938,"{""Old"":1307,""New"":1309,""Reason"":3}"
2968081,"{""Old"":2261,""New"":2263,""Reason"":3}"
2968081,"{""Old"":2359,""New"":2361,""Reason"":3}"
77439084,"{""Old"":1883,""New"":1887,""Reason"":3}"
42284682,"{""Old"":3307,""New"":3309,""Reason"":3}"
87266452,"{""Old"":1250,""New"":1252,""Reason"":3}"
55808754,"{""Old"":2622,""New"":2624,""Reason"":3}"
56766934,"{""Old"":190,""New"":206,""Reason"":3}"
55808754,"{""Old"":2606,""New"":2608,""Reason"":3}"
69712509,"{""Old"":2174,""New"":2176,""Reason"":3}"
42284682,"{""Old"":3305,""New"":3307,""Reason"":3}"
77439084,"{""Old"":1887,""New"":1889,""Reason"":3}"
71883863,"{""Old"":1151,""New"":1153,""Reason"":3}"
56116279,"{""Old"":2613,""New"":2615,""Reason"":3}"
42284682,"{""Old"":3303,""New"":3305,""Reason"":3}"
2968081,"{""Old"":2339,""New"":2341,""Reason"":3}"
56116279,"{""Old"":2615,""New"":2617,""Reason"":3}"
71883863,"{""Old"":1127,""New"":1129,""Reason"":3}"
2968081,"{""Old"":2207,""New"":2209,""Reason"":3}"
2968081,"{""Old"":2249,""New"":2259,""Reason"":3}"
2968081,"{""Old"":2329,""New"":2331,""Reason"":3}"
55808754,"{""Old"":2620,""New"":2622,""Reason"":3}"
42284682,"{""Old"":3309,""New"":3311,""Reason"":3}"
56116279,"{""Old"":2617,""New"":2619,""Reason"":3}"
77439084,"{""Old"":1889,""New"":1891,""Reason"":3}"
51725480,"{""Old"":1728,""New"":1730,""Reason"":3}"
76221677,"{""Old"":904,""New"":906,""Reason"":3}"
56116279,"{""Old"":2619,""New"":2621,""Reason"":3}"
71883863,"{""Old"":1157,""New"":1159,""Reason"":3}"
51725480,"{""Old"":1716,""New"":1726,""Reason"":3}"
58212824,"{""Old"":850,""New"":852,""Reason"":3}"
55808754,"{""Old"":2608,""New"":2618,""Reason"":3}"
71883863,"{""Old"":1154,""New"":1156,""Reason"":3}"
58212824,"{""Old"":852,""New"":854,""Reason"":3}"
51725480,"{""Old"":1726,""New"":1728,""Reason"":3}"
13773701,"{""Old"":3582,""New"":3584,""Reason"":3}"
17404072,"{""Old"":807,""New"":823,""Reason"":3}"
82992489,"{""Old"":1996,""New"":1998,""Reason"":3}"
17404072,"{""Old"":777,""New"":779,""Reason"":3}"
62553613,"{""Old"":21463,""New"":21485,""Reason"":3}"
82992489,"{""Old"":1913,""New"":1921,""Reason"":3}"
58910127,"{""Old"":3571,""New"":3573,""Reason"":3}"
17404072,"{""Old"":705,""New"":717,""Reason"":3}"
17404072,"{""Old"":648,""New"":656,""Reason"":3}"
17404072,"{""Old"":734,""New"":736,""Reason"":3}"
13048940,"{""Old"":182,""New"":184,""Reason"":3}"
82992489,"{""Old"":1950,""New"":1990,""Reason"":3}"
16050309,"{""Old"":316,""New"":324,""Reason"":3}"
25764590,"{""Old"":2148,""New"":2158,""Reason"":3}"
25764590,"{""Old"":1890,""New"":1892,""Reason"":3}"
25764590,"{""Old"":2107,""New"":2119,""Reason"":3}"
13030531,"{""Old"":2293,""New"":2295,""Reason"":3}"
11173023,"{""Old"":15483,""New"":15503,""Reason"":3}"
210305670,"{""Old"":256,""New"":258,""Reason"":3}"
11173023,"{""Old"":15504,""New"":15534,""Reason"":3}"
25764590,"{""Old"":2083,""New"":2085,""Reason"":3}"
25764590,"{""Old"":2080,""New"":2082,""Reason"":3}"
210305670,"{""Old"":259,""New"":263,""Reason"":3}"
70253325,"{""Old"":1651,""New"":1653,""Reason"":3}"
30034713,"{""Old"":185,""New"":193,""Reason"":3}"
62553613,"{""Old"":21510,""New"":21542,""Reason"":3}"
14079233,"{""Old"":849,""New"":851,""Reason"":3}"
13507689,"{""Old"":1392,""New"":1394,""Reason"":3}"
58910127,"{""Old"":3503,""New"":3513,""Reason"":3}"
13773701,"{""Old"":3570,""New"":3582,""Reason"":3}"
58910127,"{""Old"":3534,""New"":3556,""Reason"":3}"
13366082,"{""Old"":2109,""New"":2111,""Reason"":3}"
13366082,"{""Old"":2117,""New"":2133,""Reason"":3}"
11173023,"{""Old"":15184,""New"":15278,""Reason"":3}"
40318178,"{""Old"":20308,""New"":20338,""Reason"":3}"
25764590,"{""Old"":1935,""New"":1939,""Reason"":3}"
45358779,"{""Old"":1341,""New"":1343,""Reason"":3}"
79319739,"{""Old"":430,""New"":434,""Reason"":3}"
25764590,"{""Old"":1965,""New"":1969,""Reason"":3}"
49488425,"{""Old"":353,""New"":355,""Reason"":3}"
48669632,"{""Old"":3426,""New"":3428,""Reason"":3}"
48669632,"{""Old"":3449,""New"":3453,""Reason"":3}"
63752582,"{""Old"":2438,""New"":2448,""Reason"":3}"
25764590,"{""Old"":2132,""New"":2134,""Reason"":3}"
25764590,"{""Old"":2052,""New"":2054,""Reason"":3}"
210305670,"{""Old"":263,""New"":267,""Reason"":3}"
25764590,"{""Old"":1911,""New"":1915,""Reason"":3}"
40318178,"{""Old"":20338,""New"":20348,""Reason"":3}"
34824025,"{""Old"":339,""New"":343,""Reason"":3}"
201314175,"{""Old"":477,""New"":479,""Reason"":3}"
34824025,"{""Old"":353,""New"":359,""Reason"":3}"
25764590,"{""Old"":2012,""New"":2024,""Reason"":3}"
25764590,"{""Old"":2126,""New"":2128,""Reason"":3}"
11173023,"{""Old"":14480,""New"":14484,""Reason"":3}"
25764590,"{""Old"":2222,""New"":2224,""Reason"":3}"
40318178,"{""Old"":20269,""New"":20277,""Reason"":3}"
13507689,"{""Old"":1368,""New"":1386,""Reason"":3}"
13507689,"{""Old"":1386,""New"":1392,""Reason"":3}"
62553613,"{""Old"":21654,""New"":21736,""Reason"":3}"
58910127,"{""Old"":3593,""New"":3595,""Reason"":3}"
34824025,"{""Old"":343,""New"":345,""Reason"":3}"
73079522,"{""Old"":204,""New"":206,""Reason"":3}"
17404072,"{""Old"":793,""New"":799,""Reason"":3}"
82992489,"{""Old"":2041,""New"":2043,""Reason"":3}"
62553613,"{""Old"":21761,""New"":21859,""Reason"":3}"
82992489,"{""Old"":2025,""New"":2029,""Reason"":3}"
17404072,"{""Old"":779,""New"":789,""Reason"":3}"
21265711,"{""Old"":1677,""New"":1679,""Reason"":3}"
13366082,"{""Old"":2093,""New"":2107,""Reason"":3}"
82992489,"{""Old"":2048,""New"":2052,""Reason"":3}"
62553613,"{""Old"":21861,""New"":21863,""Reason"":3}"
121023862,"{""Old"":895,""New"":897,""Reason"":3}"
14079233,"{""Old"":859,""New"":863,""Reason"":3}"
58910127,"{""Old"":3589,""New"":3593,""Reason"":3}"
28068690,"{""Old"":52,""New"":58,""Reason"":3}"
16793905,"{""Old"":2069,""New"":2081,""Reason"":3}"
16793905,"{""Old"":2108,""New"":2134,""Reason"":3}"
58882735,"{""Old"":372,""New"":374,""Reason"":3}"
10866326,"{""Old"":38,""New"":40,""Reason"":3}"
6881205,"{""Old"":11989,""New"":12003,""Reason"":3}"
6881205,"{""Old"":11969,""New"":11979,""Reason"":3}"
5227772,"{""Old"":1289,""New"":1311,""Reason"":3}"
41440335,"{""Old"":3828,""New"":3834,""Reason"":3}"
2968081,"{""Old"":4558,""New"":4594,""Reason"":3}"
29972957,"{""Old"":1924,""New"":1936,""Reason"":3}"
41440335,"{""Old"":3690,""New"":3692,""Reason"":3}"
2968081,"{""Old"":3770,""New"":3876,""Reason"":3}"
41440335,"{""Old"":3402,""New"":3408,""Reason"":3}"
34824025,"{""Old"":346,""New"":348,""Reason"":3}"
84713368,"{""Old"":652,""New"":654,""Reason"":3}"
59109994,"{""Old"":1344,""New"":1362,""Reason"":3}"
79319739,"{""Old"":405,""New"":409,""Reason"":3}"
6761088,"{""Old"":51,""New"":53,""Reason"":3}"
210305670,"{""Old"":254,""New"":256,""Reason"":3}"
13030531,"{""Old"":2287,""New"":2291,""Reason"":3}"
22112662,"{""Old"":302,""New"":304,""Reason"":3}"
22112662,"{""Old"":304,""New"":308,""Reason"":3}"
63752582,"{""Old"":2448,""New"":2466,""Reason"":3}"
48669632,"{""Old"":3462,""New"":3466,""Reason"":3}"
10866326,"{""Old"":149,""New"":153,""Reason"":3}"
2968081,"{""Old"":3668,""New"":3732,""Reason"":3}"
2968081,"{""Old"":4276,""New"":4346,""Reason"":3}"
17404072,"{""Old"":676,""New"":684,""Reason"":3}"
10866326,"{""Old"":35,""New"":37,""Reason"":3}"
58882735,"{""Old"":377,""New"":379,""Reason"":3}"
212466458,"{""Old"":596,""New"":604,""Reason"":3}"
14079233,"{""Old"":836,""New"":840,""Reason"":3}"
61040174,"{""Old"":101,""New"":103,""Reason"":3}"
6881205,"{""Old"":11979,""New"":11981,""Reason"":3}"
9822342,"{""Old"":245,""New"":251,""Reason"":3}"
29144219,"{""Old"":287,""New"":303,""Reason"":3}"
16793905,"{""Old"":2085,""New"":2087,""Reason"":3}"
29144219,"{""Old"":273,""New"":281,""Reason"":3}"
62553613,"{""Old"":21859,""New"":21861,""Reason"":3}"
17404072,"{""Old"":636,""New"":648,""Reason"":3}"
56652072,"{""Old"":135,""New"":141,""Reason"":3}"
25764590,"{""Old"":2239,""New"":2257,""Reason"":3}"
40318178,"{""Old"":20147,""New"":20163,""Reason"":3}"
25764590,"{""Old"":1761,""New"":1785,""Reason"":3}"
11173023,"{""Old"":15463,""New"":15483,""Reason"":3}"
41440335,"{""Old"":3800,""New"":3802,""Reason"":3}"
25764590,"{""Old"":2025,""New"":2027,""Reason"":3}"
11173023,"{""Old"":15347,""New"":15399,""Reason"":3}"
21176447,"{""Old"":353,""New"":359,""Reason"":3}"
48669632,"{""Old"":3366,""New"":3382,""Reason"":3}"
48669632,"{""Old"":3361,""New"":3365,""Reason"":3}"
25764590,"{""Old"":2121,""New"":2123,""Reason"":3}"
201314175,"{""Old"":489,""New"":497,""Reason"":3}"
10214923,"{""Old"":859,""New"":867,""Reason"":3}"
34824025,"{""Old"":372,""New"":378,""Reason"":3}"
60608971,"{""Old"":1067,""New"":1073,""Reason"":3}"
218605508,"{""Old"":6657,""New"":6667,""Reason"":3}"
41352787,"{""Old"":1062,""New"":1108,""Reason"":3}"
41352787,"{""Old"":2452,""New"":2456,""Reason"":3}"
27978244,"{""Old"":1095,""New"":1105,""Reason"":3}"
27978244,"{""Old"":1107,""New"":1111,""Reason"":3}"
66334010,"{""Old"":889,""New"":907,""Reason"":3}"
66334010,"{""Old"":926,""New"":958,""Reason"":3}"
41352787,"{""Old"":2107,""New"":2133,""Reason"":3}"
46260240,"{""Old"":4077,""New"":4083,""Reason"":3}"
37927697,"{""Old"":417,""New"":421,""Reason"":3}"
59109994,"{""Old"":1490,""New"":1492,""Reason"":3}"
2845298,"{""Old"":9578,""New"":9584,""Reason"":3}"
13270858,"{""Old"":8617,""New"":8635,""Reason"":3}"
121489168,"{""Old"":286,""New"":288,""Reason"":3}"
59109994,"{""Old"":1504,""New"":1510,""Reason"":3}"
59109994,"{""Old"":1457,""New"":1461,""Reason"":3}"
59109994,"{""Old"":1461,""New"":1481,""Reason"":3}"
121572028,"{""Old"":462,""New"":478,""Reason"":3}"
9822342,"{""Old"":224,""New"":230,""Reason"":3}"
16793905,"{""Old"":1983,""New"":1993,""Reason"":3}"
29144219,"{""Old"":268,""New"":270,""Reason"":3}"
78675335,"{""Old"":3872,""New"":3878,""Reason"":3}"
11173023,"{""Old"":14750,""New"":14754,""Reason"":3}"
207033072,"{""Old"":1487,""New"":1497,""Reason"":3}"
212325782,"{""Old"":18897,""New"":18907,""Reason"":3}"
5710392,"{""Old"":1822,""New"":1832,""Reason"":3}"
5710392,"{""Old"":303,""New"":323,""Reason"":3}"
46235249,"{""Old"":7656,""New"":7658,""Reason"":3}"
5710392,"{""Old"":1584,""New"":1626,""Reason"":3}"
21725040,"{""Old"":827,""New"":833,""Reason"":3}"
46235249,"{""Old"":7665,""New"":7687,""Reason"":3}"
5710392,"{""Old"":676,""New"":714,""Reason"":3}"
9511124,"{""Old"":3448,""New"":3460,""Reason"":3}"
5710392,"{""Old"":1572,""New"":1584,""Reason"":3}"
80128505,"{""Old"":2622,""New"":2656,""Reason"":3}"
60608971,"{""Old"":1026,""New"":1028,""Reason"":3}"
27978244,"{""Old"":1113,""New"":1115,""Reason"":3}"
5710392,"{""Old"":1758,""New"":1778,""Reason"":3}"
24576393,"{""Old"":96,""New"":98,""Reason"":3}"
80128505,"{""Old"":2765,""New"":2769,""Reason"":3}"
80128505,"{""Old"":2769,""New"":2783,""Reason"":3}"
5710392,"{""Old"":1864,""New"":1874,""Reason"":3}"
25764590,"{""Old"":1970,""New"":1974,""Reason"":3}"
25764590,"{""Old"":2213,""New"":2215,""Reason"":3}"
121268589,"{""Old"":3670,""New"":3680,""Reason"":3}"
218605508,"{""Old"":6579,""New"":6581,""Reason"":3}"
41352787,"{""Old"":2498,""New"":2508,""Reason"":3}"
60608971,"{""Old"":1054,""New"":1064,""Reason"":3}"
8796544,"{""Old"":375,""New"":389,""Reason"":3}"
40318178,"{""Old"":19754,""New"":19756,""Reason"":3}"
56659199,"{""Old"":1710,""New"":1712,""Reason"":3}"
40318178,"{""Old"":20304,""New"":20308,""Reason"":3}"
41352787,"{""Old"":2099,""New"":2107,""Reason"":3}"
41352787,"{""Old"":2434,""New"":2446,""Reason"":3}"
21176447,"{""Old"":359,""New"":361,""Reason"":3}"
16050309,"{""Old"":300,""New"":302,""Reason"":3}"
41352787,"{""Old"":2191,""New"":2225,""Reason"":3}"
28494826,"{""Old"":2053,""New"":2069,""Reason"":3}"
21216971,"{""Old"":261,""New"":263,""Reason"":3}"
60608971,"{""Old"":1096,""New"":1100,""Reason"":3}"
2968081,"{""Old"":4210,""New"":4276,""Reason"":3}"
2968081,"{""Old"":4440,""New"":4470,""Reason"":3}"
34824025,"{""Old"":378,""New"":380,""Reason"":3}"
6881205,"{""Old"":12003,""New"":12015,""Reason"":3}"
2968081,"{""Old"":4004,""New"":4060,""Reason"":3}"
29972957,"{""Old"":1888,""New"":1924,""Reason"":3}"
10214923,"{""Old"":872,""New"":884,""Reason"":3}"
41440335,"{""Old"":3622,""New"":3660,""Reason"":3}"
41440335,"{""Old"":3684,""New"":3690,""Reason"":3}"
41352787,"{""Old"":2225,""New"":2279,""Reason"":3}"
41352787,"{""Old"":2376,""New"":2392,""Reason"":3}"
41352787,"{""Old"":2432,""New"":2434,""Reason"":3}"
28494826,"{""Old"":2046,""New"":2048,""Reason"":3}"
41440335,"{""Old"":3408,""New"":3414,""Reason"":3}"
10866326,"{""Old"":177,""New"":185,""Reason"":3}"
13571791,"{""Old"":3469,""New"":3471,""Reason"":3}"
12285661,"{""Old"":15574,""New"":15602,""Reason"":3}"
201518206,"{""Old"":3931,""New"":3955,""Reason"":3}"
201518206,"{""Old"":4025,""New"":4041,""Reason"":3}"
211028627,"{""Old"":11758,""New"":11760,""Reason"":3}"
13495243,"{""Old"":1649,""New"":1651,""Reason"":3}"
59109994,"{""Old"":1544,""New"":1548,""Reason"":3}"
88691934,"{""Old"":1086,""New"":1090,""Reason"":3}"
8279087,"{""Old"":2783,""New"":2789,""Reason"":3}"
8279087,"{""Old"":2669,""New"":2701,""Reason"":3}"
29144219,"{""Old"":305,""New"":313,""Reason"":3}"
201518206,"{""Old"":3191,""New"":3237,""Reason"":3}"
17880418,"{""Old"":791,""New"":795,""Reason"":3}"
201518206,"{""Old"":3066,""New"":3086,""Reason"":3}"
201518206,"{""Old"":8843,""New"":8907,""Reason"":3}"
28260779,"{""Old"":142,""New"":148,""Reason"":3}"
18073657,"{""Old"":1887,""New"":1897,""Reason"":3}"
80128505,"{""Old"":2791,""New"":2795,""Reason"":3}"
5710392,"{""Old"":1802,""New"":1822,""Reason"":3}"
46019951,"{""Old"":102543,""New"":102551,""Reason"":3}"
6151149,"{""Old"":41910,""New"":41936,""Reason"":3}"
28068690,"{""Old"":42,""New"":50,""Reason"":3}"
38733101,"{""Old"":1570,""New"":1572,""Reason"":3}"
37927697,"{""Old"":425,""New"":427,""Reason"":3}"
37927697,"{""Old"":394,""New"":402,""Reason"":3}"
59109994,"{""Old"":1598,""New"":1604,""Reason"":3}"
59109994,"{""Old"":1387,""New"":1397,""Reason"":3}"
64283146,"{""Old"":104,""New"":110,""Reason"":3}"
25124543,"{""Old"":2009,""New"":2011,""Reason"":3}"
208717179,"{""Old"":487,""New"":489,""Reason"":3}"
16473350,"{""Old"":992,""New"":998,""Reason"":3}"
201518206,"{""Old"":2561,""New"":2573,""Reason"":3}"
87641637,"{""Old"":2838,""New"":2842,""Reason"":3}"
13270858,"{""Old"":8675,""New"":8677,""Reason"":3}"
2845298,"{""Old"":9574,""New"":9578,""Reason"":3}"
59109994,"{""Old"":1483,""New"":1485,""Reason"":3}"
59109994,"{""Old"":1338,""New"":1342,""Reason"":3}"
64795193,"{""Old"":1228,""New"":1230,""Reason"":3}"
201518206,"{""Old"":3381,""New"":3441,""Reason"":3}"
8279087,"{""Old"":2811,""New"":2817,""Reason"":3}"
8279087,"{""Old"":2817,""New"":2831,""Reason"":3}"
201518206,"{""Old"":2748,""New"":2768,""Reason"":3}"
8279087,"{""Old"":2701,""New"":2725,""Reason"":3}"
43717191,"{""Old"":320,""New"":334,""Reason"":3}"
68574621,"{""Old"":15731,""New"":15733,""Reason"":3}"
8279087,"{""Old"":2837,""New"":2847,""Reason"":3}"
39512726,"{""Old"":135,""New"":139,""Reason"":3}"
39512726,"{""Old"":139,""New"":157,""Reason"":3}"
201518206,"{""Old"":3478,""New"":3506,""Reason"":3}"
201518206,"{""Old"":5979,""New"":6009,""Reason"":3}"
201518206,"{""Old"":2574,""New"":2608,""Reason"":3}"
25764590,"{""Old"":1827,""New"":1839,""Reason"":3}"
25764590,"{""Old"":2162,""New"":2168,""Reason"":3}"
25764590,"{""Old"":2233,""New"":2235,""Reason"":3}"
23436246,"{""Old"":1493,""New"":1497,""Reason"":3}"
25764590,"{""Old"":2140,""New"":2144,""Reason"":3}"
207033072,"{""Old"":1458,""New"":1470,""Reason"":3}"
212325782,"{""Old"":17322,""New"":17350,""Reason"":3}"
79319739,"{""Old"":421,""New"":429,""Reason"":3}"
23436246,"{""Old"":1467,""New"":1475,""Reason"":3}"
16693199,"{""Old"":3195,""New"":3207,""Reason"":3}"
20979216,"{""Old"":390,""New"":402,""Reason"":3}"
84713368,"{""Old"":632,""New"":634,""Reason"":3}"
210547153,"{""Old"":62,""New"":64,""Reason"":3}"
6881205,"{""Old"":12029,""New"":12035,""Reason"":3}"
41440335,"{""Old"":3770,""New"":3776,""Reason"":3}"
10866326,"{""Old"":97,""New"":103,""Reason"":3}"
218605508,"{""Old"":8654,""New"":8670,""Reason"":3}"
73869673,"{""Old"":733,""New"":747,""Reason"":3}"
10866326,"{""Old"":125,""New"":133,""Reason"":3}"
2968081,"{""Old"":4538,""New"":4558,""Reason"":3}"
76642234,"{""Old"":1693,""New"":1707,""Reason"":3}"
20979216,"{""Old"":372,""New"":378,""Reason"":3}"
41440335,"{""Old"":3792,""New"":3800,""Reason"":3}"
6881205,"{""Old"":11984,""New"":11986,""Reason"":3}"
2968081,"{""Old"":4346,""New"":4430,""Reason"":3}"
2968081,"{""Old"":4500,""New"":4502,""Reason"":3}"
33302514,"{""Old"":115,""New"":125,""Reason"":3}"
33302514,"{""Old"":132,""New"":134,""Reason"":3}"
41352787,"{""Old"":2133,""New"":2191,""Reason"":3}"
218605508,"{""Old"":8646,""New"":8654,""Reason"":3}"
4749137,"{""Old"":2106,""New"":2112,""Reason"":3}"
4749137,"{""Old"":2140,""New"":2144,""Reason"":3}"
57320977,"{""Old"":735,""New"":755,""Reason"":3}"
27978244,"{""Old"":1117,""New"":1119,""Reason"":3}"
80894814,"{""Old"":10,""New"":12,""Reason"":3}"
10866326,"{""Old"":167,""New"":173,""Reason"":3}"
47504703,"{""Old"":1579,""New"":1595,""Reason"":3}"
2968081,"{""Old"":4114,""New"":4210,""Reason"":3}"
10214923,"{""Old"":868,""New"":872,""Reason"":3}"
41352787,"{""Old"":1767,""New"":1829,""Reason"":3}"
21216971,"{""Old"":230,""New"":234,""Reason"":3}"
27978244,"{""Old"":1086,""New"":1088,""Reason"":3}"
21216971,"{""Old"":234,""New"":236,""Reason"":3}"
60608971,"{""Old"":1029,""New"":1043,""Reason"":3}"
21216971,"{""Old"":217,""New"":219,""Reason"":3}"
60608971,"{""Old"":1073,""New"":1077,""Reason"":3}"
60608971,"{""Old"":1128,""New"":1142,""Reason"":3}"
76642234,"{""Old"":1707,""New"":1709,""Reason"":3}"
41352787,"{""Old"":2508,""New"":2510,""Reason"":3}"
40318178,"{""Old"":20348,""New"":20352,""Reason"":3}"
11173023,"{""Old"":15433,""New"":15443,""Reason"":3}"
60608971,"{""Old"":1160,""New"":1166,""Reason"":3}"
66334010,"{""Old"":962,""New"":966,""Reason"":3}"
43656083,"{""Old"":509,""New"":521,""Reason"":3}"
41352787,"{""Old"":1953,""New"":1971,""Reason"":3}"
41352787,"{""Old"":2392,""New"":2396,""Reason"":3}"
59109994,"{""Old"":1408,""New"":1412,""Reason"":3}"
208717179,"{""Old"":597,""New"":603,""Reason"":3}"
82382887,"{""Old"":627,""New"":635,""Reason"":3}"
59109994,"{""Old"":1320,""New"":1326,""Reason"":3}"
59109994,"{""Old"":1400,""New"":1402,""Reason"":3}"
27849954,"{""Old"":13691,""New"":13711,""Reason"":3}"
36486502,"{""Old"":2377,""New"":2389,""Reason"":3}"
21058197,"{""Old"":213,""New"":225,""Reason"":3}"
27659846,"{""Old"":927,""New"":931,""Reason"":3}"
27849954,"{""Old"":13761,""New"":13793,""Reason"":3}"
37966732,"{""Old"":1148,""New"":1154,""Reason"":3}"
120353759,"{""Old"":2782,""New"":2800,""Reason"":3}"
71075267,"{""Old"":15549,""New"":15585,""Reason"":3}"
71075267,"{""Old"":16167,""New"":16199,""Reason"":3}"
71075267,"{""Old"":14833,""New"":14847,""Reason"":3}"
201518206,"{""Old"":3546,""New"":3642,""Reason"":3}"
17880418,"{""Old"":784,""New"":786,""Reason"":3}"
85562535,"{""Old"":161,""New"":169,""Reason"":3}"
34871036,"{""Old"":2544,""New"":2546,""Reason"":3}"
27849954,"{""Old"":13093,""New"":13109,""Reason"":3}"
206512823,"{""Old"":168,""New"":172,""Reason"":3}"
5710392,"{""Old"":97,""New"":101,""Reason"":3}"
80128505,"{""Old"":2783,""New"":2789,""Reason"":3}"
80128505,"{""Old"":2662,""New"":2694,""Reason"":3}"
80128505,"{""Old"":2656,""New"":2662,""Reason"":3}"
49521608,"{""Old"":56,""New"":58,""Reason"":3}"
71075267,"{""Old"":14705,""New"":14717,""Reason"":3}"
71075267,"{""Old"":14575,""New"":14599,""Reason"":3}"
49521608,"{""Old"":37,""New"":39,""Reason"":3}"
80128505,"{""Old"":2707,""New"":2717,""Reason"":3}"
70388674,"{""Old"":906,""New"":910,""Reason"":3}"
5710392,"{""Old"":373,""New"":385,""Reason"":3}"
8822474,"{""Old"":1124,""New"":1128,""Reason"":3}"
5710392,"{""Old"":1395,""New"":1457,""Reason"":3}"
37279442,"{""Old"":29720,""New"":29734,""Reason"":3}"
23929239,"{""Old"":1699,""New"":1705,""Reason"":3}"
70388674,"{""Old"":871,""New"":875,""Reason"":3}"
24576393,"{""Old"":107,""New"":109,""Reason"":3}"
11671657,"{""Old"":1613,""New"":1615,""Reason"":3}"
23929239,"{""Old"":1705,""New"":1707,""Reason"":3}"
80128505,"{""Old"":2748,""New"":2754,""Reason"":3}"
23568177,"{""Old"":14502,""New"":14506,""Reason"":3}"
71075267,"{""Old"":14641,""New"":14667,""Reason"":3}"
85015740,"{""Old"":387,""New"":397,""Reason"":3}"
56649989,"{""Old"":2019,""New"":2023,""Reason"":3}"
9822342,"{""Old"":257,""New"":259,""Reason"":3}"
70388674,"{""Old"":918,""New"":920,""Reason"":3}"
70388674,"{""Old"":782,""New"":798,""Reason"":3}"
120844941,"{""Old"":600,""New"":608,""Reason"":3}"
8084564,"{""Old"":42,""New"":44,""Reason"":3}"
23750958,"{""Old"":743,""New"":753,""Reason"":3}"
46019951,"{""Old"":102503,""New"":102541,""Reason"":3}"
8822474,"{""Old"":1157,""New"":1161,""Reason"":3}"
65594943,"{""Old"":9984,""New"":9992,""Reason"":3}"
46019951,"{""Old"":102443,""New"":102503,""Reason"":3}"
5710392,"{""Old"":814,""New"":868,""Reason"":3}"
5710392,"{""Old"":1196,""New"":1320,""Reason"":3}"
80128505,"{""Old"":2582,""New"":2592,""Reason"":3}"
70388674,"{""Old"":892,""New"":894,""Reason"":3}"
70388674,"{""Old"":921,""New"":923,""Reason"":3}"
70388674,"{""Old"":801,""New"":817,""Reason"":3}"
8822474,"{""Old"":1202,""New"":1204,""Reason"":3}"
120844941,"{""Old"":662,""New"":668,""Reason"":3}"
27561734,"{""Old"":1586,""New"":1598,""Reason"":3}"
38733101,"{""Old"":1564,""New"":1566,""Reason"":3}"
14286191,"{""Old"":1624,""New"":1636,""Reason"":3}"
120844941,"{""Old"":670,""New"":672,""Reason"":3}"
20721207,"{""Old"":2227,""New"":2247,""Reason"":3}"
70388674,"{""Old"":833,""New"":841,""Reason"":3}"
9511124,"{""Old"":3438,""New"":3448,""Reason"":3}"
11671657,"{""Old"":1597,""New"":1613,""Reason"":3}"
16793905,"{""Old"":1995,""New"":2017,""Reason"":3}"
65594943,"{""Old"":9958,""New"":9970,""Reason"":3}"
67835639,"{""Old"":1467,""New"":1493,""Reason"":3}"
23436246,"{""Old"":1500,""New"":1504,""Reason"":3}"
210819557,"{""Old"":229,""New"":235,""Reason"":3}"
9822342,"{""Old"":255,""New"":257,""Reason"":3}"
60608971,"{""Old"":1110,""New"":1114,""Reason"":3}"
23436246,"{""Old"":1298,""New"":1304,""Reason"":3}"
40318178,"{""Old"":20238,""New"":20244,""Reason"":3}"
25764590,"{""Old"":1941,""New"":1945,""Reason"":3}"
5227772,"{""Old"":1337,""New"":1339,""Reason"":3}"
34824025,"{""Old"":369,""New"":371,""Reason"":3}"
212325782,"{""Old"":18867,""New"":18897,""Reason"":3}"
41352787,"{""Old"":1517,""New"":1629,""Reason"":3}"
4749137,"{""Old"":2112,""New"":2140,""Reason"":3}"
21216971,"{""Old"":221,""New"":223,""Reason"":3}"
60608971,"{""Old"":1167,""New"":1183,""Reason"":3}"
41352787,"{""Old"":950,""New"":1010,""Reason"":3}"
41352787,"{""Old"":2446,""New"":2452,""Reason"":3}"
48591626,"{""Old"":14473,""New"":14477,""Reason"":3}"
69251466,"{""Old"":95,""New"":101,""Reason"":3}"
60608971,"{""Old"":1142,""New"":1148,""Reason"":3}"
218605508,"{""Old"":7358,""New"":7400,""Reason"":3}"
41352787,"{""Old"":2295,""New"":2305,""Reason"":3}"
41352787,"{""Old"":1411,""New"":1473,""Reason"":3}"
218605508,"{""Old"":6610,""New"":6624,""Reason"":3}"
60608971,"{""Old"":1152,""New"":1154,""Reason"":3}"
25764590,"{""Old"":1947,""New"":1957,""Reason"":3}"
84713368,"{""Old"":589,""New"":593,""Reason"":3}"
84713368,"{""Old"":648,""New"":652,""Reason"":3}"
210819557,"{""Old"":235,""New"":239,""Reason"":3}"
81470453,"{""Old"":1069,""New"":1071,""Reason"":3}"
29972957,"{""Old"":1936,""New"":1938,""Reason"":3}"
41352787,"{""Old"":510,""New"":530,""Reason"":3}"
87641637,"{""Old"":2517,""New"":2547,""Reason"":3}"
64283146,"{""Old"":85,""New"":87,""Reason"":3}"
71075267,"{""Old"":14749,""New"":14763,""Reason"":3}"
15931141,"{""Old"":1258,""New"":1260,""Reason"":3}"
87641637,"{""Old"":2770,""New"":2782,""Reason"":3}"
34871036,"{""Old"":2546,""New"":2548,""Reason"":3}"
87641637,"{""Old"":2660,""New"":2702,""Reason"":3}"
208854756,"{""Old"":116,""New"":118,""Reason"":3}"
38244523,"{""Old"":543,""New"":559,""Reason"":3}"
38244523,"{""Old"":564,""New"":566,""Reason"":3}"
201518206,"{""Old"":3993,""New"":4009,""Reason"":3}"
19185236,"{""Old"":1317,""New"":1329,""Reason"":3}"
13495243,"{""Old"":1639,""New"":1649,""Reason"":3}"
201518206,"{""Old"":2673,""New"":2713,""Reason"":3}"
18073657,"{""Old"":1875,""New"":1877,""Reason"":3}"
10632119,"{""Old"":742,""New"":802,""Reason"":3}"
8279087,"{""Old"":2797,""New"":2811,""Reason"":3}"
23905976,"{""Old"":1288,""New"":1300,""Reason"":3}"
27659846,"{""Old"":931,""New"":949,""Reason"":3}"
38244523,"{""Old"":529,""New"":531,""Reason"":3}"
65523286,"{""Old"":91,""New"":95,""Reason"":3}"
201518206,"{""Old"":4041,""New"":4053,""Reason"":3}"
16473350,"{""Old"":1011,""New"":1013,""Reason"":3}"
206950450,"{""Old"":866,""New"":870,""Reason"":3}"
11096634,"{""Old"":2477,""New"":2479,""Reason"":3}"
11096634,"{""Old"":2535,""New"":2537,""Reason"":3}"
26898124,"{""Old"":2719,""New"":2733,""Reason"":3}"
27849954,"{""Old"":13731,""New"":13761,""Reason"":3}"
36486502,"{""Old"":2401,""New"":2405,""Reason"":3}"
27849954,"{""Old"":13793,""New"":13825,""Reason"":3}"
23969698,"{""Old"":3995,""New"":4013,""Reason"":3}"
57711906,"{""Old"":2031,""New"":2035,""Reason"":3}"
36486502,"{""Old"":2407,""New"":2415,""Reason"":3}"
26898124,"{""Old"":2733,""New"":2745,""Reason"":3}"
65661392,"{""Old"":7296,""New"":7298,""Reason"":3}"
27849954,"{""Old"":13127,""New"":13133,""Reason"":3}"
39479820,"{""Old"":9222,""New"":9228,""Reason"":3}"
43694202,"{""Old"":143748,""New"":143766,""Reason"":3}"
62019114,"{""Old"":297,""New"":307,""Reason"":3}"
46019951,"{""Old"":102181,""New"":102187,""Reason"":3}"
27561734,"{""Old"":1552,""New"":1560,""Reason"":3}"
8822474,"{""Old"":1206,""New"":1208,""Reason"":3}"
27561734,"{""Old"":1569,""New"":1581,""Reason"":3}"
46019951,"{""Old"":102169,""New"":102181,""Reason"":3}"
14897428,"{""Old"":915,""New"":923,""Reason"":3}"
120844941,"{""Old"":644,""New"":650,""Reason"":3}"
120844941,"{""Old"":612,""New"":618,""Reason"":3}"
23436246,"{""Old"":1337,""New"":1371,""Reason"":3}"
201314175,"{""Old"":458,""New"":462,""Reason"":3}"
23283042,"{""Old"":2075,""New"":2085,""Reason"":3}"
2968081,"{""Old"":4470,""New"":4490,""Reason"":3}"
11173023,"{""Old"":14718,""New"":14720,""Reason"":3}"
123262597,"{""Old"":695,""New"":749,""Reason"":3}"
41352787,"{""Old"":1971,""New"":2033,""Reason"":3}"
5227772,"{""Old"":1340,""New"":1348,""Reason"":3}"
218605508,"{""Old"":6575,""New"":6577,""Reason"":3}"
218605508,"{""Old"":8628,""New"":8640,""Reason"":3}"
60608971,"{""Old"":1102,""New"":1106,""Reason"":3}"
60608971,"{""Old"":1079,""New"":1083,""Reason"":3}"
59109994,"{""Old"":1414,""New"":1420,""Reason"":3}"
10455434,"{""Old"":329,""New"":339,""Reason"":3}"
210819557,"{""Old"":184,""New"":194,""Reason"":3}"
2968081,"{""Old"":4430,""New"":4440,""Reason"":3}"
85562535,"{""Old"":147,""New"":151,""Reason"":3}"
4272186,"{""Old"":782,""New"":786,""Reason"":3}"
41440335,"{""Old"":3776,""New"":3792,""Reason"":3}"
76642234,"{""Old"":1709,""New"":1711,""Reason"":3}"
48614050,"{""Old"":2864,""New"":2886,""Reason"":3}"
10866326,"{""Old"":192,""New"":194,""Reason"":3}"
13571791,"{""Old"":3476,""New"":3478,""Reason"":3}"
87641637,"{""Old"":2810,""New"":2820,""Reason"":3}"
71075267,"{""Old"":15585,""New"":15687,""Reason"":3}"
13029462,"{""Old"":170,""New"":174,""Reason"":3}"
40248507,"{""Old"":2123,""New"":2139,""Reason"":3}"
12484708,"{""Old"":66,""New"":68,""Reason"":3}"
208717179,"{""Old"":551,""New"":597,""Reason"":3}"
208717179,"{""Old"":621,""New"":625,""Reason"":3}"
59109994,"{""Old"":1510,""New"":1524,""Reason"":3}"
218756550,"{""Old"":1270,""New"":1274,""Reason"":3}"
45215660,"{""Old"":3389,""New"":3407,""Reason"":3}"
45215660,"{""Old"":3435,""New"":3441,""Reason"":3}"
27849954,"{""Old"":13123,""New"":13127,""Reason"":3}"
47842904,"{""Old"":111,""New"":119,""Reason"":3}"
66362843,"{""Old"":904,""New"":908,""Reason"":3}"
16793905,"{""Old"":2134,""New"":2144,""Reason"":3}"
27849954,"{""Old"":14075,""New"":14139,""Reason"":3}"
27849954,"{""Old"":12555,""New"":12571,""Reason"":3}"
27849954,"{""Old"":13385,""New"":13387,""Reason"":3}"
71075267,"{""Old"":15835,""New"":15921,""Reason"":3}"
71075267,"{""Old"":15945,""New"":16001,""Reason"":3}"
16319032,"{""Old"":4147,""New"":4151,""Reason"":3}"
16793905,"{""Old"":2040,""New"":2064,""Reason"":3}"
30593734,"{""Old"":279,""New"":281,""Reason"":3}"
71075267,"{""Old"":16105,""New"":16125,""Reason"":3}"
37966732,"{""Old"":1295,""New"":1297,""Reason"":3}"
5710392,"{""Old"":411,""New"":437,""Reason"":3}"
9511124,"{""Old"":3410,""New"":3438,""Reason"":3}"
24576393,"{""Old"":105,""New"":107,""Reason"":3}"
23750958,"{""Old"":735,""New"":743,""Reason"":3}"
5710392,"{""Old"":1728,""New"":1758,""Reason"":3}"
5710392,"{""Old"":440,""New"":442,""Reason"":3}"
5710392,"{""Old"":608,""New"":626,""Reason"":3}"
23568177,"{""Old"":14488,""New"":14502,""Reason"":3}"
5710392,"{""Old"":1646,""New"":1666,""Reason"":3}"
5710392,"{""Old"":1938,""New"":1948,""Reason"":3}"
9511124,"{""Old"":3406,""New"":3410,""Reason"":3}"
80128505,"{""Old"":2546,""New"":2582,""Reason"":3}"
206512823,"{""Old"":172,""New"":194,""Reason"":3}"
16793905,"{""Old"":2087,""New"":2099,""Reason"":3}"
56649989,"{""Old"":2009,""New"":2013,""Reason"":3}"
58882735,"{""Old"":381,""New"":401,""Reason"":3}"
62019114,"{""Old"":340,""New"":344,""Reason"":3}"
59109994,"{""Old"":1379,""New"":1385,""Reason"":3}"
13571791,"{""Old"":3484,""New"":3486,""Reason"":3}"
19905536,"{""Old"":372,""New"":384,""Reason"":3}"
26747971,"{""Old"":2189,""New"":2199,""Reason"":3}"
73560961,"{""Old"":39,""New"":41,""Reason"":3}"
38223908,"{""Old"":1127,""New"":1129,""Reason"":3}"
201518206,"{""Old"":9109,""New"":9119,""Reason"":3}"
68574621,"{""Old"":15779,""New"":15781,""Reason"":3}"
27849954,"{""Old"":13593,""New"":13605,""Reason"":3}"
23969698,"{""Old"":4138,""New"":4204,""Reason"":3}"
19905536,"{""Old"":395,""New"":403,""Reason"":3}"
13495243,"{""Old"":1651,""New"":1659,""Reason"":3}"
39479328,"{""Old"":906,""New"":922,""Reason"":3}"
59109994,"{""Old"":1524,""New"":1526,""Reason"":3}"
59109994,"{""Old"":1571,""New"":1587,""Reason"":3}"
87641637,"{""Old"":2613,""New"":2631,""Reason"":3}"
13270858,"{""Old"":8705,""New"":8707,""Reason"":3}"
13270858,"{""Old"":8649,""New"":8675,""Reason"":3}"
82382887,"{""Old"":637,""New"":651,""Reason"":3}"
59109994,"{""Old"":1362,""New"":1364,""Reason"":3}"
59109994,"{""Old"":1365,""New"":1369,""Reason"":3}"
34871036,"{""Old"":2514,""New"":2540,""Reason"":3}"
81498402,"{""Old"":558,""New"":560,""Reason"":3}"
8279087,"{""Old"":2725,""New"":2751,""Reason"":3}"
38223908,"{""Old"":1151,""New"":1157,""Reason"":3}"
120948807,"{""Old"":366,""New"":378,""Reason"":3}"
81093831,"{""Old"":7312,""New"":7318,""Reason"":3}"
18073657,"{""Old"":1857,""New"":1867,""Reason"":3}"
7912336,"{""Old"":1039,""New"":1041,""Reason"":3}"
120948807,"{""Old"":379,""New"":381,""Reason"":3}"
123262597,"{""Old"":887,""New"":931,""Reason"":3}"
41352787,"{""Old"":1322,""New"":1354,""Reason"":3}"
12285661,"{""Old"":15333,""New"":15349,""Reason"":3}"
27849954,"{""Old"":12573,""New"":12575,""Reason"":3}"
209124097,"{""Old"":372,""New"":384,""Reason"":3}"
11290511,"{""Old"":501,""New"":505,""Reason"":3}"
36486502,"{""Old"":2420,""New"":2424,""Reason"":3}"
86545120,"{""Old"":960,""New"":964,""Reason"":3}"
60608971,"{""Old"":1092,""New"":1096,""Reason"":3}"
11173023,"{""Old"":14920,""New"":14968,""Reason"":3}"
121268589,"{""Old"":3590,""New"":3598,""Reason"":3}"
211534404,"{""Old"":1313,""New"":1327,""Reason"":3}"
48614050,"{""Old"":2855,""New"":2857,""Reason"":3}"
41352787,"{""Old"":2476,""New"":2478,""Reason"":3}"
66334010,"{""Old"":966,""New"":976,""Reason"":3}"
41618935,"{""Old"":132,""New"":134,""Reason"":3}"
66334010,"{""Old"":913,""New"":917,""Reason"":3}"
66334010,"{""Old"":923,""New"":925,""Reason"":3}"
41618935,"{""Old"":1,""New"":3,""Reason"":3}"
123262597,"{""Old"":59,""New"":61,""Reason"":3}"
19316296,"{""Old"":1579,""New"":1587,""Reason"":3}"
70388674,"{""Old"":911,""New"":913,""Reason"":3}"
5710392,"{""Old"":1874,""New"":1906,""Reason"":3}"
120844941,"{""Old"":676,""New"":684,""Reason"":3}"
120844941,"{""Old"":695,""New"":701,""Reason"":3}"
46019951,"{""Old"":102205,""New"":102219,""Reason"":3}"
24576393,"{""Old"":101,""New"":105,""Reason"":3}"
70388674,"{""Old"":878,""New"":880,""Reason"":3}"
20644534,"{""Old"":80,""New"":82,""Reason"":3}"
41400427,"{""Old"":66,""New"":70,""Reason"":3}"
23969698,"{""Old"":4304,""New"":4320,""Reason"":3}"
37966732,"{""Old"":1254,""New"":1276,""Reason"":3}"
16075204,"{""Old"":1875,""New"":1879,""Reason"":3}"
71075267,"{""Old"":15222,""New"":15224,""Reason"":3}"
71075267,"{""Old"":14599,""New"":14603,""Reason"":3}"
71075267,"{""Old"":16125,""New"":16159,""Reason"":3}"
208854756,"{""Old"":97,""New"":99,""Reason"":3}"
208854756,"{""Old"":101,""New"":105,""Reason"":3}"
218756550,"{""Old"":1222,""New"":1224,""Reason"":3}"
36486502,"{""Old"":2396,""New"":2400,""Reason"":3}"
64283146,"{""Old"":91,""New"":97,""Reason"":3}"
208717179,"{""Old"":480,""New"":486,""Reason"":3}"
87641637,"{""Old"":2800,""New"":2810,""Reason"":3}"
201518206,"{""Old"":2840,""New"":2870,""Reason"":3}"
218309488,"{""Old"":36,""New"":38,""Reason"":3}"
26747971,"{""Old"":2174,""New"":2178,""Reason"":3}"
201518206,"{""Old"":10239,""New"":10299,""Reason"":3}"
34696227,"{""Old"":978,""New"":994,""Reason"":3}"
59109994,"{""Old"":1562,""New"":1566,""Reason"":3}"
48528618,"{""Old"":2151,""New"":2163,""Reason"":3}"
27849954,"{""Old"":13605,""New"":13615,""Reason"":3}"
57877737,"{""Old"":17135,""New"":17139,""Reason"":3}"
71075267,"{""Old"":14538,""New"":14548,""Reason"":3}"
45215660,"{""Old"":3431,""New"":3433,""Reason"":3}"
21058197,"{""Old"":230,""New"":234,""Reason"":3}"
49521608,"{""Old"":49,""New"":51,""Reason"":3}"
39479328,"{""Old"":922,""New"":932,""Reason"":3}"
121407798,"{""Old"":357,""New"":359,""Reason"":3}"
19185236,"{""Old"":1279,""New"":1281,""Reason"":3}"
73560961,"{""Old"":24,""New"":26,""Reason"":3}"
10632119,"{""Old"":492,""New"":576,""Reason"":3}"
12766621,"{""Old"":220,""New"":226,""Reason"":3}"
25764590,"{""Old"":2206,""New"":2210,""Reason"":3}"
212325782,"{""Old"":17997,""New"":18077,""Reason"":3}"
123262597,"{""Old"":941,""New"":947,""Reason"":3}"
27978244,"{""Old"":1115,""New"":1117,""Reason"":3}"
218605508,"{""Old"":6630,""New"":6642,""Reason"":3}"
41352787,"{""Old"":2494,""New"":2498,""Reason"":3}"
17730425,"{""Old"":8507,""New"":8511,""Reason"":3}"
120841447,"{""Old"":479,""New"":487,""Reason"":3}"
41352787,"{""Old"":2396,""New"":2406,""Reason"":3}"
209538568,"{""Old"":19830,""New"":19834,""Reason"":3}"
10866326,"{""Old"":194,""New"":196,""Reason"":3}"
19293514,"{""Old"":35,""New"":37,""Reason"":3}"
62019114,"{""Old"":288,""New"":290,""Reason"":3}"
30593734,"{""Old"":273,""New"":277,""Reason"":3}"
14897428,"{""Old"":932,""New"":936,""Reason"":3}"
5710392,"{""Old"":1832,""New"":1834,""Reason"":3}"
80128505,"{""Old"":2530,""New"":2532,""Reason"":3}"
5710392,"{""Old"":993,""New"":1021,""Reason"":3}"
48043083,"{""Old"":306,""New"":312,""Reason"":3}"
70253325,"{""Old"":1646,""New"":1648,""Reason"":3}"
70253325,"{""Old"":1656,""New"":1662,""Reason"":3}"
80128505,"{""Old"":2789,""New"":2791,""Reason"":3}"
5710392,"{""Old"":1844,""New"":1864,""Reason"":3}"
5710392,"{""Old"":1626,""New"":1646,""Reason"":3}"
80128505,"{""Old"":2754,""New"":2758,""Reason"":3}"
71075267,"{""Old"":14773,""New"":14807,""Reason"":3}"
57877737,"{""Old"":17182,""New"":17184,""Reason"":3}"
10842770,"{""Old"":1603,""New"":1621,""Reason"":3}"
218756550,"{""Old"":1279,""New"":1281,""Reason"":3}"
16075204,"{""Old"":1856,""New"":1862,""Reason"":3}"
57877737,"{""Old"":17174,""New"":17178,""Reason"":3}"
11096634,"{""Old"":2479,""New"":2485,""Reason"":3}"
27849954,"{""Old"":14139,""New"":14195,""Reason"":3}"
11096634,"{""Old"":2517,""New"":2535,""Reason"":3}"
73782157,"{""Old"":1400,""New"":1420,""Reason"":3}"
211534404,"{""Old"":1329,""New"":1333,""Reason"":3}"
218756550,"{""Old"":1284,""New"":1290,""Reason"":3}"
23905976,"{""Old"":1265,""New"":1269,""Reason"":3}"
43694202,"{""Old"":144417,""New"":144505,""Reason"":3}"
6475871,"{""Old"":1632,""New"":1650,""Reason"":3}"
23969698,"{""Old"":4457,""New"":4529,""Reason"":3}"
37966732,"{""Old"":1164,""New"":1166,""Reason"":3}"
37966732,"{""Old"":1276,""New"":1286,""Reason"":3}"
37966732,"{""Old"":1193,""New"":1207,""Reason"":3}"
71075267,"{""Old"":16043,""New"":16085,""Reason"":3}"
37966732,"{""Old"":1159,""New"":1163,""Reason"":3}"
218756550,"{""Old"":1266,""New"":1268,""Reason"":3}"
45215660,"{""Old"":3407,""New"":3431,""Reason"":3}"
201518206,"{""Old"":3001,""New"":3039,""Reason"":3}"
201518206,"{""Old"":4009,""New"":4021,""Reason"":3}"
201518206,"{""Old"":2718,""New"":2732,""Reason"":3}"
68574621,"{""Old"":15766,""New"":15770,""Reason"":3}"
8279087,"{""Old"":2771,""New"":2783,""Reason"":3}"
121268589,"{""Old"":3717,""New"":3727,""Reason"":3}"
121268589,"{""Old"":3744,""New"":3748,""Reason"":3}"
11173023,"{""Old"":15423,""New"":15433,""Reason"":3}"
40318178,"{""Old"":20352,""New"":20354,""Reason"":3}"
121268589,"{""Old"":3695,""New"":3699,""Reason"":3}"
73869673,"{""Old"":752,""New"":754,""Reason"":3}"
41352787,"{""Old"":1829,""New"":1885,""Reason"":3}"
201314175,"{""Old"":468,""New"":474,""Reason"":3}"
211863890,"{""Old"":792,""New"":794,""Reason"":3}"
11173023,"{""Old"":14700,""New"":14718,""Reason"":3}"
79319739,"{""Old"":398,""New"":400,""Reason"":3}"
23283042,"{""Old"":2085,""New"":2089,""Reason"":3}"
21216971,"{""Old"":225,""New"":229,""Reason"":3}"
60608971,"{""Old"":1198,""New"":1228,""Reason"":3}"
22873602,"{""Old"":2439,""New"":2443,""Reason"":3}"
14286191,"{""Old"":1616,""New"":1620,""Reason"":3}"
46235249,"{""Old"":7646,""New"":7652,""Reason"":3}"
8822474,"{""Old"":1139,""New"":1155,""Reason"":3}"
8822474,"{""Old"":1169,""New"":1171,""Reason"":3}"
37279442,"{""Old"":30759,""New"":30865,""Reason"":3}"
121268589,"{""Old"":3585,""New"":3587,""Reason"":3}"
25764590,"{""Old"":2037,""New"":2049,""Reason"":3}"
25764590,"{""Old"":2067,""New"":2069,""Reason"":3}"
48669632,"{""Old"":3392,""New"":3410,""Reason"":3}"
13366082,"{""Old"":2137,""New"":2141,""Reason"":3}"
79319739,"{""Old"":409,""New"":421,""Reason"":3}"
212325782,"{""Old"":18797,""New"":18847,""Reason"":3}"
62019114,"{""Old"":292,""New"":294,""Reason"":3}"
62019114,"{""Old"":318,""New"":322,""Reason"":3}"
70388674,"{""Old"":853,""New"":869,""Reason"":3}"
34824025,"{""Old"":432,""New"":434,""Reason"":3}"
209538568,"{""Old"":19810,""New"":19830,""Reason"":3}"
24884226,"{""Old"":598,""New"":608,""Reason"":3}"
37279442,"{""Old"":31066,""New"":31138,""Reason"":3}"
47431547,"{""Old"":508,""New"":516,""Reason"":3}"
20810549,"{""Old"":632,""New"":636,""Reason"":3}"
218605508,"{""Old"":6831,""New"":6853,""Reason"":3}"
25764590,"{""Old"":2145,""New"":2147,""Reason"":3}"
123262597,"{""Old"":937,""New"":941,""Reason"":3}"
41440335,"{""Old"":3536,""New"":3598,""Reason"":3}"
21216971,"{""Old"":242,""New"":258,""Reason"":3}"
41352787,"{""Old"":592,""New"":602,""Reason"":3}"
41352787,"{""Old"":1149,""New"":1225,""Reason"":3}"
41352787,"{""Old"":1259,""New"":1283,""Reason"":3}"
41352787,"{""Old"":2310,""New"":2320,""Reason"":3}"
218605508,"{""Old"":7753,""New"":7789,""Reason"":3}"
8995697,"{""Old"":3239,""New"":3245,""Reason"":3}"
39090702,"{""Old"":13540,""New"":13542,""Reason"":3}"
25764590,"{""Old"":2257,""New"":2259,""Reason"":3}"
23436246,"{""Old"":1418,""New"":1438,""Reason"":3}"
19905536,"{""Old"":386,""New"":388,""Reason"":3}"
82382887,"{""Old"":635,""New"":637,""Reason"":3}"
87641637,"{""Old"":2842,""New"":2856,""Reason"":3}"
59109994,"{""Old"":1556,""New"":1558,""Reason"":3}"
121489168,"{""Old"":272,""New"":274,""Reason"":3}"
208006046,"{""Old"":499,""New"":505,""Reason"":3}"
13299572,"{""Old"":891,""New"":901,""Reason"":3}"
47842904,"{""Old"":295,""New"":323,""Reason"":3}"
27849954,"{""Old"":14195,""New"":14235,""Reason"":3}"
24930635,"{""Old"":1704,""New"":1718,""Reason"":3}"
25124543,"{""Old"":2007,""New"":2009,""Reason"":3}"
8279087,"{""Old"":2751,""New"":2771,""Reason"":3}"
81093831,"{""Old"":7282,""New"":7312,""Reason"":3}"
201518206,"{""Old"":9009,""New"":9039,""Reason"":3}"
45268170,"{""Old"":396,""New"":420,""Reason"":3}"
38223908,"{""Old"":1131,""New"":1151,""Reason"":3}"
11096634,"{""Old"":2486,""New"":2504,""Reason"":3}"
12285661,"{""Old"":15602,""New"":17290,""Reason"":3}"
10632119,"{""Old"":863,""New"":879,""Reason"":3}"
37279442,"{""Old"":31163,""New"":31275,""Reason"":3}"
16473350,"{""Old"":953,""New"":971,""Reason"":3}"
201518206,"{""Old"":2557,""New"":2561,""Reason"":3}"
17880418,"{""Old"":808,""New"":812,""Reason"":3}"
201518206,"{""Old"":2881,""New"":2907,""Reason"":3}"
8279087,"{""Old"":2634,""New"":2638,""Reason"":3}"
201518206,"{""Old"":2634,""New"":2646,""Reason"":3}"
21265711,"{""Old"":1644,""New"":1654,""Reason"":3}"
6989584,"{""Old"":226,""New"":228,""Reason"":3}"
18935255,"{""Old"":1621,""New"":1625,""Reason"":3}"
70388674,"{""Old"":898,""New"":904,""Reason"":3}"
27849954,"{""Old"":12575,""New"":12579,""Reason"":3}"
43694202,"{""Old"":144698,""New"":146874,""Reason"":3}"
59109994,"{""Old"":1451,""New"":1457,""Reason"":3}"
64795193,"{""Old"":1230,""New"":1234,""Reason"":3}"
24746168,"{""Old"":1511,""New"":1539,""Reason"":3}"
71075267,"{""Old"":16085,""New"":16105,""Reason"":3}"
71075267,"{""Old"":14667,""New"":14677,""Reason"":3}"
23905976,"{""Old"":1283,""New"":1285,""Reason"":3}"
218756550,"{""Old"":1233,""New"":1235,""Reason"":3}"
40247006,"{""Old"":4433,""New"":4447,""Reason"":3}"
201518206,"{""Old"":3274,""New"":3354,""Reason"":3}"
44926576,"{""Old"":565,""New"":575,""Reason"":3}"
2845298,"{""Old"":9602,""New"":9606,""Reason"":3}"
59109994,"{""Old"":1542,""New"":1544,""Reason"":3}"
24746168,"{""Old"":1476,""New"":1498,""Reason"":3}"
23436246,"{""Old"":1475,""New"":1477,""Reason"":3}"
41217880,"{""Old"":367,""New"":371,""Reason"":3}"
57877737,"{""Old"":17184,""New"":17190,""Reason"":3}"
23575658,"{""Old"":542,""New"":552,""Reason"":3}"
27849954,"{""Old"":14749,""New"":14789,""Reason"":3}"
84002581,"{""Old"":382,""New"":386,""Reason"":3}"
25764590,"{""Old"":1991,""New"":1999,""Reason"":3}"
84002581,"{""Old"":389,""New"":391,""Reason"":3}"
4749137,"{""Old"":2144,""New"":2146,""Reason"":3}"
41352787,"{""Old"":2352,""New"":2376,""Reason"":3}"
207033072,"{""Old"":1483,""New"":1487,""Reason"":3}"
218605508,"{""Old"":6644,""New"":6656,""Reason"":3}"
218605508,"{""Old"":6566,""New"":6572,""Reason"":3}"
218605508,"{""Old"":6930,""New"":6940,""Reason"":3}"
41352787,"{""Old"":2279,""New"":2295,""Reason"":3}"
41352787,"{""Old"":2406,""New"":2410,""Reason"":3}"
14735155,"{""Old"":16069,""New"":16073,""Reason"":3}"
218605508,"{""Old"":8684,""New"":8686,""Reason"":3}"
41352787,"{""Old"":2510,""New"":2512,""Reason"":3}"
82992489,"{""Old"":1934,""New"":1944,""Reason"":3}"
82992489,"{""Old"":2054,""New"":2056,""Reason"":3}"
67835639,"{""Old"":1506,""New"":1510,""Reason"":3}"
21725040,"{""Old"":833,""New"":837,""Reason"":3}"
5710392,"{""Old"":1666,""New"":1728,""Reason"":3}"
65594943,"{""Old"":9992,""New"":10008,""Reason"":3}"
16933530,"{""Old"":53,""New"":55,""Reason"":3}"
59218144,"{""Old"":752,""New"":754,""Reason"":3}"
43717191,"{""Old"":314,""New"":320,""Reason"":3}"
68574621,"{""Old"":15805,""New"":15809,""Reason"":3}"
201518206,"{""Old"":3122,""New"":3158,""Reason"":3}"
19185236,"{""Old"":1272,""New"":1276,""Reason"":3}"
68574621,"{""Old"":15742,""New"":15748,""Reason"":3}"
201518206,"{""Old"":8811,""New"":8843,""Reason"":3}"
200339224,"{""Old"":129,""New"":135,""Reason"":3}"
85562535,"{""Old"":171,""New"":177,""Reason"":3}"
201518206,"{""Old"":6235,""New"":6279,""Reason"":3}"
10632119,"{""Old"":879,""New"":891,""Reason"":3}"
27849954,"{""Old"":14457,""New"":14477,""Reason"":3}"
16391114,"{""Old"":2887,""New"":2891,""Reason"":3}"
47842904,"{""Old"":167,""New"":173,""Reason"":3}"
39479328,"{""Old"":932,""New"":934,""Reason"":3}"
68574621,"{""Old"":15753,""New"":15759,""Reason"":3}"
201518206,"{""Old"":7795,""New"":7805,""Reason"":3}"
201518206,"{""Old"":8907,""New"":8987,""Reason"":3}"
201518206,"{""Old"":6123,""New"":6185,""Reason"":3}"
34696227,"{""Old"":1001,""New"":1013,""Reason"":3}"
11665893,"{""Old"":26480,""New"":26482,""Reason"":3}"
65523286,"{""Old"":78,""New"":80,""Reason"":3}"
13029462,"{""Old"":189,""New"":195,""Reason"":3}"
23575658,"{""Old"":559,""New"":575,""Reason"":3}"
71075267,"{""Old"":14807,""New"":14833,""Reason"":3}"
71075267,"{""Old"":15757,""New"":15835,""Reason"":3}"
71075267,"{""Old"":16163,""New"":16167,""Reason"":3}"
208854756,"{""Old"":113,""New"":115,""Reason"":3}"
41217880,"{""Old"":359,""New"":361,""Reason"":3}"
37966732,"{""Old"":1168,""New"":1178,""Reason"":3}"
37966732,"{""Old"":1249,""New"":1251,""Reason"":3}"
39479328,"{""Old"":934,""New"":938,""Reason"":3}"
48087688,"{""Old"":1098,""New"":1104,""Reason"":3}"
85562535,"{""Old"":157,""New"":159,""Reason"":3}"
10842770,"{""Old"":1624,""New"":1636,""Reason"":3}"
204869747,"{""Old"":722,""New"":724,""Reason"":3}"
201518206,"{""Old"":7197,""New"":7341,""Reason"":3}"
201518206,"{""Old"":7475,""New"":7625,""Reason"":3}"
25145168,"{""Old"":246,""New"":256,""Reason"":3}"
73869673,"{""Old"":756,""New"":760,""Reason"":3}"
86545120,"{""Old"":935,""New"":949,""Reason"":3}"
121268589,"{""Old"":3565,""New"":3573,""Reason"":3}"
25764590,"{""Old"":1815,""New"":1825,""Reason"":3}"
25764590,"{""Old"":1923,""New"":1933,""Reason"":3}"
201518206,"{""Old"":2811,""New"":2831,""Reason"":3}"
120948807,"{""Old"":381,""New"":385,""Reason"":3}"
64795193,"{""Old"":1222,""New"":1228,""Reason"":3}"
13270858,"{""Old"":8543,""New"":8547,""Reason"":3}"
208717179,"{""Old"":611,""New"":617,""Reason"":3}"
25764590,"{""Old"":2056,""New"":2058,""Reason"":3}"
25764590,"{""Old"":2090,""New"":2098,""Reason"":3}"
10214923,"{""Old"":884,""New"":896,""Reason"":3}"
64773850,"{""Old"":1507,""New"":1525,""Reason"":3}"
19360573,"{""Old"":256,""New"":268,""Reason"":3}"
201314175,"{""Old"":439,""New"":451,""Reason"":3}"
218605508,"{""Old"":6866,""New"":6894,""Reason"":3}"
218605508,"{""Old"":8614,""New"":8628,""Reason"":3}"
218605508,"{""Old"":6955,""New"":6959,""Reason"":3}"
123262597,"{""Old"":979,""New"":997,""Reason"":3}"
218605508,"{""Old"":7113,""New"":7189,""Reason"":3}"
8796544,"{""Old"":403,""New"":409,""Reason"":3}"
41352787,"{""Old"":2460,""New"":2474,""Reason"":3}"
41352787,"{""Old"":1885,""New"":1953,""Reason"":3}"
46390566,"{""Old"":675,""New"":677,""Reason"":3}"
70149309,"{""Old"":397,""New"":409,""Reason"":3}"
37279442,"{""Old"":30035,""New"":30063,""Reason"":3}"
56652976,"{""Old"":9068,""New"":9090,""Reason"":3}"
37279442,"{""Old"":29965,""New"":30009,""Reason"":3}"
64283146,"{""Old"":114,""New"":116,""Reason"":3}"
87641637,"{""Old"":2820,""New"":2838,""Reason"":3}"
12484708,"{""Old"":74,""New"":78,""Reason"":3}"
27849954,"{""Old"":15215,""New"":15245,""Reason"":3}"
27849954,"{""Old"":15165,""New"":15185,""Reason"":3}"
23969698,"{""Old"":4370,""New"":4418,""Reason"":3}"
201518206,"{""Old"":8575,""New"":8811,""Reason"":3}"
9692970,"{""Old"":875,""New"":895,""Reason"":3}"
38696781,"{""Old"":1040,""New"":1054,""Reason"":3}"
13299572,"{""Old"":879,""New"":891,""Reason"":3}"
4272186,"{""Old"":751,""New"":753,""Reason"":3}"
23969698,"{""Old"":3957,""New"":3995,""Reason"":3}"
10842770,"{""Old"":1644,""New"":1656,""Reason"":3}"
40248507,"{""Old"":2035,""New"":2061,""Reason"":3}"
13571791,"{""Old"":3488,""New"":3492,""Reason"":3}"
51035578,"{""Old"":104,""New"":106,""Reason"":3}"
41217880,"{""Old"":361,""New"":367,""Reason"":3}"
121268589,"{""Old"":3615,""New"":3621,""Reason"":3}"
121268589,"{""Old"":3646,""New"":3652,""Reason"":3}"
37623137,"{""Old"":2324,""New"":2342,""Reason"":3}"
63752582,"{""Old"":2466,""New"":2468,""Reason"":3}"
218605508,"{""Old"":6551,""New"":6565,""Reason"":3}"
120841447,"{""Old"":467,""New"":475,""Reason"":3}"
23436246,"{""Old"":1447,""New"":1451,""Reason"":3}"
63752582,"{""Old"":2661,""New"":2663,""Reason"":3}"
123262597,"{""Old"":931,""New"":937,""Reason"":3}"
218605508,"{""Old"":8598,""New"":8606,""Reason"":3}"
208032196,"{""Old"":301,""New"":303,""Reason"":3}"
218605508,"{""Old"":7577,""New"":7619,""Reason"":3}"
50484405,"{""Old"":2241,""New"":2243,""Reason"":3}"
41440335,"{""Old"":3818,""New"":3828,""Reason"":3}"
47504703,"{""Old"":1708,""New"":1714,""Reason"":3}"
13773701,"{""Old"":3567,""New"":3569,""Reason"":3}"
18209125,"{""Old"":359,""New"":363,""Reason"":3}"
206512823,"{""Old"":194,""New"":204,""Reason"":3}"
49220019,"{""Old"":69,""New"":71,""Reason"":3}"
598089,"{""Old"":1268,""New"":1276,""Reason"":3}"
209124097,"{""Old"":355,""New"":357,""Reason"":3}"
23969698,"{""Old"":4418,""New"":4436,""Reason"":3}"
82382887,"{""Old"":651,""New"":657,""Reason"":3}"
48528618,"{""Old"":2167,""New"":2169,""Reason"":3}"
18220669,"{""Old"":3993,""New"":4025,""Reason"":3}"
201518206,"{""Old"":9669,""New"":9891,""Reason"":3}"
201518206,"{""Old"":10541,""New"":10571,""Reason"":3}"
39512726,"{""Old"":157,""New"":159,""Reason"":3}"
59109994,"{""Old"":1528,""New"":1538,""Reason"":3}"
201518206,"{""Old"":2929,""New"":2937,""Reason"":3}"
39512726,"{""Old"":161,""New"":163,""Reason"":3}"
85562535,"{""Old"":139,""New"":143,""Reason"":3}"
38244523,"{""Old"":537,""New"":541,""Reason"":3}"
49521608,"{""Old"":44,""New"":46,""Reason"":3}"
43060407,"{""Old"":59876,""New"":59948,""Reason"":3}"
43060407,"{""Old"":59998,""New"":60048,""Reason"":3}"
210305670,"{""Old"":280,""New"":282,""Reason"":3}"
25764590,"{""Old"":2129,""New"":2131,""Reason"":3}"
41618935,"{""Old"":612,""New"":614,""Reason"":3}"
41618935,"{""Old"":560,""New"":566,""Reason"":3}"
27849954,"{""Old"":13671,""New"":13681,""Reason"":3}"
27849954,"{""Old"":13133,""New"":13135,""Reason"":3}"
36486502,"{""Old"":2417,""New"":2419,""Reason"":3}"
87641637,"{""Old"":2715,""New"":2767,""Reason"":3}"
201518206,"{""Old"":6993,""New"":7197,""Reason"":3}"
11096634,"{""Old"":2505,""New"":2511,""Reason"":3}"
19185236,"{""Old"":1263,""New"":1265,""Reason"":3}"
18073657,"{""Old"":1878,""New"":1886,""Reason"":3}"
8279087,"{""Old"":2789,""New"":2797,""Reason"":3}"
5986546,"{""Old"":551,""New"":557,""Reason"":3}"
44926576,"{""Old"":533,""New"":543,""Reason"":3}"
28260779,"{""Old"":128,""New"":136,""Reason"":3}"
201518206,"{""Old"":8987,""New"":9009,""Reason"":3}"
218756550,"{""Old"":1252,""New"":1256,""Reason"":3}"
57877737,"{""Old"":17149,""New"":17153,""Reason"":3}"
71159796,"{""Old"":781,""New"":811,""Reason"":3}"
218421140,"{""Old"":1245,""New"":1249,""Reason"":3}"
87641637,"{""Old"":2868,""New"":2878,""Reason"":3}"
87641637,"{""Old"":2782,""New"":2800,""Reason"":3}"
46019951,"{""Old"":102145,""New"":102147,""Reason"":3}"
21265711,"{""Old"":1760,""New"":1768,""Reason"":3}"
17404072,"{""Old"":750,""New"":764,""Reason"":3}"
598089,"{""Old"":1180,""New"":1208,""Reason"":3}"
121023862,"{""Old"":881,""New"":893,""Reason"":3}"
21265711,"{""Old"":1768,""New"":1778,""Reason"":3}"
70253325,"{""Old"":1662,""New"":1666,""Reason"":3}"
210305670,"{""Old"":286,""New"":288,""Reason"":3}"
37623137,"{""Old"":2319,""New"":2323,""Reason"":3}"
60608971,"{""Old"":1247,""New"":1261,""Reason"":3}"
201916735,"{""Old"":702,""New"":712,""Reason"":3}"
201916735,"{""Old"":718,""New"":732,""Reason"":3}"
201916735,"{""Old"":735,""New"":741,""Reason"":3}"
34824025,"{""Old"":392,""New"":394,""Reason"":3}"
48591626,"{""Old"":14459,""New"":14469,""Reason"":3}"
64442454,"{""Old"":16993,""New"":17007,""Reason"":3}"
212325782,"{""Old"":15203,""New"":15209,""Reason"":3}"
62019114,"{""Old"":184,""New"":190,""Reason"":3}"
6989584,"{""Old"":202,""New"":204,""Reason"":3}"
206512823,"{""Old"":230,""New"":234,""Reason"":3}"
46019951,"{""Old"":102187,""New"":102205,""Reason"":3}"
8822474,"{""Old"":1130,""New"":1136,""Reason"":3}"
58910127,"{""Old"":3556,""New"":3566,""Reason"":3}"
70149309,"{""Old"":395,""New"":397,""Reason"":3}"
50416621,"{""Old"":4147,""New"":4153,""Reason"":3}"
47431547,"{""Old"":477,""New"":505,""Reason"":3}"
218756550,"{""Old"":1236,""New"":1252,""Reason"":3}"
37966732,"{""Old"":1297,""New"":1323,""Reason"":3}"
71075267,"{""Old"":16001,""New"":16043,""Reason"":3}"
71075267,"{""Old"":15687,""New"":15757,""Reason"":3}"
204869747,"{""Old"":731,""New"":739,""Reason"":3}"
11665893,"{""Old"":26482,""New"":26484,""Reason"":3}"
18220669,"{""Old"":4139,""New"":4233,""Reason"":3}"
208717179,"{""Old"":625,""New"":627,""Reason"":3}"
11290511,"{""Old"":507,""New"":509,""Reason"":3}"
123262597,"{""Old"":241,""New"":255,""Reason"":3}"
18932448,"{""Old"":61,""New"":63,""Reason"":3}"
86545120,"{""Old"":924,""New"":934,""Reason"":3}"
23282931,"{""Old"":2478,""New"":2484,""Reason"":3}"
18220669,"{""Old"":4587,""New"":4597,""Reason"":3}"
27777369,"{""Old"":122006,""New"":122008,""Reason"":3}"
212325782,"{""Old"":18571,""New"":18581,""Reason"":3}"
23436246,"{""Old"":1498,""New"":1500,""Reason"":3}"
34592975,"{""Old"":3952,""New"":3956,""Reason"":3}"
48145859,"{""Old"":78,""New"":80,""Reason"":3}"
2968081,"{""Old"":3876,""New"":4004,""Reason"":3}"
9460679,"{""Old"":863,""New"":869,""Reason"":3}"
60608971,"{""Old"":1122,""New"":1126,""Reason"":3}"
69974899,"{""Old"":578,""New"":582,""Reason"":3}"
69974899,"{""Old"":594,""New"":598,""Reason"":3}"
598089,"{""Old"":1346,""New"":1348,""Reason"":3}"
62019114,"{""Old"":213,""New"":219,""Reason"":3}"
16933530,"{""Old"":61,""New"":67,""Reason"":3}"
62019114,"{""Old"":324,""New"":340,""Reason"":3}"
23619815,"{""Old"":82,""New"":86,""Reason"":3}"
44926576,"{""Old"":562,""New"":564,""Reason"":3}"
59109994,"{""Old"":1593,""New"":1595,""Reason"":3}"
34871036,"{""Old"":2540,""New"":2544,""Reason"":3}"
52598655,"{""Old"":543,""New"":551,""Reason"":3}"
65661392,"{""Old"":7252,""New"":7276,""Reason"":3}"
65661392,"{""Old"":7276,""New"":7286,""Reason"":3}"
43694202,"{""Old"":144131,""New"":144229,""Reason"":3}"
201518206,"{""Old"":5307,""New"":5427,""Reason"":3}"
13029462,"{""Old"":196,""New"":200,""Reason"":3}"
23905976,"{""Old"":1271,""New"":1275,""Reason"":3}"
49488425,"{""Old"":311,""New"":317,""Reason"":3}"
23282931,"{""Old"":2526,""New"":2554,""Reason"":3}"
17404727,"{""Old"":96,""New"":98,""Reason"":3}"
48145859,"{""Old"":80,""New"":82,""Reason"":3}"
201916735,"{""Old"":756,""New"":758,""Reason"":3}"
20810549,"{""Old"":640,""New"":642,""Reason"":3}"
69974899,"{""Old"":560,""New"":564,""Reason"":3}"
23675475,"{""Old"":3720,""New"":3722,""Reason"":3}"
13048940,"{""Old"":184,""New"":186,""Reason"":3}"
38743885,"{""Old"":2237,""New"":2239,""Reason"":3}"
42280415,"{""Old"":17414,""New"":17454,""Reason"":3}"
42280415,"{""Old"":17809,""New"":17819,""Reason"":3}"
23929239,"{""Old"":1685,""New"":1689,""Reason"":3}"
46019951,"{""Old"":102219,""New"":102255,""Reason"":3}"
9511124,"{""Old"":3460,""New"":3466,""Reason"":3}"
23436246,"{""Old"":1504,""New"":1506,""Reason"":3}"
34824025,"{""Old"":360,""New"":366,""Reason"":3}"
218605508,"{""Old"":8642,""New"":8646,""Reason"":3}"
123262597,"{""Old"":823,""New"":871,""Reason"":3}"
41352787,"{""Old"":2478,""New"":2490,""Reason"":3}"
80080095,"{""Old"":536,""New"":542,""Reason"":3}"
80080095,"{""Old"":637,""New"":645,""Reason"":3}"
86298849,"{""Old"":1087,""New"":1103,""Reason"":3}"
201314175,"{""Old"":499,""New"":503,""Reason"":3}"
79986925,"{""Old"":102,""New"":104,""Reason"":3}"
218605508,"{""Old"":8791,""New"":8803,""Reason"":3}"
64442454,"{""Old"":16981,""New"":16989,""Reason"":3}"
11173023,"{""Old"":15278,""New"":15338,""Reason"":3}"
22766854,"{""Old"":719,""New"":725,""Reason"":3}"
34352513,"{""Old"":2123,""New"":2125,""Reason"":3}"
18220669,"{""Old"":3972,""New"":3976,""Reason"":3}"
10632119,"{""Old"":148,""New"":152,""Reason"":3}"
10632119,"{""Old"":895,""New"":909,""Reason"":3}"
45268170,"{""Old"":392,""New"":396,""Reason"":3}"
16349187,"{""Old"":75,""New"":77,""Reason"":3}"
84096743,"{""Old"":452,""New"":458,""Reason"":3}"
40248507,"{""Old"":2139,""New"":2141,""Reason"":3}"
18220669,"{""Old"":4051,""New"":4057,""Reason"":3}"
201518206,"{""Old"":4053,""New"":4069,""Reason"":3}"
201518206,"{""Old"":6921,""New"":6993,""Reason"":3}"
16319032,"{""Old"":4152,""New"":4174,""Reason"":3}"
37966732,"{""Old"":1182,""New"":1184,""Reason"":3}"
40248507,"{""Old"":2011,""New"":2035,""Reason"":3}"
43694202,"{""Old"":144229,""New"":144317,""Reason"":3}"
34871036,"{""Old"":2556,""New"":2560,""Reason"":3}"
17750860,"{""Old"":59,""New"":61,""Reason"":3}"
18220669,"{""Old"":3810,""New"":3822,""Reason"":3}"
18220669,"{""Old"":4343,""New"":4399,""Reason"":3}"
9373239,"{""Old"":646,""New"":658,""Reason"":3}"
34696227,"{""Old"":1021,""New"":1031,""Reason"":3}"
201518206,"{""Old"":8315,""New"":8429,""Reason"":3}"
10632119,"{""Old"":226,""New"":236,""Reason"":3}"
11290511,"{""Old"":487,""New"":489,""Reason"":3}"
87641637,"{""Old"":2856,""New"":2866,""Reason"":3}"
23436246,"{""Old"":1246,""New"":1250,""Reason"":3}"
5227772,"{""Old"":1314,""New"":1318,""Reason"":3}"
41618935,"{""Old"":554,""New"":560,""Reason"":3}"
41352787,"{""Old"":2320,""New"":2340,""Reason"":3}"
8796544,"{""Old"":390,""New"":392,""Reason"":3}"
123262597,"{""Old"":1001,""New"":1003,""Reason"":3}"
218605508,"{""Old"":6959,""New"":6993,""Reason"":3}"
21265711,"{""Old"":1778,""New"":1786,""Reason"":3}"
18935255,"{""Old"":1598,""New"":1604,""Reason"":3}"
56649989,"{""Old"":2026,""New"":2028,""Reason"":3}"
56649989,"{""Old"":2013,""New"":2019,""Reason"":3}"
13048940,"{""Old"":176,""New"":182,""Reason"":3}"
56652072,"{""Old"":96,""New"":98,""Reason"":3}"
80128505,"{""Old"":2855,""New"":2905,""Reason"":3}"
46019951,"{""Old"":102141,""New"":102145,""Reason"":3}"
23675475,"{""Old"":3723,""New"":3725,""Reason"":3}"
218469411,"{""Old"":922,""New"":924,""Reason"":3}"
16933530,"{""Old"":34,""New"":40,""Reason"":3}"
13571791,"{""Old"":3479,""New"":3483,""Reason"":3}"
5710392,"{""Old"":1906,""New"":1938,""Reason"":3}"
46019951,"{""Old"":102255,""New"":102357,""Reason"":3}"
80128505,"{""Old"":2728,""New"":2748,""Reason"":3}"
18220669,"{""Old"":4439,""New"":4459,""Reason"":3}"
48528618,"{""Old"":2267,""New"":2297,""Reason"":3}"
201518206,"{""Old"":9039,""New"":9099,""Reason"":3}"
40248507,"{""Old"":1540,""New"":1610,""Reason"":3}"
44542731,"{""Old"":78,""New"":80,""Reason"":3}"
27849954,"{""Old"":14235,""New"":14357,""Reason"":3}"
27849954,"{""Old"":14477,""New"":14499,""Reason"":3}"
9662358,"{""Old"":646,""New"":648,""Reason"":3}"
45268170,"{""Old"":429,""New"":435,""Reason"":3}"
7967368,"{""Old"":330,""New"":338,""Reason"":3}"
17404727,"{""Old"":99,""New"":101,""Reason"":3}"
23436246,"{""Old"":1385,""New"":1389,""Reason"":3}"
63752582,"{""Old"":2181,""New"":2193,""Reason"":3}"
7912336,"{""Old"":1033,""New"":1039,""Reason"":3}"
80080095,"{""Old"":575,""New"":577,""Reason"":3}"
86298849,"{""Old"":1077,""New"":1081,""Reason"":3}"
19254018,"{""Old"":420,""New"":428,""Reason"":3}"
60608971,"{""Old"":1228,""New"":1234,""Reason"":3}"
41440335,"{""Old"":3487,""New"":3493,""Reason"":3}"
56659199,"{""Old"":1728,""New"":1730,""Reason"":3}"
2968081,"{""Old"":4502,""New"":4538,""Reason"":3}"
46390566,"{""Old"":653,""New"":665,""Reason"":3}"
598089,"{""Old"":1428,""New"":1442,""Reason"":3}"
42280415,"{""Old"":17226,""New"":17246,""Reason"":3}"
13773701,"{""Old"":3584,""New"":3586,""Reason"":3}"
17404072,"{""Old"":670,""New"":674,""Reason"":3}"
18467426,"{""Old"":173,""New"":177,""Reason"":3}"
59218144,"{""Old"":716,""New"":718,""Reason"":3}"
42280415,"{""Old"":17296,""New"":17414,""Reason"":3}"
21265711,"{""Old"":1679,""New"":1707,""Reason"":3}"
121023862,"{""Old"":869,""New"":879,""Reason"":3}"
80128505,"{""Old"":2942,""New"":2948,""Reason"":3}"
40248507,"{""Old"":727,""New"":805,""Reason"":3}"
9822342,"{""Old"":251,""New"":253,""Reason"":3}"
38733101,"{""Old"":1566,""New"":1568,""Reason"":3}"
60781881,"{""Old"":768,""New"":778,""Reason"":3}"
18220669,"{""Old"":4467,""New"":4491,""Reason"":3}"
218756550,"{""Old"":1205,""New"":1209,""Reason"":3}"
52598655,"{""Old"":562,""New"":566,""Reason"":3}"
7182003,"{""Old"":273842,""New"":273854,""Reason"":3}"
67835639,"{""Old"":1453,""New"":1457,""Reason"":3}"
67835639,"{""Old"":1494,""New"":1506,""Reason"":3}"
82992489,"{""Old"":2002,""New"":2004,""Reason"":3}"
598089,"{""Old"":1374,""New"":1380,""Reason"":3}"
5710392,"{""Old"":1834,""New"":1844,""Reason"":3}"
5710392,"{""Old"":1778,""New"":1802,""Reason"":3}"
218785514,"{""Old"":1371,""New"":1379,""Reason"":3}"
42280415,"{""Old"":18097,""New"":18117,""Reason"":3}"
212325782,"{""Old"":18927,""New"":18947,""Reason"":3}"
211093942,"{""Old"":97,""New"":99,""Reason"":3}"
218605508,"{""Old"":7957,""New"":8001,""Reason"":3}"
218605508,"{""Old"":6751,""New"":6759,""Reason"":3}"
6881205,"{""Old"":12023,""New"":12029,""Reason"":3}"
80141190,"{""Old"":6288,""New"":6294,""Reason"":3}"
57320977,"{""Old"":756,""New"":758,""Reason"":3}"
9453157,"{""Old"":2872,""New"":2876,""Reason"":3}"
57320977,"{""Old"":772,""New"":790,""Reason"":3}"
121268589,"{""Old"":3701,""New"":3705,""Reason"":3}"
81188234,"{""Old"":1112,""New"":1114,""Reason"":3}"
15899853,"{""Old"":18,""New"":20,""Reason"":3}"
41618935,"{""Old"":450,""New"":464,""Reason"":3}"
218605508,"{""Old"":7699,""New"":7753,""Reason"":3}"
123262597,"{""Old"":105,""New"":107,""Reason"":3}"
3866978,"{""Old"":875,""New"":877,""Reason"":3}"
73869673,"{""Old"":728,""New"":730,""Reason"":3}"
62448257,"{""Old"":3499,""New"":3501,""Reason"":3}"
210305670,"{""Old"":267,""New"":269,""Reason"":3}"
56859238,"{""Old"":2478,""New"":2486,""Reason"":3}"
78675335,"{""Old"":3854,""New"":3866,""Reason"":3}"
14079233,"{""Old"":844,""New"":846,""Reason"":3}"
60224134,"{""Old"":303,""New"":309,""Reason"":3}"
47842904,"{""Old"":149,""New"":155,""Reason"":3}"
65661392,"{""Old"":7222,""New"":7240,""Reason"":3}"
34352513,"{""Old"":2096,""New"":2116,""Reason"":3}"
48528618,"{""Old"":2317,""New"":2321,""Reason"":3}"
65056507,"{""Old"":74,""New"":76,""Reason"":3}"
220823646,"{""Old"":198,""New"":208,""Reason"":3}"
201518206,"{""Old"":7830,""New"":7840,""Reason"":3}"
19185236,"{""Old"":1251,""New"":1261,""Reason"":3}"
23619815,"{""Old"":96,""New"":98,""Reason"":3}"
10632119,"{""Old"":927,""New"":933,""Reason"":3}"
84713368,"{""Old"":634,""New"":648,""Reason"":3}"
73537218,"{""Old"":144,""New"":146,""Reason"":3}"
11173023,"{""Old"":14534,""New"":14546,""Reason"":3}"
218605508,"{""Old"":8746,""New"":8752,""Reason"":3}"
43060407,"{""Old"":59591,""New"":59635,""Reason"":3}"
43060407,"{""Old"":60478,""New"":60514,""Reason"":3}"
19989551,"{""Old"":191,""New"":205,""Reason"":3}"
41352787,"{""Old"":744,""New"":756,""Reason"":3}"
41618935,"{""Old"":592,""New"":594,""Reason"":3}"
25764590,"{""Old"":2216,""New"":2222,""Reason"":3}"
41352787,"{""Old"":799,""New"":843,""Reason"":3}"
42789928,"{""Old"":1897,""New"":1913,""Reason"":3}"
4405013,"{""Old"":2935,""New"":2939,""Reason"":3}"
6989584,"{""Old"":217,""New"":221,""Reason"":3}"
34796873,"{""Old"":76,""New"":78,""Reason"":3}"
17404072,"{""Old"":656,""New"":668,""Reason"":3}"
7399506,"{""Old"":421,""New"":431,""Reason"":3}"
21265711,"{""Old"":1728,""New"":1732,""Reason"":3}"
69974899,"{""Old"":568,""New"":578,""Reason"":3}"
37893030,"{""Old"":59,""New"":63,""Reason"":3}"
201518206,"{""Old"":10419,""New"":10481,""Reason"":3}"
201518206,"{""Old"":10571,""New"":10581,""Reason"":3}"
201518206,"{""Old"":8429,""New"":8575,""Reason"":3}"
10632119,"{""Old"":933,""New"":943,""Reason"":3}"
52426631,"{""Old"":357,""New"":359,""Reason"":3}"
9373239,"{""Old"":690,""New"":692,""Reason"":3}"
4272186,"{""Old"":801,""New"":803,""Reason"":3}"
47842904,"{""Old"":239,""New"":253,""Reason"":3}"
218605508,"{""Old"":7513,""New"":7535,""Reason"":3}"
23282931,"{""Old"":2554,""New"":2560,""Reason"":3}"
212325782,"{""Old"":15199,""New"":15203,""Reason"":3}"
16693199,"{""Old"":3177,""New"":3195,""Reason"":3}"
218605508,"{""Old"":6793,""New"":6803,""Reason"":3}"
123262597,"{""Old"":775,""New"":823,""Reason"":3}"
218605508,"{""Old"":8728,""New"":8730,""Reason"":3}"
201314175,"{""Old"":506,""New"":528,""Reason"":3}"
209538568,"{""Old"":19770,""New"":19780,""Reason"":3}"
209538568,"{""Old"":19780,""New"":19796,""Reason"":3}"
2968081,"{""Old"":4490,""New"":4500,""Reason"":3}"
43656083,"{""Old"":521,""New"":525,""Reason"":3}"
212325782,"{""Old"":18847,""New"":18857,""Reason"":3}"
212325782,"{""Old"":15209,""New"":15213,""Reason"":3}"
14079233,"{""Old"":797,""New"":827,""Reason"":3}"
6989584,"{""Old"":245,""New"":247,""Reason"":3}"
21265711,"{""Old"":1661,""New"":1677,""Reason"":3}"
34840972,"{""Old"":1455,""New"":1471,""Reason"":3}"
19005457,"{""Old"":5564,""New"":5568,""Reason"":3}"
8822474,"{""Old"":1204,""New"":1206,""Reason"":3}"
39687811,"{""Old"":3733,""New"":3735,""Reason"":3}"
17404072,"{""Old"":826,""New"":838,""Reason"":3}"
18935255,"{""Old"":1577,""New"":1581,""Reason"":3}"
65523286,"{""Old"":96,""New"":102,""Reason"":3}"
18220669,"{""Old"":4025,""New"":4039,""Reason"":3}"
18220669,"{""Old"":4535,""New"":4543,""Reason"":3}"
220823646,"{""Old"":191,""New"":197,""Reason"":3}"
87149686,"{""Old"":682,""New"":710,""Reason"":3}"
87149686,"{""Old"":723,""New"":729,""Reason"":3}"
42280415,"{""Old"":18019,""New"":18039,""Reason"":3}"
598089,"{""Old"":1130,""New"":1132,""Reason"":3}"
69974899,"{""Old"":582,""New"":584,""Reason"":3}"
18467426,"{""Old"":201,""New"":203,""Reason"":3}"
80595379,"{""Old"":1568,""New"":1582,""Reason"":3}"
598089,"{""Old"":1602,""New"":1604,""Reason"":3}"
17404072,"{""Old"":693,""New"":705,""Reason"":3}"
18209125,"{""Old"":339,""New"":351,""Reason"":3}"
37279442,"{""Old"":29165,""New"":29169,""Reason"":3}"
85015740,"{""Old"":399,""New"":403,""Reason"":3}"
81470453,"{""Old"":1033,""New"":1035,""Reason"":3}"
2968081,"{""Old"":3606,""New"":3634,""Reason"":3}"
9453157,"{""Old"":2892,""New"":2904,""Reason"":3}"
23283042,"{""Old"":2089,""New"":2099,""Reason"":3}"
218605508,"{""Old"":8700,""New"":8708,""Reason"":3}"
41352787,"{""Old"":2490,""New"":2494,""Reason"":3}"
80894814,"{""Old"":1,""New"":5,""Reason"":3}"
37966732,"{""Old"":1207,""New"":1211,""Reason"":3}"
47842904,"{""Old"":130,""New"":134,""Reason"":3}"
27849954,"{""Old"":13711,""New"":13731,""Reason"":3}"
47313136,"{""Old"":1251,""New"":1255,""Reason"":3}"
19750058,"{""Old"":1016,""New"":1020,""Reason"":3}"
12766621,"{""Old"":200,""New"":206,""Reason"":3}"
12766621,"{""Old"":214,""New"":220,""Reason"":3}"
67024060,"{""Old"":3162,""New"":3172,""Reason"":3}"
57890075,"{""Old"":1508,""New"":1524,""Reason"":3}"
60412774,"{""Old"":694,""New"":696,""Reason"":3}"
22873602,"{""Old"":2399,""New"":2417,""Reason"":3}"
2968081,"{""Old"":4060,""New"":4114,""Reason"":3}"
209538568,"{""Old"":19764,""New"":19770,""Reason"":3}"
41352787,"{""Old"":2033,""New"":2099,""Reason"":3}"
218605508,"{""Old"":8558,""New"":8576,""Reason"":3}"
123262597,"{""Old"":200,""New"":206,""Reason"":3}"
218605508,"{""Old"":6711,""New"":6723,""Reason"":3}"
80080095,"{""Old"":630,""New"":636,""Reason"":3}"
26621035,"{""Old"":479,""New"":483,""Reason"":3}"
41352787,"{""Old"":644,""New"":652,""Reason"":3}"
70530526,"{""Old"":2408,""New"":2410,""Reason"":3}"
210819557,"{""Old"":167,""New"":173,""Reason"":3}"
24026695,"{""Old"":47,""New"":51,""Reason"":3}"
120844941,"{""Old"":742,""New"":744,""Reason"":3}"
69974899,"{""Old"":566,""New"":568,""Reason"":3}"
62019114,"{""Old"":243,""New"":247,""Reason"":3}"
88691934,"{""Old"":1066,""New"":1074,""Reason"":3}"
46019951,"{""Old"":102357,""New"":102443,""Reason"":3}"
23929239,"{""Old"":1670,""New"":1674,""Reason"":3}"
23929239,"{""Old"":1675,""New"":1679,""Reason"":3}"
6151149,"{""Old"":41906,""New"":41910,""Reason"":3}"
58910127,"{""Old"":3573,""New"":3587,""Reason"":3}"
5710392,"{""Old"":1510,""New"":1568,""Reason"":3}"
16933530,"{""Old"":56,""New"":60,""Reason"":3}"
38733101,"{""Old"":1568,""New"":1570,""Reason"":3}"
34796873,"{""Old"":94,""New"":96,""Reason"":3}"
200339224,"{""Old"":118,""New"":122,""Reason"":3}"
29144219,"{""Old"":315,""New"":317,""Reason"":3}"
3029048,"{""Old"":456,""New"":458,""Reason"":3}"
5986546,"{""Old"":541,""New"":547,""Reason"":3}"
52426631,"{""Old"":345,""New"":353,""Reason"":3}"
27849954,"{""Old"":13501,""New"":13593,""Reason"":3}"
36486502,"{""Old"":2435,""New"":2453,""Reason"":3}"
24746168,"{""Old"":1539,""New"":1557,""Reason"":3}"
83350044,"{""Old"":289,""New"":299,""Reason"":3}"
13571791,"{""Old"":3497,""New"":3505,""Reason"":3}"
201518206,"{""Old"":9891,""New"":10099,""Reason"":3}"
44926576,"{""Old"":544,""New"":546,""Reason"":3}"
4272186,"{""Old"":793,""New"":799,""Reason"":3}"
59109994,"{""Old"":1568,""New"":1570,""Reason"":3}"
13270858,"{""Old"":8693,""New"":8701,""Reason"":3}"
82992489,"{""Old"":2052,""New"":2054,""Reason"":3}"
598089,"{""Old"":1059,""New"":1101,""Reason"":3}"
23929239,"{""Old"":1694,""New"":1698,""Reason"":3}"
8822474,"{""Old"":1185,""New"":1191,""Reason"":3}"
30593734,"{""Old"":245,""New"":249,""Reason"":3}"
30593734,"{""Old"":282,""New"":286,""Reason"":3}"
16793905,"{""Old"":2020,""New"":2032,""Reason"":3}"
37279442,"{""Old"":30412,""New"":30490,""Reason"":3}"
14079233,"{""Old"":795,""New"":797,""Reason"":3}"
46390566,"{""Old"":641,""New"":653,""Reason"":3}"
59366058,"{""Old"":1911,""New"":1915,""Reason"":3}"
51591414,"{""Old"":1708,""New"":1710,""Reason"":3}"
86545120,"{""Old"":977,""New"":979,""Reason"":3}"
8995697,"{""Old"":3245,""New"":3247,""Reason"":3}"
11173023,"{""Old"":15401,""New"":15421,""Reason"":3}"
48614050,"{""Old"":2846,""New"":2848,""Reason"":3}"
209538568,"{""Old"":19868,""New"":19870,""Reason"":3}"
64773850,"{""Old"":1488,""New"":1490,""Reason"":3}"
80080095,"{""Old"":436,""New"":438,""Reason"":3}"
121268589,"{""Old"":3653,""New"":3669,""Reason"":3}"
123262597,"{""Old"":492,""New"":572,""Reason"":3}"
218605508,"{""Old"":6681,""New"":6693,""Reason"":3}"
218605508,"{""Old"":7420,""New"":7444,""Reason"":3}"
218605508,"{""Old"":7656,""New"":7682,""Reason"":3}"
39090702,"{""Old"":13544,""New"":13548,""Reason"":3}"
25764590,"{""Old"":2198,""New"":2206,""Reason"":3}"
6023774,"{""Old"":215,""New"":227,""Reason"":3}"
37966732,"{""Old"":1331,""New"":1341,""Reason"":3}"
2845298,"{""Old"":9585,""New"":9601,""Reason"":3}"
54503421,"{""Old"":2148,""New"":2162,""Reason"":3}"
68574621,"{""Old"":15820,""New"":15826,""Reason"":3}"
84002581,"{""Old"":380,""New"":382,""Reason"":3}"
45268170,"{""Old"":438,""New"":440,""Reason"":3}"
43428109,"{""Old"":236,""New"":238,""Reason"":3}"
218756550,"{""Old"":1296,""New"":1302,""Reason"":3}"
73079522,"{""Old"":208,""New"":210,""Reason"":3}"
62553613,"{""Old"":21592,""New"":21604,""Reason"":3}"
598089,"{""Old"":1348,""New"":1354,""Reason"":3}"
70388674,"{""Old"":895,""New"":897,""Reason"":3}"
7399506,"{""Old"":441,""New"":449,""Reason"":3}"
62019114,"{""Old"":279,""New"":287,""Reason"":3}"
62019114,"{""Old"":148,""New"":150,""Reason"":3}"
18935255,"{""Old"":1583,""New"":1597,""Reason"":3}"
30593734,"{""Old"":289,""New"":293,""Reason"":3}"
24576393,"{""Old"":99,""New"":101,""Reason"":3}"
4874652,"{""Old"":342,""New"":346,""Reason"":3}"
218756550,"{""Old"":1214,""New"":1220,""Reason"":3}"
11290511,"{""Old"":493,""New"":495,""Reason"":3}"
47842904,"{""Old"":165,""New"":167,""Reason"":3}"
27849954,"{""Old"":15267,""New"":15277,""Reason"":3}"
39750047,"{""Old"":1188,""New"":1190,""Reason"":3}"
218469411,"{""Old"":924,""New"":940,""Reason"":3}"
34824025,"{""Old"":411,""New"":421,""Reason"":3}"
9460679,"{""Old"":859,""New"":863,""Reason"":3}"
41352787,"{""Old"":885,""New"":903,""Reason"":3}"
51591414,"{""Old"":1696,""New"":1698,""Reason"":3}"
81470453,"{""Old"":1036,""New"":1040,""Reason"":3}"
14079233,"{""Old"":787,""New"":793,""Reason"":3}"
7399506,"{""Old"":431,""New"":441,""Reason"":3}"
598089,"{""Old"":1604,""New"":1618,""Reason"":3}"
23750958,"{""Old"":753,""New"":755,""Reason"":3}"
62019114,"{""Old"":201,""New"":203,""Reason"":3}"
212466458,"{""Old"":611,""New"":623,""Reason"":3}"
80322830,"{""Old"":93,""New"":95,""Reason"":3}"
49220019,"{""Old"":64,""New"":68,""Reason"":3}"
60412774,"{""Old"":700,""New"":710,""Reason"":3}"
37893030,"{""Old"":85,""New"":87,""Reason"":3}"
34871036,"{""Old"":2552,""New"":2556,""Reason"":3}"
40248507,"{""Old"":1022,""New"":1116,""Reason"":3}"
47313136,"{""Old"":1236,""New"":1248,""Reason"":3}"
84002581,"{""Old"":371,""New"":379,""Reason"":3}"
13270858,"{""Old"":7913,""New"":7915,""Reason"":3}"
40248507,"{""Old"":2071,""New"":2073,""Reason"":3}"
60224134,"{""Old"":313,""New"":315,""Reason"":3}"
121407798,"{""Old"":359,""New"":367,""Reason"":3}"
66334010,"{""Old"":959,""New"":961,""Reason"":3}"
84713368,"{""Old"":593,""New"":617,""Reason"":3}"
41440335,"{""Old"":3802,""New"":3818,""Reason"":3}"
201314175,"{""Old"":528,""New"":542,""Reason"":3}"
47504703,"{""Old"":1431,""New"":1435,""Reason"":3}"
47504703,"{""Old"":1600,""New"":1700,""Reason"":3}"
201314175,"{""Old"":553,""New"":571,""Reason"":3}"
80141190,"{""Old"":6286,""New"":6288,""Reason"":3}"
209538568,"{""Old"":19834,""New"":19838,""Reason"":3}"
39090702,"{""Old"":13542,""New"":13544,""Reason"":3}"
48669632,"{""Old"":3454,""New"":3462,""Reason"":3}"
211534404,"{""Old"":1296,""New"":1298,""Reason"":3}"
37623137,"{""Old"":2344,""New"":2348,""Reason"":3}"
34824025,"{""Old"":443,""New"":451,""Reason"":3}"
28494826,"{""Old"":2017,""New"":2021,""Reason"":3}"
211093942,"{""Old"":94,""New"":96,""Reason"":3}"
218605508,"{""Old"":6581,""New"":6589,""Reason"":3}"
218756550,"{""Old"":1343,""New"":1353,""Reason"":3}"
201518206,"{""Old"":4021,""New"":4025,""Reason"":3}"
68574621,"{""Old"":15792,""New"":15802,""Reason"":3}"
50799416,"{""Old"":63,""New"":65,""Reason"":3}"
52426631,"{""Old"":353,""New"":357,""Reason"":3}"
5986546,"{""Old"":547,""New"":551,""Reason"":3}"
26747971,"{""Old"":2180,""New"":2186,""Reason"":3}"
83376996,"{""Old"":48585,""New"":48587,""Reason"":3}"
40248507,"{""Old"":2157,""New"":2159,""Reason"":3}"
36486502,"{""Old"":2453,""New"":2457,""Reason"":3}"
27849954,"{""Old"":15245,""New"":15267,""Reason"":3}"
43694202,"{""Old"":143921,""New"":143931,""Reason"":3}"
27849954,"{""Old"":13681,""New"":13691,""Reason"":3}"
24930635,"{""Old"":1718,""New"":1740,""Reason"":3}"
69251466,"{""Old"":101,""New"":103,""Reason"":3}"
41352787,"{""Old"":2474,""New"":2476,""Reason"":3}"
40318178,"{""Old"":20006,""New"":20012,""Reason"":3}"
218390057,"{""Old"":1486,""New"":1490,""Reason"":3}"
41618935,"{""Old"":686,""New"":688,""Reason"":3}"
41618935,"{""Old"":680,""New"":684,""Reason"":3}"
218605508,"{""Old"":7815,""New"":7835,""Reason"":3}"
41618935,"{""Old"":668,""New"":672,""Reason"":3}"
5710392,"{""Old"":1457,""New"":1509,""Reason"":3}"
5710392,"{""Old"":573,""New"":583,""Reason"":3}"
5710392,"{""Old"":251,""New"":253,""Reason"":3}"
60781881,"{""Old"":749,""New"":753,""Reason"":3}"
19005457,"{""Old"":5568,""New"":5572,""Reason"":3}"
50660846,"{""Old"":208,""New"":212,""Reason"":3}"
120844941,"{""Old"":746,""New"":748,""Reason"":3}"
13270858,"{""Old"":8701,""New"":8705,""Reason"":3}"
26747971,"{""Old"":2186,""New"":2188,""Reason"":3}"
10632119,"{""Old"":915,""New"":923,""Reason"":3}"
220823646,"{""Old"":227,""New"":231,""Reason"":3}"
218756550,"{""Old"":1293,""New"":1295,""Reason"":3}"
9877941,"{""Old"":4036,""New"":4048,""Reason"":3}"
7912336,"{""Old"":1003,""New"":1029,""Reason"":3}"
80080095,"{""Old"":569,""New"":575,""Reason"":3}"
121268589,"{""Old"":3727,""New"":3729,""Reason"":3}"
27849954,"{""Old"":13387,""New"":13501,""Reason"":3}"
47842904,"{""Old"":263,""New"":267,""Reason"":3}"
20810549,"{""Old"":602,""New"":604,""Reason"":3}"
11173023,"{""Old"":14993,""New"":15059,""Reason"":3}"
49488425,"{""Old"":323,""New"":325,""Reason"":3}"
20276079,"{""Old"":15938,""New"":15942,""Reason"":3}"
218605508,"{""Old"":6730,""New"":6734,""Reason"":3}"
218605508,"{""Old"":7338,""New"":7358,""Reason"":3}"
218605508,"{""Old"":7400,""New"":7420,""Reason"":3}"
48128708,"{""Old"":446,""New"":454,""Reason"":3}"
41618935,"{""Old"":432,""New"":450,""Reason"":3}"
218605508,"{""Old"":8606,""New"":8614,""Reason"":3}"
218605508,"{""Old"":8718,""New"":8728,""Reason"":3}"
86545120,"{""Old"":980,""New"":986,""Reason"":3}"
121407798,"{""Old"":368,""New"":374,""Reason"":3}"
14286191,"{""Old"":1621,""New"":1623,""Reason"":3}"
13507689,"{""Old"":1357,""New"":1361,""Reason"":3}"
13507689,"{""Old"":1363,""New"":1367,""Reason"":3}"
84710559,"{""Old"":16,""New"":18,""Reason"":3}"
212466458,"{""Old"":567,""New"":579,""Reason"":3}"
212466458,"{""Old"":605,""New"":611,""Reason"":3}"
14897428,"{""Old"":937,""New"":939,""Reason"":3}"
23675475,"{""Old"":3710,""New"":3712,""Reason"":3}"
120844941,"{""Old"":619,""New"":633,""Reason"":3}"
61141875,"{""Old"":2243,""New"":2249,""Reason"":3}"
14079233,"{""Old"":782,""New"":784,""Reason"":3}"
20611717,"{""Old"":868,""New"":882,""Reason"":3}"
212325782,"{""Old"":17193,""New"":17197,""Reason"":3}"
121268589,"{""Old"":3762,""New"":3768,""Reason"":3}"
49488425,"{""Old"":329,""New"":349,""Reason"":3}"
63752582,"{""Old"":2381,""New"":2387,""Reason"":3}"
11173023,"{""Old"":14736,""New"":14748,""Reason"":3}"
43060407,"{""Old"":60393,""New"":60453,""Reason"":3}"
70530526,"{""Old"":2410,""New"":2424,""Reason"":3}"
24171381,"{""Old"":1464,""New"":1468,""Reason"":3}"
123262597,"{""Old"":881,""New"":887,""Reason"":3}"
218605508,"{""Old"":8670,""New"":8684,""Reason"":3}"
218605508,"{""Old"":8696,""New"":8700,""Reason"":3}"
41618935,"{""Old"":632,""New"":640,""Reason"":3}"
6878176,"{""Old"":51,""New"":53,""Reason"":3}"
37623137,"{""Old"":2303,""New"":2309,""Reason"":3}"
121268589,"{""Old"":3607,""New"":3613,""Reason"":3}"
22873602,"{""Old"":2417,""New"":2429,""Reason"":3}"
25764590,"{""Old"":2259,""New"":2261,""Reason"":3}"
212325782,"{""Old"":18705,""New"":18747,""Reason"":3}"
63752582,"{""Old"":2154,""New"":2156,""Reason"":3}"
43428109,"{""Old"":251,""New"":257,""Reason"":3}"
26898124,"{""Old"":2715,""New"":2717,""Reason"":3}"
18220669,"{""Old"":4039,""New"":4051,""Reason"":3}"
65661392,"{""Old"":7240,""New"":7252,""Reason"":3}"
7182003,"{""Old"":274046,""New"":274066,""Reason"":3}"
7182003,"{""Old"":274181,""New"":274191,""Reason"":3}"
68574621,"{""Old"":15810,""New"":15820,""Reason"":3}"
8621455,"{""Old"":426,""New"":428,""Reason"":3}"
201518206,"{""Old"":3769,""New"":3881,""Reason"":3}"
59109994,"{""Old"":1486,""New"":1490,""Reason"":3}"
37927697,"{""Old"":428,""New"":430,""Reason"":3}"
19750058,"{""Old"":993,""New"":995,""Reason"":3}"
17750860,"{""Old"":47,""New"":49,""Reason"":3}"
47842904,"{""Old"":89,""New"":91,""Reason"":3}"
47313136,"{""Old"":1256,""New"":1262,""Reason"":3}"
37966732,"{""Old"":1213,""New"":1229,""Reason"":3}"
201314175,"{""Old"":465,""New"":467,""Reason"":3}"
218605508,"{""Old"":8787,""New"":8791,""Reason"":3}"
218605508,"{""Old"":8714,""New"":8718,""Reason"":3}"
86545120,"{""Old"":951,""New"":959,""Reason"":3}"
20810549,"{""Old"":643,""New"":645,""Reason"":3}"
121268589,"{""Old"":3580,""New"":3582,""Reason"":3}"
3827980,"{""Old"":55,""New"":57,""Reason"":3}"
57320977,"{""Old"":763,""New"":767,""Reason"":3}"
212325782,"{""Old"":15213,""New"":15215,""Reason"":3}"
15899853,"{""Old"":3,""New"":5,""Reason"":3}"
23436246,"{""Old"":1335,""New"":1337,""Reason"":3}"
62019114,"{""Old"":248,""New"":250,""Reason"":3}"
37279442,"{""Old"":29834,""New"":29856,""Reason"":3}"
28494826,"{""Old"":2027,""New"":2043,""Reason"":3}"
5227772,"{""Old"":1325,""New"":1337,""Reason"":3}"
211863890,"{""Old"":788,""New"":792,""Reason"":3}"
59218144,"{""Old"":720,""New"":724,""Reason"":3}"
70388674,"{""Old"":776,""New"":778,""Reason"":3}"
70388674,"{""Old"":819,""New"":821,""Reason"":3}"
61141875,"{""Old"":2249,""New"":2251,""Reason"":3}"
25764590,"{""Old"":1794,""New"":1802,""Reason"":3}"
25764590,"{""Old"":1870,""New"":1878,""Reason"":3}"
17730425,"{""Old"":8502,""New"":8504,""Reason"":3}"
70253325,"{""Old"":1636,""New"":1644,""Reason"":3}"
43060407,"{""Old"":60546,""New"":60586,""Reason"":3}"
76642234,"{""Old"":1675,""New"":1693,""Reason"":3}"
22873602,"{""Old"":2429,""New"":2439,""Reason"":3}"
37623137,"{""Old"":2342,""New"":2344,""Reason"":3}"
121268589,"{""Old"":3689,""New"":3693,""Reason"":3}"
9453157,"{""Old"":2968,""New"":2974,""Reason"":3}"
40248507,"{""Old"":405,""New"":439,""Reason"":3}"
61603822,"{""Old"":266,""New"":268,""Reason"":3}"
9373239,"{""Old"":705,""New"":737,""Reason"":3}"
56617494,"{""Old"":10608,""New"":10612,""Reason"":3}"
27849954,"{""Old"":13615,""New"":13621,""Reason"":3}"
27849954,"{""Old"":13621,""New"":13671,""Reason"":3}"
218421140,"{""Old"":1241,""New"":1245,""Reason"":3}"
47462189,"{""Old"":2416,""New"":2428,""Reason"":3}"
48528618,"{""Old"":2327,""New"":2341,""Reason"":3}"
27849954,"{""Old"":14789,""New"":15005,""Reason"":3}"
87641637,"{""Old"":2866,""New"":2868,""Reason"":3}"
208717179,"{""Old"":603,""New"":611,""Reason"":3}"
20721207,"{""Old"":2248,""New"":2254,""Reason"":3}"
9822342,"{""Old"":241,""New"":243,""Reason"":3}"
16933530,"{""Old"":42,""New"":44,""Reason"":3}"
80080095,"{""Old"":342,""New"":346,""Reason"":3}"
23436246,"{""Old"":1292,""New"":1298,""Reason"":3}"
80080095,"{""Old"":362,""New"":368,""Reason"":3}"
80141190,"{""Old"":6277,""New"":6285,""Reason"":3}"
48614050,"{""Old"":2852,""New"":2854,""Reason"":3}"
48128708,"{""Old"":438,""New"":446,""Reason"":3}"
51591414,"{""Old"":1698,""New"":1702,""Reason"":3}"
46071681,"{""Old"":65,""New"":69,""Reason"":3}"
40318178,"{""Old"":20364,""New"":20378,""Reason"":3}"
50484405,"{""Old"":2227,""New"":2241,""Reason"":3}"
22879562,"{""Old"":751,""New"":753,""Reason"":3}"
72130135,"{""Old"":367,""New"":371,""Reason"":3}"
37966732,"{""Old"":1381,""New"":1387,""Reason"":3}"
10842770,"{""Old"":1642,""New"":1644,""Reason"":3}"
24024102,"{""Old"":1884,""New"":1904,""Reason"":3}"
59101656,"{""Old"":2131,""New"":2137,""Reason"":3}"
37966732,"{""Old"":1378,""New"":1380,""Reason"":3}"
23748897,"{""Old"":6681,""New"":6691,""Reason"":3}"
218756550,"{""Old"":1339,""New"":1341,""Reason"":3}"
46390566,"{""Old"":639,""New"":641,""Reason"":3}"
65968186,"{""Old"":306,""New"":310,""Reason"":3}"
68083877,"{""Old"":834,""New"":860,""Reason"":3}"
201518206,"{""Old"":7625,""New"":7697,""Reason"":3}"
201518206,"{""Old"":6185,""New"":6235,""Reason"":3}"
46340704,"{""Old"":102,""New"":104,""Reason"":3}"
47842904,"{""Old"":85,""New"":89,""Reason"":3}"
21265711,"{""Old"":1737,""New"":1753,""Reason"":3}"
82992489,"{""Old"":2004,""New"":2014,""Reason"":3}"
50660846,"{""Old"":212,""New"":216,""Reason"":3}"
78675335,"{""Old"":3866,""New"":3872,""Reason"":3}"
70253325,"{""Old"":1667,""New"":1669,""Reason"":3}"
215073593,"{""Old"":796,""New"":800,""Reason"":3}"
48528618,"{""Old"":2387,""New"":2399,""Reason"":3}"
218756550,"{""Old"":1190,""New"":1192,""Reason"":3}"
19185236,"{""Old"":1285,""New"":1317,""Reason"":3}"
65661392,"{""Old"":7220,""New"":7222,""Reason"":3}"
65661392,"{""Old"":7286,""New"":7296,""Reason"":3}"
9373239,"{""Old"":760,""New"":762,""Reason"":3}"
9877941,"{""Old"":4034,""New"":4036,""Reason"":3}"
218605508,"{""Old"":8785,""New"":8787,""Reason"":3}"
71159796,"{""Old"":773,""New"":777,""Reason"":3}"
218756550,"{""Old"":1316,""New"":1320,""Reason"":3}"
218605508,"{""Old"":6601,""New"":6607,""Reason"":3}"
41352787,"{""Old"":2410,""New"":2432,""Reason"":3}"
218605508,"{""Old"":6698,""New"":6710,""Reason"":3}"
40514320,"{""Old"":5250,""New"":5350,""Reason"":3}"
13030531,"{""Old"":2282,""New"":2286,""Reason"":3}"
37623137,"{""Old"":2348,""New"":2350,""Reason"":3}"
207033072,"{""Old"":1472,""New"":1474,""Reason"":3}"
212325782,"{""Old"":18857,""New"":18867,""Reason"":3}"
212325782,"{""Old"":18747,""New"":18797,""Reason"":3}"
123262597,"{""Old"":947,""New"":951,""Reason"":3}"
218605508,"{""Old"":8686,""New"":8696,""Reason"":3}"
218605508,"{""Old"":8224,""New"":8262,""Reason"":3}"
123262597,"{""Old"":289,""New"":331,""Reason"":3}"
123262597,"{""Old"":997,""New"":1001,""Reason"":3}"
218605508,"{""Old"":8576,""New"":8592,""Reason"":3}"
42743959,"{""Old"":118505,""New"":118515,""Reason"":3}"
11077109,"{""Old"":1046,""New"":1048,""Reason"":3}"
59109994,"{""Old"":1375,""New"":1377,""Reason"":3}"
56756847,"{""Old"":781,""New"":785,""Reason"":3}"
7182003,"{""Old"":274072,""New"":274084,""Reason"":3}"
10632119,"{""Old"":576,""New"":710,""Reason"":3}"
201518206,"{""Old"":6009,""New"":6061,""Reason"":3}"
201518206,"{""Old"":6061,""New"":6123,""Reason"":3}"
201518206,"{""Old"":7381,""New"":7475,""Reason"":3}"
7182003,"{""Old"":273873,""New"":273893,""Reason"":3}"
15315185,"{""Old"":109,""New"":115,""Reason"":3}"
44926576,"{""Old"":555,""New"":561,""Reason"":3}"
34804511,"{""Old"":15335,""New"":15341,""Reason"":3}"
201518206,"{""Old"":5831,""New"":5979,""Reason"":3}"
201518206,"{""Old"":9619,""New"":9669,""Reason"":3}"
10632119,"{""Old"":117,""New"":121,""Reason"":3}"
83376996,"{""Old"":48226,""New"":48256,""Reason"":3}"
81470453,"{""Old"":1048,""New"":1066,""Reason"":3}"
81470453,"{""Old"":1073,""New"":1079,""Reason"":3}"
20810549,"{""Old"":645,""New"":647,""Reason"":3}"
218605508,"{""Old"":8125,""New"":8193,""Reason"":3}"
41618935,"{""Old"":688,""New"":692,""Reason"":3}"
123262597,"{""Old"":1003,""New"":1017,""Reason"":3}"
25145168,"{""Old"":276,""New"":280,""Reason"":3}"
41440335,"{""Old"":3692,""New"":3770,""Reason"":3}"
43656083,"{""Old"":507,""New"":509,""Reason"":3}"
43060407,"{""Old"":60048,""New"":60070,""Reason"":3}"
43060407,"{""Old"":60456,""New"":60478,""Reason"":3}"
209538568,"{""Old"":19852,""New"":19868,""Reason"":3}"
47239784,"{""Old"":2219,""New"":2221,""Reason"":3}"
47842904,"{""Old"":176,""New"":178,""Reason"":3}"
47842904,"{""Old"":191,""New"":213,""Reason"":3}"
4272186,"{""Old"":805,""New"":807,""Reason"":3}"
20276079,"{""Old"":15935,""New"":15937,""Reason"":3}"
37966732,"{""Old"":1291,""New"":1295,""Reason"":3}"
23436246,"{""Old"":1308,""New"":1318,""Reason"":3}"
9453157,"{""Old"":2988,""New"":2992,""Reason"":3}"
80080095,"{""Old"":645,""New"":657,""Reason"":3}"
86298849,"{""Old"":1044,""New"":1050,""Reason"":3}"
47504703,"{""Old"":1471,""New"":1545,""Reason"":3}"
70530526,"{""Old"":2424,""New"":2426,""Reason"":3}"
123262597,"{""Old"":608,""New"":660,""Reason"":3}"
123262597,"{""Old"":951,""New"":957,""Reason"":3}"
35100723,"{""Old"":60,""New"":62,""Reason"":3}"
86545120,"{""Old"":913,""New"":917,""Reason"":3}"
80080095,"{""Old"":348,""New"":354,""Reason"":3}"
11173023,"{""Old"":14829,""New"":14845,""Reason"":3}"
9453157,"{""Old"":2858,""New"":2864,""Reason"":3}"
20810549,"{""Old"":608,""New"":626,""Reason"":3}"
48145859,"{""Old"":67,""New"":69,""Reason"":3}"
63752582,"{""Old"":2218,""New"":2256,""Reason"":3}"
76642234,"{""Old"":1711,""New"":1715,""Reason"":3}"
25145168,"{""Old"":280,""New"":282,""Reason"":3}"
18209125,"{""Old"":364,""New"":368,""Reason"":3}"
6989584,"{""Old"":235,""New"":237,""Reason"":3}"
206512823,"{""Old"":216,""New"":226,""Reason"":3}"
67835639,"{""Old"":1515,""New"":1519,""Reason"":3}"
212466458,"{""Old"":581,""New"":595,""Reason"":3}"
42280415,"{""Old"":17723,""New"":17759,""Reason"":3}"
37279442,"{""Old"":29494,""New"":29502,""Reason"":3}"
80128505,"{""Old"":2829,""New"":2855,""Reason"":3}"
46019951,"{""Old"":102010,""New"":102016,""Reason"":3}"
61040174,"{""Old"":104,""New"":106,""Reason"":3}"
80128505,"{""Old"":2926,""New"":2942,""Reason"":3}"
3029048,"{""Old"":458,""New"":462,""Reason"":3}"
62019114,"{""Old"":238,""New"":242,""Reason"":3}"
46019951,"{""Old"":102153,""New"":102157,""Reason"":3}"
70388674,"{""Old"":843,""New"":845,""Reason"":3}"
70388674,"{""Old"":925,""New"":927,""Reason"":3}"
598089,"{""Old"":1470,""New"":1520,""Reason"":3}"
220823646,"{""Old"":215,""New"":217,""Reason"":3}"
201518206,"{""Old"":7697,""New"":7779,""Reason"":3}"
60412774,"{""Old"":714,""New"":718,""Reason"":3}"
23619815,"{""Old"":92,""New"":94,""Reason"":3}"
27849954,"{""Old"":13079,""New"":13093,""Reason"":3}"
27849954,"{""Old"":13109,""New"":13123,""Reason"":3}"
209124097,"{""Old"":386,""New"":388,""Reason"":3}"
48528618,"{""Old"":2321,""New"":2327,""Reason"":3}"
10632119,"{""Old"":289,""New"":295,""Reason"":3}"
17880418,"{""Old"":804,""New"":808,""Reason"":3}"
208717179,"{""Old"":617,""New"":621,""Reason"":3}"
71075267,"{""Old"":14549,""New"":14575,""Reason"":3}"
9453157,"{""Old"":2939,""New"":2953,""Reason"":3}"
121268589,"{""Old"":3625,""New"":3635,""Reason"":3}"
218605508,"{""Old"":8730,""New"":8746,""Reason"":3}"
123262597,"{""Old"":1018,""New"":1022,""Reason"":3}"
66334010,"{""Old"":887,""New"":889,""Reason"":3}"
19316296,"{""Old"":1587,""New"":1617,""Reason"":3}"
62019114,"{""Old"":316,""New"":318,""Reason"":3}"
47431547,"{""Old"":460,""New"":468,""Reason"":3}"
23750958,"{""Old"":731,""New"":735,""Reason"":3}"
8822474,"{""Old"":1174,""New"":1182,""Reason"":3}"
60608971,"{""Old"":1190,""New"":1192,""Reason"":3}"
218605508,"{""Old"":8821,""New"":8823,""Reason"":3}"
212325782,"{""Old"":18675,""New"":18705,""Reason"":3}"
25764590,"{""Old"":2170,""New"":2188,""Reason"":3}"
121268589,"{""Old"":3714,""New"":3716,""Reason"":3}"
63752582,"{""Old"":2407,""New"":2417,""Reason"":3}"
212325782,"{""Old"":17375,""New"":17379,""Reason"":3}"
212325782,"{""Old"":17379,""New"":17385,""Reason"":3}"
73869673,"{""Old"":763,""New"":765,""Reason"":3}"
41618935,"{""Old"":578,""New"":592,""Reason"":3}"
45215660,"{""Old"":3433,""New"":3435,""Reason"":3}"
22766854,"{""Old"":707,""New"":719,""Reason"":3}"
46260240,"{""Old"":4062,""New"":4064,""Reason"":3}"
51892362,"{""Old"":15,""New"":17,""Reason"":3}"
26898124,"{""Old"":2699,""New"":2711,""Reason"":3}"
47842904,"{""Old"":229,""New"":231,""Reason"":3}"
52598655,"{""Old"":595,""New"":597,""Reason"":3}"
38244523,"{""Old"":566,""New"":568,""Reason"":3}"
71075267,"{""Old"":15921,""New"":15945,""Reason"":3}"
52598655,"{""Old"":534,""New"":542,""Reason"":3}"
34871036,"{""Old"":2509,""New"":2513,""Reason"":3}"
11077109,"{""Old"":1020,""New"":1042,""Reason"":3}"
37279442,"{""Old"":30890,""New"":31016,""Reason"":3}"
121572028,"{""Old"":479,""New"":481,""Reason"":3}"
30593734,"{""Old"":270,""New"":272,""Reason"":3}"
46390566,"{""Old"":667,""New"":675,""Reason"":3}"
18209125,"{""Old"":331,""New"":333,""Reason"":3}"
123262597,"{""Old"":871,""New"":881,""Reason"":3}"
17408228,"{""Old"":224,""New"":228,""Reason"":3}"
42280415,"{""Old"":18039,""New"":18081,""Reason"":3}"
62448257,"{""Old"":3471,""New"":3491,""Reason"":3}"
212325782,"{""Old"":18449,""New"":18571,""Reason"":3}"
80080095,"{""Old"":675,""New"":685,""Reason"":3}"
298627,"{""Old"":774,""New"":778,""Reason"":3}"
41618935,"{""Old"":640,""New"":642,""Reason"":3}"
41618935,"{""Old"":464,""New"":554,""Reason"":3}"
41618935,"{""Old"":566,""New"":570,""Reason"":3}"
37279442,"{""Old"":30113,""New"":30195,""Reason"":3}"
212325782,"{""Old"":18907,""New"":18927,""Reason"":3}"
40318178,"{""Old"":20354,""New"":20364,""Reason"":3}"
206512823,"{""Old"":234,""New"":236,""Reason"":3}"
206512823,"{""Old"":226,""New"":230,""Reason"":3}"
17404072,"{""Old"":728,""New"":730,""Reason"":3}"
49930221,"{""Old"":92,""New"":96,""Reason"":3}"
2845298,"{""Old"":9609,""New"":9611,""Reason"":3}"
12624823,"{""Old"":279,""New"":287,""Reason"":3}"
4272186,"{""Old"":753,""New"":779,""Reason"":3}"
214328077,"{""Old"":99,""New"":101,""Reason"":3}"
36282525,"{""Old"":72,""New"":74,""Reason"":3}"
40248507,"{""Old"":288,""New"":310,""Reason"":3}"
40248507,"{""Old"":1895,""New"":1973,""Reason"":3}"
10632119,"{""Old"":891,""New"":895,""Reason"":3}"
9662358,"{""Old"":653,""New"":667,""Reason"":3}"
201518206,"{""Old"":3881,""New"":3931,""Reason"":3}"
13270858,"{""Old"":8677,""New"":8693,""Reason"":3}"
201518206,"{""Old"":6279,""New"":6309,""Reason"":3}"
10632119,"{""Old"":710,""New"":742,""Reason"":3}"
13495243,"{""Old"":1623,""New"":1637,""Reason"":3}"
121489168,"{""Old"":284,""New"":286,""Reason"":3}"
46340704,"{""Old"":106,""New"":114,""Reason"":3}"
123262597,"{""Old"":147,""New"":153,""Reason"":3}"
210819557,"{""Old"":221,""New"":227,""Reason"":3}"
210547153,"{""Old"":60,""New"":62,""Reason"":3}"
17404727,"{""Old"":101,""New"":103,""Reason"":3}"
64442454,"{""Old"":16989,""New"":16993,""Reason"":3}"
63752582,"{""Old"":2604,""New"":2636,""Reason"":3}"
22873602,"{""Old"":2391,""New"":2395,""Reason"":3}"
63752582,"{""Old"":1966,""New"":2008,""Reason"":3}"
37279442,"{""Old"":29881,""New"":29915,""Reason"":3}"
206512823,"{""Old"":204,""New"":210,""Reason"":3}"
70149309,"{""Old"":417,""New"":419,""Reason"":3}"
62019114,"{""Old"":260,""New"":266,""Reason"":3}"
10125609,"{""Old"":131,""New"":133,""Reason"":3}"
42280415,"{""Old"":18087,""New"":18097,""Reason"":3}"
39687811,"{""Old"":3768,""New"":3770,""Reason"":3}"
68083877,"{""Old"":814,""New"":818,""Reason"":3}"
67835639,"{""Old"":1511,""New"":1515,""Reason"":3}"
59218144,"{""Old"":709,""New"":713,""Reason"":3}"
70388674,"{""Old"":799,""New"":801,""Reason"":3}"
16793905,"{""Old"":2144,""New"":2148,""Reason"":3}"
23282931,"{""Old"":2490,""New"":2514,""Reason"":3}"
212325782,"{""Old"":17891,""New"":17997,""Reason"":3}"
64773850,"{""Old"":1491,""New"":1497,""Reason"":3}"
50484405,"{""Old"":2244,""New"":2260,""Reason"":3}"
210819557,"{""Old"":227,""New"":229,""Reason"":3}"
34824025,"{""Old"":380,""New"":382,""Reason"":3}"
25764590,"{""Old"":1850,""New"":1864,""Reason"":3}"
63752582,"{""Old"":2095,""New"":2129,""Reason"":3}"
23436246,"{""Old"":1188,""New"":1196,""Reason"":3}"
41618935,"{""Old"":654,""New"":666,""Reason"":3}"
218605508,"{""Old"":6671,""New"":6673,""Reason"":3}"
56659199,"{""Old"":1722,""New"":1724,""Reason"":3}"
218605508,"{""Old"":8708,""New"":8714,""Reason"":3}"
81188234,"{""Old"":1103,""New"":1109,""Reason"":3}"
212325782,"{""Old"":18601,""New"":18633,""Reason"":3}"
79319739,"{""Old"":388,""New"":398,""Reason"":3}"
218756550,"{""Old"":1311,""New"":1315,""Reason"":3}"
43428109,"{""Old"":240,""New"":248,""Reason"":3}"
60412774,"{""Old"":438,""New"":440,""Reason"":3}"
40248507,"{""Old"":1117,""New"":1219,""Reason"":3}"
201518206,"{""Old"":10481,""New"":10541,""Reason"":3}"
201518206,"{""Old"":5427,""New"":5641,""Reason"":3}"
201518206,"{""Old"":7341,""New"":7381,""Reason"":3}"
19185236,"{""Old"":1276,""New"":1278,""Reason"":3}"
201518206,"{""Old"":10299,""New"":10309,""Reason"":3}"
10632119,"{""Old"":126,""New"":130,""Reason"":3}"
10632119,"{""Old"":802,""New"":846,""Reason"":3}"
9373239,"{""Old"":767,""New"":789,""Reason"":3}"
34796873,"{""Old"":97,""New"":99,""Reason"":3}"
598089,"{""Old"":1106,""New"":1110,""Reason"":3}"
57711906,"{""Old"":2035,""New"":2037,""Reason"":3}"
46019951,"{""Old"":102541,""New"":102543,""Reason"":3}"
123262597,"{""Old"":963,""New"":979,""Reason"":3}"
41352787,"{""Old"":546,""New"":564,""Reason"":3}"
19360573,"{""Old"":268,""New"":278,""Reason"":3}"
218605508,"{""Old"":7865,""New"":7919,""Reason"":3}"
218605508,"{""Old"":6903,""New"":6925,""Reason"":3}"
41618935,"{""Old"":666,""New"":668,""Reason"":3}"
47504703,"{""Old"":1700,""New"":1708,""Reason"":3}"
201314175,"{""Old"":572,""New"":574,""Reason"":3}"
41440335,"{""Old"":3660,""New"":3684,""Reason"":3}"
206512823,"{""Old"":210,""New"":216,""Reason"":3}"
218469411,"{""Old"":906,""New"":922,""Reason"":3}"
57877737,"{""Old"":17125,""New"":17127,""Reason"":3}"
41884475,"{""Old"":1717,""New"":1719,""Reason"":3}"
10455434,"{""Old"":341,""New"":351,""Reason"":3}"
40248507,"{""Old"":2073,""New"":2113,""Reason"":3}"
57890075,"{""Old"":1535,""New"":1549,""Reason"":3}"
49119728,"{""Old"":6326,""New"":6328,""Reason"":3}"
41352787,"{""Old"":2340,""New"":2352,""Reason"":3}"
41352787,"{""Old"":2456,""New"":2460,""Reason"":3}"
24171381,"{""Old"":1433,""New"":1451,""Reason"":3}"
218605508,"{""Old"":8592,""New"":8598,""Reason"":3}"
123262597,"{""Old"":423,""New"":461,""Reason"":3}"
80080095,"{""Old"":590,""New"":610,""Reason"":3}"
40318178,"{""Old"":20302,""New"":20304,""Reason"":3}"
40318178,"{""Old"":20112,""New"":20122,""Reason"":3}"
11173023,"{""Old"":14660,""New"":14670,""Reason"":3}"
25145168,"{""Old"":268,""New"":274,""Reason"":3}"
34824025,"{""Old"":397,""New"":411,""Reason"":3}"
218605508,"{""Old"":7466,""New"":7478,""Reason"":3}"
39687811,"{""Old"":3730,""New"":3732,""Reason"":3}"
39687811,"{""Old"":3737,""New"":3749,""Reason"":3}"
39687811,"{""Old"":3751,""New"":3763,""Reason"":3}"
88569534,"{""Old"":1190,""New"":1192,""Reason"":3}"
6989584,"{""Old"":241,""New"":243,""Reason"":3}"
13029462,"{""Old"":202,""New"":204,""Reason"":3}"
12897541,"{""Old"":17,""New"":19,""Reason"":3}"
24930635,"{""Old"":1741,""New"":1743,""Reason"":3}"
40572960,"{""Old"":2815,""New"":2829,""Reason"":3}"
208006046,"{""Old"":472,""New"":480,""Reason"":3}"
47842904,"{""Old"":274,""New"":290,""Reason"":3}"
218605508,"{""Old"":8431,""New"":8473,""Reason"":3}"
211534404,"{""Old"":1292,""New"":1296,""Reason"":3}"
23436246,"{""Old"":1227,""New"":1235,""Reason"":3}"
2968081,"{""Old"":4594,""New"":4624,""Reason"":3}"
34824025,"{""Old"":423,""New"":429,""Reason"":3}"
67919423,"{""Old"":2108,""New"":2116,""Reason"":3}"
49119728,"{""Old"":6314,""New"":6318,""Reason"":3}"
37279442,"{""Old"":30351,""New"":30387,""Reason"":3}"
18935255,"{""Old"":1609,""New"":1613,""Reason"":3}"
62019114,"{""Old"":226,""New"":230,""Reason"":3}"
10125609,"{""Old"":112,""New"":120,""Reason"":3}"
23675475,"{""Old"":3712,""New"":3718,""Reason"":3}"
598089,"{""Old"":1598,""New"":1602,""Reason"":3}"
46390566,"{""Old"":677,""New"":681,""Reason"":3}"
201518206,"{""Old"":5215,""New"":5307,""Reason"":3}"
71159796,"{""Old"":812,""New"":814,""Reason"":3}"
37966732,"{""Old"":1230,""New"":1248,""Reason"":3}"
218756550,"{""Old"":1194,""New"":1198,""Reason"":3}"
8279087,"{""Old"":2831,""New"":2837,""Reason"":3}"
43717191,"{""Old"":334,""New"":340,""Reason"":3}"
68574621,"{""Old"":15774,""New"":15776,""Reason"":3}"
201518206,"{""Old"":10309,""New"":10419,""Reason"":3}"
201518206,"{""Old"":5129,""New"":5165,""Reason"":3}"
25764590,"{""Old"":1979,""New"":1989,""Reason"":3}"
25764590,"{""Old"":2005,""New"":2007,""Reason"":3}"
201518206,"{""Old"":3955,""New"":3993,""Reason"":3}"
54503421,"{""Old"":2138,""New"":2142,""Reason"":3}"
23436246,"{""Old"":1416,""New"":1418,""Reason"":3}"
17408228,"{""Old"":214,""New"":220,""Reason"":3}"
212325782,"{""Old"":18077,""New"":18343,""Reason"":3}"
11173023,"{""Old"":14596,""New"":14610,""Reason"":3}"
19316296,"{""Old"":1621,""New"":1623,""Reason"":3}"
24171381,"{""Old"":1452,""New"":1456,""Reason"":3}"
201916735,"{""Old"":742,""New"":744,""Reason"":3}"
19360573,"{""Old"":232,""New"":256,""Reason"":3}"
48128708,"{""Old"":454,""New"":456,""Reason"":3}"
41618935,"{""Old"":684,""New"":686,""Reason"":3}"
33302514,"{""Old"":106,""New"":112,""Reason"":3}"
63752582,"{""Old"":2774,""New"":2800,""Reason"":3}"
69974899,"{""Old"":584,""New"":594,""Reason"":3}"
70388674,"{""Old"":881,""New"":883,""Reason"":3}"
598089,"{""Old"":1134,""New"":1138,""Reason"":3}"
62019114,"{""Old"":210,""New"":212,""Reason"":3}"
18220669,"{""Old"":4272,""New"":4318,""Reason"":3}"
27849954,"{""Old"":15005,""New"":15165,""Reason"":3}"
17750860,"{""Old"":51,""New"":57,""Reason"":3}"
15931141,"{""Old"":1242,""New"":1254,""Reason"":3}"
208006046,"{""Old"":483,""New"":489,""Reason"":3}"
208006046,"{""Old"":497,""New"":499,""Reason"":3}"
123262597,"{""Old"":957,""New"":963,""Reason"":3}"
41618935,"{""Old"":652,""New"":654,""Reason"":3}"
59366058,"{""Old"":1876,""New"":1904,""Reason"":3}"
123262597,"{""Old"":380,""New"":392,""Reason"":3}"
46071681,"{""Old"":72,""New"":78,""Reason"":3}"
41618935,"{""Old"":369,""New"":381,""Reason"":3}"
212325782,"{""Old"":18645,""New"":18665,""Reason"":3}"
121268589,"{""Old"":3732,""New"":3742,""Reason"":3}"
23436246,"{""Old"":1389,""New"":1403,""Reason"":3}"
11173023,"{""Old"":15345,""New"":15347,""Reason"":3}"
11173023,"{""Old"":15443,""New"":15463,""Reason"":3}"
70373765,"{""Old"":981,""New"":993,""Reason"":3}"
43060407,"{""Old"":60514,""New"":60546,""Reason"":3}"
23283042,"{""Old"":2099,""New"":2101,""Reason"":3}"
6989584,"{""Old"":255,""New"":257,""Reason"":3}"
18209125,"{""Old"":353,""New"":357,""Reason"":3}"
34796873,"{""Old"":80,""New"":82,""Reason"":3}"
56652976,"{""Old"":9098,""New"":9128,""Reason"":3}"
42280415,"{""Old"":17670,""New"":17698,""Reason"":3}"
59218144,"{""Old"":730,""New"":746,""Reason"":3}"
49930221,"{""Old"":87,""New"":91,""Reason"":3}"
120844941,"{""Old"":701,""New"":731,""Reason"":3}"
4405013,"{""Old"":2939,""New"":2941,""Reason"":3}"
15931141,"{""Old"":1238,""New"":1240,""Reason"":3}"
7182003,"{""Old"":273856,""New"":273868,""Reason"":3}"
200339224,"{""Old"":123,""New"":127,""Reason"":3}"
59101656,"{""Old"":2137,""New"":2141,""Reason"":3}"
23436246,"{""Old"":1451,""New"":1463,""Reason"":3}"
23436246,"{""Old"":1481,""New"":1485,""Reason"":3}"
212325782,"{""Old"":15565,""New"":16593,""Reason"":3}"
210305670,"{""Old"":284,""New"":286,""Reason"":3}"
211534404,"{""Old"":1300,""New"":1304,""Reason"":3}"
43060407,"{""Old"":59408,""New"":59516,""Reason"":3}"
43060407,"{""Old"":60586,""New"":60596,""Reason"":3}"
17408228,"{""Old"":192,""New"":194,""Reason"":3}"
42743959,"{""Old"":118415,""New"":118425,""Reason"":3}"
73079522,"{""Old"":219,""New"":223,""Reason"":3}"
598089,"{""Old"":1642,""New"":1648,""Reason"":3}"
62019114,"{""Old"":194,""New"":196,""Reason"":3}"
37279442,"{""Old"":30245,""New"":30301,""Reason"":3}"
598089,"{""Old"":1302,""New"":1306,""Reason"":3}"
218421140,"{""Old"":1249,""New"":1255,""Reason"":3}"
215073593,"{""Old"":794,""New"":796,""Reason"":3}"
201518206,"{""Old"":4448,""New"":4454,""Reason"":3}"
218756550,"{""Old"":1258,""New"":1264,""Reason"":3}"
53457267,"{""Old"":1589,""New"":1603,""Reason"":3}"
43694202,"{""Old"":143766,""New"":143796,""Reason"":3}"
23969698,"{""Old"":3846,""New"":3882,""Reason"":3}"
47313136,"{""Old"":1263,""New"":1265,""Reason"":3}"
84002581,"{""Old"":356,""New"":362,""Reason"":3}"
56649989,"{""Old"":2024,""New"":2026,""Reason"":3}"
42280415,"{""Old"":17075,""New"":17077,""Reason"":3}"
70388674,"{""Old"":928,""New"":934,""Reason"":3}"
41618935,"{""Old"":290,""New"":330,""Reason"":3}"
218605508,"{""Old"":8298,""New"":8352,""Reason"":3}"
9460679,"{""Old"":883,""New"":891,""Reason"":3}"
41618935,"{""Old"":650,""New"":652,""Reason"":3}"
218605508,"{""Old"":8035,""New"":8089,""Reason"":3}"
212325782,"{""Old"":15153,""New"":15163,""Reason"":3}"
80080095,"{""Old"":378,""New"":382,""Reason"":3}"
298627,"{""Old"":768,""New"":774,""Reason"":3}"
41618935,"{""Old"":594,""New"":612,""Reason"":3}"
40514320,"{""Old"":5121,""New"":5175,""Reason"":3}"
8995697,"{""Old"":3227,""New"":3239,""Reason"":3}"
41352787,"{""Old"":1680,""New"":1734,""Reason"":3}"
46610504,"{""Old"":1446,""New"":1448,""Reason"":3}"
63752582,"{""Old"":2318,""New"":2380,""Reason"":3}"
34840972,"{""Old"":1486,""New"":1506,""Reason"":3}"
80128505,"{""Old"":2922,""New"":2926,""Reason"":3}"
20611717,"{""Old"":884,""New"":892,""Reason"":3}"
598089,"{""Old"":1300,""New"":1302,""Reason"":3}"
60781881,"{""Old"":754,""New"":768,""Reason"":3}"
18073657,"{""Old"":1872,""New"":1874,""Reason"":3}"
39512726,"{""Old"":159,""New"":161,""Reason"":3}"
37966732,"{""Old"":1366,""New"":1368,""Reason"":3}"
38743885,"{""Old"":2231,""New"":2237,""Reason"":3}"
80322830,"{""Old"":90,""New"":92,""Reason"":3}"
62019114,"{""Old"":230,""New"":234,""Reason"":3}"
598089,"{""Old"":1104,""New"":1106,""Reason"":3}"
598089,"{""Old"":1618,""New"":1622,""Reason"":3}"
85601968,"{""Old"":245,""New"":253,""Reason"":3}"
39687811,"{""Old"":3763,""New"":3767,""Reason"":3}"
42743959,"{""Old"":118425,""New"":118505,""Reason"":3}"
20611717,"{""Old"":892,""New"":898,""Reason"":3}"
211093942,"{""Old"":81,""New"":87,""Reason"":3}"
60608971,"{""Old"":1237,""New"":1243,""Reason"":3}"
218605508,"{""Old"":7027,""New"":7069,""Reason"":3}"
48669632,"{""Old"":3466,""New"":3468,""Reason"":3}"
11173023,"{""Old"":14722,""New"":14732,""Reason"":3}"
7710759,"{""Old"":1040,""New"":1048,""Reason"":3}"
63752582,"{""Old"":2422,""New"":2438,""Reason"":3}"
218605508,"{""Old"":7220,""New"":7308,""Reason"":3}"
40248507,"{""Old"":1650,""New"":1698,""Reason"":3}"
34871036,"{""Old"":2548,""New"":2550,""Reason"":3}"
44542731,"{""Old"":73,""New"":75,""Reason"":3}"
18220669,"{""Old"":4565,""New"":4579,""Reason"":3}"
59109994,"{""Old"":1424,""New"":1442,""Reason"":3}"
7196041,"{""Old"":1347,""New"":1349,""Reason"":3}"
42280415,"{""Old"":16917,""New"":16941,""Reason"":3}"
37279442,"{""Old"":31275,""New"":33261,""Reason"":3}"
42280415,"{""Old"":17959,""New"":18019,""Reason"":3}"
6989584,"{""Old"":199,""New"":201,""Reason"":3}"
68083877,"{""Old"":825,""New"":831,""Reason"":3}"
42280415,"{""Old"":17949,""New"":17959,""Reason"":3}"
48043083,"{""Old"":301,""New"":303,""Reason"":3}"
18935255,"{""Old"":1613,""New"":1621,""Reason"":3}"
23436246,"{""Old"":1221,""New"":1223,""Reason"":3}"
218605508,"{""Old"":8803,""New"":8821,""Reason"":3}"
85601968,"{""Old"":264,""New"":268,""Reason"":3}"
598089,"{""Old"":1520,""New"":1536,""Reason"":3}"
3866978,"{""Old"":858,""New"":860,""Reason"":3}"
41785617,"{""Old"":2122,""New"":2136,""Reason"":3}"
4405013,"{""Old"":2909,""New"":2935,""Reason"":3}"
56652976,"{""Old"":9096,""New"":9098,""Reason"":3}"
27849954,"{""Old"":14357,""New"":14367,""Reason"":3}"
26898124,"{""Old"":2717,""New"":2719,""Reason"":3}"
15931141,"{""Old"":1265,""New"":1267,""Reason"":3}"
60224134,"{""Old"":317,""New"":319,""Reason"":3}"
84002581,"{""Old"":398,""New"":400,""Reason"":3}"
73537218,"{""Old"":186,""New"":190,""Reason"":3}"
39483287,"{""Old"":65,""New"":67,""Reason"":3}"
4710718,"{""Old"":2281,""New"":2285,""Reason"":3}"
43060407,"{""Old"":59735,""New"":59801,""Reason"":3}"
49119728,"{""Old"":6301,""New"":6305,""Reason"":3}"
41618935,"{""Old"":642,""New"":650,""Reason"":3}"
218605508,"{""Old"":8516,""New"":8558,""Reason"":3}"
37279442,"{""Old"":28982,""New"":28988,""Reason"":3}"
50416621,"{""Old"":4124,""New"":4126,""Reason"":3}"
598089,"{""Old"":1384,""New"":1386,""Reason"":3}"
42280415,"{""Old"":17529,""New"":17545,""Reason"":3}"
6989584,"{""Old"":257,""New"":261,""Reason"":3}"
59218144,"{""Old"":747,""New"":749,""Reason"":3}"
42280415,"{""Old"":16966,""New"":17050,""Reason"":3}"
50416621,"{""Old"":4128,""New"":4132,""Reason"":3}"
598089,"{""Old"":1380,""New"":1384,""Reason"":3}"
598089,"{""Old"":1354,""New"":1374,""Reason"":3}"
16473350,"{""Old"":981,""New"":989,""Reason"":3}"
21058197,"{""Old"":203,""New"":205,""Reason"":3}"
9373239,"{""Old"":796,""New"":826,""Reason"":3}"
60412774,"{""Old"":440,""New"":456,""Reason"":3}"
34352513,"{""Old"":2127,""New"":2131,""Reason"":3}"
27777369,"{""Old"":121992,""New"":122006,""Reason"":3}"
9662358,"{""Old"":667,""New"":669,""Reason"":3}"
27849954,"{""Old"":12571,""New"":12573,""Reason"":3}"
19750058,"{""Old"":999,""New"":1013,""Reason"":3}"
25145168,"{""Old"":258,""New"":262,""Reason"":3}"
34592975,"{""Old"":3963,""New"":3977,""Reason"":3}"
80080095,"{""Old"":398,""New"":400,""Reason"":3}"
7710759,"{""Old"":1054,""New"":1062,""Reason"":3}"
43656083,"{""Old"":505,""New"":507,""Reason"":3}"
46610504,"{""Old"":1439,""New"":1445,""Reason"":3}"
212325782,"{""Old"":18581,""New"":18601,""Reason"":3}"
212325782,"{""Old"":18665,""New"":18675,""Reason"":3}"
17408228,"{""Old"":196,""New"":202,""Reason"":3}"
70373765,"{""Old"":998,""New"":1000,""Reason"":3}"
59875468,"{""Old"":2995,""New"":2999,""Reason"":3}"
37279442,"{""Old"":30565,""New"":30659,""Reason"":3}"
18467426,"{""Old"":184,""New"":194,""Reason"":3}"
42280415,"{""Old"":17127,""New"":17151,""Reason"":3}"
20644534,"{""Old"":84,""New"":86,""Reason"":3}"
42280415,"{""Old"":16839,""New"":16867,""Reason"":3}"
37279442,"{""Old"":29552,""New"":29570,""Reason"":3}"
598089,"{""Old"":1594,""New"":1598,""Reason"":3}"
598089,"{""Old"":1622,""New"":1624,""Reason"":3}"
13567286,"{""Old"":23,""New"":25,""Reason"":3}"
10842770,"{""Old"":1656,""New"":1658,""Reason"":3}"
9877941,"{""Old"":4004,""New"":4010,""Reason"":3}"
218605508,"{""Old"":8640,""New"":8642,""Reason"":3}"
51846386,"{""Old"":77,""New"":81,""Reason"":3}"
41618935,"{""Old"":173,""New"":181,""Reason"":3}"
79751925,"{""Old"":1334,""New"":1336,""Reason"":3}"
24026695,"{""Old"":37,""New"":41,""Reason"":3}"
6475871,"{""Old"":1654,""New"":1656,""Reason"":3}"
18220669,"{""Old"":4597,""New"":4599,""Reason"":3}"
18220669,"{""Old"":3905,""New"":3931,""Reason"":3}"
50416621,"{""Old"":4134,""New"":4146,""Reason"":3}"
20644534,"{""Old"":71,""New"":77,""Reason"":3}"
598089,"{""Old"":1110,""New"":1116,""Reason"":3}"
70149309,"{""Old"":391,""New"":395,""Reason"":3}"
598089,"{""Old"":1536,""New"":1582,""Reason"":3}"
62019114,"{""Old"":152,""New"":154,""Reason"":3}"
48956693,"{""Old"":1857,""New"":1861,""Reason"":3}"
218722310,"{""Old"":29,""New"":35,""Reason"":3}"
41248658,"{""Old"":647,""New"":663,""Reason"":3}"
208717179,"{""Old"":489,""New"":495,""Reason"":3}"
4984657,"{""Old"":7952,""New"":7962,""Reason"":3}"
201518206,"{""Old"":6809,""New"":6921,""Reason"":3}"
73560961,"{""Old"":37,""New"":39,""Reason"":3}"
218421140,"{""Old"":1255,""New"":1261,""Reason"":3}"
4984657,"{""Old"":7966,""New"":7970,""Reason"":3}"
201518206,"{""Old"":4069,""New"":4073,""Reason"":3}"
34352513,"{""Old"":2133,""New"":2143,""Reason"":3}"
47842904,"{""Old"":91,""New"":93,""Reason"":3}"
40514320,"{""Old"":5350,""New"":5382,""Reason"":3}"
79751925,"{""Old"":1274,""New"":1276,""Reason"":3}"
86545120,"{""Old"":967,""New"":971,""Reason"":3}"
13029462,"{""Old"":182,""New"":188,""Reason"":3}"
43060407,"{""Old"":60120,""New"":60122,""Reason"":3}"
218390057,"{""Old"":1491,""New"":1493,""Reason"":3}"
73537218,"{""Old"":172,""New"":184,""Reason"":3}"
60608971,"{""Old"":1245,""New"":1247,""Reason"":3}"
218605508,"{""Old"":8375,""New"":8431,""Reason"":3}"
218605508,"{""Old"":8473,""New"":8511,""Reason"":3}"
81498402,"{""Old"":541,""New"":553,""Reason"":3}"
10632119,"{""Old"":409,""New"":429,""Reason"":3}"
10632119,"{""Old"":846,""New"":862,""Reason"":3}"
16473350,"{""Old"":999,""New"":1011,""Reason"":3}"
201518206,"{""Old"":7779,""New"":7795,""Reason"":3}"
19750058,"{""Old"":1013,""New"":1015,""Reason"":3}"
598089,"{""Old"":1582,""New"":1594,""Reason"":3}"
598089,"{""Old"":1276,""New"":1300,""Reason"":3}"
62019114,"{""Old"":154,""New"":156,""Reason"":3}"
88569534,"{""Old"":1205,""New"":1209,""Reason"":3}"
598089,"{""Old"":1102,""New"":1104,""Reason"":3}"
63752582,"{""Old"":2306,""New"":2312,""Reason"":3}"
23436246,"{""Old"":1200,""New"":1202,""Reason"":3}"
41618935,"{""Old"":258,""New"":270,""Reason"":3}"
6881205,"{""Old"":12054,""New"":12056,""Reason"":3}"
41618935,"{""Old"":410,""New"":420,""Reason"":3}"
41618935,"{""Old"":570,""New"":578,""Reason"":3}"
212325782,"{""Old"":18633,""New"":18645,""Reason"":3}"
41618935,"{""Old"":678,""New"":680,""Reason"":3}"
41618935,"{""Old"":204,""New"":220,""Reason"":3}"
41618935,"{""Old"":134,""New"":140,""Reason"":3}"
69974899,"{""Old"":544,""New"":550,""Reason"":3}"
37279442,"{""Old"":28988,""New"":28990,""Reason"":3}"
48043083,"{""Old"":291,""New"":293,""Reason"":3}"
218756550,"{""Old"":1325,""New"":1327,""Reason"":3}"
218756550,"{""Old"":1354,""New"":1358,""Reason"":3}"
60702281,"{""Old"":1627,""New"":1633,""Reason"":3}"
40247006,"{""Old"":4447,""New"":4457,""Reason"":3}"
37893030,"{""Old"":76,""New"":78,""Reason"":3}"
57877737,"{""Old"":17160,""New"":17162,""Reason"":3}"
38223908,"{""Old"":1115,""New"":1127,""Reason"":3}"
2845298,"{""Old"":9611,""New"":9617,""Reason"":3}"
85562535,"{""Old"":177,""New"":183,""Reason"":3}"
201916735,"{""Old"":744,""New"":756,""Reason"":3}"
80141190,"{""Old"":6254,""New"":6268,""Reason"":3}"
23406002,"{""Old"":1532,""New"":1544,""Reason"":3}"
9453157,"{""Old"":2974,""New"":2988,""Reason"":3}"
63752582,"{""Old"":2520,""New"":2554,""Reason"":3}"
34592975,"{""Old"":3943,""New"":3945,""Reason"":3}"
42280415,"{""Old"":17819,""New"":17949,""Reason"":3}"
60781881,"{""Old"":778,""New"":780,""Reason"":3}"
598089,"{""Old"":1624,""New"":1642,""Reason"":3}"
598089,"{""Old"":1208,""New"":1212,""Reason"":3}"
598089,"{""Old"":1306,""New"":1324,""Reason"":3}"
598089,"{""Old"":1132,""New"":1134,""Reason"":3}"
50416621,"{""Old"":4153,""New"":4169,""Reason"":3}"
598089,"{""Old"":1324,""New"":1346,""Reason"":3}"
70149309,"{""Old"":409,""New"":413,""Reason"":3}"
17408228,"{""Old"":208,""New"":214,""Reason"":3}"
43060407,"{""Old"":60172,""New"":60316,""Reason"":3}"
79751925,"{""Old"":1328,""New"":1334,""Reason"":3}"
86298849,"{""Old"":1066,""New"":1068,""Reason"":3}"
37966732,"{""Old"":1324,""New"":1328,""Reason"":3}"
34871036,"{""Old"":2495,""New"":2509,""Reason"":3}"
19316296,"{""Old"":1617,""New"":1621,""Reason"":3}"
39483287,"{""Old"":69,""New"":73,""Reason"":3}"
6881205,"{""Old"":12038,""New"":12054,""Reason"":3}"
9373239,"{""Old"":869,""New"":925,""Reason"":3}"
11096634,"{""Old"":2511,""New"":2517,""Reason"":3}"
10632119,"{""Old"":923,""New"":925,""Reason"":3}"
201518206,"{""Old"":5641,""New"":5831,""Reason"":3}"
41248658,"{""Old"":627,""New"":637,""Reason"":3}"
60412774,"{""Old"":545,""New"":603,""Reason"":3}"
40248507,"{""Old"":2161,""New"":2163,""Reason"":3}"
37893030,"{""Old"":65,""New"":69,""Reason"":3}"
218309488,"{""Old"":45,""New"":47,""Reason"":3}"
68574621,"{""Old"":15788,""New"":15790,""Reason"":3}"
57890075,"{""Old"":1549,""New"":1557,""Reason"":3}"
45215660,"{""Old"":3338,""New"":3352,""Reason"":3}"
48528618,"{""Old"":2341,""New"":2361,""Reason"":3}"
40248507,"{""Old"":219,""New"":239,""Reason"":3}"
201518206,"{""Old"":9099,""New"":9109,""Reason"":3}"
70373765,"{""Old"":976,""New"":978,""Reason"":3}"
41618935,"{""Old"":676,""New"":678,""Reason"":3}"
81470453,"{""Old"":1071,""New"":1073,""Reason"":3}"
60224134,"{""Old"":315,""New"":317,""Reason"":3}"
18220669,"{""Old"":4543,""New"":4565,""Reason"":3}"
201518206,"{""Old"":10099,""New"":10239,""Reason"":3}"
34696227,"{""Old"":942,""New"":978,""Reason"":3}"
15315185,"{""Old"":115,""New"":119,""Reason"":3}"
41618935,"{""Old"":614,""New"":632,""Reason"":3}"
59366058,"{""Old"":1905,""New"":1911,""Reason"":3}"
79986925,"{""Old"":93,""New"":99,""Reason"":3}"
79751925,"{""Old"":1296,""New"":1328,""Reason"":3}"
60224134,"{""Old"":309,""New"":313,""Reason"":3}"
88626866,"{""Old"":1646,""New"":1660,""Reason"":3}"
34696227,"{""Old"":1016,""New"":1020,""Reason"":3}"
83376996,"{""Old"":48579,""New"":48583,""Reason"":3}"
37893030,"{""Old"":88,""New"":94,""Reason"":3}"
218756550,"{""Old"":1322,""New"":1324,""Reason"":3}"
16378851,"{""Old"":1041,""New"":1055,""Reason"":3}"
7182003,"{""Old"":274031,""New"":274041,""Reason"":3}"
86298849,"{""Old"":1127,""New"":1135,""Reason"":3}"
80080095,"{""Old"":400,""New"":406,""Reason"":3}"
80080095,"{""Old"":420,""New"":422,""Reason"":3}"
49119728,"{""Old"":6306,""New"":6310,""Reason"":3}"
41618935,"{""Old"":672,""New"":676,""Reason"":3}"
79751925,"{""Old"":1286,""New"":1292,""Reason"":3}"
67919423,"{""Old"":2079,""New"":2107,""Reason"":3}"
34592975,"{""Old"":3959,""New"":3963,""Reason"":3}"
56659199,"{""Old"":1730,""New"":1740,""Reason"":3}"
7967368,"{""Old"":348,""New"":364,""Reason"":3}"
49993613,"{""Old"":11208,""New"":11214,""Reason"":3}"
86298849,"{""Old"":976,""New"":978,""Reason"":3}"
23436246,"{""Old"":1262,""New"":1280,""Reason"":3}"
10632119,"{""Old"":909,""New"":915,""Reason"":3}"
18220669,"{""Old"":3848,""New"":3882,""Reason"":3}"
23969698,"{""Old"":4437,""New"":4457,""Reason"":3}"
209124097,"{""Old"":360,""New"":370,""Reason"":3}"
40248507,"{""Old"":120,""New"":122,""Reason"":3}"
9373239,"{""Old"":663,""New"":683,""Reason"":3}"
11115494,"{""Old"":650,""New"":680,""Reason"":3}"
37927697,"{""Old"":411,""New"":417,""Reason"":3}"
61603822,"{""Old"":262,""New"":266,""Reason"":3}"
63752582,"{""Old"":2839,""New"":2849,""Reason"":3}"
80080095,"{""Old"":611,""New"":625,""Reason"":3}"
80080095,"{""Old"":672,""New"":674,""Reason"":3}"
86298849,"{""Old"":1190,""New"":1192,""Reason"":3}"
86298849,"{""Old"":984,""New"":988,""Reason"":3}"
86298849,"{""Old"":1167,""New"":1187,""Reason"":3}"
49488425,"{""Old"":349,""New"":353,""Reason"":3}"
25764590,"{""Old"":1895,""New"":1899,""Reason"":3}"
19254018,"{""Old"":447,""New"":453,""Reason"":3}"
80080095,"{""Old"":499,""New"":517,""Reason"":3}"
63752582,"{""Old"":2825,""New"":2833,""Reason"":3}"
80080095,"{""Old"":627,""New"":629,""Reason"":3}"
88028317,"{""Old"":323,""New"":325,""Reason"":3}"
201518206,"{""Old"":3678,""New"":3734,""Reason"":3}"
83376996,"{""Old"":48596,""New"":48616,""Reason"":3}"
37966732,"{""Old"":1354,""New"":1358,""Reason"":3}"
60412774,"{""Old"":696,""New"":700,""Reason"":3}"
9877941,"{""Old"":4010,""New"":4014,""Reason"":3}"
18073657,"{""Old"":1898,""New"":1902,""Reason"":3}"
88626866,"{""Old"":1660,""New"":1672,""Reason"":3}"
61603822,"{""Old"":268,""New"":270,""Reason"":3}"
27849954,"{""Old"":14367,""New"":14457,""Reason"":3}"
9373239,"{""Old"":743,""New"":757,""Reason"":3}"
63752582,"{""Old"":2878,""New"":2880,""Reason"":3}"
86298849,"{""Old"":999,""New"":1021,""Reason"":3}"
23436246,"{""Old"":1305,""New"":1307,""Reason"":3}"
63752582,"{""Old"":2708,""New"":2724,""Reason"":3}"
46610504,"{""Old"":1453,""New"":1467,""Reason"":3}"
80080095,"{""Old"":415,""New"":419,""Reason"":3}"
80080095,"{""Old"":469,""New"":491,""Reason"":3}"
80080095,"{""Old"":543,""New"":549,""Reason"":3}"
86298849,"{""Old"":1035,""New"":1043,""Reason"":3}"
80080095,"{""Old"":346,""New"":348,""Reason"":3}"
9453157,"{""Old"":2925,""New"":2927,""Reason"":3}"
80080095,"{""Old"":518,""New"":524,""Reason"":3}"
34592975,"{""Old"":3981,""New"":3989,""Reason"":3}"
47842904,"{""Old"":257,""New"":261,""Reason"":3}"
18220669,"{""Old"":4100,""New"":4108,""Reason"":3}"
26838525,"{""Old"":140,""New"":144,""Reason"":3}"
86298849,"{""Old"":1110,""New"":1122,""Reason"":3}"
57877737,"{""Old"":17143,""New"":17145,""Reason"":3}"
50799416,"{""Old"":68,""New"":70,""Reason"":3}"
7182003,"{""Old"":274191,""New"":274233,""Reason"":3}"
63752582,"{""Old"":2393,""New"":2407,""Reason"":3}"
47239784,"{""Old"":2221,""New"":2223,""Reason"":3}"
23436246,"{""Old"":1207,""New"":1217,""Reason"":3}"
80080095,"{""Old"":685,""New"":689,""Reason"":3}"
63752582,"{""Old"":1961,""New"":1963,""Reason"":3}"
86298849,"{""Old"":1139,""New"":1159,""Reason"":3}"
23282931,"{""Old"":2514,""New"":2526,""Reason"":3}"
121268589,"{""Old"":3754,""New"":3756,""Reason"":3}"
212325782,"{""Old"":17685,""New"":17691,""Reason"":3}"
212325782,"{""Old"":18343,""New"":18449,""Reason"":3}"
80080095,"{""Old"":529,""New"":535,""Reason"":3}"
80080095,"{""Old"":667,""New"":671,""Reason"":3}"
80080095,"{""Old"":386,""New"":390,""Reason"":3}"
80080095,"{""Old"":373,""New"":377,""Reason"":3}"
63752582,"{""Old"":2850,""New"":2872,""Reason"":3}"
4710718,"{""Old"":2286,""New"":2288,""Reason"":3}"
27801143,"{""Old"":3877,""New"":3893,""Reason"":3}"
80080095,"{""Old"":658,""New"":660,""Reason"":3}"
80080095,"{""Old"":577,""New"":579,""Reason"":3}"
80080095,"{""Old"":395,""New"":397,""Reason"":3}"
63752582,"{""Old"":2009,""New"":2019,""Reason"":3}"
63752582,"{""Old"":2418,""New"":2422,""Reason"":3}"
61603822,"{""Old"":31,""New"":33,""Reason"":3}"
88626866,"{""Old"":1632,""New"":1646,""Reason"":3}"
26898124,"{""Old"":2711,""New"":2715,""Reason"":3}"
27849954,"{""Old"":15185,""New"":15215,""Reason"":3}"
9373239,"{""Old"":694,""New"":698,""Reason"":3}"
41248658,"{""Old"":637,""New"":647,""Reason"":3}"
121268589,"{""Old"":3757,""New"":3761,""Reason"":3}"
80080095,"{""Old"":412,""New"":414,""Reason"":3}"
80080095,"{""Old"":369,""New"":371,""Reason"":3}"
27801143,"{""Old"":3893,""New"":3895,""Reason"":3}"
63752582,"{""Old"":2688,""New"":2708,""Reason"":3}"
56659199,"{""Old"":1718,""New"":1722,""Reason"":3}"
80080095,"{""Old"":429,""New"":433,""Reason"":3}"
19254018,"{""Old"":428,""New"":446,""Reason"":3}"
120308116,"{""Old"":2101,""New"":2113,""Reason"":3}"
47239784,"{""Old"":2199,""New"":2219,""Reason"":3}"
40248507,"{""Old"":1729,""New"":1855,""Reason"":3}"
218722310,"{""Old"":36,""New"":46,""Reason"":3}"
83376996,"{""Old"":48170,""New"":48176,""Reason"":3}"
84096743,"{""Old"":437,""New"":439,""Reason"":3}"
40248507,"{""Old"":1973,""New"":2011,""Reason"":3}"
48528618,"{""Old"":2111,""New"":2121,""Reason"":3}"
7182003,"{""Old"":273916,""New"":273942,""Reason"":3}"
63752582,"{""Old"":2873,""New"":2877,""Reason"":3}"
86298849,"{""Old"":1200,""New"":1220,""Reason"":3}"
9453157,"{""Old"":2955,""New"":2957,""Reason"":3}"
9453157,"{""Old"":2905,""New"":2923,""Reason"":3}"
80080095,"{""Old"":439,""New"":455,""Reason"":3}"
80080095,"{""Old"":559,""New"":565,""Reason"":3}"
80080095,"{""Old"":567,""New"":569,""Reason"":3}"
63752582,"{""Old"":2468,""New"":2470,""Reason"":3}"
8621455,"{""Old"":430,""New"":442,""Reason"":3}"
83350044,"{""Old"":308,""New"":318,""Reason"":3}"
18220669,"{""Old"":4491,""New"":4513,""Reason"":3}"
61250279,"{""Old"":1334,""New"":1338,""Reason"":3}"
72130135,"{""Old"":346,""New"":360,""Reason"":3}"
40248507,"{""Old"":2061,""New"":2071,""Reason"":3}"
40248507,"{""Old"":495,""New"":517,""Reason"":3}"
9692970,"{""Old"":865,""New"":869,""Reason"":3}"
59101656,"{""Old"":2113,""New"":2119,""Reason"":3}"
201518206,"{""Old"":10601,""New"":10651,""Reason"":3}"
46432620,"{""Old"":2802,""New"":2806,""Reason"":3}"
37966732,"{""Old"":1371,""New"":1373,""Reason"":3}"
46432620,"{""Old"":2792,""New"":2800,""Reason"":3}"
218756550,"{""Old"":1330,""New"":1334,""Reason"":3}"
13270858,"{""Old"":7915,""New"":8423,""Reason"":3}"
10632119,"{""Old"":925,""New"":927,""Reason"":3}"
40248507,"{""Old"":2141,""New"":2149,""Reason"":3}"
43694202,"{""Old"":144630,""New"":144698,""Reason"":3}"
84002581,"{""Old"":401,""New"":411,""Reason"":3}"
55843654,"{""Old"":25258,""New"":25260,""Reason"":3}"
62900698,"{""Old"":12316,""New"":12320,""Reason"":3}"
54503421,"{""Old"":2165,""New"":2189,""Reason"":3}"
84002581,"{""Old"":422,""New"":424,""Reason"":3}"
46340704,"{""Old"":91,""New"":93,""Reason"":3}"
2845298,"{""Old"":9607,""New"":9609,""Reason"":3}"
220823646,"{""Old"":218,""New"":224,""Reason"":3}"
7182003,"{""Old"":273945,""New"":273975,""Reason"":3}"
8621455,"{""Old"":453,""New"":455,""Reason"":3}"
62284125,"{""Old"":45,""New"":49,""Reason"":3}"
36486502,"{""Old"":2476,""New"":2486,""Reason"":3}"
9373239,"{""Old"":826,""New"":848,""Reason"":3}"
18220669,"{""Old"":4579,""New"":4587,""Reason"":3}"
60412774,"{""Old"":710,""New"":714,""Reason"":3}"
22879562,"{""Old"":719,""New"":751,""Reason"":3}"
37966732,"{""Old"":1342,""New"":1350,""Reason"":3}"
40248507,"{""Old"":1221,""New"":1269,""Reason"":3}"
59101656,"{""Old"":2127,""New"":2129,""Reason"":3}"
18220669,"{""Old"":4399,""New"":4439,""Reason"":3}"
9373239,"{""Old"":956,""New"":994,""Reason"":3}"
37966732,"{""Old"":1369,""New"":1371,""Reason"":3}"
48528618,"{""Old"":2121,""New"":2151,""Reason"":3}"
48528618,"{""Old"":2163,""New"":2167,""Reason"":3}"
201518206,"{""Old"":10591,""New"":10601,""Reason"":3}"
67024060,"{""Old"":3148,""New"":3162,""Reason"":3}"
37966732,"{""Old"":1376,""New"":1378,""Reason"":3}"
9877941,"{""Old"":4016,""New"":4020,""Reason"":3}"
40248507,"{""Old"":341,""New"":371,""Reason"":3}"
48528618,"{""Old"":2379,""New"":2387,""Reason"":3}"
60412774,"{""Old"":509,""New"":513,""Reason"":3}"
21635172,"{""Old"":453,""New"":457,""Reason"":3}"
7182003,"{""Old"":274101,""New"":274151,""Reason"":3}"
72130135,"{""Old"":377,""New"":379,""Reason"":3}"
40248507,"{""Old"":2149,""New"":2155,""Reason"":3}"
34871036,"{""Old"":2550,""New"":2552,""Reason"":3}"
7182003,"{""Old"":274233,""New"":274243,""Reason"":3}"
48528618,"{""Old"":2195,""New"":2199,""Reason"":3}"
40248507,"{""Old"":1280,""New"":1342,""Reason"":3}"
85562535,"{""Old"":183,""New"":189,""Reason"":3}"
220823646,"{""Old"":231,""New"":233,""Reason"":3}"
7182003,"{""Old"":273893,""New"":273897,""Reason"":3}"
47462189,"{""Old"":2383,""New"":2415,""Reason"":3}"
18220669,"{""Old"":4459,""New"":4467,""Reason"":3}"
9373239,"{""Old"":794,""New"":796,""Reason"":3}"
60412774,"{""Old"":456,""New"":458,""Reason"":3}"
23903843,"{""Old"":343,""New"":359,""Reason"":3}"
54503421,"{""Old"":2142,""New"":2148,""Reason"":3}"
83376996,"{""Old"":48631,""New"":48665,""Reason"":3}"
10632119,"{""Old"":943,""New"":953,""Reason"":3}"
83376996,"{""Old"":48619,""New"":48631,""Reason"":3}"
83376996,"{""Old"":48439,""New"":48465,""Reason"":3}"
8621455,"{""Old"":455,""New"":457,""Reason"":3}"
52426631,"{""Old"":359,""New"":365,""Reason"":3}"
7182003,"{""Old"":273830,""New"":273840,""Reason"":3}"
18220669,"{""Old"":4513,""New"":4535,""Reason"":3}"
88626866,"{""Old"":1672,""New"":1698,""Reason"":3}"
40248507,"{""Old"":2113,""New"":2123,""Reason"":3}"
40248507,"{""Old"":585,""New"":669,""Reason"":3}"
7182003,"{""Old"":274001,""New"":274031,""Reason"":3}"
7182003,"{""Old"":274154,""New"":274174,""Reason"":3}"
22879562,"{""Old"":714,""New"":718,""Reason"":3}"
60412774,"{""Old"":638,""New"":682,""Reason"":3}"
6023774,"{""Old"":228,""New"":230,""Reason"":3}"
37893030,"{""Old"":79,""New"":83,""Reason"":3}"
40248507,"{""Old"":2155,""New"":2157,""Reason"":3}"
48528618,"{""Old"":2204,""New"":2220,""Reason"":3}"
72130135,"{""Old"":380,""New"":384,""Reason"":3}"
54503421,"{""Old"":2193,""New"":2195,""Reason"":3}"
36486502,"{""Old"":2461,""New"":2463,""Reason"":3}"
36486502,"{""Old"":2486,""New"":2504,""Reason"":3}"
60412774,"{""Old"":632,""New"":638,""Reason"":3}"
55843654,"{""Old"":25260,""New"":25274,""Reason"":3}"
65056507,"{""Old"":85,""New"":87,""Reason"":3}"
46432620,"{""Old"":2800,""New"":2802,""Reason"":3}"
7182003,"{""Old"":273904,""New"":273908,""Reason"":3}"
9373239,"{""Old"":1001,""New"":1021,""Reason"":3}"
9373239,"{""Old"":1021,""New"":1031,""Reason"":3}"
44542731,"{""Old"":69,""New"":73,""Reason"":3}"
9373239,"{""Old"":623,""New"":643,""Reason"":3}"
14313899,"{""Old"":79,""New"":85,""Reason"":3}"
34804511,"{""Old"":15331,""New"":15333,""Reason"":3}"
72219864,"{""Old"":1782,""New"":1784,""Reason"":3}"
9373239,"{""Old"":937,""New"":949,""Reason"":3}"
73782157,"{""Old"":1424,""New"":1438,""Reason"":3}"
60412774,"{""Old"":431,""New"":437,""Reason"":3}"
9877941,"{""Old"":4021,""New"":4033,""Reason"":3}"
66018817,"{""Old"":1,""New"":5,""Reason"":3}"
9373239,"{""Old"":739,""New"":741,""Reason"":3}"
37966732,"{""Old"":1388,""New"":1406,""Reason"":3}"
36282525,"{""Old"":55,""New"":65,""Reason"":3}"
36282525,"{""Old"":65,""New"":67,""Reason"":3}"
83376996,"{""Old"":48540,""New"":48554,""Reason"":3}"
40248507,"{""Old"":1365,""New"":1475,""Reason"":3}"
40248507,"{""Old"":2159,""New"":2161,""Reason"":3}"
48528618,"{""Old"":2199,""New"":2203,""Reason"":3}"
48528618,"{""Old"":2297,""New"":2317,""Reason"":3}"
39750047,"{""Old"":1190,""New"":1194,""Reason"":3}"
84002581,"{""Old"":414,""New"":422,""Reason"":3}"
9373239,"{""Old"":848,""New"":858,""Reason"":3}"
66362843,"{""Old"":908,""New"":910,""Reason"":3}"
65056507,"{""Old"":78,""New"":84,""Reason"":3}"
61603822,"{""Old"":271,""New"":273,""Reason"":3}"
40248507,"{""Old"":858,""New"":944,""Reason"":3}"
36282525,"{""Old"":79,""New"":83,""Reason"":3}"
87149686,"{""Old"":715,""New"":717,""Reason"":3}"
201518206,"{""Old"":10581,""New"":10591,""Reason"":3}"
60412774,"{""Old"":682,""New"":694,""Reason"":3}"
52598655,"{""Old"":569,""New"":595,""Reason"":3}"
83376996,"{""Old"":48381,""New"":48389,""Reason"":3}"
7182003,"{""Old"":273979,""New"":273991,""Reason"":3}"
22879562,"{""Old"":661,""New"":665,""Reason"":3}"
48528618,"{""Old"":2221,""New"":2225,""Reason"":3}"
48528618,"{""Old"":2361,""New"":2379,""Reason"":3}"
22879562,"{""Old"":691,""New"":699,""Reason"":3}"
46432620,"{""Old"":2775,""New"":2789,""Reason"":3}"
67024060,"{""Old"":3139,""New"":3145,""Reason"":3}"
73474771,"{""Old"":82394,""New"":82396,""Reason"":3}"
73474771,"{""Old"":83810,""New"":83814,""Reason"":3}"
82222467,"{""Old"":642,""New"":644,""Reason"":3}"
23073231,"{""Old"":2089,""New"":2091,""Reason"":3}"
76226595,"{""Old"":4681,""New"":4683,""Reason"":3}"
76226595,"{""Old"":4812,""New"":4814,""Reason"":3}"
76226595,"{""Old"":4816,""New"":4818,""Reason"":3}"
25225869,"{""Old"":10701,""New"":10711,""Reason"":3}"
25225869,"{""Old"":10723,""New"":10733,""Reason"":3}"
34592975,"{""Old"":2135,""New"":2145,""Reason"":3}"
34592975,"{""Old"":2245,""New"":2247,""Reason"":3}"
38958463,"{""Old"":5026,""New"":5028,""Reason"":3}"
82785902,"{""Old"":83462,""New"":83464,""Reason"":3}"
31952856,"{""Old"":4977,""New"":4987,""Reason"":3}"
27365152,"{""Old"":22576,""New"":22584,""Reason"":3}"
74219808,"{""Old"":617,""New"":627,""Reason"":3}"
6454041,"{""Old"":217049,""New"":217051,""Reason"":3}"
6454041,"{""Old"":217053,""New"":217055,""Reason"":3}"
45548775,"{""Old"":2173,""New"":2175,""Reason"":3}"
45548775,"{""Old"":2213,""New"":2215,""Reason"":3}"
45548775,"{""Old"":2318,""New"":2320,""Reason"":3}"
6890547,"{""Old"":3038,""New"":3048,""Reason"":3}"
75330447,"{""Old"":1163,""New"":1165,""Reason"":3}"
43207454,"{""Old"":1901,""New"":1903,""Reason"":3}"
25225869,"{""Old"":3367,""New"":3369,""Reason"":3}"
25225869,"{""Old"":2987,""New"":2989,""Reason"":3}"
25225869,"{""Old"":5911,""New"":5921,""Reason"":3}"
25225869,"{""Old"":6391,""New"":6401,""Reason"":3}"
25225869,"{""Old"":3237,""New"":3239,""Reason"":3}"
25225869,"{""Old"":4410,""New"":4420,""Reason"":3}"
25225869,"{""Old"":7271,""New"":7281,""Reason"":3}"
25225869,"{""Old"":8295,""New"":8305,""Reason"":3}"
25225869,"{""Old"":10564,""New"":10574,""Reason"":3}"
25225869,"{""Old"":5231,""New"":5241,""Reason"":3}"
25225869,"{""Old"":5291,""New"":5301,""Reason"":3}"
25225869,"{""Old"":10713,""New"":10723,""Reason"":3}"
25225869,"{""Old"":7487,""New"":7497,""Reason"":3}"
25225869,"{""Old"":3206,""New"":3208,""Reason"":3}"
25225869,"{""Old"":4986,""New"":4996,""Reason"":3}"
25225869,"{""Old"":2948,""New"":2950,""Reason"":3}"
25225869,"{""Old"":7382,""New"":7392,""Reason"":3}"
41511291,"{""Old"":443,""New"":445,""Reason"":3}"
61452615,"{""Old"":1922,""New"":1924,""Reason"":3}"
33160780,"{""Old"":10403,""New"":10405,""Reason"":3}"
39090702,"{""Old"":1228,""New"":1230,""Reason"":3}"
4239086,"{""Old"":8567,""New"":8569,""Reason"":3}"
25491019,"{""Old"":768,""New"":770,""Reason"":3}"
62211123,"{""Old"":719,""New"":751,""Reason"":3}"
83456158,"{""Old"":264,""New"":266,""Reason"":3}"
53950953,"{""Old"":1353,""New"":1355,""Reason"":3}"
53950953,"{""Old"":1534,""New"":1536,""Reason"":3}"
53950953,"{""Old"":868,""New"":878,""Reason"":3}"
53950953,"{""Old"":1008,""New"":1010,""Reason"":3}"
53950953,"{""Old"":931,""New"":933,""Reason"":3}"
53950953,"{""Old"":1143,""New"":1145,""Reason"":3}"
53950953,"{""Old"":1480,""New"":1482,""Reason"":3}"
53950953,"{""Old"":1596,""New"":1598,""Reason"":3}"
20074257,"{""Old"":1647,""New"":1649,""Reason"":3}"
22035132,"{""Old"":53,""New"":55,""Reason"":3}"
23829638,"{""Old"":2163,""New"":2165,""Reason"":3}"
23829638,"{""Old"":2212,""New"":2214,""Reason"":3}"
25491019,"{""Old"":369,""New"":371,""Reason"":3}"
23829638,"{""Old"":718,""New"":720,""Reason"":3}"
23829638,"{""Old"":761,""New"":763,""Reason"":3}"
23829638,"{""Old"":893,""New"":895,""Reason"":3}"
23829638,"{""Old"":959,""New"":969,""Reason"":3}"
23829638,"{""Old"":2323,""New"":2333,""Reason"":3}"
23829638,"{""Old"":757,""New"":759,""Reason"":3}"
71253075,"{""Old"":1062,""New"":1064,""Reason"":3}"
3976434,"{""Old"":1656,""New"":1658,""Reason"":3}"
8883313,"{""Old"":15458,""New"":15462,""Reason"":3}"
71253075,"{""Old"":1076,""New"":1080,""Reason"":3}"
6890547,"{""Old"":3017,""New"":3019,""Reason"":3}"
75330447,"{""Old"":1194,""New"":1196,""Reason"":3}"
75330447,"{""Old"":1297,""New"":1299,""Reason"":3}"
45548775,"{""Old"":2365,""New"":2367,""Reason"":3}"
22438308,"{""Old"":80468,""New"":80470,""Reason"":3}"
23829638,"{""Old"":1232,""New"":1234,""Reason"":3}"
23829638,"{""Old"":1409,""New"":1419,""Reason"":3}"
53950953,"{""Old"":1052,""New"":1054,""Reason"":3}"
53950953,"{""Old"":1060,""New"":1062,""Reason"":3}"
53950953,"{""Old"":1062,""New"":1072,""Reason"":3}"
53950953,"{""Old"":1188,""New"":1190,""Reason"":3}"
53950953,"{""Old"":1520,""New"":1522,""Reason"":3}"
83456158,"{""Old"":234,""New"":236,""Reason"":3}"
83456158,"{""Old"":244,""New"":246,""Reason"":3}"
83456158,"{""Old"":240,""New"":242,""Reason"":3}"
83456158,"{""Old"":246,""New"":248,""Reason"":3}"
8638645,"{""Old"":519,""New"":521,""Reason"":3}"
83456158,"{""Old"":216,""New"":218,""Reason"":3}"
53950953,"{""Old"":899,""New"":901,""Reason"":3}"
53950953,"{""Old"":1506,""New"":1516,""Reason"":3}"
34592975,"{""Old"":2094,""New"":2096,""Reason"":3}"
41511291,"{""Old"":416,""New"":418,""Reason"":3}"
31351467,"{""Old"":270,""New"":272,""Reason"":3}"
25225869,"{""Old"":5136,""New"":5146,""Reason"":3}"
25225869,"{""Old"":6536,""New"":6546,""Reason"":3}"
25225869,"{""Old"":5656,""New"":5666,""Reason"":3}"
25225869,"{""Old"":2954,""New"":2956,""Reason"":3}"
25225869,"{""Old"":7292,""New"":7302,""Reason"":3}"
4239086,"{""Old"":8564,""New"":8566,""Reason"":3}"
68764292,"{""Old"":3205,""New"":3207,""Reason"":3}"
84238642,"{""Old"":1521,""New"":1523,""Reason"":3}"
68764292,"{""Old"":3198,""New"":3200,""Reason"":3}"
55843654,"{""Old"":24792,""New"":24794,""Reason"":3}"
55843654,"{""Old"":24812,""New"":24814,""Reason"":3}"
55843654,"{""Old"":24762,""New"":24764,""Reason"":3}"
83456158,"{""Old"":214,""New"":216,""Reason"":3}"
53950953,"{""Old"":880,""New"":884,""Reason"":3}"
53950953,"{""Old"":1010,""New"":1012,""Reason"":3}"
53950953,"{""Old"":1157,""New"":1167,""Reason"":3}"
53950953,"{""Old"":1516,""New"":1518,""Reason"":3}"
53950953,"{""Old"":1574,""New"":1576,""Reason"":3}"
76226595,"{""Old"":2224,""New"":2226,""Reason"":3}"
68764292,"{""Old"":3202,""New"":3204,""Reason"":3}"
4239086,"{""Old"":8562,""New"":8564,""Reason"":3}"
6454041,"{""Old"":217051,""New"":217053,""Reason"":3}"
83456158,"{""Old"":260,""New"":262,""Reason"":3}"
83456158,"{""Old"":222,""New"":224,""Reason"":3}"
82629288,"{""Old"":6941,""New"":6951,""Reason"":3}"
20074257,"{""Old"":1580,""New"":1582,""Reason"":3}"
6890547,"{""Old"":3036,""New"":3038,""Reason"":3}"
22438308,"{""Old"":80262,""New"":80264,""Reason"":3}"
22438308,"{""Old"":80284,""New"":80286,""Reason"":3}"
25225869,"{""Old"":10651,""New"":10691,""Reason"":3}"
25225869,"{""Old"":5441,""New"":5451,""Reason"":3}"
25225869,"{""Old"":10781,""New"":10791,""Reason"":3}"
38804811,"{""Old"":1773,""New"":1775,""Reason"":3}"
23829638,"{""Old"":1358,""New"":1360,""Reason"":3}"
23829638,"{""Old"":1458,""New"":1468,""Reason"":3}"
6454041,"{""Old"":218877,""New"":218879,""Reason"":3}"
8883313,"{""Old"":23018,""New"":23020,""Reason"":3}"
53950953,"{""Old"":1395,""New"":1397,""Reason"":3}"
53950953,"{""Old"":1424,""New"":1426,""Reason"":3}"
53950953,"{""Old"":1532,""New"":1534,""Reason"":3}"
53950953,"{""Old"":1102,""New"":1104,""Reason"":3}"
53950953,"{""Old"":1357,""New"":1359,""Reason"":3}"
53950953,"{""Old"":1548,""New"":1550,""Reason"":3}"
68764292,"{""Old"":3190,""New"":3192,""Reason"":3}"
6454041,"{""Old"":219337,""New"":219339,""Reason"":3}"
6454041,"{""Old"":219643,""New"":219645,""Reason"":3}"
79772344,"{""Old"":200,""New"":202,""Reason"":3}"
79772344,"{""Old"":190,""New"":192,""Reason"":3}"
46889967,"{""Old"":42,""New"":44,""Reason"":3}"
79772344,"{""Old"":230,""New"":232,""Reason"":3}"
79772344,"{""Old"":198,""New"":200,""Reason"":3}"
38958463,"{""Old"":5016,""New"":5026,""Reason"":3}"
25225869,"{""Old"":7507,""New"":7517,""Reason"":3}"
25225869,"{""Old"":7909,""New"":7919,""Reason"":3}"
25225869,"{""Old"":5856,""New"":5866,""Reason"":3}"
25225869,"{""Old"":5591,""New"":5601,""Reason"":3}"
25225869,"{""Old"":6651,""New"":6661,""Reason"":3}"
25225869,"{""Old"":6926,""New"":6936,""Reason"":3}"
25225869,"{""Old"":2950,""New"":2952,""Reason"":3}"
25225869,"{""Old"":10038,""New"":10048,""Reason"":3}"
34592975,"{""Old"":2188,""New"":2198,""Reason"":3}"
79772344,"{""Old"":212,""New"":214,""Reason"":3}"
23829638,"{""Old"":1234,""New"":1236,""Reason"":3}"
23829638,"{""Old"":1393,""New"":1403,""Reason"":3}"
23829638,"{""Old"":1228,""New"":1230,""Reason"":3}"
62211123,"{""Old"":751,""New"":753,""Reason"":3}"
62211123,"{""Old"":803,""New"":805,""Reason"":3}"
62211123,"{""Old"":805,""New"":807,""Reason"":3}"
8883313,"{""Old"":22985,""New"":22987,""Reason"":3}"
8883313,"{""Old"":23142,""New"":23144,""Reason"":3}"
55843654,"{""Old"":24786,""New"":24788,""Reason"":3}"
55843654,"{""Old"":24834,""New"":24836,""Reason"":3}"
58866450,"{""Old"":1281,""New"":1283,""Reason"":3}"
23829638,"{""Old"":1388,""New"":1390,""Reason"":3}"
23829638,"{""Old"":1219,""New"":1221,""Reason"":3}"
23829638,"{""Old"":1201,""New"":1203,""Reason"":3}"
23829638,"{""Old"":1468,""New"":1478,""Reason"":3}"
57301053,"{""Old"":349,""New"":351,""Reason"":3}"
7937154,"{""Old"":216,""New"":218,""Reason"":3}"
20074257,"{""Old"":1636,""New"":1638,""Reason"":3}"
25491019,"{""Old"":519,""New"":521,""Reason"":3}"
25491019,"{""Old"":527,""New"":529,""Reason"":3}"
34592975,"{""Old"":2217,""New"":2219,""Reason"":3}"
34592975,"{""Old"":2198,""New"":2200,""Reason"":3}"
34592975,"{""Old"":2308,""New"":2310,""Reason"":3}"
47462189,"{""Old"":60,""New"":62,""Reason"":3}"
42817421,"{""Old"":20413,""New"":20415,""Reason"":3}"
42817421,"{""Old"":21208,""New"":21210,""Reason"":3}"
42817421,"{""Old"":20096,""New"":20098,""Reason"":3}"
42817421,"{""Old"":21433,""New"":21443,""Reason"":3}"
73578276,"{""Old"":355,""New"":365,""Reason"":3}"
6890547,"{""Old"":3021,""New"":3025,""Reason"":3}"
39412888,"{""Old"":19522,""New"":19524,""Reason"":3}"
39412888,"{""Old"":20053,""New"":20055,""Reason"":3}"
39412888,"{""Old"":20157,""New"":20159,""Reason"":3}"
75330447,"{""Old"":1144,""New"":1148,""Reason"":3}"
75330447,"{""Old"":1172,""New"":1174,""Reason"":3}"
42817421,"{""Old"":21492,""New"":21494,""Reason"":3}"
75330447,"{""Old"":1285,""New"":1287,""Reason"":3}"
75835433,"{""Old"":887,""New"":889,""Reason"":3}"
75330447,"{""Old"":1632,""New"":1642,""Reason"":3}"
73578276,"{""Old"":336,""New"":338,""Reason"":3}"
42817421,"{""Old"":20098,""New"":20100,""Reason"":3}"
42817421,"{""Old"":20580,""New"":20590,""Reason"":3}"
218390057,"{""Old"":385,""New"":387,""Reason"":3}"
53950953,"{""Old"":1295,""New"":1297,""Reason"":3}"
53950953,"{""Old"":1331,""New"":1333,""Reason"":3}"
53950953,"{""Old"":1638,""New"":1640,""Reason"":3}"
8883313,"{""Old"":22863,""New"":22865,""Reason"":3}"
53950953,"{""Old"":894,""New"":896,""Reason"":3}"
53950953,"{""Old"":1026,""New"":1030,""Reason"":3}"
27365152,"{""Old"":22584,""New"":22586,""Reason"":3}"
53950953,"{""Old"":956,""New"":958,""Reason"":3}"
53950953,"{""Old"":1586,""New"":1588,""Reason"":3}"
53950953,"{""Old"":1012,""New"":1016,""Reason"":3}"
53950953,"{""Old"":1371,""New"":1373,""Reason"":3}"
53950953,"{""Old"":1530,""New"":1532,""Reason"":3}"
53950953,"{""Old"":1594,""New"":1596,""Reason"":3}"
53950953,"{""Old"":1219,""New"":1221,""Reason"":3}"
8883313,"{""Old"":22958,""New"":22960,""Reason"":3}"
53950953,"{""Old"":878,""New"":880,""Reason"":3}"
53950953,"{""Old"":892,""New"":894,""Reason"":3}"
53950953,"{""Old"":1213,""New"":1215,""Reason"":3}"
34592975,"{""Old"":2298,""New"":2300,""Reason"":3}"
25225869,"{""Old"":8013,""New"":8023,""Reason"":3}"
25225869,"{""Old"":3603,""New"":3613,""Reason"":3}"
25225869,"{""Old"":4140,""New"":4142,""Reason"":3}"
58866450,"{""Old"":1361,""New"":1363,""Reason"":3}"
58866450,"{""Old"":1319,""New"":1321,""Reason"":3}"
8883313,"{""Old"":22861,""New"":22863,""Reason"":3}"
8883313,"{""Old"":23111,""New"":23113,""Reason"":3}"
53950953,"{""Old"":1114,""New"":1116,""Reason"":3}"
53950953,"{""Old"":1262,""New"":1266,""Reason"":3}"
53950953,"{""Old"":1233,""New"":1235,""Reason"":3}"
53950953,"{""Old"":968,""New"":970,""Reason"":3}"
53950953,"{""Old"":1090,""New"":1092,""Reason"":3}"
8883313,"{""Old"":22948,""New"":22950,""Reason"":3}"
8883313,"{""Old"":23113,""New"":23115,""Reason"":3}"
55843654,"{""Old"":24816,""New"":24820,""Reason"":3}"
55843654,"{""Old"":24830,""New"":24832,""Reason"":3}"
38804811,"{""Old"":2067,""New"":2069,""Reason"":3}"
25225869,"{""Old"":6856,""New"":6876,""Reason"":3}"
7833779,"{""Old"":66,""New"":68,""Reason"":3}"
45548775,"{""Old"":2367,""New"":2369,""Reason"":3}"
42817421,"{""Old"":21276,""New"":21278,""Reason"":3}"
42817421,"{""Old"":20558,""New"":20560,""Reason"":3}"
75330447,"{""Old"":1715,""New"":1717,""Reason"":3}"
75330447,"{""Old"":1713,""New"":1715,""Reason"":3}"
39412888,"{""Old"":19788,""New"":19792,""Reason"":3}"
39412888,"{""Old"":20192,""New"":20194,""Reason"":3}"
75330447,"{""Old"":1218,""New"":1228,""Reason"":3}"
42817421,"{""Old"":19849,""New"":19855,""Reason"":3}"
39412888,"{""Old"":19518,""New"":19520,""Reason"":3}"
39412888,"{""Old"":19752,""New"":19754,""Reason"":3}"
39412888,"{""Old"":19762,""New"":19764,""Reason"":3}"
39412888,"{""Old"":20185,""New"":20187,""Reason"":3}"
75330447,"{""Old"":1569,""New"":1571,""Reason"":3}"
45548775,"{""Old"":2308,""New"":2310,""Reason"":3}"
8883313,"{""Old"":22915,""New"":22919,""Reason"":3}"
8883313,"{""Old"":23051,""New"":23053,""Reason"":3}"
53950953,"{""Old"":1092,""New"":1094,""Reason"":3}"
53950953,"{""Old"":1428,""New"":1430,""Reason"":3}"
55843654,"{""Old"":24800,""New"":24804,""Reason"":3}"
67962623,"{""Old"":5643,""New"":5649,""Reason"":3}"
82785902,"{""Old"":83931,""New"":83941,""Reason"":3}"
82785902,"{""Old"":83330,""New"":83332,""Reason"":3}"
24196485,"{""Old"":53212,""New"":53214,""Reason"":3}"
24196485,"{""Old"":53226,""New"":53236,""Reason"":3}"
25491019,"{""Old"":77,""New"":79,""Reason"":3}"
61452615,"{""Old"":1916,""New"":1920,""Reason"":3}"
61452615,"{""Old"":1987,""New"":1989,""Reason"":3}"
25225869,"{""Old"":3547,""New"":3567,""Reason"":3}"
25225869,"{""Old"":3593,""New"":3603,""Reason"":3}"
25225869,"{""Old"":6826,""New"":6836,""Reason"":3}"
8128487,"{""Old"":133,""New"":135,""Reason"":3}"
38958463,"{""Old"":4984,""New"":4994,""Reason"":3}"
25491019,"{""Old"":576,""New"":580,""Reason"":3}"
25491019,"{""Old"":662,""New"":666,""Reason"":3}"
25491019,"{""Old"":702,""New"":704,""Reason"":3}"
68323524,"{""Old"":994,""New"":998,""Reason"":3}"
58866450,"{""Old"":1321,""New"":1323,""Reason"":3}"
25491019,"{""Old"":96,""New"":98,""Reason"":3}"
25491019,"{""Old"":455,""New"":457,""Reason"":3}"
11534557,"{""Old"":652634,""New"":652644,""Reason"":3}"
25491019,"{""Old"":154,""New"":156,""Reason"":3}"
58866450,"{""Old"":1345,""New"":1347,""Reason"":3}"
53950953,"{""Old"":1020,""New"":1022,""Reason"":3}"
53950953,"{""Old"":1044,""New"":1046,""Reason"":3}"
53950953,"{""Old"":1215,""New"":1219,""Reason"":3}"
53950953,"{""Old"":1235,""New"":1237,""Reason"":3}"
53950953,"{""Old"":1439,""New"":1441,""Reason"":3}"
53950953,"{""Old"":1464,""New"":1466,""Reason"":3}"
55843654,"{""Old"":24846,""New"":24848,""Reason"":3}"
27365152,"{""Old"":22671,""New"":22673,""Reason"":3}"
55843654,"{""Old"":24832,""New"":24834,""Reason"":3}"
55843654,"{""Old"":24826,""New"":24830,""Reason"":3}"
55843654,"{""Old"":24836,""New"":24838,""Reason"":3}"
27365152,"{""Old"":22669,""New"":22671,""Reason"":3}"
53950953,"{""Old"":1538,""New"":1540,""Reason"":3}"
53950953,"{""Old"":1524,""New"":1526,""Reason"":3}"
53950953,"{""Old"":1628,""New"":1630,""Reason"":3}"
53950953,"{""Old"":1273,""New"":1275,""Reason"":3}"
53950953,"{""Old"":1351,""New"":1353,""Reason"":3}"
53950953,"{""Old"":1614,""New"":1616,""Reason"":3}"
8883313,"{""Old"":22954,""New"":22956,""Reason"":3}"
25225869,"{""Old"":4420,""New"":4430,""Reason"":3}"
25225869,"{""Old"":10188,""New"":10198,""Reason"":3}"
25225869,"{""Old"":8686,""New"":8696,""Reason"":3}"
25225869,"{""Old"":8335,""New"":8355,""Reason"":3}"
26511837,"{""Old"":1119,""New"":1123,""Reason"":3}"
39412888,"{""Old"":20190,""New"":20192,""Reason"":3}"
39412888,"{""Old"":19560,""New"":19562,""Reason"":3}"
39412888,"{""Old"":20039,""New"":20049,""Reason"":3}"
8873732,"{""Old"":31778,""New"":31780,""Reason"":3}"
45548775,"{""Old"":2369,""New"":2371,""Reason"":3}"
57301053,"{""Old"":365,""New"":367,""Reason"":3}"
39412888,"{""Old"":19548,""New"":19550,""Reason"":3}"
39412888,"{""Old"":19711,""New"":19713,""Reason"":3}"
39412888,"{""Old"":20143,""New"":20153,""Reason"":3}"
39412888,"{""Old"":20181,""New"":20183,""Reason"":3}"
58164604,"{""Old"":621,""New"":623,""Reason"":3}"
73578276,"{""Old"":348,""New"":350,""Reason"":3}"
39412888,"{""Old"":19754,""New"":19756,""Reason"":3}"
39412888,"{""Old"":20183,""New"":20185,""Reason"":3}"
42817421,"{""Old"":20229,""New"":20231,""Reason"":3}"
42817421,"{""Old"":21205,""New"":21207,""Reason"":3}"
39412888,"{""Old"":20163,""New"":20165,""Reason"":3}"
6454041,"{""Old"":219670,""New"":219674,""Reason"":3}"
58866450,"{""Old"":1279,""New"":1281,""Reason"":3}"
58866450,"{""Old"":1287,""New"":1289,""Reason"":3}"
25225869,"{""Old"":6291,""New"":6311,""Reason"":3}"
25225869,"{""Old"":3336,""New"":3340,""Reason"":3}"
25225869,"{""Old"":4100,""New"":4110,""Reason"":3}"
25225869,"{""Old"":7497,""New"":7507,""Reason"":3}"
25225869,"{""Old"":7577,""New"":7587,""Reason"":3}"
25225869,"{""Old"":7607,""New"":7617,""Reason"":3}"
25225869,"{""Old"":7722,""New"":7732,""Reason"":3}"
25225869,"{""Old"":7887,""New"":7897,""Reason"":3}"
25225869,"{""Old"":6271,""New"":6281,""Reason"":3}"
25225869,"{""Old"":6401,""New"":6411,""Reason"":3}"
25225869,"{""Old"":6411,""New"":6421,""Reason"":3}"
25225869,"{""Old"":7046,""New"":7056,""Reason"":3}"
34592975,"{""Old"":2029,""New"":2039,""Reason"":3}"
34592975,"{""Old"":2084,""New"":2086,""Reason"":3}"
34592975,"{""Old"":2257,""New"":2259,""Reason"":3}"
19005457,"{""Old"":4622,""New"":4624,""Reason"":3}"
34683790,"{""Old"":14798,""New"":14808,""Reason"":3}"
38057858,"{""Old"":2296,""New"":2298,""Reason"":3}"
34592975,"{""Old"":2281,""New"":2283,""Reason"":3}"
25225869,"{""Old"":10148,""New"":10158,""Reason"":3}"
82785902,"{""Old"":83885,""New"":83887,""Reason"":3}"
25491019,"{""Old"":464,""New"":466,""Reason"":3}"
45310161,"{""Old"":932,""New"":938,""Reason"":3}"
42402836,"{""Old"":274,""New"":276,""Reason"":3}"
42402836,"{""Old"":200,""New"":202,""Reason"":3}"
42402836,"{""Old"":272,""New"":274,""Reason"":3}"
42402836,"{""Old"":140,""New"":142,""Reason"":3}"
35358256,"{""Old"":896,""New"":906,""Reason"":3}"
75330447,"{""Old"":1604,""New"":1606,""Reason"":3}"
75330447,"{""Old"":1563,""New"":1565,""Reason"":3}"
39412888,"{""Old"":19479,""New"":19481,""Reason"":3}"
39412888,"{""Old"":19488,""New"":19490,""Reason"":3}"
46817988,"{""Old"":996,""New"":1006,""Reason"":3}"
46817988,"{""Old"":980,""New"":982,""Reason"":3}"
57301053,"{""Old"":340,""New"":342,""Reason"":3}"
57301053,"{""Old"":351,""New"":355,""Reason"":3}"
75330447,"{""Old"":1228,""New"":1238,""Reason"":3}"
39412888,"{""Old"":19296,""New"":19298,""Reason"":3}"
39412888,"{""Old"":19379,""New"":19381,""Reason"":3}"
39412888,"{""Old"":19458,""New"":19460,""Reason"":3}"
42817421,"{""Old"":20540,""New"":20542,""Reason"":3}"
42817421,"{""Old"":20578,""New"":20580,""Reason"":3}"
42817421,"{""Old"":21596,""New"":21606,""Reason"":3}"
7937154,"{""Old"":214,""New"":216,""Reason"":3}"
42817421,"{""Old"":20411,""New"":20413,""Reason"":3}"
42817421,"{""Old"":21210,""New"":21212,""Reason"":3}"
42817421,"{""Old"":21652,""New"":21662,""Reason"":3}"
42817421,"{""Old"":20510,""New"":20512,""Reason"":3}"
42817421,"{""Old"":20514,""New"":20516,""Reason"":3}"
42817421,"{""Old"":21270,""New"":21272,""Reason"":3}"
58866450,"{""Old"":1317,""New"":1319,""Reason"":3}"
79164685,"{""Old"":478,""New"":480,""Reason"":3}"
79164685,"{""Old"":476,""New"":478,""Reason"":3}"
38804811,"{""Old"":1794,""New"":1798,""Reason"":3}"
42817421,"{""Old"":20094,""New"":20096,""Reason"":3}"
42817421,"{""Old"":20532,""New"":20534,""Reason"":3}"
42817421,"{""Old"":21535,""New"":21537,""Reason"":3}"
42817421,"{""Old"":20409,""New"":20411,""Reason"":3}"
42817421,"{""Old"":21104,""New"":21106,""Reason"":3}"
42817421,"{""Old"":21565,""New"":21575,""Reason"":3}"
42817421,"{""Old"":20544,""New"":20546,""Reason"":3}"
42817421,"{""Old"":21488,""New"":21490,""Reason"":3}"
39412888,"{""Old"":19979,""New"":19989,""Reason"":3}"
39412888,"{""Old"":20133,""New"":20135,""Reason"":3}"
39412888,"{""Old"":20139,""New"":20141,""Reason"":3}"
39412888,"{""Old"":19942,""New"":19952,""Reason"":3}"
39412888,"{""Old"":20101,""New"":20103,""Reason"":3}"
39412888,"{""Old"":19456,""New"":19458,""Reason"":3}"
42817421,"{""Old"":21363,""New"":21365,""Reason"":3}"
42817421,"{""Old"":21606,""New"":21616,""Reason"":3}"
46817988,"{""Old"":1045,""New"":1047,""Reason"":3}"
46817988,"{""Old"":1122,""New"":1124,""Reason"":3}"
79164685,"{""Old"":473,""New"":475,""Reason"":3}"
6454041,"{""Old"":219749,""New"":219751,""Reason"":3}"
6454041,"{""Old"":219840,""New"":219850,""Reason"":3}"
6454041,"{""Old"":218747,""New"":218749,""Reason"":3}"
44659425,"{""Old"":291,""New"":293,""Reason"":3}"
25225869,"{""Old"":10103,""New"":10113,""Reason"":3}"
22365561,"{""Old"":1639,""New"":1649,""Reason"":3}"
8128487,"{""Old"":185,""New"":187,""Reason"":3}"
8128487,"{""Old"":329,""New"":331,""Reason"":3}"
34592975,"{""Old"":2100,""New"":2110,""Reason"":3}"
34592975,"{""Old"":2114,""New"":2116,""Reason"":3}"
34592975,"{""Old"":2229,""New"":2231,""Reason"":3}"
34592975,"{""Old"":2163,""New"":2165,""Reason"":3}"
25225869,"{""Old"":8054,""New"":8064,""Reason"":3}"
44659425,"{""Old"":297,""New"":299,""Reason"":3}"
8128487,"{""Old"":374,""New"":378,""Reason"":3}"
39412888,"{""Old"":20011,""New"":20013,""Reason"":3}"
39412888,"{""Old"":19466,""New"":19468,""Reason"":3}"
39412888,"{""Old"":19477,""New"":19479,""Reason"":3}"
39412888,"{""Old"":20021,""New"":20023,""Reason"":3}"
39412888,"{""Old"":20049,""New"":20051,""Reason"":3}"
39412888,"{""Old"":20194,""New"":20196,""Reason"":3}"
39412888,"{""Old"":19516,""New"":19518,""Reason"":3}"
39412888,"{""Old"":19861,""New"":19865,""Reason"":3}"
39412888,"{""Old"":20077,""New"":20079,""Reason"":3}"
39412888,"{""Old"":20111,""New"":20115,""Reason"":3}"
75330447,"{""Old"":1677,""New"":1679,""Reason"":3}"
34592975,"{""Old"":2068,""New"":2070,""Reason"":3}"
6634097,"{""Old"":214,""New"":216,""Reason"":3}"
42402836,"{""Old"":202,""New"":204,""Reason"":3}"
42402836,"{""Old"":309,""New"":311,""Reason"":3}"
6454041,"{""Old"":217047,""New"":217049,""Reason"":3}"
25225869,"{""Old"":5116,""New"":5126,""Reason"":3}"
25225869,"{""Old"":5786,""New"":5796,""Reason"":3}"
25225869,"{""Old"":6066,""New"":6086,""Reason"":3}"
25225869,"{""Old"":6181,""New"":6191,""Reason"":3}"
25225869,"{""Old"":6351,""New"":6361,""Reason"":3}"
25225869,"{""Old"":5381,""New"":5391,""Reason"":3}"
25225869,"{""Old"":6026,""New"":6036,""Reason"":3}"
8128487,"{""Old"":216,""New"":218,""Reason"":3}"
25225869,"{""Old"":2956,""New"":2958,""Reason"":3}"
25225869,"{""Old"":7231,""New"":7241,""Reason"":3}"
25225869,"{""Old"":7802,""New"":7812,""Reason"":3}"
25225869,"{""Old"":8064,""New"":8074,""Reason"":3}"
25225869,"{""Old"":8033,""New"":8043,""Reason"":3}"
25225869,"{""Old"":8220,""New"":8230,""Reason"":3}"
61452615,"{""Old"":1972,""New"":1974,""Reason"":3}"
31351467,"{""Old"":285,""New"":287,""Reason"":3}"
25225869,"{""Old"":2869,""New"":2871,""Reason"":3}"
25225869,"{""Old"":3198,""New"":3200,""Reason"":3}"
25225869,"{""Old"":3865,""New"":3875,""Reason"":3}"
25225869,"{""Old"":4000,""New"":4010,""Reason"":3}"
25225869,"{""Old"":3980,""New"":3990,""Reason"":3}"
49833858,"{""Old"":2105,""New"":2107,""Reason"":3}"
46817988,"{""Old"":1077,""New"":1079,""Reason"":3}"
42402836,"{""Old"":196,""New"":198,""Reason"":3}"
41823185,"{""Old"":443,""New"":445,""Reason"":3}"
41823185,"{""Old"":408,""New"":410,""Reason"":3}"
41823185,"{""Old"":412,""New"":414,""Reason"":3}"
8128487,"{""Old"":247,""New"":249,""Reason"":3}"
25225869,"{""Old"":7056,""New"":7066,""Reason"":3}"
25225869,"{""Old"":8572,""New"":8582,""Reason"":3}"
7833779,"{""Old"":78,""New"":80,""Reason"":3}"
7833779,"{""Old"":114,""New"":116,""Reason"":3}"
25225869,"{""Old"":8074,""New"":8084,""Reason"":3}"
25225869,"{""Old"":8325,""New"":8335,""Reason"":3}"
39479328,"{""Old"":494,""New"":496,""Reason"":3}"
25225869,"{""Old"":10514,""New"":10524,""Reason"":3}"
32568814,"{""Old"":2620,""New"":2630,""Reason"":3}"
6634097,"{""Old"":204,""New"":206,""Reason"":3}"
25225869,"{""Old"":5086,""New"":5096,""Reason"":3}"
8128487,"{""Old"":297,""New"":299,""Reason"":3}"
25225869,"{""Old"":7261,""New"":7271,""Reason"":3}"
25225869,"{""Old"":7953,""New"":7963,""Reason"":3}"
85015740,"{""Old"":40,""New"":42,""Reason"":3}"
6634097,"{""Old"":235,""New"":237,""Reason"":3}"
4442310,"{""Old"":44,""New"":46,""Reason"":3}"
75899123,"{""Old"":1795,""New"":1805,""Reason"":3}"
75899123,"{""Old"":1783,""New"":1785,""Reason"":3}"
75899123,"{""Old"":1761,""New"":1771,""Reason"":3}"
4442310,"{""Old"":52,""New"":54,""Reason"":3}"
58164604,"{""Old"":643,""New"":645,""Reason"":3}"
42402836,"{""Old"":282,""New"":284,""Reason"":3}"
49833858,"{""Old"":2062,""New"":2064,""Reason"":3}"
75899123,"{""Old"":1721,""New"":1723,""Reason"":3}"
75899123,"{""Old"":1745,""New"":1747,""Reason"":3}"
49833858,"{""Old"":2011,""New"":2013,""Reason"":3}"
42402836,"{""Old"":198,""New"":200,""Reason"":3}"
41823185,"{""Old"":414,""New"":416,""Reason"":3}"
75899123,"{""Old"":1759,""New"":1761,""Reason"":3}"
49833858,"{""Old"":2036,""New"":2038,""Reason"":3}"
42402836,"{""Old"":237,""New"":239,""Reason"":3}"
42402836,"{""Old"":235,""New"":237,""Reason"":3}"
49833858,"{""Old"":2013,""New"":2015,""Reason"":3}"
49833858,"{""Old"":2094,""New"":2096,""Reason"":3}"
58164604,"{""Old"":609,""New"":613,""Reason"":3}"
49833858,"{""Old"":2081,""New"":2083,""Reason"":3}"
49833858,"{""Old"":2096,""New"":2098,""Reason"":3}"
41823185,"{""Old"":385,""New"":387,""Reason"":3}"
13649676,"{""Old"":468,""New"":470,""Reason"":3}"
13649676,"{""Old"":508,""New"":512,""Reason"":3}"
13649676,"{""Old"":490,""New"":494,""Reason"":3}"
13649676,"{""Old"":408,""New"":410,""Reason"":3}"
13649676,"{""Old"":512,""New"":514,""Reason"":3}"
13649676,"{""Old"":516,""New"":518,""Reason"":3}"
13649676,"{""Old"":452,""New"":454,""Reason"":3}"
203724727,"{""Old"":446,""New"":448,""Reason"":3}"
13649676,"{""Old"":349,""New"":359,""Reason"":3}"
13649676,"{""Old"":454,""New"":464,""Reason"":3}"
36212068,"{""Old"":1444,""New"":1446,""Reason"":3}"
13649676,"{""Old"":474,""New"":476,""Reason"":3}"
13649676,"{""Old"":435,""New"":437,""Reason"":3}"
13649676,"{""Old"":439,""New"":441,""Reason"":3}"
13649676,"{""Old"":496,""New"":498,""Reason"":3}"
33978759,"{""Old"":159,""New"":161,""Reason"":3}"
13649676,"{""Old"":402,""New"":404,""Reason"":3}"
13649676,"{""Old"":431,""New"":433,""Reason"":3}"
13649676,"{""Old"":514,""New"":516,""Reason"":3}"
13649676,"{""Old"":393,""New"":395,""Reason"":3}"
13649676,"{""Old"":404,""New"":406,""Reason"":3}"
13649676,"{""Old"":421,""New"":431,""Reason"":3}"
13649676,"{""Old"":385,""New"":387,""Reason"":3}"
203724727,"{""Old"":442,""New"":444,""Reason"":3}"
28049259,"{""Old"":1519,""New"":1521,""Reason"":3}"
9692226,"{""Old"":3957,""New"":3959,""Reason"":3}"
9692226,"{""Old"":5993,""New"":6003,""Reason"":3}"
28049259,"{""Old"":1513,""New"":1515,""Reason"":3}"
87266452,"{""Old"":507,""New"":509,""Reason"":3}"
203724727,"{""Old"":448,""New"":450,""Reason"":3}"
13649676,"{""Old"":464,""New"":466,""Reason"":3}"
38704798,"{""Old"":93,""New"":95,""Reason"":3}"
9692226,"{""Old"":5709,""New"":5719,""Reason"":3}"
79304128,"{""Old"":318,""New"":320,""Reason"":3}"
42284682,"{""Old"":3170,""New"":3180,""Reason"":3}"
9692226,"{""Old"":6205,""New"":6215,""Reason"":3}"
9692226,"{""Old"":5421,""New"":5431,""Reason"":3}"
9692226,"{""Old"":6446,""New"":6466,""Reason"":3}"
9692226,"{""Old"":6957,""New"":6959,""Reason"":3}"
9692226,"{""Old"":3914,""New"":3916,""Reason"":3}"
9692226,"{""Old"":3945,""New"":3947,""Reason"":3}"
9692226,"{""Old"":3969,""New"":3979,""Reason"":3}"
9692226,"{""Old"":4809,""New"":4829,""Reason"":3}"
9692226,"{""Old"":5034,""New"":5044,""Reason"":3}"
9692226,"{""Old"":6336,""New"":6346,""Reason"":3}"
9692226,"{""Old"":4711,""New"":4721,""Reason"":3}"
9692226,"{""Old"":7055,""New"":7057,""Reason"":3}"
79304128,"{""Old"":310,""New"":312,""Reason"":3}"
210552037,"{""Old"":1120,""New"":1122,""Reason"":3}"
203724727,"{""Old"":440,""New"":442,""Reason"":3}"
42219379,"{""Old"":3642,""New"":3644,""Reason"":3}"
9692226,"{""Old"":4239,""New"":4241,""Reason"":3}"
9692226,"{""Old"":5517,""New"":5527,""Reason"":3}"
9692226,"{""Old"":5953,""New"":5963,""Reason"":3}"
9692226,"{""Old"":6961,""New"":6963,""Reason"":3}"
203724727,"{""Old"":436,""New"":440,""Reason"":3}"
28049259,"{""Old"":1521,""New"":1523,""Reason"":3}"
28049259,"{""Old"":1515,""New"":1517,""Reason"":3}"
9692226,"{""Old"":3900,""New"":3910,""Reason"":3}"
9692226,"{""Old"":5260,""New"":5270,""Reason"":3}"
9692226,"{""Old"":5795,""New"":5805,""Reason"":3}"
9692226,"{""Old"":3767,""New"":3769,""Reason"":3}"
9692226,"{""Old"":6126,""New"":6146,""Reason"":3}"
9692226,"{""Old"":3828,""New"":3830,""Reason"":3}"
9692226,"{""Old"":3863,""New"":3865,""Reason"":3}"
9692226,"{""Old"":5208,""New"":5218,""Reason"":3}"
79304128,"{""Old"":308,""New"":310,""Reason"":3}"
13649676,"{""Old"":486,""New"":488,""Reason"":3}"
36212068,"{""Old"":1448,""New"":1450,""Reason"":3}"
9692226,"{""Old"":7021,""New"":7023,""Reason"":3}"
9692226,"{""Old"":7069,""New"":7089,""Reason"":3}"
9692226,"{""Old"":5878,""New"":5888,""Reason"":3}"
9692226,"{""Old"":5775,""New"":5785,""Reason"":3}"
9692226,"{""Old"":6195,""New"":6205,""Reason"":3}"
9692226,"{""Old"":6227,""New"":6247,""Reason"":3}"
9692226,"{""Old"":6544,""New"":6546,""Reason"":3}"
9692226,"{""Old"":3765,""New"":3767,""Reason"":3}"
9692226,"{""Old"":5559,""New"":5561,""Reason"":3}"
42219379,"{""Old"":3626,""New"":3628,""Reason"":3}"
9692226,"{""Old"":3773,""New"":3777,""Reason"":3}"
9692226,"{""Old"":6885,""New"":6895,""Reason"":3}"
9692226,"{""Old"":3830,""New"":3832,""Reason"":3}"
9692226,"{""Old"":3826,""New"":3828,""Reason"":3}"
9692226,"{""Old"":4461,""New"":4471,""Reason"":3}"
9692226,"{""Old"":4829,""New"":4831,""Reason"":3}"
9692226,"{""Old"":5668,""New"":5678,""Reason"":3}"
9692226,"{""Old"":3728,""New"":3738,""Reason"":3}"
9692226,"{""Old"":4937,""New"":4939,""Reason"":3}"
9692226,"{""Old"":5194,""New"":5196,""Reason"":3}"
9692226,"{""Old"":5837,""New"":5847,""Reason"":3}"
9692226,"{""Old"":3769,""New"":3771,""Reason"":3}"
13649676,"{""Old"":368,""New"":370,""Reason"":3}"
9692226,"{""Old"":5362,""New"":5372,""Reason"":3}"
9692226,"{""Old"":5943,""New"":5953,""Reason"":3}"
9692226,"{""Old"":6763,""New"":6773,""Reason"":3}"
9692226,"{""Old"":6947,""New"":6957,""Reason"":3}"
9692226,"{""Old"":5228,""New"":5230,""Reason"":3}"
9692226,"{""Old"":3919,""New"":3929,""Reason"":3}"
9692226,"{""Old"":4721,""New"":4723,""Reason"":3}"
9692226,"{""Old"":5495,""New"":5505,""Reason"":3}"
9692226,"{""Old"":5475,""New"":5485,""Reason"":3}"
9692226,"{""Old"":6161,""New"":6171,""Reason"":3}"
9692226,"{""Old"":6546,""New"":6556,""Reason"":3}"
9692226,"{""Old"":6799,""New"":6801,""Reason"":3}"
9692226,"{""Old"":6895,""New"":6905,""Reason"":3}"
9692226,"{""Old"":4483,""New"":4485,""Reason"":3}"
9692226,"{""Old"":5584,""New"":5594,""Reason"":3}"
13649676,"{""Old"":472,""New"":474,""Reason"":3}"
13649676,"{""Old"":498,""New"":508,""Reason"":3}"
46260240,"{""Old"":3822,""New"":3824,""Reason"":3}"
9692226,"{""Old"":4285,""New"":4287,""Reason"":3}"
9692226,"{""Old"":4255,""New"":4265,""Reason"":3}"
9692226,"{""Old"":5983,""New"":5993,""Reason"":3}"
9692226,"{""Old"":3771,""New"":3773,""Reason"":3}"
9692226,"{""Old"":6040,""New"":6050,""Reason"":3}"
9692226,"{""Old"":6112,""New"":6122,""Reason"":3}"
9692226,"{""Old"":3859,""New"":3861,""Reason"":3}"
9692226,"{""Old"":4130,""New"":4140,""Reason"":3}"
9692226,"{""Old"":5218,""New"":5228,""Reason"":3}"
9692226,"{""Old"":6017,""New"":6027,""Reason"":3}"
9692226,"{""Old"":3806,""New"":3808,""Reason"":3}"
9692226,"{""Old"":4911,""New"":4913,""Reason"":3}"
51672058,"{""Old"":413,""New"":415,""Reason"":3}"
9692226,"{""Old"":5816,""New"":5826,""Reason"":3}"
9692226,"{""Old"":5312,""New"":5332,""Reason"":3}"
9290862,"{""Old"":2411,""New"":2413,""Reason"":3}"
51672058,"{""Old"":417,""New"":419,""Reason"":3}"
42284682,"{""Old"":3166,""New"":3168,""Reason"":3}"
13649676,"{""Old"":373,""New"":375,""Reason"":3}"
13649676,"{""Old"":476,""New"":486,""Reason"":3}"
47118364,"{""Old"":4223,""New"":4225,""Reason"":3}"
9692226,"{""Old"":4275,""New"":4285,""Reason"":3}"
9692226,"{""Old"":4303,""New"":4313,""Reason"":3}"
9692226,"{""Old"":4449,""New"":4459,""Reason"":3}"
9692226,"{""Old"":5537,""New"":5539,""Reason"":3}"
9692226,"{""Old"":5594,""New"":5604,""Reason"":3}"
9692226,"{""Old"":6634,""New"":6636,""Reason"":3}"
79304128,"{""Old"":316,""New"":318,""Reason"":3}"
13649676,"{""Old"":380,""New"":382,""Reason"":3}"
46260240,"{""Old"":3814,""New"":3816,""Reason"":3}"
9692226,"{""Old"":6905,""New"":6915,""Reason"":3}"
9692226,"{""Old"":6927,""New"":6937,""Reason"":3}"
9692226,"{""Old"":6848,""New"":6850,""Reason"":3}"
9290862,"{""Old"":2386,""New"":2388,""Reason"":3}"
42284682,"{""Old"":3168,""New"":3170,""Reason"":3}"
22917348,"{""Old"":352,""New"":354,""Reason"":3}"
13649676,"{""Old"":382,""New"":384,""Reason"":3}"
13649676,"{""Old"":494,""New"":496,""Reason"":3}"
13649676,"{""Old"":406,""New"":408,""Reason"":3}"
9692226,"{""Old"":5433,""New"":5443,""Reason"":3}"
9692226,"{""Old"":5572,""New"":5582,""Reason"":3}"
9692226,"{""Old"":6082,""New"":6102,""Reason"":3}"
9692226,"{""Old"":6997,""New"":6999,""Reason"":3}"
9692226,"{""Old"":6787,""New"":6797,""Reason"":3}"
47118364,"{""Old"":4209,""New"":4211,""Reason"":3}"
51672058,"{""Old"":415,""New"":417,""Reason"":3}"
51672058,"{""Old"":421,""New"":423,""Reason"":3}"
9692226,"{""Old"":3993,""New"":3995,""Reason"":3}"
9692226,"{""Old"":4301,""New"":4303,""Reason"":3}"
9692226,"{""Old"":4373,""New"":4375,""Reason"":3}"
9692226,"{""Old"":5406,""New"":5408,""Reason"":3}"
9692226,"{""Old"":5561,""New"":5571,""Reason"":3}"
9692226,"{""Old"":3720,""New"":3722,""Reason"":3}"
9692226,"{""Old"":6963,""New"":6973,""Reason"":3}"
9692226,"{""Old"":4517,""New"":4519,""Reason"":3}"
9692226,"{""Old"":4901,""New"":4911,""Reason"":3}"
9692226,"{""Old"":5640,""New"":5642,""Reason"":3}"
9692226,"{""Old"":6995,""New"":6997,""Reason"":3}"
9692226,"{""Old"":4787,""New"":4789,""Reason"":3}"
9692226,"{""Old"":5396,""New"":5406,""Reason"":3}"
203724727,"{""Old"":434,""New"":436,""Reason"":3}"
9692226,"{""Old"":7067,""New"":7069,""Reason"":3}"
9692226,"{""Old"":6316,""New"":6326,""Reason"":3}"
9692226,"{""Old"":4095,""New"":4097,""Reason"":3}"
9692226,"{""Old"":5084,""New"":5086,""Reason"":3}"
9692226,"{""Old"":5290,""New"":5300,""Reason"":3}"
9692226,"{""Old"":7045,""New"":7055,""Reason"":3}"
9692226,"{""Old"":3931,""New"":3935,""Reason"":3}"
9692226,"{""Old"":3947,""New"":3957,""Reason"":3}"
9692226,"{""Old"":4913,""New"":4923,""Reason"":3}"
9692226,"{""Old"":5352,""New"":5362,""Reason"":3}"
9692226,"{""Old"":5765,""New"":5775,""Reason"":3}"
9692226,"{""Old"":5888,""New"":5890,""Reason"":3}"
9692226,"{""Old"":3726,""New"":3728,""Reason"":3}"
9692226,"{""Old"":4375,""New"":4379,""Reason"":3}"
9692226,"{""Old"":5182,""New"":5184,""Reason"":3}"
38704798,"{""Old"":87,""New"":89,""Reason"":3}"
9692226,"{""Old"":6366,""New"":6376,""Reason"":3}"
38704798,"{""Old"":91,""New"":93,""Reason"":3}"
13649676,"{""Old"":342,""New"":344,""Reason"":3}"
13649676,"{""Old"":448,""New"":452,""Reason"":3}"
9692226,"{""Old"":7089,""New"":7091,""Reason"":3}"
9692226,"{""Old"":4241,""New"":4243,""Reason"":3}"
9692226,"{""Old"":5785,""New"":5795,""Reason"":3}"
9692226,"{""Old"":3718,""New"":3720,""Reason"":3}"
9692226,"{""Old"":4265,""New"":4275,""Reason"":3}"
9692226,"{""Old"":5270,""New"":5280,""Reason"":3}"
9692226,"{""Old"":6296,""New"":6306,""Reason"":3}"
51672058,"{""Old"":400,""New"":402,""Reason"":3}"
9692226,"{""Old"":7009,""New"":7019,""Reason"":3}"
9290862,"{""Old"":2388,""New"":2390,""Reason"":3}"
210552037,"{""Old"":1080,""New"":1090,""Reason"":3}"
203724727,"{""Old"":450,""New"":452,""Reason"":3}"
38704798,"{""Old"":89,""New"":91,""Reason"":3}"
9290862,"{""Old"":2415,""New"":2417,""Reason"":3}"
9692226,"{""Old"":6286,""New"":6296,""Reason"":3}"
9692226,"{""Old"":6973,""New"":6975,""Reason"":3}"
42219379,"{""Old"":3637,""New"":3639,""Reason"":3}"
9692226,"{""Old"":3804,""New"":3806,""Reason"":3}"
9692226,"{""Old"":4599,""New"":4601,""Reason"":3}"
9692226,"{""Old"":5342,""New"":5352,""Reason"":3}"
9692226,"{""Old"":6376,""New"":6386,""Reason"":3}"
203724727,"{""Old"":444,""New"":446,""Reason"":3}"
9692226,"{""Old"":4554,""New"":4564,""Reason"":3}"
9692226,"{""Old"":5733,""New"":5753,""Reason"":3}"
9692226,"{""Old"":5755,""New"":5765,""Reason"":3}"
9692226,"{""Old"":6985,""New"":6995,""Reason"":3}"
9692226,"{""Old"":7023,""New"":7033,""Reason"":3}"
46260240,"{""Old"":3818,""New"":3820,""Reason"":3}"
33978759,"{""Old"":161,""New"":163,""Reason"":3}"
9692226,"{""Old"":6826,""New"":6836,""Reason"":3}"
79304128,"{""Old"":312,""New"":314,""Reason"":3}"
9692226,"{""Old"":3929,""New"":3931,""Reason"":3}"
9692226,"{""Old"":3981,""New"":3983,""Reason"":3}"
9692226,"{""Old"":5054,""New"":5074,""Reason"":3}"
9692226,"{""Old"":5443,""New"":5445,""Reason"":3}"
9692226,"{""Old"":3658,""New"":3666,""Reason"":3}"
36212068,"{""Old"":1446,""New"":1448,""Reason"":3}"
9692226,"{""Old"":4385,""New"":4387,""Reason"":3}"
9692226,"{""Old"":3861,""New"":3863,""Reason"":3}"
9692226,"{""Old"":3935,""New"":3945,""Reason"":3}"
9692226,"{""Old"":4397,""New"":4399,""Reason"":3}"
9692226,"{""Old"":4935,""New"":4937,""Reason"":3}"
9692226,"{""Old"":5527,""New"":5537,""Reason"":3}"
9692226,"{""Old"":6753,""New"":6763,""Reason"":3}"
9692226,"{""Old"":4379,""New"":4381,""Reason"":3}"
9692226,"{""Old"":4925,""New"":4935,""Reason"":3}"
9692226,"{""Old"":5539,""New"":5549,""Reason"":3}"
9692226,"{""Old"":5630,""New"":5640,""Reason"":3}"
13649676,"{""Old"":470,""New"":472,""Reason"":3}"
79304128,"{""Old"":306,""New"":308,""Reason"":3}"
210552037,"{""Old"":1092,""New"":1102,""Reason"":3}"
38704798,"{""Old"":95,""New"":97,""Reason"":3}"
33978759,"{""Old"":163,""New"":165,""Reason"":3}"
9692226,"{""Old"":4701,""New"":4711,""Reason"":3}"
9692226,"{""Old"":5848,""New"":5858,""Reason"":3}"
9692226,"{""Old"":3654,""New"":3656,""Reason"":3}"
18190867,"{""Old"":2163,""New"":2165,""Reason"":3}"
13649676,"{""Old"":347,""New"":349,""Reason"":3}"
13649676,"{""Old"":488,""New"":490,""Reason"":3}"
203724727,"{""Old"":432,""New"":434,""Reason"":3}"
9692226,"{""Old"":4175,""New"":4185,""Reason"":3}"
9692226,"{""Old"":6027,""New"":6037,""Reason"":3}"
9692226,"{""Old"":4733,""New"":4743,""Reason"":3}"
9692226,"{""Old"":5445,""New"":5455,""Reason"":3}"
9692226,"{""Old"":6959,""New"":6961,""Reason"":3}"
13649676,"{""Old"":466,""New"":468,""Reason"":3}"
213699007,"{""Old"":3773,""New"":3775,""Reason"":3}"
9290862,"{""Old"":2347,""New"":2357,""Reason"":3}"
9290862,"{""Old"":2397,""New"":2399,""Reason"":3}"
47118364,"{""Old"":4168,""New"":4170,""Reason"":3}"
210552037,"{""Old"":1104,""New"":1106,""Reason"":3}"
28049259,"{""Old"":1517,""New"":1519,""Reason"":3}"
79304128,"{""Old"":314,""New"":316,""Reason"":3}"
9692226,"{""Old"":5108,""New"":5110,""Reason"":3}"
9692226,"{""Old"":6708,""New"":6718,""Reason"":3}"
9290862,"{""Old"":2357,""New"":2359,""Reason"":3}"
9692226,"{""Old"":3912,""New"":3914,""Reason"":3}"
9692226,"{""Old"":6037,""New"":6039,""Reason"":3}"
9692226,"{""Old"":6275,""New"":6285,""Reason"":3}"
9692226,"{""Old"":6616,""New"":6618,""Reason"":3}"
9692226,"{""Old"":6797,""New"":6799,""Reason"":3}"
9692226,"{""Old"":6846,""New"":6848,""Reason"":3}"
9692226,"{""Old"":6937,""New"":6947,""Reason"":3}"
42219379,"{""Old"":3622,""New"":3624,""Reason"":3}"
203724727,"{""Old"":452,""New"":454,""Reason"":3}"
9692226,"{""Old"":5723,""New"":5733,""Reason"":3}"
9692226,"{""Old"":3812,""New"":3822,""Reason"":3}"
9692226,"{""Old"":3857,""New"":3859,""Reason"":3}"
9692226,"{""Old"":4471,""New"":4473,""Reason"":3}"
9692226,"{""Old"":5280,""New"":5290,""Reason"":3}"
9692226,"{""Old"":5619,""New"":5629,""Reason"":3}"
9692226,"{""Old"":5656,""New"":5666,""Reason"":3}"
9692226,"{""Old"":3716,""New"":3718,""Reason"":3}"
9692226,"{""Old"":6618,""New"":6620,""Reason"":3}"
9692226,"{""Old"":3656,""New"":3658,""Reason"":3}"
9692226,"{""Old"":4287,""New"":4289,""Reason"":3}"
9692226,"{""Old"":4747,""New"":4777,""Reason"":3}"
9692226,"{""Old"":5044,""New"":5054,""Reason"":3}"
51672058,"{""Old"":425,""New"":427,""Reason"":3}"
47118364,"{""Old"":4197,""New"":4209,""Reason"":3}"
9290862,"{""Old"":2343,""New"":2345,""Reason"":3}"
9290862,"{""Old"":2370,""New"":2380,""Reason"":3}"
9692226,"{""Old"":6386,""New"":6396,""Reason"":3}"
9692226,"{""Old"":6466,""New"":6468,""Reason"":3}"
18190867,"{""Old"":2161,""New"":2163,""Reason"":3}"
9692226,"{""Old"":7035,""New"":7045,""Reason"":3}"
9692226,"{""Old"":4799,""New"":4809,""Reason"":3}"
9692226,"{""Old"":5086,""New"":5096,""Reason"":3}"
9692226,"{""Old"":5196,""New"":5206,""Reason"":3}"
9692226,"{""Old"":5549,""New"":5559,""Reason"":3}"
9692226,"{""Old"":6620,""New"":6630,""Reason"":3}"
9692226,"{""Old"":3890,""New"":3900,""Reason"":3}"
9692226,"{""Old"":3917,""New"":3919,""Reason"":3}"
9692226,"{""Old"":4245,""New"":4255,""Reason"":3}"
9692226,"{""Old"":6072,""New"":6082,""Reason"":3}"
9692226,"{""Old"":6060,""New"":6070,""Reason"":3}"
42219379,"{""Old"":3644,""New"":3646,""Reason"":3}"
9692226,"{""Old"":6356,""New"":6366,""Reason"":3}"
9692226,"{""Old"":6306,""New"":6316,""Reason"":3}"
9692226,"{""Old"":4495,""New"":4515,""Reason"":3}"
9692226,"{""Old"":5681,""New"":5691,""Reason"":3}"
9692226,"{""Old"":3802,""New"":3804,""Reason"":3}"
9692226,"{""Old"":4101,""New"":4103,""Reason"":3}"
9692226,"{""Old"":4381,""New"":4383,""Reason"":3}"
9692226,"{""Old"":5110,""New"":5112,""Reason"":3}"
9692226,"{""Old"":5868,""New"":5878,""Reason"":3}"
9692226,"{""Old"":5900,""New"":5910,""Reason"":3}"
9692226,"{""Old"":6181,""New"":6191,""Reason"":3}"
9692226,"{""Old"":6171,""New"":6181,""Reason"":3}"
51672058,"{""Old"":423,""New"":425,""Reason"":3}"
9692226,"{""Old"":4103,""New"":4105,""Reason"":3}"
9692226,"{""Old"":4140,""New"":4150,""Reason"":3}"
9692226,"{""Old"":3822,""New"":3824,""Reason"":3}"
9692226,"{""Old"":5394,""New"":5396,""Reason"":3}"
9692226,"{""Old"":5646,""New"":5656,""Reason"":3}"
9692226,"{""Old"":4459,""New"":4461,""Reason"":3}"
9692226,"{""Old"":4564,""New"":4574,""Reason"":3}"
9692226,"{""Old"":7117,""New"":7127,""Reason"":3}"
9692226,"{""Old"":7057,""New"":7067,""Reason"":3}"
9692226,"{""Old"":3910,""New"":3912,""Reason"":3}"
9692226,"{""Old"":4291,""New"":4301,""Reason"":3}"
9692226,"{""Old"":4519,""New"":4529,""Reason"":3}"
9692226,"{""Old"":5332,""New"":5342,""Reason"":3}"
9290862,"{""Old"":2399,""New"":2409,""Reason"":3}"
9692226,"{""Old"":5411,""New"":5421,""Reason"":3}"
9692226,"{""Old"":5698,""New"":5708,""Reason"":3}"
9692226,"{""Old"":5721,""New"":5723,""Reason"":3}"
9692226,"{""Old"":5826,""New"":5836,""Reason"":3}"
9692226,"{""Old"":3959,""New"":3969,""Reason"":3}"
9692226,"{""Old"":5300,""New"":5310,""Reason"":3}"
9692226,"{""Old"":5609,""New"":5619,""Reason"":3}"
9692226,"{""Old"":4387,""New"":4397,""Reason"":3}"
9692226,"{""Old"":4743,""New"":4747,""Reason"":3}"
9692226,"{""Old"":5250,""New"":5260,""Reason"":3}"
9692226,"{""Old"":5372,""New"":5392,""Reason"":3}"
47118364,"{""Old"":4225,""New"":4227,""Reason"":3}"
9692226,"{""Old"":3824,""New"":3826,""Reason"":3}"
9692226,"{""Old"":4363,""New"":4373,""Reason"":3}"
9692226,"{""Old"":4841,""New"":4851,""Reason"":3}"
9692226,"{""Old"":6247,""New"":6257,""Reason"":3}"
9692226,"{""Old"":4243,""New"":4245,""Reason"":3}"
9692226,"{""Old"":4964,""New"":4984,""Reason"":3}"
9692226,"{""Old"":5184,""New"":5194,""Reason"":3}"
213699007,"{""Old"":3775,""New"":3777,""Reason"":3}"
46260240,"{""Old"":3824,""New"":3826,""Reason"":3}"
9692226,"{""Old"":6326,""New"":6336,""Reason"":3}"
9692226,"{""Old"":3808,""New"":3810,""Reason"":3}"
9692226,"{""Old"":5753,""New"":5755,""Reason"":3}"
9692226,"{""Old"":6688,""New"":6708,""Reason"":3}"
9692226,"{""Old"":6146,""New"":6156,""Reason"":3}"
9692226,"{""Old"":7107,""New"":7117,""Reason"":3}"
42219379,"{""Old"":3640,""New"":3642,""Reason"":3}"
9692226,"{""Old"":5911,""New"":5921,""Reason"":3}"
9692226,"{""Old"":6070,""New"":6072,""Reason"":3}"
9692226,"{""Old"":5890,""New"":5900,""Reason"":3}"
9692226,"{""Old"":6050,""New"":6060,""Reason"":3}"
9692226,"{""Old"":3644,""New"":3654,""Reason"":3}"
9692226,"{""Old"":5074,""New"":5084,""Reason"":3}"
9692226,"{""Old"":5505,""New"":5507,""Reason"":3}"
9692226,"{""Old"":6007,""New"":6017,""Reason"":3}"
51672058,"{""Old"":398,""New"":400,""Reason"":3}"
9692226,"{""Old"":6999,""New"":7009,""Reason"":3}"
210552037,"{""Old"":1090,""New"":1092,""Reason"":3}"
210552037,"{""Old"":1122,""New"":1124,""Reason"":3}"
9692226,"{""Old"":6743,""New"":6753,""Reason"":3}"
9692226,"{""Old"":6915,""New"":6917,""Reason"":3}"
51672058,"{""Old"":405,""New"":407,""Reason"":3}"
47118364,"{""Old"":4221,""New"":4223,""Reason"":3}"
9692226,"{""Old"":6468,""New"":6470,""Reason"":3}"
9692226,"{""Old"":6875,""New"":6885,""Reason"":3}"
9692226,"{""Old"":5642,""New"":5644,""Reason"":3}"
9692226,"{""Old"":4289,""New"":4291,""Reason"":3}"
9692226,"{""Old"":5162,""New"":5182,""Reason"":3}"
47118364,"{""Old"":4183,""New"":4185,""Reason"":3}"
9692226,"{""Old"":6470,""New"":6480,""Reason"":3}"
9692226,"{""Old"":6775,""New"":6777,""Reason"":3}"
9692226,"{""Old"":6517,""New"":6519,""Reason"":3}"
46260240,"{""Old"":3820,""New"":3822,""Reason"":3}"
9692226,"{""Old"":4099,""New"":4101,""Reason"":3}"
9692226,"{""Old"":4383,""New"":4385,""Reason"":3}"
9692226,"{""Old"":4473,""New"":4483,""Reason"":3}"
9692226,"{""Old"":4777,""New"":4787,""Reason"":3}"
9692226,"{""Old"":4097,""New"":4099,""Reason"":3}"
47118364,"{""Old"":4189,""New"":4191,""Reason"":3}"
9692226,"{""Old"":6257,""New"":6267,""Reason"":3}"
9692226,"{""Old"":6480,""New"":6490,""Reason"":3}"
9692226,"{""Old"":6636,""New"":6638,""Reason"":3}"
9692226,"{""Old"":6777,""New"":6787,""Reason"":3}"
9692226,"{""Old"":4789,""New"":4799,""Reason"":3}"
9692226,"{""Old"":4923,""New"":4925,""Reason"":3}"
9692226,"{""Old"":7093,""New"":7103,""Reason"":3}"
9692226,"{""Old"":7103,""New"":7105,""Reason"":3}"
9290862,"{""Old"":2366,""New"":2370,""Reason"":3}"
9692226,"{""Old"":6556,""New"":6566,""Reason"":3}"
9692226,"{""Old"":7033,""New"":7035,""Reason"":3}"
9290862,"{""Old"":2413,""New"":2415,""Reason"":3}"
9692226,"{""Old"":3738,""New"":3740,""Reason"":3}"
9692226,"{""Old"":5485,""New"":5495,""Reason"":3}"
9692226,"{""Old"":5963,""New"":5983,""Reason"":3}"
9692226,"{""Old"":6836,""New"":6846,""Reason"":3}"
47118364,"{""Old"":4185,""New"":4189,""Reason"":3}"
9692226,"{""Old"":7105,""New"":7107,""Reason"":3}"
9692226,"{""Old"":4515,""New"":4517,""Reason"":3}"
9692226,"{""Old"":5805,""New"":5815,""Reason"":3}"
9692226,"{""Old"":5922,""New"":5932,""Reason"":3}"
9692226,"{""Old"":6102,""New"":6112,""Reason"":3}"
9692226,"{""Old"":4237,""New"":4239,""Reason"":3}"
9692226,"{""Old"":4485,""New"":4495,""Reason"":3}"
9692226,"{""Old"":5206,""New"":5208,""Reason"":3}"
9692226,"{""Old"":3722,""New"":3726,""Reason"":3}"
9692226,"{""Old"":7127,""New"":7137,""Reason"":3}"
9692226,"{""Old"":4210,""New"":4212,""Reason"":3}"
9692226,"{""Old"":4723,""New"":4733,""Reason"":3}"
9692226,"{""Old"":5310,""New"":5312,""Reason"":3}"
9692226,"{""Old"":5392,""New"":5394,""Reason"":3}"
46260240,"{""Old"":3816,""New"":3818,""Reason"":3}"
9692226,"{""Old"":6630,""New"":6634,""Reason"":3}"
210552037,"{""Old"":1110,""New"":1120,""Reason"":3}"
210552037,"{""Old"":1127,""New"":1129,""Reason"":3}"
47118364,"{""Old"":4191,""New"":4193,""Reason"":3}"
9692226,"{""Old"":5096,""New"":5106,""Reason"":3}"
9692226,"{""Old"":6346,""New"":6356,""Reason"":3}"
9290862,"{""Old"":2409,""New"":2411,""Reason"":3}"
9692226,"{""Old"":5465,""New"":5475,""Reason"":3}"
9692226,"{""Old"":6975,""New"":6985,""Reason"":3}"
9692226,"{""Old"":6515,""New"":6517,""Reason"":3}"
9692226,"{""Old"":3642,""New"":3644,""Reason"":3}"
9692226,"{""Old"":3810,""New"":3812,""Reason"":3}"
9692226,"{""Old"":3979,""New"":3981,""Reason"":3}"
9692226,"{""Old"":4831,""New"":4841,""Reason"":3}"
9692226,"{""Old"":5230,""New"":5250,""Reason"":3}"
9692226,"{""Old"":5455,""New"":5465,""Reason"":3}"
9692226,"{""Old"":6217,""New"":6227,""Reason"":3}"
9692226,"{""Old"":6773,""New"":6775,""Reason"":3}"
9692226,"{""Old"":6917,""New"":6927,""Reason"":3}"
210552037,"{""Old"":1124,""New"":1126,""Reason"":3}"
9692226,"{""Old"":3983,""New"":3993,""Reason"":3}"
9692226,"{""Old"":5719,""New"":5721,""Reason"":3}"
9290862,"{""Old"":2345,""New"":2347,""Reason"":3}"
47118364,"{""Old"":4211,""New"":4221,""Reason"":3}"
47118364,"{""Old"":4193,""New"":4197,""Reason"":3}"
9692226,"{""Old"":7091,""New"":7093,""Reason"":3}"
9692226,"{""Old"":5106,""New"":5108,""Reason"":3}"
9692226,"{""Old"":5507,""New"":5517,""Reason"":3}"
210552037,"{""Old"":1102,""New"":1104,""Reason"":3}"
22983269,"{""Old"":2326,""New"":2328,""Reason"":3}"
22983269,"{""Old"":2310,""New"":2312,""Reason"":3}"
22983269,"{""Old"":2340,""New"":2342,""Reason"":3}"
22983269,"{""Old"":2316,""New"":2318,""Reason"":3}"
22983269,"{""Old"":2320,""New"":2322,""Reason"":3}"
22983269,"{""Old"":2312,""New"":2314,""Reason"":3}"
22983269,"{""Old"":2322,""New"":2324,""Reason"":3}"
22983269,"{""Old"":2328,""New"":2330,""Reason"":3}"
22983269,"{""Old"":2324,""New"":2326,""Reason"":3}"
22983269,"{""Old"":2318,""New"":2320,""Reason"":3}"
22983269,"{""Old"":2350,""New"":2352,""Reason"":3}"
22983269,"{""Old"":2344,""New"":2346,""Reason"":3}"
22983269,"{""Old"":2290,""New"":2310,""Reason"":3}"
22983269,"{""Old"":2334,""New"":2336,""Reason"":3}"
22983269,"{""Old"":2332,""New"":2334,""Reason"":3}"
22983269,"{""Old"":2356,""New"":2358,""Reason"":3}"
22983269,"{""Old"":2352,""New"":2354,""Reason"":3}"
22983269,"{""Old"":2330,""New"":2332,""Reason"":3}"
22983269,"{""Old"":2342,""New"":2344,""Reason"":3}"
22983269,"{""Old"":2354,""New"":2356,""Reason"":3}"
200329883,"{""Old"":1081,""New"":1083,""Reason"":3}"
22983269,"{""Old"":2336,""New"":2338,""Reason"":3}"
200329883,"{""Old"":1083,""New"":1085,""Reason"":3}"
200329883,"{""Old"":1079,""New"":1081,""Reason"":3}"
218151732,"{""Old"":9882,""New"":9884,""Reason"":3}"
215267265,"{""Old"":1027,""New"":1031,""Reason"":3}"
215164277,"{""Old"":3082,""New"":3084,""Reason"":3}"
212667590,"{""Old"":257,""New"":259,""Reason"":3}"
32918875,"{""Old"":917,""New"":919,""Reason"":3}"
32918875,"{""Old"":891,""New"":893,""Reason"":3}"
217999962,"{""Old"":270,""New"":272,""Reason"":3}"
3068897,"{""Old"":1130,""New"":1132,""Reason"":3}"
217999962,"{""Old"":266,""New"":268,""Reason"":3}"
22983269,"{""Old"":2314,""New"":2316,""Reason"":3}"
22983269,"{""Old"":2346,""New"":2348,""Reason"":3}"
19281885,"{""Old"":1148,""New"":1150,""Reason"":3}"
19281885,"{""Old"":1143,""New"":1145,""Reason"":3}"
24720485,"{""Old"":182,""New"":184,""Reason"":3}"
19281885,"{""Old"":1178,""New"":1180,""Reason"":3}"
3068897,"{""Old"":1138,""New"":1140,""Reason"":3}"
218151732,"{""Old"":9878,""New"":9880,""Reason"":3}"
19281885,"{""Old"":1150,""New"":1160,""Reason"":3}"
19281885,"{""Old"":1171,""New"":1173,""Reason"":3}"
3068897,"{""Old"":1134,""New"":1136,""Reason"":3}"
32918875,"{""Old"":912,""New"":914,""Reason"":3}"
218151732,"{""Old"":9880,""New"":9882,""Reason"":3}"
24720485,"{""Old"":192,""New"":194,""Reason"":3}"
24720485,"{""Old"":200,""New"":202,""Reason"":3}"
19281885,"{""Old"":1186,""New"":1188,""Reason"":3}"
24720485,"{""Old"":198,""New"":200,""Reason"":3}"
32918875,"{""Old"":893,""New"":897,""Reason"":3}"
32918875,"{""Old"":919,""New"":921,""Reason"":3}"
32918875,"{""Old"":897,""New"":899,""Reason"":3}"
32918875,"{""Old"":903,""New"":907,""Reason"":3}"
32918875,"{""Old"":939,""New"":949,""Reason"":3}"
32918875,"{""Old"":937,""New"":939,""Reason"":3}"
32918875,"{""Old"":949,""New"":951,""Reason"":3}"
32918875,"{""Old"":1101,""New"":1111,""Reason"":3}"
32918875,"{""Old"":1165,""New"":1167,""Reason"":3}"
43996202,"{""Old"":1148,""New"":1150,""Reason"":3}"
217999962,"{""Old"":268,""New"":270,""Reason"":3}"
217999962,"{""Old"":259,""New"":261,""Reason"":3}"
200329883,"{""Old"":1077,""New"":1079,""Reason"":3}"
32918875,"{""Old"":1055,""New"":1057,""Reason"":3}"
32918875,"{""Old"":935,""New"":937,""Reason"":3}"
3068897,"{""Old"":1141,""New"":1143,""Reason"":3}"
3068897,"{""Old"":1126,""New"":1128,""Reason"":3}"
32918875,"{""Old"":1069,""New"":1071,""Reason"":3}"
32918875,"{""Old"":1180,""New"":1182,""Reason"":3}"
32918875,"{""Old"":1076,""New"":1078,""Reason"":3}"
32918875,"{""Old"":887,""New"":891,""Reason"":3}"
32918875,"{""Old"":929,""New"":931,""Reason"":3}"
32918875,"{""Old"":1163,""New"":1165,""Reason"":3}"
32918875,"{""Old"":1117,""New"":1121,""Reason"":3}"
32918875,"{""Old"":1136,""New"":1138,""Reason"":3}"
32918875,"{""Old"":1208,""New"":1210,""Reason"":3}"
32918875,"{""Old"":1121,""New"":1123,""Reason"":3}"
32918875,"{""Old"":1215,""New"":1217,""Reason"":3}"
32918875,"{""Old"":1057,""New"":1067,""Reason"":3}"
32918875,"{""Old"":1231,""New"":1233,""Reason"":3}"
24720485,"{""Old"":194,""New"":196,""Reason"":3}"
19281885,"{""Old"":1188,""New"":1190,""Reason"":3}"
32918875,"{""Old"":1202,""New"":1204,""Reason"":3}"
32918875,"{""Old"":1204,""New"":1206,""Reason"":3}"
32918875,"{""Old"":1217,""New"":1219,""Reason"":3}"
32918875,"{""Old"":1200,""New"":1202,""Reason"":3}"
32918875,"{""Old"":910,""New"":912,""Reason"":3}"
32918875,"{""Old"":931,""New"":933,""Reason"":3}"
32918875,"{""Old"":1091,""New"":1093,""Reason"":3}"
32918875,"{""Old"":1184,""New"":1186,""Reason"":3}"
32918875,"{""Old"":1178,""New"":1180,""Reason"":3}"
19281885,"{""Old"":1160,""New"":1170,""Reason"":3}"
24720485,"{""Old"":206,""New"":208,""Reason"":3}"
3068897,"{""Old"":1144,""New"":1148,""Reason"":3}"
32918875,"{""Old"":1134,""New"":1136,""Reason"":3}"
24720485,"{""Old"":202,""New"":204,""Reason"":3}"
3068897,"{""Old"":1124,""New"":1126,""Reason"":3}"
32918875,"{""Old"":1073,""New"":1075,""Reason"":3}"
32918875,"{""Old"":1182,""New"":1184,""Reason"":3}"
32918875,"{""Old"":1174,""New"":1176,""Reason"":3}"
32918875,"{""Old"":1186,""New"":1190,""Reason"":3}"
3068897,"{""Old"":1122,""New"":1124,""Reason"":3}"
3068897,"{""Old"":1178,""New"":1180,""Reason"":3}"
3068897,"{""Old"":1128,""New"":1130,""Reason"":3}"
32918875,"{""Old"":1131,""New"":1133,""Reason"":3}"
32918875,"{""Old"":1113,""New"":1115,""Reason"":3}"
22920545,"{""Old"":1585,""New"":1587,""Reason"":3}"
7087738,"{""Old"":996,""New"":998,""Reason"":3}"
32918875,"{""Old"":1150,""New"":1152,""Reason"":3}"
19281885,"{""Old"":1133,""New"":1143,""Reason"":3}"
23748897,"{""Old"":6435,""New"":6437,""Reason"":3}"
219021254,"{""Old"":2227,""New"":2233,""Reason"":3}"
23748897,"{""Old"":6433,""New"":6435,""Reason"":3}"
23748897,"{""Old"":6425,""New"":6427,""Reason"":3}"
23748897,"{""Old"":6447,""New"":6449,""Reason"":3}"
23748897,"{""Old"":6427,""New"":6429,""Reason"":3}"
23748897,"{""Old"":6451,""New"":6455,""Reason"":3}"
3068897,"{""Old"":1198,""New"":1200,""Reason"":3}"
22920545,"{""Old"":1587,""New"":1589,""Reason"":3}"
32918875,"{""Old"":1045,""New"":1055,""Reason"":3}"
32918875,"{""Old"":1071,""New"":1073,""Reason"":3}"
32918875,"{""Old"":1140,""New"":1150,""Reason"":3}"
7087738,"{""Old"":994,""New"":996,""Reason"":3}"
22920545,"{""Old"":1575,""New"":1577,""Reason"":3}"
7087738,"{""Old"":1005,""New"":1007,""Reason"":3}"
7087738,"{""Old"":1003,""New"":1005,""Reason"":3}"
22983269,"{""Old"":2338,""New"":2340,""Reason"":3}"
22920545,"{""Old"":1583,""New"":1585,""Reason"":3}"
32918875,"{""Old"":996,""New"":998,""Reason"":3}"
23748897,"{""Old"":6469,""New"":6479,""Reason"":3}"
64771681,"{""Old"":47973,""New"":47975,""Reason"":3}"
218151732,"{""Old"":9886,""New"":9888,""Reason"":3}"
43780156,"{""Old"":367096,""New"":367098,""Reason"":3}"
43780156,"{""Old"":368714,""New"":368724,""Reason"":3}"
43780156,"{""Old"":370688,""New"":370690,""Reason"":3}"
43780156,"{""Old"":371052,""New"":371062,""Reason"":3}"
43780156,"{""Old"":371711,""New"":371721,""Reason"":3}"
43780156,"{""Old"":376488,""New"":376498,""Reason"":3}"
43780156,"{""Old"":377385,""New"":377405,""Reason"":3}"
43780156,"{""Old"":378645,""New"":378655,""Reason"":3}"
43780156,"{""Old"":360342,""New"":360352,""Reason"":3}"
3068897,"{""Old"":1136,""New"":1138,""Reason"":3}"
23748897,"{""Old"":6449,""New"":6451,""Reason"":3}"
3068897,"{""Old"":1176,""New"":1178,""Reason"":3}"
3068897,"{""Old"":1200,""New"":1202,""Reason"":3}"
32918875,"{""Old"":1157,""New"":1159,""Reason"":3}"
52652477,"{""Old"":315,""New"":317,""Reason"":3}"
52652477,"{""Old"":336,""New"":338,""Reason"":3}"
43780156,"{""Old"":375126,""New"":375156,""Reason"":3}"
43780156,"{""Old"":375588,""New"":375598,""Reason"":3}"
43780156,"{""Old"":377075,""New"":377115,""Reason"":3}"
43780156,"{""Old"":377575,""New"":377585,""Reason"":3}"
43780156,"{""Old"":378461,""New"":378471,""Reason"":3}"
43780156,"{""Old"":361098,""New"":361108,""Reason"":3}"
43780156,"{""Old"":361762,""New"":361772,""Reason"":3}"
43780156,"{""Old"":362034,""New"":362054,""Reason"":3}"
43780156,"{""Old"":365199,""New"":365209,""Reason"":3}"
43780156,"{""Old"":365389,""New"":365409,""Reason"":3}"
43780156,"{""Old"":368724,""New"":368734,""Reason"":3}"
43780156,"{""Old"":360210,""New"":360230,""Reason"":3}"
43780156,"{""Old"":361642,""New"":361652,""Reason"":3}"
43780156,"{""Old"":364840,""New"":364850,""Reason"":3}"
43780156,"{""Old"":369242,""New"":369262,""Reason"":3}"
43780156,"{""Old"":369541,""New"":369551,""Reason"":3}"
43780156,"{""Old"":377859,""New"":377869,""Reason"":3}"
43780156,"{""Old"":378715,""New"":378725,""Reason"":3}"
43780156,"{""Old"":360000,""New"":360020,""Reason"":3}"
43780156,"{""Old"":360884,""New"":360894,""Reason"":3}"
43780156,"{""Old"":367030,""New"":367040,""Reason"":3}"
43780156,"{""Old"":370720,""New"":370730,""Reason"":3}"
43780156,"{""Old"":370902,""New"":370912,""Reason"":3}"
43780156,"{""Old"":371314,""New"":371324,""Reason"":3}"
43780156,"{""Old"":373570,""New"":373590,""Reason"":3}"
23748897,"{""Old"":6423,""New"":6425,""Reason"":3}"
32918875,"{""Old"":962,""New"":964,""Reason"":3}"
32918875,"{""Old"":1031,""New"":1033,""Reason"":3}"
32918875,"{""Old"":1020,""New"":1022,""Reason"":3}"
43996202,"{""Old"":1152,""New"":1154,""Reason"":3}"
32918875,"{""Old"":927,""New"":929,""Reason"":3}"
52652477,"{""Old"":294,""New"":296,""Reason"":3}"
43780156,"{""Old"":360200,""New"":360210,""Reason"":3}"
43780156,"{""Old"":362528,""New"":362538,""Reason"":3}"
43780156,"{""Old"":360270,""New"":360272,""Reason"":3}"
43780156,"{""Old"":362274,""New"":362284,""Reason"":3}"
43780156,"{""Old"":368370,""New"":368380,""Reason"":3}"
43780156,"{""Old"":368657,""New"":368667,""Reason"":3}"
43780156,"{""Old"":369531,""New"":369541,""Reason"":3}"
43780156,"{""Old"":369876,""New"":369886,""Reason"":3}"
43780156,"{""Old"":372338,""New"":372348,""Reason"":3}"
43780156,"{""Old"":373180,""New"":373200,""Reason"":3}"
43780156,"{""Old"":361038,""New"":361048,""Reason"":3}"
43780156,"{""Old"":361400,""New"":361410,""Reason"":3}"
43780156,"{""Old"":362928,""New"":362938,""Reason"":3}"
43780156,"{""Old"":365169,""New"":365189,""Reason"":3}"
43780156,"{""Old"":370325,""New"":370327,""Reason"":3}"
43780156,"{""Old"":372293,""New"":372303,""Reason"":3}"
43780156,"{""Old"":373345,""New"":373375,""Reason"":3}"
43780156,"{""Old"":377135,""New"":377145,""Reason"":3}"
43780156,"{""Old"":377365,""New"":377375,""Reason"":3}"
43780156,"{""Old"":363548,""New"":363578,""Reason"":3}"
43780156,"{""Old"":365157,""New"":365159,""Reason"":3}"
43780156,"{""Old"":369486,""New"":369506,""Reason"":3}"
43780156,"{""Old"":372283,""New"":372293,""Reason"":3}"
43780156,"{""Old"":373300,""New"":373310,""Reason"":3}"
43780156,"{""Old"":377779,""New"":377799,""Reason"":3}"
43780156,"{""Old"":364288,""New"":364290,""Reason"":3}"
43780156,"{""Old"":367174,""New"":367184,""Reason"":3}"
43780156,"{""Old"":367591,""New"":367593,""Reason"":3}"
43780156,"{""Old"":367577,""New"":367579,""Reason"":3}"
43780156,"{""Old"":372835,""New"":372855,""Reason"":3}"
43780156,"{""Old"":373840,""New"":373844,""Reason"":3}"
43780156,"{""Old"":376443,""New"":376453,""Reason"":3}"
43780156,"{""Old"":377175,""New"":377185,""Reason"":3}"
43780156,"{""Old"":378271,""New"":378281,""Reason"":3}"
43780156,"{""Old"":378505,""New"":378515,""Reason"":3}"
43780156,"{""Old"":378565,""New"":378575,""Reason"":3}"
43780156,"{""Old"":378735,""New"":378745,""Reason"":3}"
43780156,"{""Old"":365007,""New"":365017,""Reason"":3}"
43780156,"{""Old"":365147,""New"":365157,""Reason"":3}"
43780156,"{""Old"":365429,""New"":365439,""Reason"":3}"
43780156,"{""Old"":367373,""New"":367375,""Reason"":3}"
43780156,"{""Old"":369117,""New"":369147,""Reason"":3}"
43780156,"{""Old"":370498,""New"":370508,""Reason"":3}"
43780156,"{""Old"":370608,""New"":370638,""Reason"":3}"
43780156,"{""Old"":371656,""New"":371686,""Reason"":3}"
43780156,"{""Old"":372630,""New"":372680,""Reason"":3}"
43780156,"{""Old"":372790,""New"":372810,""Reason"":3}"
43780156,"{""Old"":374279,""New"":374289,""Reason"":3}"
43780156,"{""Old"":378199,""New"":378209,""Reason"":3}"
43780156,"{""Old"":378189,""New"":378199,""Reason"":3}"
43780156,"{""Old"":360508,""New"":360518,""Reason"":3}"
43780156,"{""Old"":362434,""New"":362444,""Reason"":3}"
43780156,"{""Old"":363108,""New"":363128,""Reason"":3}"
43780156,"{""Old"":363028,""New"":363038,""Reason"":3}"
43780156,"{""Old"":363428,""New"":363438,""Reason"":3}"
43780156,"{""Old"":368906,""New"":368926,""Reason"":3}"
43780156,"{""Old"":374559,""New"":374569,""Reason"":3}"
43780156,"{""Old"":375391,""New"":375401,""Reason"":3}"
43780156,"{""Old"":375938,""New"":375978,""Reason"":3}"
43780156,"{""Old"":378129,""New"":378139,""Reason"":3}"
41460338,"{""Old"":72776,""New"":72786,""Reason"":3}"
32918875,"{""Old"":1024,""New"":1026,""Reason"":3}"
42730586,"{""Old"":6826,""New"":6828,""Reason"":3}"
42730586,"{""Old"":6830,""New"":6832,""Reason"":3}"
3068897,"{""Old"":1192,""New"":1194,""Reason"":3}"
3068897,"{""Old"":1182,""New"":1192,""Reason"":3}"
43780156,"{""Old"":362284,""New"":362304,""Reason"":3}"
43780156,"{""Old"":362414,""New"":362434,""Reason"":3}"
43780156,"{""Old"":360040,""New"":360050,""Reason"":3}"
43780156,"{""Old"":361450,""New"":361460,""Reason"":3}"
43780156,"{""Old"":362998,""New"":363008,""Reason"":3}"
43780156,"{""Old"":367628,""New"":367632,""Reason"":3}"
43780156,"{""Old"":371646,""New"":371656,""Reason"":3}"
43780156,"{""Old"":373660,""New"":373670,""Reason"":3}"
43780156,"{""Old"":375266,""New"":375276,""Reason"":3}"
43780156,"{""Old"":376173,""New"":376213,""Reason"":3}"
43780156,"{""Old"":378815,""New"":378845,""Reason"":3}"
23748897,"{""Old"":6467,""New"":6469,""Reason"":3}"
46662749,"{""Old"":4624,""New"":4626,""Reason"":3}"
23748897,"{""Old"":6437,""New"":6447,""Reason"":3}"
43780156,"{""Old"":363148,""New"":363158,""Reason"":3}"
43780156,"{""Old"":369991,""New"":370011,""Reason"":3}"
43780156,"{""Old"":371202,""New"":371232,""Reason"":3}"
43780156,"{""Old"":371476,""New"":371486,""Reason"":3}"
43780156,"{""Old"":375011,""New"":375021,""Reason"":3}"
43780156,"{""Old"":375311,""New"":375331,""Reason"":3}"
43780156,"{""Old"":362064,""New"":362074,""Reason"":3}"
43780156,"{""Old"":362454,""New"":362474,""Reason"":3}"
43780156,"{""Old"":365359,""New"":365379,""Reason"":3}"
43780156,"{""Old"":367172,""New"":367174,""Reason"":3}"
43780156,"{""Old"":367162,""New"":367172,""Reason"":3}"
43780156,"{""Old"":372348,""New"":372358,""Reason"":3}"
43780156,"{""Old"":376933,""New"":376973,""Reason"":3}"
43780156,"{""Old"":377585,""New"":377595,""Reason"":3}"
43780156,"{""Old"":378049,""New"":378069,""Reason"":3}"
43780156,"{""Old"":378535,""New"":378545,""Reason"":3}"
43780156,"{""Old"":360020,""New"":360040,""Reason"":3}"
43780156,"{""Old"":360190,""New"":360200,""Reason"":3}"
43780156,"{""Old"":360660,""New"":360670,""Reason"":3}"
43780156,"{""Old"":360966,""New"":360976,""Reason"":3}"
43780156,"{""Old"":365419,""New"":365429,""Reason"":3}"
43780156,"{""Old"":370072,""New"":370082,""Reason"":3}"
43780156,"{""Old"":370710,""New"":370720,""Reason"":3}"
43780156,"{""Old"":371356,""New"":371366,""Reason"":3}"
43780156,"{""Old"":372595,""New"":372605,""Reason"":3}"
43780156,"{""Old"":374324,""New"":374344,""Reason"":3}"
43780156,"{""Old"":376523,""New"":376533,""Reason"":3}"
43780156,"{""Old"":376843,""New"":376863,""Reason"":3}"
43780156,"{""Old"":377535,""New"":377545,""Reason"":3}"
43780156,"{""Old"":378069,""New"":378079,""Reason"":3}"
43780156,"{""Old"":378259,""New"":378261,""Reason"":3}"
43780156,"{""Old"":360844,""New"":360854,""Reason"":3}"
43780156,"{""Old"":360986,""New"":360996,""Reason"":3}"
43780156,"{""Old"":361480,""New"":361490,""Reason"":3}"
43780156,"{""Old"":364350,""New"":364360,""Reason"":3}"
43780156,"{""Old"":367657,""New"":367659,""Reason"":3}"
43780156,"{""Old"":370209,""New"":370219,""Reason"":3}"
43780156,"{""Old"":370830,""New"":370832,""Reason"":3}"
43780156,"{""Old"":371262,""New"":371272,""Reason"":3}"
43780156,"{""Old"":371152,""New"":371162,""Reason"":3}"
43780156,"{""Old"":360332,""New"":360342,""Reason"":3}"
43780156,"{""Old"":361260,""New"":361280,""Reason"":3}"
43780156,"{""Old"":362598,""New"":362608,""Reason"":3}"
43780156,"{""Old"":364565,""New"":364575,""Reason"":3}"
43780156,"{""Old"":367484,""New"":367488,""Reason"":3}"
43780156,"{""Old"":368380,""New"":368390,""Reason"":3}"
43780156,"{""Old"":377627,""New"":377637,""Reason"":3}"
43780156,"{""Old"":378291,""New"":378301,""Reason"":3}"
43780156,"{""Old"":361200,""New"":361210,""Reason"":3}"
43780156,"{""Old"":361460,""New"":361480,""Reason"":3}"
43780156,"{""Old"":362054,""New"":362064,""Reason"":3}"
43780156,"{""Old"":363078,""New"":363088,""Reason"":3}"
43780156,"{""Old"":367098,""New"":367108,""Reason"":3}"
43780156,"{""Old"":368323,""New"":368343,""Reason"":3}"
43780156,"{""Old"":368896,""New"":368906,""Reason"":3}"
43780156,"{""Old"":369157,""New"":369197,""Reason"":3}"
43780156,"{""Old"":371978,""New"":371998,""Reason"":3}"
43780156,"{""Old"":373375,""New"":373395,""Reason"":3}"
43780156,"{""Old"":360322,""New"":360332,""Reason"":3}"
43780156,"{""Old"":362194,""New"":362204,""Reason"":3}"
43780156,"{""Old"":362404,""New"":362414,""Reason"":3}"
43780156,"{""Old"":364745,""New"":364755,""Reason"":3}"
43780156,"{""Old"":366564,""New"":366566,""Reason"":3}"
43780156,"{""Old"":367416,""New"":367426,""Reason"":3}"
43780156,"{""Old"":369756,""New"":369766,""Reason"":3}"
43780156,"{""Old"":370488,""New"":370498,""Reason"":3}"
43780156,"{""Old"":370678,""New"":370688,""Reason"":3}"
43780156,"{""Old"":371102,""New"":371122,""Reason"":3}"
43780156,"{""Old"":375793,""New"":375813,""Reason"":3}"
43780156,"{""Old"":375623,""New"":375653,""Reason"":3}"
43780156,"{""Old"":360548,""New"":360558,""Reason"":3}"
43780156,"{""Old"":360934,""New"":360944,""Reason"":3}"
43780156,"{""Old"":361320,""New"":361330,""Reason"":3}"
43780156,"{""Old"":361640,""New"":361642,""Reason"":3}"
43780156,"{""Old"":361692,""New"":361702,""Reason"":3}"
43780156,"{""Old"":361904,""New"":361914,""Reason"":3}"
19281885,"{""Old"":1215,""New"":1217,""Reason"":3}"
43780156,"{""Old"":360282,""New"":360292,""Reason"":3}"
43780156,"{""Old"":360894,""New"":360904,""Reason"":3}"
43780156,"{""Old"":363058,""New"":363068,""Reason"":3}"
43780156,"{""Old"":366916,""New"":366918,""Reason"":3}"
43780156,"{""Old"":371636,""New"":371646,""Reason"":3}"
43780156,"{""Old"":373989,""New"":373999,""Reason"":3}"
43780156,"{""Old"":374679,""New"":374689,""Reason"":3}"
43780156,"{""Old"":377999,""New"":378009,""Reason"":3}"
32918875,"{""Old"":1037,""New"":1039,""Reason"":3}"
3068897,"{""Old"":1169,""New"":1171,""Reason"":3}"
32918875,"{""Old"":988,""New"":990,""Reason"":3}"
52652477,"{""Old"":334,""New"":336,""Reason"":3}"
52652477,"{""Old"":264,""New"":274,""Reason"":3}"
43780156,"{""Old"":360944,""New"":360954,""Reason"":3}"
43780156,"{""Old"":361712,""New"":361722,""Reason"":3}"
43780156,"{""Old"":361894,""New"":361904,""Reason"":3}"
43780156,"{""Old"":362578,""New"":362588,""Reason"":3}"
43780156,"{""Old"":362838,""New"":362848,""Reason"":3}"
43780156,"{""Old"":363158,""New"":363168,""Reason"":3}"
43780156,"{""Old"":363823,""New"":363833,""Reason"":3}"
43780156,"{""Old"":368231,""New"":368241,""Reason"":3}"
43780156,"{""Old"":377235,""New"":377255,""Reason"":3}"
43780156,"{""Old"":377879,""New"":377909,""Reason"":3}"
43780156,"{""Old"":372770,""New"":372790,""Reason"":3}"
43780156,"{""Old"":378381,""New"":378391,""Reason"":3}"
43780156,"{""Old"":360874,""New"":360884,""Reason"":3}"
43780156,"{""Old"":362988,""New"":362998,""Reason"":3}"
43780156,"{""Old"":364935,""New"":364945,""Reason"":3}"
43780156,"{""Old"":369262,""New"":369264,""Reason"":3}"
43780156,"{""Old"":371272,""New"":371282,""Reason"":3}"
43780156,"{""Old"":373135,""New"":373145,""Reason"":3}"
43780156,"{""Old"":377255,""New"":377265,""Reason"":3}"
43780156,"{""Old"":360528,""New"":360538,""Reason"":3}"
43780156,"{""Old"":361520,""New"":361530,""Reason"":3}"
43780156,"{""Old"":362174,""New"":362194,""Reason"":3}"
43780156,"{""Old"":362526,""New"":362528,""Reason"":3}"
43780156,"{""Old"":362648,""New"":362658,""Reason"":3}"
43780156,"{""Old"":364610,""New"":364630,""Reason"":3}"
43780156,"{""Old"":368517,""New"":368527,""Reason"":3}"
43780156,"{""Old"":374344,""New"":374384,""Reason"":3}"
43780156,"{""Old"":374879,""New"":374889,""Reason"":3}"
43780156,"{""Old"":375546,""New"":375548,""Reason"":3}"
43780156,"{""Old"":375908,""New"":375918,""Reason"":3}"
43780156,"{""Old"":377475,""New"":377485,""Reason"":3}"
43780156,"{""Old"":363048,""New"":363058,""Reason"":3}"
43780156,"{""Old"":363288,""New"":363298,""Reason"":3}"
43780156,"{""Old"":372970,""New"":372980,""Reason"":3}"
43780156,"{""Old"":375748,""New"":375768,""Reason"":3}"
43780156,"{""Old"":376278,""New"":376298,""Reason"":3}"
43780156,"{""Old"":376713,""New"":376743,""Reason"":3}"
19281885,"{""Old"":1254,""New"":1256,""Reason"":3}"
24720485,"{""Old"":204,""New"":206,""Reason"":3}"
19281885,"{""Old"":1232,""New"":1234,""Reason"":3}"
43780156,"{""Old"":360732,""New"":360752,""Reason"":3}"
43780156,"{""Old"":362104,""New"":362114,""Reason"":3}"
43780156,"{""Old"":362748,""New"":362768,""Reason"":3}"
43780156,"{""Old"":360914,""New"":360934,""Reason"":3}"
43780156,"{""Old"":361210,""New"":361220,""Reason"":3}"
43780156,"{""Old"":361782,""New"":361792,""Reason"":3}"
43780156,"{""Old"":362444,""New"":362454,""Reason"":3}"
43780156,"{""Old"":362494,""New"":362504,""Reason"":3}"
43780156,"{""Old"":363218,""New"":363228,""Reason"":3}"
43780156,"{""Old"":364955,""New"":364957,""Reason"":3}"
43780156,"{""Old"":369886,""New"":369888,""Reason"":3}"
43780156,"{""Old"":370148,""New"":370168,""Reason"":3}"
43780156,"{""Old"":371851,""New"":371861,""Reason"":3}"
43780156,"{""Old"":374419,""New"":374439,""Reason"":3}"
43780156,"{""Old"":377869,""New"":377879,""Reason"":3}"
43780156,"{""Old"":378483,""New"":378485,""Reason"":3}"
43780156,"{""Old"":363238,""New"":363258,""Reason"":3}"
43780156,"{""Old"":369711,""New"":369721,""Reason"":3}"
43780156,"{""Old"":373540,""New"":373570,""Reason"":3}"
43780156,"{""Old"":374714,""New"":374724,""Reason"":3}"
43780156,"{""Old"":376633,""New"":376653,""Reason"":3}"
43780156,"{""Old"":377485,""New"":377515,""Reason"":3}"
43780156,"{""Old"":378471,""New"":378473,""Reason"":3}"
43780156,"{""Old"":361220,""New"":361230,""Reason"":3}"
43780156,"{""Old"":361824,""New"":361844,""Reason"":3}"
43780156,"{""Old"":361874,""New"":361884,""Reason"":3}"
43780156,"{""Old"":360618,""New"":360628,""Reason"":3}"
43780156,"{""Old"":362204,""New"":362214,""Reason"":3}"
43780156,"{""Old"":362474,""New"":362484,""Reason"":3}"
43780156,"{""Old"":363188,""New"":363218,""Reason"":3}"
43780156,"{""Old"":364900,""New"":364910,""Reason"":3}"
43780156,"{""Old"":368759,""New"":368761,""Reason"":3}"
43780156,"{""Old"":370932,""New"":370952,""Reason"":3}"
43780156,"{""Old"":371082,""New"":371092,""Reason"":3}"
43780156,"{""Old"":375873,""New"":375883,""Reason"":3}"
43780156,"{""Old"":377657,""New"":377667,""Reason"":3}"
43780156,"{""Old"":378431,""New"":378441,""Reason"":3}"
43780156,"{""Old"":361380,""New"":361400,""Reason"":3}"
43780156,"{""Old"":362568,""New"":362578,""Reason"":3}"
43780156,"{""Old"":363098,""New"":363108,""Reason"":3}"
43780156,"{""Old"":368062,""New"":368072,""Reason"":3}"
43780156,"{""Old"":369107,""New"":369117,""Reason"":3}"
43780156,"{""Old"":378545,""New"":378555,""Reason"":3}"
43780156,"{""Old"":378635,""New"":378645,""Reason"":3}"
43996202,"{""Old"":1154,""New"":1156,""Reason"":3}"
32918875,"{""Old"":1007,""New"":1009,""Reason"":3}"
3068897,"{""Old"":1171,""New"":1173,""Reason"":3}"
42730586,"{""Old"":6858,""New"":6860,""Reason"":3}"
42730586,"{""Old"":6864,""New"":6866,""Reason"":3}"
218151732,"{""Old"":9884,""New"":9886,""Reason"":3}"
43780156,"{""Old"":376378,""New"":376398,""Reason"":3}"
43780156,"{""Old"":377225,""New"":377235,""Reason"":3}"
43780156,"{""Old"":360976,""New"":360986,""Reason"":3}"
43780156,"{""Old"":361078,""New"":361088,""Reason"":3}"
43780156,"{""Old"":362124,""New"":362144,""Reason"":3}"
43780156,"{""Old"":368229,""New"":368231,""Reason"":3}"
43780156,"{""Old"":370377,""New"":370387,""Reason"":3}"
43780156,"{""Old"":371242,""New"":371262,""Reason"":3}"
43780156,"{""Old"":362698,""New"":362708,""Reason"":3}"
43780156,"{""Old"":363258,""New"":363268,""Reason"":3}"
43780156,"{""Old"":365077,""New"":365097,""Reason"":3}"
43780156,"{""Old"":365159,""New"":365169,""Reason"":3}"
43780156,"{""Old"":370179,""New"":370189,""Reason"":3}"
43780156,"{""Old"":371182,""New"":371192,""Reason"":3}"
43780156,"{""Old"":371466,""New"":371476,""Reason"":3}"
43780156,"{""Old"":375426,""New"":375436,""Reason"":3}"
43780156,"{""Old"":376343,""New"":376353,""Reason"":3}"
43780156,"{""Old"":377677,""New"":377697,""Reason"":3}"
43780156,"{""Old"":377667,""New"":377677,""Reason"":3}"
43780156,"{""Old"":378555,""New"":378565,""Reason"":3}"
43780156,"{""Old"":378705,""New"":378715,""Reason"":3}"
43780156,"{""Old"":361500,""New"":361510,""Reason"":3}"
43780156,"{""Old"":361884,""New"":361894,""Reason"":3}"
43780156,"{""Old"":361924,""New"":361934,""Reason"":3}"
43780156,"{""Old"":361984,""New"":362004,""Reason"":3}"
43780156,"{""Old"":362888,""New"":362898,""Reason"":3}"
43780156,"{""Old"":363038,""New"":363048,""Reason"":3}"
43780156,"{""Old"":365127,""New"":365137,""Reason"":3}"
43780156,"{""Old"":365239,""New"":365249,""Reason"":3}"
43780156,"{""Old"":371591,""New"":371611,""Reason"":3}"
43780156,"{""Old"":372173,""New"":372183,""Reason"":3}"
43780156,"{""Old"":372098,""New"":372108,""Reason"":3}"
43780156,"{""Old"":373090,""New"":373100,""Reason"":3}"
43780156,"{""Old"":374314,""New"":374324,""Reason"":3}"
217999962,"{""Old"":264,""New"":266,""Reason"":3}"
19281885,"{""Old"":1252,""New"":1254,""Reason"":3}"
218151732,"{""Old"":9888,""New"":9890,""Reason"":3}"
42730586,"{""Old"":6894,""New"":6896,""Reason"":3}"
3068897,"{""Old"":1180,""New"":1182,""Reason"":3}"
43780156,"{""Old"":361794,""New"":361804,""Reason"":3}"
43780156,"{""Old"":374159,""New"":374169,""Reason"":3}"
43780156,"{""Old"":375246,""New"":375256,""Reason"":3}"
43780156,"{""Old"":378391,""New"":378401,""Reason"":3}"
43780156,"{""Old"":372960,""New"":372970,""Reason"":3}"
43780156,"{""Old"":374634,""New"":374654,""Reason"":3}"
43780156,"{""Old"":374991,""New"":375011,""Reason"":3}"
43780156,"{""Old"":375683,""New"":375703,""Reason"":3}"
43780156,"{""Old"":376863,""New"":376883,""Reason"":3}"
43780156,"{""Old"":377799,""New"":377849,""Reason"":3}"
43780156,"{""Old"":378665,""New"":378685,""Reason"":3}"
43780156,"{""Old"":378885,""New"":378895,""Reason"":3}"
43780156,"{""Old"":360558,""New"":360568,""Reason"":3}"
43780156,"{""Old"":361190,""New"":361200,""Reason"":3}"
43780156,"{""Old"":361814,""New"":361824,""Reason"":3}"
43780156,"{""Old"":362004,""New"":362014,""Reason"":3}"
43780156,"{""Old"":364665,""New"":364675,""Reason"":3}"
43780156,"{""Old"":367513,""New"":367515,""Reason"":3}"
43780156,"{""Old"":367659,""New"":367661,""Reason"":3}"
43780156,"{""Old"":368587,""New"":368597,""Reason"":3}"
43780156,"{""Old"":370327,""New"":370347,""Reason"":3}"
43780156,"{""Old"":370912,""New"":370922,""Reason"":3}"
43780156,"{""Old"":371746,""New"":371756,""Reason"":3}"
43780156,"{""Old"":374104,""New"":374114,""Reason"":3}"
43780156,"{""Old"":375211,""New"":375221,""Reason"":3}"
43780156,"{""Old"":375481,""New"":375501,""Reason"":3}"
43780156,"{""Old"":376133,""New"":376143,""Reason"":3}"
43780156,"{""Old"":377729,""New"":377749,""Reason"":3}"
43780156,"{""Old"":360638,""New"":360640,""Reason"":3}"
43780156,"{""Old"":361600,""New"":361610,""Reason"":3}"
43780156,"{""Old"":361844,""New"":361854,""Reason"":3}"
43780156,"{""Old"":362164,""New"":362174,""Reason"":3}"
43780156,"{""Old"":362214,""New"":362224,""Reason"":3}"
43780156,"{""Old"":368303,""New"":368323,""Reason"":3}"
43780156,"{""Old"":370832,""New"":370842,""Reason"":3}"
43780156,"{""Old"":372760,""New"":372770,""Reason"":3}"
43780156,"{""Old"":375558,""New"":375578,""Reason"":3}"
43780156,"{""Old"":378079,""New"":378099,""Reason"":3}"
43780156,"{""Old"":378755,""New"":378775,""Reason"":3}"
43780156,"{""Old"":360722,""New"":360732,""Reason"":3}"
43780156,"{""Old"":361590,""New"":361600,""Reason"":3}"
43780156,"{""Old"":368826,""New"":368836,""Reason"":3}"
43780156,"{""Old"":370820,""New"":370830,""Reason"":3}"
43780156,"{""Old"":361088,""New"":361098,""Reason"":3}"
43780156,"{""Old"":361772,""New"":361782,""Reason"":3}"
43780156,"{""Old"":362738,""New"":362748,""Reason"":3}"
43780156,"{""Old"":365259,""New"":365269,""Reason"":3}"
43780156,"{""Old"":367886,""New"":367888,""Reason"":3}"
43780156,"{""Old"":371551,""New"":371571,""Reason"":3}"
43780156,"{""Old"":377697,""New"":377707,""Reason"":3}"
42730586,"{""Old"":6890,""New"":6892,""Reason"":3}"
42730586,"{""Old"":6888,""New"":6890,""Reason"":3}"
42730586,"{""Old"":6908,""New"":6912,""Reason"":3}"
42730586,"{""Old"":6860,""New"":6862,""Reason"":3}"
19281885,"{""Old"":1240,""New"":1242,""Reason"":3}"
19281885,"{""Old"":1276,""New"":1278,""Reason"":3}"
19281885,"{""Old"":1249,""New"":1251,""Reason"":3}"
32918875,"{""Old"":1022,""New"":1024,""Reason"":3}"
52652477,"{""Old"":309,""New"":311,""Reason"":3}"
43780156,"{""Old"":360568,""New"":360578,""Reason"":3}"
43780156,"{""Old"":360964,""New"":360966,""Reason"":3}"
43780156,"{""Old"":361310,""New"":361320,""Reason"":3}"
43780156,"{""Old"":364987,""New"":364997,""Reason"":3}"
43780156,"{""Old"":371346,""New"":371356,""Reason"":3}"
43780156,"{""Old"":376213,""New"":376223,""Reason"":3}"
43780156,"{""Old"":377515,""New"":377525,""Reason"":3}"
43780156,"{""Old"":378331,""New"":378341,""Reason"":3}"
43780156,"{""Old"":377315,""New"":377335,""Reason"":3}"
43780156,"{""Old"":378169,""New"":378179,""Reason"":3}"
43780156,"{""Old"":360180,""New"":360190,""Reason"":3}"
43780156,"{""Old"":361330,""New"":361340,""Reason"":3}"
43780156,"{""Old"":361934,""New"":361944,""Reason"":3}"
43780156,"{""Old"":364700,""New"":364710,""Reason"":3}"
43780156,"{""Old"":369222,""New"":369232,""Reason"":3}"
43780156,"{""Old"":369454,""New"":369484,""Reason"":3}"
43780156,"{""Old"":371172,""New"":371182,""Reason"":3}"
43780156,"{""Old"":371816,""New"":371826,""Reason"":3}"
43780156,"{""Old"":361580,""New"":361590,""Reason"":3}"
43780156,"{""Old"":362254,""New"":362264,""Reason"":3}"
43780156,"{""Old"":362808,""New"":362828,""Reason"":3}"
43780156,"{""Old"":367851,""New"":367861,""Reason"":3}"
43780156,"{""Old"":370241,""New"":370271,""Reason"":3}"
43780156,"{""Old"":371022,""New"":371032,""Reason"":3}"
43780156,"{""Old"":372538,""New"":372540,""Reason"":3}"
43780156,"{""Old"":375673,""New"":375683,""Reason"":3}"
43780156,"{""Old"":361560,""New"":361570,""Reason"":3}"
43780156,"{""Old"":362014,""New"":362024,""Reason"":3}"
43780156,"{""Old"":367135,""New"":367137,""Reason"":3}"
43780156,"{""Old"":370112,""New"":370132,""Reason"":3}"
43780156,"{""Old"":371326,""New"":371336,""Reason"":3}"
43780156,"{""Old"":376143,""New"":376173,""Reason"":3}"
43780156,"{""Old"":375928,""New"":375938,""Reason"":3}"
43780156,"{""Old"":374204,""New"":374214,""Reason"":3}"
43780156,"{""Old"":374759,""New"":374769,""Reason"":3}"
43780156,"{""Old"":378281,""New"":378291,""Reason"":3}"
43780156,"{""Old"":360302,""New"":360322,""Reason"":3}"
43780156,"{""Old"":360904,""New"":360914,""Reason"":3}"
43780156,"{""Old"":362094,""New"":362104,""Reason"":3}"
43780156,"{""Old"":362354,""New"":362374,""Reason"":3}"
43780156,"{""Old"":363858,""New"":363868,""Reason"":3}"
43780156,"{""Old"":364435,""New"":364445,""Reason"":3}"
43780156,"{""Old"":367321,""New"":367323,""Reason"":3}"
43780156,"{""Old"":368134,""New"":368154,""Reason"":3}"
43780156,"{""Old"":370982,""New"":370992,""Reason"":3}"
43780156,"{""Old"":360578,""New"":360588,""Reason"":3}"
43780156,"{""Old"":361864,""New"":361874,""Reason"":3}"
43780156,"{""Old"":362154,""New"":362164,""Reason"":3}"
43780156,"{""Old"":362144,""New"":362154,""Reason"":3}"
43780156,"{""Old"":363068,""New"":363078,""Reason"":3}"
43780156,"{""Old"":369001,""New"":369005,""Reason"":3}"
43780156,"{""Old"":369596,""New"":369626,""Reason"":3}"
43780156,"{""Old"":374849,""New"":374869,""Reason"":3}"
43780156,"{""Old"":376883,""New"":376893,""Reason"":3}"
43780156,"{""Old"":377455,""New"":377475,""Reason"":3}"
43780156,"{""Old"":378039,""New"":378049,""Reason"":3}"
43780156,"{""Old"":374804,""New"":374814,""Reason"":3}"
43780156,"{""Old"":377375,""New"":377385,""Reason"":3}"
43780156,"{""Old"":360854,""New"":360874,""Reason"":3}"
43780156,"{""Old"":363008,""New"":363018,""Reason"":3}"
43780156,"{""Old"":363138,""New"":363148,""Reason"":3}"
43780156,"{""Old"":364340,""New"":364350,""Reason"":3}"
43780156,"{""Old"":367540,""New"":367550,""Reason"":3}"
43780156,"{""Old"":368343,""New"":368345,""Reason"":3}"
43780156,"{""Old"":368552,""New"":368562,""Reason"":3}"
19281885,"{""Old"":1195,""New"":1197,""Reason"":3}"
24720485,"{""Old"":208,""New"":210,""Reason"":3}"
42730586,"{""Old"":6836,""New"":6838,""Reason"":3}"
42730586,"{""Old"":6892,""New"":6894,""Reason"":3}"
42730586,"{""Old"":6814,""New"":6824,""Reason"":3}"
84449393,"{""Old"":770,""New"":772,""Reason"":3}"
52652477,"{""Old"":342,""New"":344,""Reason"":3}"
19281885,"{""Old"":1280,""New"":1282,""Reason"":3}"
81827083,"{""Old"":38500,""New"":38502,""Reason"":3}"
43780156,"{""Old"":374024,""New"":374044,""Reason"":3}"
43780156,"{""Old"":360670,""New"":360680,""Reason"":3}"
43780156,"{""Old"":362114,""New"":362124,""Reason"":3}"
43780156,"{""Old"":362538,""New"":362548,""Reason"":3}"
43780156,"{""Old"":363513,""New"":363523,""Reason"":3}"
43780156,"{""Old"":365209,""New"":365219,""Reason"":3}"
43780156,"{""Old"":367040,""New"":367042,""Reason"":3}"
43780156,"{""Old"":371072,""New"":371082,""Reason"":3}"
43780156,"{""Old"":374249,""New"":374259,""Reason"":3}"
43780156,"{""Old"":374839,""New"":374849,""Reason"":3}"
43780156,"{""Old"":376098,""New"":376108,""Reason"":3}"
43780156,"{""Old"":378249,""New"":378259,""Reason"":3}"
43780156,"{""Old"":360352,""New"":360508,""Reason"":3}"
43780156,"{""Old"":362024,""New"":362034,""Reason"":3}"
43780156,"{""Old"":365319,""New"":365329,""Reason"":3}"
43780156,"{""Old"":368704,""New"":368714,""Reason"":3}"
43780156,"{""Old"":369030,""New"":369040,""Reason"":3}"
43780156,"{""Old"":370199,""New"":370209,""Reason"":3}"
43780156,"{""Old"":370690,""New"":370710,""Reason"":3}"
43780156,"{""Old"":371284,""New"":371294,""Reason"":3}"
43780156,"{""Old"":371896,""New"":371906,""Reason"":3}"
43780156,"{""Old"":372078,""New"":372098,""Reason"":3}"
42730586,"{""Old"":6884,""New"":6886,""Reason"":3}"
42730586,"{""Old"":6870,""New"":6872,""Reason"":3}"
46662749,"{""Old"":4626,""New"":4628,""Reason"":3}"
52652477,"{""Old"":338,""New"":340,""Reason"":3}"
32918875,"{""Old"":979,""New"":981,""Reason"":3}"
19281885,"{""Old"":1234,""New"":1236,""Reason"":3}"
42730586,"{""Old"":6886,""New"":6888,""Reason"":3}"
212905041,"{""Old"":950,""New"":960,""Reason"":3}"
19281885,"{""Old"":1221,""New"":1223,""Reason"":3}"
19281885,"{""Old"":1236,""New"":1238,""Reason"":3}"
39479328,"{""Old"":619,""New"":621,""Reason"":3}"
42730586,"{""Old"":6868,""New"":6870,""Reason"":3}"
42730586,"{""Old"":6880,""New"":6882,""Reason"":3}"
42730586,"{""Old"":6850,""New"":6852,""Reason"":3}"
42730586,"{""Old"":6906,""New"":6908,""Reason"":3}"
43780156,"{""Old"":362858,""New"":362868,""Reason"":3}"
43780156,"{""Old"":365057,""New"":365077,""Reason"":3}"
43780156,"{""Old"":367414,""New"":367416,""Reason"":3}"
43780156,"{""Old"":370347,""New"":370377,""Reason"":3}"
43780156,"{""Old"":371122,""New"":371132,""Reason"":3}"
43780156,"{""Old"":371032,""New"":371052,""Reason"":3}"
43780156,"{""Old"":372133,""New"":372173,""Reason"":3}"
43780156,"{""Old"":373735,""New"":373775,""Reason"":3}"
43780156,"{""Old"":378725,""New"":378735,""Reason"":3}"
43780156,"{""Old"":378795,""New"":378805,""Reason"":3}"
43780156,"{""Old"":360834,""New"":360844,""Reason"":3}"
43780156,"{""Old"":362514,""New"":362516,""Reason"":3}"
43780156,"{""Old"":365309,""New"":365319,""Reason"":3}"
43780156,"{""Old"":367661,""New"":367671,""Reason"":3}"
43780156,"{""Old"":369379,""New"":369419,""Reason"":3}"
43780156,"{""Old"":370668,""New"":370678,""Reason"":3}"
43780156,"{""Old"":372575,""New"":372595,""Reason"":3}"
43780156,"{""Old"":373969,""New"":373989,""Reason"":3}"
43780156,"{""Old"":375436,""New"":375456,""Reason"":3}"
43780156,"{""Old"":375653,""New"":375673,""Reason"":3}"
43780156,"{""Old"":376975,""New"":377025,""Reason"":3}"
43780156,"{""Old"":378615,""New"":378625,""Reason"":3}"
43780156,"{""Old"":372925,""New"":372935,""Reason"":3}"
43780156,"{""Old"":376078,""New"":376098,""Reason"":3}"
43780156,"{""Old"":377749,""New"":377759,""Reason"":3}"
43780156,"{""Old"":378775,""New"":378785,""Reason"":3}"
43780156,"{""Old"":378845,""New"":378855,""Reason"":3}"
43780156,"{""Old"":360130,""New"":360140,""Reason"":3}"
43780156,"{""Old"":362728,""New"":362738,""Reason"":3}"
43780156,"{""Old"":368154,""New"":368174,""Reason"":3}"
43780156,"{""Old"":368097,""New"":368099,""Reason"":3}"
43780156,"{""Old"":369889,""New"":369909,""Reason"":3}"
43780156,"{""Old"":371282,""New"":371284,""Reason"":3}"
43780156,"{""Old"":360160,""New"":360170,""Reason"":3}"
43780156,"{""Old"":370102,""New"":370112,""Reason"":3}"
43780156,"{""Old"":370168,""New"":370178,""Reason"":3}"
43780156,"{""Old"":371486,""New"":371506,""Reason"":3}"
43780156,"{""Old"":372208,""New"":372228,""Reason"":3}"
43780156,"{""Old"":373440,""New"":373470,""Reason"":3}"
43780156,"{""Old"":378441,""New"":378451,""Reason"":3}"
43780156,"{""Old"":361048,""New"":361058,""Reason"":3}"
43780156,"{""Old"":361180,""New"":361190,""Reason"":3}"
43780156,"{""Old"":361440,""New"":361450,""Reason"":3}"
43780156,"{""Old"":372068,""New"":372078,""Reason"":3}"
43780156,"{""Old"":377637,""New"":377657,""Reason"":3}"
43780156,"{""Old"":377759,""New"":377769,""Reason"":3}"
19281885,"{""Old"":1191,""New"":1193,""Reason"":3}"
3068897,"{""Old"":1158,""New"":1168,""Reason"":3}"
19281885,"{""Old"":1225,""New"":1229,""Reason"":3}"
43780156,"{""Old"":361974,""New"":361984,""Reason"":3}"
43780156,"{""Old"":368861,""New"":368871,""Reason"":3}"
43780156,"{""Old"":370418,""New"":370448,""Reason"":3}"
43780156,"{""Old"":372248,""New"":372258,""Reason"":3}"
43780156,"{""Old"":375918,""New"":375928,""Reason"":3}"
43780156,"{""Old"":377335,""New"":377365,""Reason"":3}"
43780156,"{""Old"":377435,""New"":377455,""Reason"":3}"
43780156,"{""Old"":378179,""New"":378189,""Reason"":3}"
43780156,"{""Old"":359930,""New"":359950,""Reason"":3}"
43780156,"{""Old"":360680,""New"":360690,""Reason"":3}"
43780156,"{""Old"":361944,""New"":361954,""Reason"":3}"
43780156,"{""Old"":364575,""New"":364585,""Reason"":3}"
43780156,"{""Old"":369369,""New"":369379,""Reason"":3}"
43780156,"{""Old"":369811,""New"":369821,""Reason"":3}"
43780156,"{""Old"":370558,""New"":370588,""Reason"":3}"
43780156,"{""Old"":371391,""New"":371401,""Reason"":3}"
43780156,"{""Old"":376533,""New"":376543,""Reason"":3}"
43780156,"{""Old"":377405,""New"":377425,""Reason"":3}"
43780156,"{""Old"":378009,""New"":378019,""Reason"":3}"
43780156,"{""Old"":377989,""New"":377999,""Reason"":3}"
43780156,"{""Old"":378239,""New"":378249,""Reason"":3}"
43780156,"{""Old"":378321,""New"":378331,""Reason"":3}"
43780156,"{""Old"":374069,""New"":374079,""Reason"":3}"
43780156,"{""Old"":377185,""New"":377205,""Reason"":3}"
43780156,"{""Old"":360150,""New"":360160,""Reason"":3}"
43780156,"{""Old"":361018,""New"":361028,""Reason"":3}"
43780156,"{""Old"":362074,""New"":362084,""Reason"":3}"
43780156,"{""Old"":362314,""New"":362324,""Reason"":3}"
43780156,"{""Old"":362848,""New"":362858,""Reason"":3}"
43780156,"{""Old"":364545,""New"":364555,""Reason"":3}"
43780156,"{""Old"":364967,""New"":364987,""Reason"":3}"
43780156,"{""Old"":365269,""New"":365279,""Reason"":3}"
43780156,"{""Old"":367184,""New"":367186,""Reason"":3}"
43780156,"{""Old"":367455,""New"":367457,""Reason"":3}"
43780156,"{""Old"":367426,""New"":367428,""Reason"":3}"
43780156,"{""Old"":369939,""New"":369969,""Reason"":3}"
32918875,"{""Old"":864,""New"":866,""Reason"":3}"
32918875,"{""Old"":960,""New"":962,""Reason"":3}"
52652477,"{""Old"":340,""New"":342,""Reason"":3}"
32918875,"{""Old"":933,""New"":935,""Reason"":3}"
32918875,"{""Old"":1172,""New"":1174,""Reason"":3}"
32918875,"{""Old"":1206,""New"":1208,""Reason"":3}"
32918875,"{""Old"":1221,""New"":1231,""Reason"":3}"
32918875,"{""Old"":1115,""New"":1117,""Reason"":3}"
32918875,"{""Old"":1093,""New"":1095,""Reason"":3}"
32918875,"{""Old"":977,""New"":979,""Reason"":3}"
32918875,"{""Old"":964,""New"":968,""Reason"":3}"
42730586,"{""Old"":6862,""New"":6864,""Reason"":3}"
43780156,"{""Old"":360720,""New"":360722,""Reason"":3}"
43780156,"{""Old"":360762,""New"":360764,""Reason"":3}"
43780156,"{""Old"":363278,""New"":363288,""Reason"":3}"
43780156,"{""Old"":364278,""New"":364288,""Reason"":3}"
43780156,"{""Old"":365219,""New"":365229,""Reason"":3}"
43780156,"{""Old"":367579,""New"":367581,""Reason"":3}"
43780156,"{""Old"":370992,""New"":371012,""Reason"":3}"
43780156,"{""Old"":371571,""New"":371591,""Reason"":3}"
43780156,"{""Old"":377045,""New"":377065,""Reason"":3}"
43780156,"{""Old"":377909,""New"":377929,""Reason"":3}"
43780156,"{""Old"":378745,""New"":378755,""Reason"":3}"
43780156,"{""Old"":361954,""New"":361974,""Reason"":3}"
43780156,"{""Old"":362484,""New"":362494,""Reason"":3}"
43780156,"{""Old"":365017,""New"":365027,""Reason"":3}"
43780156,"{""Old"":364957,""New"":364967,""Reason"":3}"
43780156,"{""Old"":370842,""New"":370852,""Reason"":3}"
43780156,"{""Old"":373125,""New"":373135,""Reason"":3}"
43780156,"{""Old"":374124,""New"":374134,""Reason"":3}"
43780156,"{""Old"":375091,""New"":375101,""Reason"":3}"
43780156,"{""Old"":377707,""New"":377709,""Reason"":3}"
43780156,"{""Old"":360272,""New"":360282,""Reason"":3}"
43780156,"{""Old"":360628,""New"":360638,""Reason"":3}"
43780156,"{""Old"":362344,""New"":362354,""Reason"":3}"
43780156,"{""Old"":369681,""New"":369691,""Reason"":3}"
43780156,"{""Old"":370730,""New"":370740,""Reason"":3}"
43780156,"{""Old"":371162,""New"":371172,""Reason"":3}"
43780156,"{""Old"":373170,""New"":373180,""Reason"":3}"
43780156,"{""Old"":378875,""New"":378885,""Reason"":3}"
43780156,"{""Old"":368761,""New"":368771,""Reason"":3}"
43780156,"{""Old"":369232,""New"":369242,""Reason"":3}"
43780156,"{""Old"":370031,""New"":370071,""Reason"":3}"
43780156,"{""Old"":370598,""New"":370608,""Reason"":3}"
43780156,"{""Old"":370282,""New"":370284,""Reason"":3}"
43780156,"{""Old"":374914,""New"":374934,""Reason"":3}"
43780156,"{""Old"":376323,""New"":376343,""Reason"":3}"
43780156,"{""Old"":376893,""New"":376903,""Reason"":3}"
43780156,"{""Old"":378495,""New"":378505,""Reason"":3}"
43780156,"{""Old"":372023,""New"":372043,""Reason"":3}"
43780156,"{""Old"":372715,""New"":372725,""Reason"":3}"
43780156,"{""Old"":374569,""New"":374599,""Reason"":3}"
43780156,"{""Old"":378029,""New"":378039,""Reason"":3}"
43780156,"{""Old"":361350,""New"":361360,""Reason"":3}"
43780156,"{""Old"":361530,""New"":361550,""Reason"":3}"
43780156,"{""Old"":362618,""New"":362638,""Reason"":3}"
43780156,"{""Old"":365329,""New"":365359,""Reason"":3}"
43780156,"{""Old"":368806,""New"":368826,""Reason"":3}"
43780156,"{""Old"":370588,""New"":370598,""Reason"":3}"
43780156,"{""Old"":370810,""New"":370820,""Reason"":3}"
43996202,"{""Old"":1150,""New"":1152,""Reason"":3}"
32918875,"{""Old"":1213,""New"":1215,""Reason"":3}"
43780156,"{""Old"":372383,""New"":372393,""Reason"":3}"
43780156,"{""Old"":360080,""New"":360090,""Reason"":3}"
43780156,"{""Old"":360700,""New"":360720,""Reason"":3}"
43780156,"{""Old"":360954,""New"":360964,""Reason"":3}"
43780156,"{""Old"":361118,""New"":361128,""Reason"":3}"
43780156,"{""Old"":362304,""New"":362314,""Reason"":3}"
43780156,"{""Old"":369980,""New"":369990,""Reason"":3}"
43780156,"{""Old"":370638,""New"":370648,""Reason"":3}"
43780156,"{""Old"":376398,""New"":376418,""Reason"":3}"
43780156,"{""Old"":376778,""New"":376788,""Reason"":3}"
43780156,"{""Old"":377065,""New"":377075,""Reason"":3}"
43780156,"{""Old"":378655,""New"":378665,""Reason"":3}"
43780156,"{""Old"":360050,""New"":360080,""Reason"":3}"
43780156,"{""Old"":361016,""New"":361018,""Reason"":3}"
43780156,"{""Old"":363088,""New"":363098,""Reason"":3}"
43780156,"{""Old"":363578,""New"":363588,""Reason"":3}"
43780156,"{""Old"":365379,""New"":365389,""Reason"":3}"
43780156,"{""Old"":361140,""New"":361160,""Reason"":3}"
43780156,"{""Old"":364193,""New"":364203,""Reason"":3}"
43780156,"{""Old"":369909,""New"":369939,""Reason"":3}"
43780156,"{""Old"":370284,""New"":370294,""Reason"":3}"
43780156,"{""Old"":371951,""New"":371953,""Reason"":3}"
43780156,"{""Old"":375046,""New"":375066,""Reason"":3}"
43780156,"{""Old"":378485,""New"":378495,""Reason"":3}"
43780156,"{""Old"":378895,""New"":378905,""Reason"":3}"
43780156,"{""Old"":370271,""New"":370281,""Reason"":3}"
43780156,"{""Old"":371012,""New"":371022,""Reason"":3}"
19281885,"{""Old"":1247,""New"":1249,""Reason"":3}"
19281885,"{""Old"":1256,""New"":1266,""Reason"":3}"
43780156,"{""Old"":361230,""New"":361240,""Reason"":3}"
43780156,"{""Old"":361610,""New"":361620,""Reason"":3}"
43780156,"{""Old"":362658,""New"":362678,""Reason"":3}"
43780156,"{""Old"":362898,""New"":362908,""Reason"":3}"
43780156,"{""Old"":360752,""New"":360762,""Reason"":3}"
43780156,"{""Old"":360764,""New"":360774,""Reason"":3}"
43780156,"{""Old"":361028,""New"":361038,""Reason"":3}"
43780156,"{""Old"":361170,""New"":361180,""Reason"":3}"
43780156,"{""Old"":364710,""New"":364720,""Reason"":3}"
43780156,"{""Old"":364655,""New"":364665,""Reason"":3}"
43780156,"{""Old"":365409,""New"":365419,""Reason"":3}"
43780156,"{""Old"":370231,""New"":370241,""Reason"":3}"
43780156,"{""Old"":371092,""New"":371102,""Reason"":3}"
43780156,"{""Old"":373055,""New"":373065,""Reason"":3}"
43780156,"{""Old"":373495,""New"":373505,""Reason"":3}"
43780156,"{""Old"":374114,""New"":374124,""Reason"":3}"
43780156,"{""Old"":375156,""New"":375166,""Reason"":3}"
43780156,"{""Old"":377615,""New"":377617,""Reason"":3}"
43780156,"{""Old"":374624,""New"":374634,""Reason"":3}"
43780156,"{""Old"":375501,""New"":375521,""Reason"":3}"
43780156,"{""Old"":378209,""New"":378229,""Reason"":3}"
43780156,"{""Old"":362868,""New"":362878,""Reason"":3}"
43780156,"{""Old"":367746,""New"":367776,""Reason"":3}"
43780156,"{""Old"":368293,""New"":368303,""Reason"":3}"
43780156,"{""Old"":369147,""New"":369157,""Reason"":3}"
43780156,"{""Old"":369551,""New"":369571,""Reason"":3}"
32918875,"{""Old"":915,""New"":917,""Reason"":3}"
43780156,"{""Old"":373310,""New"":373320,""Reason"":3}"
43780156,"{""Old"":373245,""New"":373265,""Reason"":3}"
43780156,"{""Old"":377595,""New"":377615,""Reason"":3}"
43780156,"{""Old"":359960,""New"":359970,""Reason"":3}"
43780156,"{""Old"":360588,""New"":360618,""Reason"":3}"
43780156,"{""Old"":360814,""New"":360824,""Reason"":3}"
43780156,"{""Old"":362224,""New"":362234,""Reason"":3}"
43780156,"{""Old"":367261,""New"":367271,""Reason"":3}"
43780156,"{""Old"":367377,""New"":367379,""Reason"":3}"
43780156,"{""Old"":368462,""New"":368472,""Reason"":3}"
43780156,"{""Old"":370648,""New"":370658,""Reason"":3}"
43780156,"{""Old"":370852,""New"":370872,""Reason"":3}"
43780156,"{""Old"":361300,""New"":361310,""Reason"":3}"
43780156,"{""Old"":363348,""New"":363358,""Reason"":3}"
43780156,"{""Old"":364555,""New"":364565,""Reason"":3}"
43780156,"{""Old"":378261,""New"":378271,""Reason"":3}"
43780156,"{""Old"":361722,""New"":361752,""Reason"":3}"
43780156,"{""Old"":362678,""New"":362688,""Reason"":3}"
43780156,"{""Old"":364780,""New"":364790,""Reason"":3}"
43780156,"{""Old"":374514,""New"":374524,""Reason"":3}"
43780156,"{""Old"":376913,""New"":376933,""Reason"":3}"
43780156,"{""Old"":378341,""New"":378351,""Reason"":3}"
43780156,"{""Old"":372565,""New"":372575,""Reason"":3}"
43780156,"{""Old"":373265,""New"":373275,""Reason"":3}"
43780156,"{""Old"":373869,""New"":373879,""Reason"":3}"
43780156,"{""Old"":376453,""New"":376463,""Reason"":3}"
43780156,"{""Old"":378361,""New"":378371,""Reason"":3}"
43780156,"{""Old"":361340,""New"":361350,""Reason"":3}"
43780156,"{""Old"":361652,""New"":361692,""Reason"":3}"
43780156,"{""Old"":366993,""New"":367003,""Reason"":3}"
43780156,"{""Old"":360110,""New"":360130,""Reason"":3}"
43780156,"{""Old"":359950,""New"":359960,""Reason"":3}"
43780156,"{""Old"":360640,""New"":360660,""Reason"":3}"
43780156,"{""Old"":360690,""New"":360700,""Reason"":3}"
43780156,"{""Old"":361290,""New"":361300,""Reason"":3}"
43780156,"{""Old"":362504,""New"":362514,""Reason"":3}"
43780156,"{""Old"":362688,""New"":362698,""Reason"":3}"
43780156,"{""Old"":370388,""New"":370418,""Reason"":3}"
43780156,"{""Old"":371861,""New"":371871,""Reason"":3}"
43780156,"{""Old"":372463,""New"":372483,""Reason"":3}"
43780156,"{""Old"":373879,""New"":373899,""Reason"":3}"
43780156,"{""Old"":374794,""New"":374804,""Reason"":3}"
43780156,"{""Old"":375728,""New"":375748,""Reason"":3}"
43780156,"{""Old"":376903,""New"":376913,""Reason"":3}"
43780156,"{""Old"":377025,""New"":377045,""Reason"":3}"
43780156,"{""Old"":378019,""New"":378029,""Reason"":3}"
43780156,"{""Old"":362638,""New"":362648,""Reason"":3}"
43780156,"{""Old"":368025,""New"":368035,""Reason"":3}"
43780156,"{""Old"":369484,""New"":369486,""Reason"":3}"
43780156,"{""Old"":370458,""New"":370488,""Reason"":3}"
43780156,"{""Old"":371931,""New"":371941,""Reason"":3}"
43780156,"{""Old"":372228,""New"":372248,""Reason"":3}"
43780156,"{""Old"":377145,""New"":377175,""Reason"":3}"
43780156,"{""Old"":378099,""New"":378109,""Reason"":3}"
43780156,"{""Old"":378229,""New"":378239,""Reason"":3}"
43780156,"{""Old"":360824,""New"":360834,""Reason"":3}"
43780156,"{""Old"":361630,""New"":361640,""Reason"":3}"
43780156,"{""Old"":362558,""New"":362568,""Reason"":3}"
43780156,"{""Old"":363178,""New"":363188,""Reason"":3}"
43780156,"{""Old"":367581,""New"":367591,""Reason"":3}"
43780156,"{""Old"":368199,""New"":368229,""Reason"":3}"
43780156,"{""Old"":369791,""New"":369811,""Reason"":3}"
43780156,"{""Old"":370800,""New"":370810,""Reason"":3}"
43780156,"{""Old"":373640,""New"":373660,""Reason"":3}"
43780156,"{""Old"":378371,""New"":378381,""Reason"":3}"
43780156,"{""Old"":359970,""New"":359990,""Reason"":3}"
43780156,"{""Old"":361410,""New"":361440,""Reason"":3}"
43780156,"{""Old"":361360,""New"":361380,""Reason"":3}"
43780156,"{""Old"":361804,""New"":361814,""Reason"":3}"
43780156,"{""Old"":362708,""New"":362728,""Reason"":3}"
43780156,"{""Old"":362918,""New"":362928,""Reason"":3}"
43780156,"{""Old"":369691,""New"":369711,""Reason"":3}"
43780156,"{""Old"":370892,""New"":370902,""Reason"":3}"
43780156,"{""Old"":371431,""New"":371441,""Reason"":3}"
43780156,"{""Old"":374214,""New"":374224,""Reason"":3}"
43780156,"{""Old"":376033,""New"":376043,""Reason"":3}"
43780156,"{""Old"":377545,""New"":377575,""Reason"":3}"
43780156,"{""Old"":378473,""New"":378483,""Reason"":3}"
42730586,"{""Old"":6852,""New"":6854,""Reason"":3}"
19281885,"{""Old"":1274,""New"":1276,""Reason"":3}"
52652477,"{""Old"":292,""New"":294,""Reason"":3}"
19281885,"{""Old"":1193,""New"":1195,""Reason"":3}"
19281885,"{""Old"":1211,""New"":1213,""Reason"":3}"
32918875,"{""Old"":1138,""New"":1140,""Reason"":3}"
32918875,"{""Old"":1211,""New"":1213,""Reason"":3}"
32918875,"{""Old"":1002,""New"":1004,""Reason"":3}"
43780156,"{""Old"":360140,""New"":360150,""Reason"":3}"
43780156,"{""Old"":360794,""New"":360804,""Reason"":3}"
43780156,"{""Old"":361280,""New"":361290,""Reason"":3}"
43780156,"{""Old"":362234,""New"":362254,""Reason"":3}"
43780156,"{""Old"":362394,""New"":362404,""Reason"":3}"
43780156,"{""Old"":374869,""New"":374879,""Reason"":3}"
43780156,"{""Old"":360230,""New"":360250,""Reason"":3}"
43780156,"{""Old"":362084,""New"":362094,""Reason"":3}"
43780156,"{""Old"":362768,""New"":362778,""Reason"":3}"
43780156,"{""Old"":363738,""New"":363748,""Reason"":3}"
43780156,"{""Old"":367453,""New"":367455,""Reason"":3}"
43780156,"{""Old"":369419,""New"":369429,""Reason"":3}"
43780156,"{""Old"":370189,""New"":370199,""Reason"":3}"
43780156,"{""Old"":371336,""New"":371346,""Reason"":3}"
43780156,"{""Old"":361620,""New"":361630,""Reason"":3}"
43780156,"{""Old"":363383,""New"":363393,""Reason"":3}"
43780156,"{""Old"":365097,""New"":365107,""Reason"":3}"
43780156,"{""Old"":368266,""New"":368268,""Reason"":3}"
43780156,"{""Old"":369846,""New"":369876,""Reason"":3}"
43780156,"{""Old"":370962,""New"":370972,""Reason"":3}"
43780156,"{""Old"":373820,""New"":373840,""Reason"":3}"
43780156,"{""Old"":376588,""New"":376608,""Reason"":3}"
43780156,"{""Old"":377425,""New"":377435,""Reason"":3}"
43780156,"{""Old"":378695,""New"":378705,""Reason"":3}"
43780156,"{""Old"":360996,""New"":361016,""Reason"":3}"
43780156,"{""Old"":374194,""New"":374204,""Reason"":3}"
43780156,"{""Old"":374964,""New"":374966,""Reason"":3}"
43780156,"{""Old"":378855,""New"":378875,""Reason"":3}"
42730586,"{""Old"":6806,""New"":6808,""Reason"":3}"
43780156,"{""Old"":370082,""New"":370102,""Reason"":3}"
43780156,"{""Old"":373899,""New"":373909,""Reason"":3}"
43780156,"{""Old"":373800,""New"":373820,""Reason"":3}"
43780156,"{""Old"":378401,""New"":378411,""Reason"":3}"
43780156,"{""Old"":378595,""New"":378615,""Reason"":3}"
43780156,"{""Old"":372303,""New"":372313,""Reason"":3}"
43780156,"{""Old"":372680,""New"":372690,""Reason"":3}"
43780156,"{""Old"":372518,""New"":372538,""Reason"":3}"
43780156,"{""Old"":376678,""New"":376688,""Reason"":3}"
43780156,"{""Old"":377115,""New"":377135,""Reason"":3}"
43780156,"{""Old"":377929,""New"":377949,""Reason"":3}"
43780156,"{""Old"":360538,""New"":360548,""Reason"":3}"
43780156,"{""Old"":361570,""New"":361580,""Reason"":3}"
43780156,"{""Old"":361550,""New"":361560,""Reason"":3}"
43780156,"{""Old"":370294,""New"":370324,""Reason"":3}"
43780156,"{""Old"":372725,""New"":372735,""Reason"":3}"
43780156,"{""Old"":375863,""New"":375873,""Reason"":3}"
43780156,"{""Old"":376258,""New"":376278,""Reason"":3}"
43780156,"{""Old"":362948,""New"":362978,""Reason"":3}"
43780156,"{""Old"":365229,""New"":365239,""Reason"":3}"
43780156,"{""Old"":370021,""New"":370031,""Reason"":3}"
43780156,"{""Old"":370872,""New"":370892,""Reason"":3}"
43780156,"{""Old"":371941,""New"":371951,""Reason"":3}"
43780156,"{""Old"":371806,""New"":371816,""Reason"":3}"
43780156,"{""Old"":372855,""New"":372875,""Reason"":3}"
43780156,"{""Old"":374259,""New"":374279,""Reason"":3}"
43780156,"{""Old"":375548,""New"":375558,""Reason"":3}"
43780156,"{""Old"":377849,""New"":377859,""Reason"":3}"
43780156,"{""Old"":367067,""New"":367071,""Reason"":3}"
43780156,"{""Old"":367003,""New"":367005,""Reason"":3}"
43780156,"{""Old"":367618,""New"":367628,""Reason"":3}"
43780156,"{""Old"":367990,""New"":368000,""Reason"":3}"
43780156,"{""Old"":368099,""New"":368109,""Reason"":3}"
43780156,"{""Old"":368060,""New"":368062,""Reason"":3}"
22920545,"{""Old"":1579,""New"":1583,""Reason"":3}"
52652477,"{""Old"":348,""New"":354,""Reason"":3}"
52652477,"{""Old"":296,""New"":298,""Reason"":3}"
43780156,"{""Old"":361914,""New"":361924,""Reason"":3}"
43780156,"{""Old"":367963,""New"":367965,""Reason"":3}"
43780156,"{""Old"":368417,""New"":368437,""Reason"":3}"
43780156,"{""Old"":370448,""New"":370458,""Reason"":3}"
43780156,"{""Old"":373909,""New"":373919,""Reason"":3}"
43780156,"{""Old"":374464,""New"":374484,""Reason"":3}"
43780156,"{""Old"":374724,""New"":374734,""Reason"":3}"
43780156,"{""Old"":375256,""New"":375266,""Reason"":3}"
43780156,"{""Old"":378685,""New"":378695,""Reason"":3}"
43780156,"{""Old"":375166,""New"":375186,""Reason"":3}"
43780156,"{""Old"":376568,""New"":376588,""Reason"":3}"
43780156,"{""Old"":376973,""New"":376975,""Reason"":3}"
43780156,"{""Old"":359920,""New"":359930,""Reason"":3}"
43780156,"{""Old"":361160,""New"":361170,""Reason"":3}"
43780156,"{""Old"":361128,""New"":361138,""Reason"":3}"
43780156,"{""Old"":362374,""New"":362384,""Reason"":3}"
43780156,"{""Old"":362878,""New"":362888,""Reason"":3}"
43780156,"{""Old"":363703,""New"":363713,""Reason"":3}"
43780156,"{""Old"":365027,""New"":365057,""Reason"":3}"
43780156,"{""Old"":361108,""New"":361118,""Reason"":3}"
43780156,"{""Old"":361058,""New"":361068,""Reason"":3}"
43780156,"{""Old"":361702,""New"":361712,""Reason"":3}"
22920545,"{""Old"":1577,""New"":1579,""Reason"":3}"
43780156,"{""Old"":363623,""New"":363653,""Reason"":3}"
43780156,"{""Old"":365189,""New"":365199,""Reason"":3}"
43780156,"{""Old"":365107,""New"":365127,""Reason"":3}"
43780156,"{""Old"":372508,""New"":372518,""Reason"":3}"
43780156,"{""Old"":373670,""New"":373690,""Reason"":3}"
43780156,"{""Old"":374409,""New"":374419,""Reason"":3}"
43780156,"{""Old"":378785,""New"":378795,""Reason"":3}"
43780156,"{""Old"":363228,""New"":363238,""Reason"":3}"
43780156,"{""Old"":363268,""New"":363278,""Reason"":3}"
43780156,"{""Old"":369087,""New"":369107,""Reason"":3}"
43780156,"{""Old"":369042,""New"":369062,""Reason"":3}"
43780156,"{""Old"":370658,""New"":370668,""Reason"":3}"
43780156,"{""Old"":371304,""New"":371314,""Reason"":3}"
43780156,"{""Old"":375578,""New"":375588,""Reason"":3}"
43780156,"{""Old"":361510,""New"":361520,""Reason"":3}"
43780156,"{""Old"":361490,""New"":361500,""Reason"":3}"
43780156,"{""Old"":362778,""New"":362798,""Reason"":3}"
43780156,"{""Old"":367550,""New"":367552,""Reason"":3}"
43780156,"{""Old"":370740,""New"":370800,""Reason"":3}"
43780156,"{""Old"":374549,""New"":374559,""Reason"":3}"
43780156,"{""Old"":377525,""New"":377535,""Reason"":3}"
43780156,"{""Old"":377949,""New"":377959,""Reason"":3}"
43780156,"{""Old"":378625,""New"":378635,""Reason"":3}"
43780156,"{""Old"":360090,""New"":360110,""Reason"":3}"
43780156,"{""Old"":362384,""New"":362394,""Reason"":3}"
43780156,"{""Old"":368415,""New"":368417,""Reason"":3}"
43780156,"{""Old"":368667,""New"":368669,""Reason"":3}"
43780156,"{""Old"":378159,""New"":378169,""Reason"":3}"
43780156,"{""Old"":361138,""New"":361140,""Reason"":3}"
43780156,"{""Old"":361250,""New"":361260,""Reason"":3}"
43780156,"{""Old"":362908,""New"":362918,""Reason"":3}"
43780156,"{""Old"":369349,""New"":369369,""Reason"":3}"
43780156,"{""Old"":376743,""New"":376753,""Reason"":3}"
43780156,"{""Old"":378805,""New"":378815,""Reason"":3}"
64771681,"{""Old"":47975,""New"":47977,""Reason"":3}"
52652477,"{""Old"":311,""New"":313,""Reason"":3}"
52652477,"{""Old"":354,""New"":364,""Reason"":3}"
22983269,"{""Old"":2348,""New"":2350,""Reason"":3}"
43780156,"{""Old"":378351,""New"":378361,""Reason"":3}"
43780156,"{""Old"":378451,""New"":378461,""Reason"":3}"
43780156,"{""Old"":360250,""New"":360270,""Reason"":3}"
43780156,"{""Old"":362588,""New"":362598,""Reason"":3}"
43780156,"{""Old"":362978,""New"":362988,""Reason"":3}"
43780156,"{""Old"":368472,""New"":368492,""Reason"":3}"
43780156,"{""Old"":373200,""New"":373220,""Reason"":3}"
43780156,"{""Old"":373530,""New"":373540,""Reason"":3}"
43780156,"{""Old"":373715,""New"":373735,""Reason"":3}"
43780156,"{""Old"":376248,""New"":376258,""Reason"":3}"
43780156,"{""Old"":378515,""New"":378535,""Reason"":3}"
43780156,"{""Old"":378575,""New"":378585,""Reason"":3}"
43780156,"{""Old"":360292,""New"":360302,""Reason"":3}"
43780156,"{""Old"":360774,""New"":360794,""Reason"":3}"
43780156,"{""Old"":365289,""New"":365309,""Reason"":3}"
43780156,"{""Old"":370011,""New"":370021,""Reason"":3}"
43780156,"{""Old"":370972,""New"":370982,""Reason"":3}"
43780156,"{""Old"":370922,""New"":370932,""Reason"":3}"
43780156,"{""Old"":371401,""New"":371431,""Reason"":3}"
43780156,"{""Old"":359990,""New"":360000,""Reason"":3}"
43780156,"{""Old"":361240,""New"":361250,""Reason"":3}"
43780156,"{""Old"":361854,""New"":361864,""Reason"":3}"
43780156,"{""Old"":362324,""New"":362344,""Reason"":3}"
43780156,"{""Old"":362516,""New"":362526,""Reason"":3}"
43780156,"{""Old"":365249,""New"":365259,""Reason"":3}"
43780156,"{""Old"":368694,""New"":368704,""Reason"":3}"
43780156,"{""Old"":369264,""New"":369324,""Reason"":3}"
43780156,"{""Old"":371232,""New"":371242,""Reason"":3}"
43780156,"{""Old"":378149,""New"":378159,""Reason"":3}"
43780156,"{""Old"":373395,""New"":373415,""Reason"":3}"
43780156,"{""Old"":376823,""New"":376843,""Reason"":3}"
43780156,"{""Old"":376788,""New"":376798,""Reason"":3}"
43780156,"{""Old"":377959,""New"":377969,""Reason"":3}"
43780156,"{""Old"":378585,""New"":378595,""Reason"":3}"
43780156,"{""Old"":360170,""New"":360180,""Reason"":3}"
43780156,"{""Old"":360804,""New"":360814,""Reason"":3}"
43780156,"{""Old"":363128,""New"":363138,""Reason"":3}"
43780156,"{""Old"":363613,""New"":363623,""Reason"":3}"
43780156,"{""Old"":364997,""New"":365007,""Reason"":3}"
43780156,"{""Old"":364945,""New"":364955,""Reason"":3}"
43780156,"{""Old"":365279,""New"":365289,""Reason"":3}"
43780156,"{""Old"":371192,""New"":371202,""Reason"":3}"
42730586,"{""Old"":6866,""New"":6868,""Reason"":3}"
32918875,"{""Old"":1043,""New"":1045,""Reason"":3}"
32918875,"{""Old"":981,""New"":983,""Reason"":3}"
52652477,"{""Old"":313,""New"":315,""Reason"":3}"
32918875,"{""Old"":1067,""New"":1069,""Reason"":3}"
43780156,"{""Old"":361068,""New"":361078,""Reason"":3}"
43780156,"{""Old"":362828,""New"":362838,""Reason"":3}"
43780156,"{""Old"":362798,""New"":362808,""Reason"":3}"
43780156,"{""Old"":362938,""New"":362948,""Reason"":3}"
43780156,"{""Old"":363168,""New"":363178,""Reason"":3}"
43780156,"{""Old"":368796,""New"":368806,""Reason"":3}"
43780156,"{""Old"":370952,""New"":370962,""Reason"":3}"
43780156,"{""Old"":371324,""New"":371326,""Reason"":3}"
43780156,"{""Old"":377769,""New"":377779,""Reason"":3}"
43780156,"{""Old"":378109,""New"":378119,""Reason"":3}"
43780156,"{""Old"":378301,""New"":378321,""Reason"":3}"
43780156,"{""Old"":361792,""New"":361794,""Reason"":3}"
43780156,"{""Old"":362608,""New"":362618,""Reason"":3}"
43780156,"{""Old"":365137,""New"":365147,""Reason"":3}"
43780156,"{""Old"":369040,""New"":369042,""Reason"":3}"
43780156,"{""Old"":369646,""New"":369656,""Reason"":3}"
43780156,"{""Old"":369626,""New"":369646,""Reason"":3}"
43780156,"{""Old"":374504,""New"":374514,""Reason"":3}"
43780156,"{""Old"":377265,""New"":377315,""Reason"":3}"
43780156,"{""Old"":377969,""New"":377989,""Reason"":3}"
43780156,"{""Old"":378411,""New"":378431,""Reason"":3}"
43780156,"{""Old"":362264,""New"":362274,""Reason"":3}"
43780156,"{""Old"":363018,""New"":363028,""Reason"":3}"
43780156,"{""Old"":367482,""New"":367484,""Reason"":3}"
43780156,"{""Old"":369746,""New"":369756,""Reason"":3}"
43780156,"{""Old"":369970,""New"":369980,""Reason"":3}"
43780156,"{""Old"":371062,""New"":371072,""Reason"":3}"
43780156,"{""Old"":371132,""New"":371142,""Reason"":3}"
43780156,"{""Old"":376043,""New"":376053,""Reason"":3}"
43780156,"{""Old"":377205,""New"":377225,""Reason"":3}"
43780156,"{""Old"":378119,""New"":378129,""Reason"":3}"
43780156,"{""Old"":361752,""New"":361762,""Reason"":3}"
43780156,"{""Old"":362548,""New"":362558,""Reason"":3}"
43780156,"{""Old"":367133,""New"":367135,""Reason"":3}"
43780156,"{""Old"":367379,""New"":367389,""Reason"":3}"
43780156,"{""Old"":367375,""New"":367377,""Reason"":3}"
43780156,"{""Old"":368597,""New"":368607,""Reason"":3}"
43780156,"{""Old"":370133,""New"":370143,""Reason"":3}"
43780156,"{""Old"":370221,""New"":370231,""Reason"":3}"
43780156,"{""Old"":370508,""New"":370558,""Reason"":3}"
43780156,"{""Old"":371506,""New"":371526,""Reason"":3}"
43780156,"{""Old"":374484,""New"":374504,""Reason"":3}"
43780156,"{""Old"":375301,""New"":375311,""Reason"":3}"
43780156,"{""Old"":377719,""New"":377729,""Reason"":3}"
43780156,"{""Old"":378139,""New"":378149,""Reason"":3}"
43780156,"{""Old"":360518,""New"":360528,""Reason"":3}"
43780156,"{""Old"":363393,""New"":363403,""Reason"":3}"
43780156,"{""Old"":371294,""New"":371304,""Reason"":3}"
43780156,"{""Old"":371142,""New"":371152,""Reason"":3}"
43780156,"{""Old"":372443,""New"":372463,""Reason"":3}"
43780156,"{""Old"":374934,""New"":374964,""Reason"":3}"
43780156,"{""Old"":375381,""New"":375391,""Reason"":3}"
43780156,"{""Old"":376003,""New"":376033,""Reason"":3}"
43780156,"{""Old"":377617,""New"":377627,""Reason"":3}"
43780156,"{""Old"":377709,""New"":377719,""Reason"":3}"
42730586,"{""Old"":6878,""New"":6880,""Reason"":3}"
19281885,"{""Old"":1223,""New"":1225,""Reason"":3}"
32918875,"{""Old"":1000,""New"":1002,""Reason"":3}"
32918875,"{""Old"":998,""New"":1000,""Reason"":3}"
32918875,"{""Old"":1128,""New"":1130,""Reason"":3}"
32918875,"{""Old"":1176,""New"":1178,""Reason"":3}"
52652477,"{""Old"":346,""New"":348,""Reason"":3}"
7087738,"{""Old"":1000,""New"":1002,""Reason"":3}"
7087738,"{""Old"":998,""New"":1000,""Reason"":3}"
32918875,"{""Old"":1033,""New"":1035,""Reason"":3}"
23748897,"{""Old"":6429,""New"":6431,""Reason"":3}"
42730586,"{""Old"":6856,""New"":6858,""Reason"":3}"
7087738,"{""Old"":1007,""New"":1009,""Reason"":3}"
52652477,"{""Old"":344,""New"":346,""Reason"":3}"
52652477,"{""Old"":288,""New"":292,""Reason"":3}"
32918875,"{""Old"":1035,""New"":1037,""Reason"":3}"
32918875,"{""Old"":1026,""New"":1028,""Reason"":3}"
24720485,"{""Old"":210,""New"":212,""Reason"":3}"
39479328,"{""Old"":617,""New"":619,""Reason"":3}"
46662749,"{""Old"":4618,""New"":4620,""Reason"":3}"
19281885,"{""Old"":1245,""New"":1247,""Reason"":3}"
42730586,"{""Old"":6876,""New"":6878,""Reason"":3}"
42730586,"{""Old"":6832,""New"":6834,""Reason"":3}"
3068897,"{""Old"":1174,""New"":1176,""Reason"":3}"
19281885,"{""Old"":1271,""New"":1273,""Reason"":3}"
218151732,"{""Old"":9890,""New"":9892,""Reason"":3}"
19281885,"{""Old"":1230,""New"":1232,""Reason"":3}"
42730586,"{""Old"":6810,""New"":6812,""Reason"":3}"
74276538,"{""Old"":342,""New"":344,""Reason"":3}"
3068897,"{""Old"":1150,""New"":1152,""Reason"":3}"
46662749,"{""Old"":4628,""New"":4630,""Reason"":3}"
74276538,"{""Old"":340,""New"":342,""Reason"":3}"
42730586,"{""Old"":6872,""New"":6874,""Reason"":3}"
42730586,"{""Old"":6896,""New"":6906,""Reason"":3}"
46662749,"{""Old"":4622,""New"":4624,""Reason"":3}"
46662749,"{""Old"":4630,""New"":4632,""Reason"":3}"
42730586,"{""Old"":6838,""New"":6848,""Reason"":3}"
42730586,"{""Old"":6874,""New"":6876,""Reason"":3}"
42730586,"{""Old"":6828,""New"":6830,""Reason"":3}"
42730586,"{""Old"":6808,""New"":6810,""Reason"":3}"
42730586,"{""Old"":6854,""New"":6856,""Reason"":3}"
42730586,"{""Old"":6882,""New"":6884,""Reason"":3}"
23748897,"{""Old"":6508,""New"":6510,""Reason"":3}"
19281885,"{""Old"":1243,""New"":1245,""Reason"":3}"
42730586,"{""Old"":6812,""New"":6814,""Reason"":3}"
42730586,"{""Old"":6912,""New"":6914,""Reason"":3}"
42730586,"{""Old"":6848,""New"":6850,""Reason"":3}"
42730586,"{""Old"":6824,""New"":6826,""Reason"":3}"
23748897,"{""Old"":6431,""New"":6433,""Reason"":3}"
42730586,"{""Old"":6834,""New"":6836,""Reason"":3}"
19281885,"{""Old"":1202,""New"":1204,""Reason"":3}"
19281885,"{""Old"":1218,""New"":1220,""Reason"":3}"
46662749,"{""Old"":4620,""New"":4622,""Reason"":3}"
46662749,"{""Old"":4632,""New"":4634,""Reason"":3}"
8883313,"{""Old"":23016,""New"":23018,""Reason"":3}"
55843654,"{""Old"":24804,""New"":24808,""Reason"":3}"
79164685,"{""Old"":480,""New"":482,""Reason"":3}"
8159597,"{""Old"":39383,""New"":39393,""Reason"":3}"
82785902,"{""Old"":83568,""New"":83570,""Reason"":3}"
82785902,"{""Old"":83941,""New"":83951,""Reason"":3}"
8159597,"{""Old"":39461,""New"":39471,""Reason"":3}"
79776397,"{""Old"":316,""New"":318,""Reason"":3}"
25491019,"{""Old"":293,""New"":295,""Reason"":3}"
47462189,"{""Old"":55,""New"":57,""Reason"":3}"
8883313,"{""Old"":23078,""New"":23080,""Reason"":3}"
53950953,"{""Old"":1430,""New"":1432,""Reason"":3}"
53950953,"{""Old"":1141,""New"":1143,""Reason"":3}"
53950953,"{""Old"":1245,""New"":1249,""Reason"":3}"
53950953,"{""Old"":1177,""New"":1179,""Reason"":3}"
53950953,"{""Old"":1367,""New"":1369,""Reason"":3}"
53950953,"{""Old"":1369,""New"":1371,""Reason"":3}"
8883313,"{""Old"":22950,""New"":22952,""Reason"":3}"
53950953,"{""Old"":1072,""New"":1074,""Reason"":3}"
53950953,"{""Old"":1172,""New"":1174,""Reason"":3}"
53950953,"{""Old"":1584,""New"":1586,""Reason"":3}"
53950953,"{""Old"":1608,""New"":1612,""Reason"":3}"
53950953,"{""Old"":1277,""New"":1279,""Reason"":3}"
53950953,"{""Old"":1482,""New"":1484,""Reason"":3}"
53950953,"{""Old"":1618,""New"":1628,""Reason"":3}"
8883313,"{""Old"":23049,""New"":23051,""Reason"":3}"
25491019,"{""Old"":245,""New"":247,""Reason"":3}"
39412888,"{""Old"":19742,""New"":19744,""Reason"":3}"
75330447,"{""Old"":1565,""New"":1567,""Reason"":3}"
42817421,"{""Old"":20944,""New"":20946,""Reason"":3}"
42817421,"{""Old"":21133,""New"":21135,""Reason"":3}"
42817421,"{""Old"":21496,""New"":21506,""Reason"":3}"
45469827,"{""Old"":4792,""New"":4794,""Reason"":3}"
218390057,"{""Old"":391,""New"":393,""Reason"":3}"
218390057,"{""Old"":431,""New"":433,""Reason"":3}"
53950953,"{""Old"":1504,""New"":1506,""Reason"":3}"
53950953,"{""Old"":1104,""New"":1114,""Reason"":3}"
53950953,"{""Old"":1327,""New"":1329,""Reason"":3}"
53950953,"{""Old"":1526,""New"":1530,""Reason"":3}"
53950953,"{""Old"":1227,""New"":1229,""Reason"":3}"
53950953,"{""Old"":1590,""New"":1592,""Reason"":3}"
53950953,"{""Old"":1602,""New"":1604,""Reason"":3}"
53950953,"{""Old"":1612,""New"":1614,""Reason"":3}"
53950953,"{""Old"":1636,""New"":1638,""Reason"":3}"
53950953,"{""Old"":914,""New"":916,""Reason"":3}"
53950953,"{""Old"":938,""New"":940,""Reason"":3}"
53950953,"{""Old"":1558,""New"":1560,""Reason"":3}"
8883313,"{""Old"":22944,""New"":22946,""Reason"":3}"
55843654,"{""Old"":24820,""New"":24822,""Reason"":3}"
8883313,"{""Old"":23116,""New"":23118,""Reason"":3}"
55843654,"{""Old"":24770,""New"":24780,""Reason"":3}"
55843654,"{""Old"":24822,""New"":24824,""Reason"":3}"
218390057,"{""Old"":423,""New"":425,""Reason"":3}"
218390057,"{""Old"":369,""New"":371,""Reason"":3}"
25491019,"{""Old"":797,""New"":799,""Reason"":3}"
25491019,"{""Old"":869,""New"":871,""Reason"":3}"
25491019,"{""Old"":525,""New"":527,""Reason"":3}"
25491019,"{""Old"":101,""New"":103,""Reason"":3}"
50159755,"{""Old"":1251,""New"":1253,""Reason"":3}"
79776397,"{""Old"":331,""New"":333,""Reason"":3}"
82785902,"{""Old"":83464,""New"":83466,""Reason"":3}"
82785902,"{""Old"":82704,""New"":82708,""Reason"":3}"
82785902,"{""Old"":83881,""New"":83883,""Reason"":3}"
25491019,"{""Old"":103,""New"":105,""Reason"":3}"
7394435,"{""Old"":1257,""New"":1259,""Reason"":3}"
25491019,"{""Old"":249,""New"":251,""Reason"":3}"
25491019,"{""Old"":105,""New"":107,""Reason"":3}"
82785902,"{""Old"":83222,""New"":83224,""Reason"":3}"
25491019,"{""Old"":530,""New"":532,""Reason"":3}"
25491019,"{""Old"":540,""New"":542,""Reason"":3}"
25491019,"{""Old"":761,""New"":763,""Reason"":3}"
25491019,"{""Old"":871,""New"":873,""Reason"":3}"
25491019,"{""Old"":972,""New"":974,""Reason"":3}"
25491019,"{""Old"":42,""New"":44,""Reason"":3}"
68323524,"{""Old"":1015,""New"":1025,""Reason"":3}"
25491019,"{""Old"":791,""New"":793,""Reason"":3}"
25491019,"{""Old"":908,""New"":910,""Reason"":3}"
11534557,"{""Old"":651732,""New"":651742,""Reason"":3}"
11534557,"{""Old"":651927,""New"":651957,""Reason"":3}"
82785902,"{""Old"":83332,""New"":83334,""Reason"":3}"
82785902,"{""Old"":82702,""New"":82704,""Reason"":3}"
82785902,"{""Old"":83446,""New"":83448,""Reason"":3}"
82785902,"{""Old"":83711,""New"":83713,""Reason"":3}"
82785902,"{""Old"":82584,""New"":82586,""Reason"":3}"
82785902,"{""Old"":83883,""New"":83885,""Reason"":3}"
25491019,"{""Old"":453,""New"":455,""Reason"":3}"
9458438,"{""Old"":958,""New"":968,""Reason"":3}"
45548775,"{""Old"":2375,""New"":2385,""Reason"":3}"
46817988,"{""Old"":1006,""New"":1008,""Reason"":3}"
75330447,"{""Old"":1608,""New"":1610,""Reason"":3}"
75330447,"{""Old"":1703,""New"":1705,""Reason"":3}"
9458438,"{""Old"":995,""New"":997,""Reason"":3}"
82785902,"{""Old"":83574,""New"":83576,""Reason"":3}"
25491019,"{""Old"":660,""New"":662,""Reason"":3}"
82785902,"{""Old"":82588,""New"":82590,""Reason"":3}"
82785902,"{""Old"":83444,""New"":83446,""Reason"":3}"
25491019,"{""Old"":254,""New"":264,""Reason"":3}"
25491019,"{""Old"":72,""New"":74,""Reason"":3}"
25491019,"{""Old"":99,""New"":101,""Reason"":3}"
11534557,"{""Old"":651597,""New"":651607,""Reason"":3}"
82785902,"{""Old"":83458,""New"":83460,""Reason"":3}"
82785902,"{""Old"":83448,""New"":83450,""Reason"":3}"
25491019,"{""Old"":487,""New"":489,""Reason"":3}"
82785902,"{""Old"":82555,""New"":82557,""Reason"":3}"
82785902,"{""Old"":82708,""New"":82710,""Reason"":3}"
82785902,"{""Old"":83328,""New"":83330,""Reason"":3}"
25491019,"{""Old"":338,""New"":340,""Reason"":3}"
8128487,"{""Old"":181,""New"":183,""Reason"":3}"
8128487,"{""Old"":261,""New"":271,""Reason"":3}"
8128487,"{""Old"":331,""New"":333,""Reason"":3}"
25225869,"{""Old"":6496,""New"":6506,""Reason"":3}"
8128487,"{""Old"":249,""New"":251,""Reason"":3}"
8128487,"{""Old"":251,""New"":253,""Reason"":3}"
36282525,"{""Old"":31,""New"":33,""Reason"":3}"
25225869,"{""Old"":3024,""New"":3026,""Reason"":3}"
25225869,"{""Old"":8643,""New"":8653,""Reason"":3}"
25225869,"{""Old"":5076,""New"":5086,""Reason"":3}"
25491019,"{""Old"":473,""New"":475,""Reason"":3}"
26511837,"{""Old"":1131,""New"":1133,""Reason"":3}"
7833779,"{""Old"":144,""New"":146,""Reason"":3}"
25225869,"{""Old"":3521,""New"":3523,""Reason"":3}"
25225869,"{""Old"":4390,""New"":4400,""Reason"":3}"
22365561,"{""Old"":1603,""New"":1613,""Reason"":3}"
34592975,"{""Old"":2209,""New"":2211,""Reason"":3}"
61452615,"{""Old"":1906,""New"":1916,""Reason"":3}"
34592975,"{""Old"":2207,""New"":2209,""Reason"":3}"
37784995,"{""Old"":6360,""New"":6362,""Reason"":3}"
57301053,"{""Old"":342,""New"":344,""Reason"":3}"
46817988,"{""Old"":1087,""New"":1089,""Reason"":3}"
42817421,"{""Old"":19907,""New"":19909,""Reason"":3}"
42817421,"{""Old"":21168,""New"":21170,""Reason"":3}"
42817421,"{""Old"":21243,""New"":21245,""Reason"":3}"
42817421,"{""Old"":21170,""New"":21172,""Reason"":3}"
42817421,"{""Old"":21203,""New"":21205,""Reason"":3}"
42817421,"{""Old"":20349,""New"":20351,""Reason"":3}"
42817421,"{""Old"":20570,""New"":20572,""Reason"":3}"
42817421,"{""Old"":21684,""New"":21686,""Reason"":3}"
42817421,"{""Old"":21664,""New"":21684,""Reason"":3}"
75330447,"{""Old"":1665,""New"":1667,""Reason"":3}"
73578276,"{""Old"":367,""New"":369,""Reason"":3}"
46817988,"{""Old"":1110,""New"":1112,""Reason"":3}"
39412888,"{""Old"":19310,""New"":19312,""Reason"":3}"
39412888,"{""Old"":20212,""New"":20214,""Reason"":3}"
46817988,"{""Old"":1142,""New"":1144,""Reason"":3}"
20074257,"{""Old"":1586,""New"":1588,""Reason"":3}"
20074257,"{""Old"":1596,""New"":1598,""Reason"":3}"
20074257,"{""Old"":1638,""New"":1640,""Reason"":3}"
39412888,"{""Old"":19481,""New"":19483,""Reason"":3}"
39412888,"{""Old"":19486,""New"":19488,""Reason"":3}"
58164604,"{""Old"":603,""New"":605,""Reason"":3}"
8128487,"{""Old"":370,""New"":372,""Reason"":3}"
25225869,"{""Old"":3105,""New"":3107,""Reason"":3}"
25225869,"{""Old"":3385,""New"":3387,""Reason"":3}"
75835433,"{""Old"":875,""New"":877,""Reason"":3}"
46817988,"{""Old"":1071,""New"":1075,""Reason"":3}"
46817988,"{""Old"":1129,""New"":1131,""Reason"":3}"
46817988,"{""Old"":1104,""New"":1106,""Reason"":3}"
39412888,"{""Old"":19816,""New"":19826,""Reason"":3}"
39412888,"{""Old"":19808,""New"":19810,""Reason"":3}"
73578276,"{""Old"":352,""New"":354,""Reason"":3}"
39412888,"{""Old"":19450,""New"":19454,""Reason"":3}"
39412888,"{""Old"":19532,""New"":19534,""Reason"":3}"
39412888,"{""Old"":19646,""New"":19648,""Reason"":3}"
39412888,"{""Old"":19810,""New"":19812,""Reason"":3}"
39412888,"{""Old"":19758,""New"":19760,""Reason"":3}"
39412888,"{""Old"":20065,""New"":20075,""Reason"":3}"
73578276,"{""Old"":346,""New"":348,""Reason"":3}"
39412888,"{""Old"":19676,""New"":19686,""Reason"":3}"
39412888,"{""Old"":19798,""New"":19800,""Reason"":3}"
39412888,"{""Old"":19446,""New"":19448,""Reason"":3}"
39412888,"{""Old"":20033,""New"":20035,""Reason"":3}"
61452615,"{""Old"":1920,""New"":1922,""Reason"":3}"
25225869,"{""Old"":4330,""New"":4340,""Reason"":3}"
25225869,"{""Old"":3970,""New"":3980,""Reason"":3}"
25225869,"{""Old"":4545,""New"":4565,""Reason"":3}"
25225869,"{""Old"":4860,""New"":4870,""Reason"":3}"
46817988,"{""Old"":1009,""New"":1011,""Reason"":3}"
39412888,"{""Old"":19764,""New"":19766,""Reason"":3}"
75330447,"{""Old"":1691,""New"":1701,""Reason"":3}"
39412888,"{""Old"":19298,""New"":19300,""Reason"":3}"
39412888,"{""Old"":19648,""New"":19652,""Reason"":3}"
39412888,"{""Old"":20161,""New"":20163,""Reason"":3}"
39412888,"{""Old"":20153,""New"":20155,""Reason"":3}"
39412888,"{""Old"":19989,""New"":19999,""Reason"":3}"
39412888,"{""Old"":19464,""New"":19466,""Reason"":3}"
39412888,"{""Old"":19786,""New"":19788,""Reason"":3}"
39412888,"{""Old"":19826,""New"":19828,""Reason"":3}"
39412888,"{""Old"":19888,""New"":19892,""Reason"":3}"
39412888,"{""Old"":19977,""New"":19979,""Reason"":3}"
39412888,"{""Old"":19534,""New"":19536,""Reason"":3}"
39412888,"{""Old"":19814,""New"":19816,""Reason"":3}"
73578276,"{""Old"":365,""New"":367,""Reason"":3}"
75330447,"{""Old"":1615,""New"":1617,""Reason"":3}"
75330447,"{""Old"":1663,""New"":1665,""Reason"":3}"
39412888,"{""Old"":19383,""New"":19385,""Reason"":3}"
39412888,"{""Old"":19653,""New"":19655,""Reason"":3}"
8873732,"{""Old"":31768,""New"":31770,""Reason"":3}"
8873732,"{""Old"":31790,""New"":31792,""Reason"":3}"
46817988,"{""Old"":1120,""New"":1122,""Reason"":3}"
46817988,"{""Old"":1064,""New"":1066,""Reason"":3}"
46817988,"{""Old"":1138,""New"":1140,""Reason"":3}"
23406002,"{""Old"":194,""New"":196,""Reason"":3}"
6634097,"{""Old"":207,""New"":209,""Reason"":3}"
58164604,"{""Old"":639,""New"":641,""Reason"":3}"
75899123,"{""Old"":1834,""New"":1838,""Reason"":3}"
4442310,"{""Old"":46,""New"":48,""Reason"":3}"
75899123,"{""Old"":1839,""New"":1841,""Reason"":3}"
6454041,"{""Old"":217044,""New"":217046,""Reason"":3}"
46817988,"{""Old"":1049,""New"":1051,""Reason"":3}"
46817988,"{""Old"":1108,""New"":1110,""Reason"":3}"
46817988,"{""Old"":1075,""New"":1077,""Reason"":3}"
8873732,"{""Old"":31780,""New"":31782,""Reason"":3}"
75835433,"{""Old"":889,""New"":891,""Reason"":3}"
8873732,"{""Old"":31782,""New"":31784,""Reason"":3}"
58164604,"{""Old"":629,""New"":639,""Reason"":3}"
32568814,"{""Old"":2630,""New"":2640,""Reason"":3}"
25225869,"{""Old"":8716,""New"":8726,""Reason"":3}"
34592975,"{""Old"":2027,""New"":2029,""Reason"":3}"
34592975,"{""Old"":2279,""New"":2281,""Reason"":3}"
34592975,"{""Old"":2306,""New"":2308,""Reason"":3}"
34592975,"{""Old"":2066,""New"":2068,""Reason"":3}"
34592975,"{""Old"":2064,""New"":2066,""Reason"":3}"
25225869,"{""Old"":2494,""New"":2504,""Reason"":3}"
25225869,"{""Old"":2651,""New"":2661,""Reason"":3}"
8128487,"{""Old"":174,""New"":176,""Reason"":3}"
8128487,"{""Old"":273,""New"":275,""Reason"":3}"
34592975,"{""Old"":2086,""New"":2088,""Reason"":3}"
37621689,"{""Old"":2187,""New"":2189,""Reason"":3}"
25225869,"{""Old"":3567,""New"":3577,""Reason"":3}"
34592975,"{""Old"":2025,""New"":2027,""Reason"":3}"
34592975,"{""Old"":2161,""New"":2163,""Reason"":3}"
34592975,"{""Old"":2271,""New"":2273,""Reason"":3}"
61452615,"{""Old"":1974,""New"":1976,""Reason"":3}"
37621689,"{""Old"":2169,""New"":2173,""Reason"":3}"
34592975,"{""Old"":2269,""New"":2271,""Reason"":3}"
34592975,"{""Old"":2286,""New"":2290,""Reason"":3}"
25225869,"{""Old"":7877,""New"":7887,""Reason"":3}"
25225869,"{""Old"":5096,""New"":5106,""Reason"":3}"
25225869,"{""Old"":10853,""New"":10873,""Reason"":3}"
25225869,"{""Old"":3577,""New"":3579,""Reason"":3}"
25225869,"{""Old"":3673,""New"":3693,""Reason"":3}"
25225869,"{""Old"":4130,""New"":4140,""Reason"":3}"
25225869,"{""Old"":4850,""New"":4860,""Reason"":3}"
25225869,"{""Old"":5126,""New"":5136,""Reason"":3}"
25225869,"{""Old"":5106,""New"":5116,""Reason"":3}"
25225869,"{""Old"":6596,""New"":6606,""Reason"":3}"
8128487,"{""Old"":372,""New"":374,""Reason"":3}"
62293641,"{""Old"":389,""New"":391,""Reason"":3}"
49833858,"{""Old"":2007,""New"":2009,""Reason"":3}"
49833858,"{""Old"":2064,""New"":2066,""Reason"":3}"
6634097,"{""Old"":212,""New"":214,""Reason"":3}"
6634097,"{""Old"":231,""New"":233,""Reason"":3}"
6634097,"{""Old"":243,""New"":245,""Reason"":3}"
6634097,"{""Old"":262,""New"":264,""Reason"":3}"
49833858,"{""Old"":2046,""New"":2048,""Reason"":3}"
49833858,"{""Old"":2054,""New"":2056,""Reason"":3}"
49833858,"{""Old"":2005,""New"":2007,""Reason"":3}"
41823185,"{""Old"":391,""New"":393,""Reason"":3}"
42402836,"{""Old"":142,""New"":144,""Reason"":3}"
42402836,"{""Old"":233,""New"":235,""Reason"":3}"
79492475,"{""Old"":14,""New"":16,""Reason"":3}"
49833858,"{""Old"":2015,""New"":2025,""Reason"":3}"
41823185,"{""Old"":393,""New"":395,""Reason"":3}"
75899123,"{""Old"":1785,""New"":1795,""Reason"":3}"
41823185,"{""Old"":361,""New"":363,""Reason"":3}"
79841661,"{""Old"":32,""New"":34,""Reason"":3}"
7473273,"{""Old"":4258,""New"":4268,""Reason"":3}"
81856946,"{""Old"":885,""New"":887,""Reason"":3}"
81856946,"{""Old"":980,""New"":982,""Reason"":3}"
81856946,"{""Old"":1028,""New"":1030,""Reason"":3}"
81856946,"{""Old"":1095,""New"":1097,""Reason"":3}"
81856946,"{""Old"":1232,""New"":1234,""Reason"":3}"
81856946,"{""Old"":920,""New"":922,""Reason"":3}"
81856946,"{""Old"":1035,""New"":1039,""Reason"":3}"
81856946,"{""Old"":978,""New"":980,""Reason"":3}"
37781144,"{""Old"":235,""New"":237,""Reason"":3}"
21261285,"{""Old"":632,""New"":634,""Reason"":3}"
39589996,"{""Old"":849,""New"":851,""Reason"":3}"
36422175,"{""Old"":2635,""New"":2637,""Reason"":3}"
39589996,"{""Old"":797,""New"":799,""Reason"":3}"
39589996,"{""Old"":823,""New"":827,""Reason"":3}"
64795193,"{""Old"":87,""New"":89,""Reason"":3}"
73660558,"{""Old"":2599,""New"":2609,""Reason"":3}"
39589996,"{""Old"":853,""New"":855,""Reason"":3}"
80491185,"{""Old"":6853,""New"":6855,""Reason"":3}"
80491185,"{""Old"":7190,""New"":7192,""Reason"":3}"
80491185,"{""Old"":7204,""New"":7206,""Reason"":3}"
80491185,"{""Old"":7253,""New"":7255,""Reason"":3}"
39589996,"{""Old"":817,""New"":821,""Reason"":3}"
80491185,"{""Old"":6752,""New"":6754,""Reason"":3}"
36422175,"{""Old"":2665,""New"":2675,""Reason"":3}"
39589996,"{""Old"":803,""New"":805,""Reason"":3}"
80491185,"{""Old"":6742,""New"":6744,""Reason"":3}"
80491185,"{""Old"":6673,""New"":6675,""Reason"":3}"
80491185,"{""Old"":6763,""New"":6765,""Reason"":3}"
80491185,"{""Old"":6782,""New"":6784,""Reason"":3}"
80491185,"{""Old"":6835,""New"":6837,""Reason"":3}"
80491185,"{""Old"":6997,""New"":6999,""Reason"":3}"
80491185,"{""Old"":7004,""New"":7006,""Reason"":3}"
80491185,"{""Old"":6765,""New"":6767,""Reason"":3}"
80491185,"{""Old"":7192,""New"":7202,""Reason"":3}"
39589996,"{""Old"":843,""New"":845,""Reason"":3}"
80491185,"{""Old"":7380,""New"":7382,""Reason"":3}"
80491185,"{""Old"":7337,""New"":7339,""Reason"":3}"
80491185,"{""Old"":7359,""New"":7361,""Reason"":3}"
39589996,"{""Old"":831,""New"":835,""Reason"":3}"
24608076,"{""Old"":4641,""New"":4643,""Reason"":3}"
24608076,"{""Old"":2668,""New"":2670,""Reason"":3}"
24608076,"{""Old"":4161,""New"":4171,""Reason"":3}"
56224846,"{""Old"":150,""New"":152,""Reason"":3}"
40700927,"{""Old"":116,""New"":118,""Reason"":3}"
56224846,"{""Old"":171,""New"":173,""Reason"":3}"
210993055,"{""Old"":56135,""New"":56145,""Reason"":3}"
210993055,"{""Old"":56562,""New"":56572,""Reason"":3}"
210993055,"{""Old"":56992,""New"":57002,""Reason"":3}"
210993055,"{""Old"":55815,""New"":55821,""Reason"":3}"
7034318,"{""Old"":218,""New"":220,""Reason"":3}"
35216582,"{""Old"":30335,""New"":30345,""Reason"":3}"
44481882,"{""Old"":380,""New"":384,""Reason"":3}"
85219672,"{""Old"":12911,""New"":12913,""Reason"":3}"
85219672,"{""Old"":16805,""New"":16807,""Reason"":3}"
85219672,"{""Old"":17141,""New"":17151,""Reason"":3}"
85219672,"{""Old"":18097,""New"":18107,""Reason"":3}"
85219672,"{""Old"":17841,""New"":17851,""Reason"":3}"
85219672,"{""Old"":17913,""New"":17923,""Reason"":3}"
85219672,"{""Old"":18171,""New"":18181,""Reason"":3}"
4405013,"{""Old"":588,""New"":590,""Reason"":3}"
24608076,"{""Old"":4203,""New"":4213,""Reason"":3}"
48205250,"{""Old"":4598,""New"":4600,""Reason"":3}"
48205250,"{""Old"":4447,""New"":4449,""Reason"":3}"
38308190,"{""Old"":1143,""New"":1145,""Reason"":3}"
63778994,"{""Old"":362487,""New"":362497,""Reason"":3}"
63778994,"{""Old"":367947,""New"":367957,""Reason"":3}"
63778994,"{""Old"":367897,""New"":367927,""Reason"":3}"
63778994,"{""Old"":367857,""New"":367887,""Reason"":3}"
23305159,"{""Old"":623,""New"":625,""Reason"":3}"
65661392,"{""Old"":5296,""New"":5306,""Reason"":3}"
44931151,"{""Old"":149557,""New"":149563,""Reason"":3}"
44931151,"{""Old"":149585,""New"":149587,""Reason"":3}"
80653261,"{""Old"":2406,""New"":2416,""Reason"":3}"
32377577,"{""Old"":962,""New"":964,""Reason"":3}"
32377577,"{""Old"":985,""New"":989,""Reason"":3}"
26453322,"{""Old"":13031,""New"":13041,""Reason"":3}"
26453322,"{""Old"":13301,""New"":13311,""Reason"":3}"
26453322,"{""Old"":13417,""New"":13427,""Reason"":3}"
32377577,"{""Old"":1067,""New"":1069,""Reason"":3}"
32377577,"{""Old"":901,""New"":903,""Reason"":3}"
32377577,"{""Old"":899,""New"":901,""Reason"":3}"
44510856,"{""Old"":534,""New"":536,""Reason"":3}"
32377577,"{""Old"":864,""New"":866,""Reason"":3}"
7046415,"{""Old"":873,""New"":875,""Reason"":3}"
32377577,"{""Old"":1054,""New"":1064,""Reason"":3}"
32377577,"{""Old"":823,""New"":825,""Reason"":3}"
44510856,"{""Old"":359,""New"":363,""Reason"":3}"
44510856,"{""Old"":466,""New"":468,""Reason"":3}"
26453322,"{""Old"":13265,""New"":13275,""Reason"":3}"
26453322,"{""Old"":13377,""New"":13387,""Reason"":3}"
26453322,"{""Old"":13592,""New"":13602,""Reason"":3}"
49825474,"{""Old"":3266,""New"":3268,""Reason"":3}"
26453322,"{""Old"":13073,""New"":13083,""Reason"":3}"
26453322,"{""Old"":13245,""New"":13255,""Reason"":3}"
39589996,"{""Old"":793,""New"":795,""Reason"":3}"
39589996,"{""Old"":795,""New"":797,""Reason"":3}"
39589996,"{""Old"":841,""New"":843,""Reason"":3}"
80491185,"{""Old"":7141,""New"":7143,""Reason"":3}"
80491185,"{""Old"":6659,""New"":6661,""Reason"":3}"
80491185,"{""Old"":6968,""New"":6970,""Reason"":3}"
80491185,"{""Old"":7058,""New"":7060,""Reason"":3}"
36422175,"{""Old"":2626,""New"":2628,""Reason"":3}"
80491185,"{""Old"":7316,""New"":7318,""Reason"":3}"
6454041,"{""Old"":85495,""New"":85505,""Reason"":3}"
6454041,"{""Old"":85585,""New"":85595,""Reason"":3}"
80491185,"{""Old"":7228,""New"":7238,""Reason"":3}"
80491185,"{""Old"":6739,""New"":6741,""Reason"":3}"
80491185,"{""Old"":6876,""New"":6878,""Reason"":3}"
80491185,"{""Old"":6976,""New"":6978,""Reason"":3}"
80491185,"{""Old"":6865,""New"":6867,""Reason"":3}"
80491185,"{""Old"":7222,""New"":7226,""Reason"":3}"
80491185,"{""Old"":6902,""New"":6904,""Reason"":3}"
80491185,"{""Old"":6983,""New"":6985,""Reason"":3}"
81972838,"{""Old"":13689,""New"":13691,""Reason"":3}"
73660558,"{""Old"":2619,""New"":2639,""Reason"":3}"
39589996,"{""Old"":839,""New"":841,""Reason"":3}"
39589996,"{""Old"":835,""New"":837,""Reason"":3}"
73660558,"{""Old"":2639,""New"":2641,""Reason"":3}"
22438308,"{""Old"":41790,""New"":41800,""Reason"":3}"
13735029,"{""Old"":861,""New"":863,""Reason"":3}"
13735029,"{""Old"":859,""New"":861,""Reason"":3}"
8257034,"{""Old"":3442,""New"":3446,""Reason"":3}"
85485575,"{""Old"":68,""New"":70,""Reason"":3}"
62923015,"{""Old"":3321,""New"":3323,""Reason"":3}"
81827083,"{""Old"":501,""New"":511,""Reason"":3}"
35875544,"{""Old"":21044,""New"":21046,""Reason"":3}"
205211705,"{""Old"":3648,""New"":3650,""Reason"":3}"
58790686,"{""Old"":20662,""New"":20672,""Reason"":3}"
31050334,"{""Old"":623,""New"":625,""Reason"":3}"
34549354,"{""Old"":225,""New"":227,""Reason"":3}"
31050334,"{""Old"":111,""New"":113,""Reason"":3}"
31050334,"{""Old"":146,""New"":148,""Reason"":3}"
38172050,"{""Old"":3444,""New"":3446,""Reason"":3}"
38172050,"{""Old"":3390,""New"":3392,""Reason"":3}"
38172050,"{""Old"":3438,""New"":3440,""Reason"":3}"
56305413,"{""Old"":10452,""New"":10454,""Reason"":3}"
79023038,"{""Old"":1033,""New"":1035,""Reason"":3}"
79023038,"{""Old"":1053,""New"":1055,""Reason"":3}"
79023038,"{""Old"":997,""New"":1007,""Reason"":3}"
32377577,"{""Old"":989,""New"":991,""Reason"":3}"
32377577,"{""Old"":1007,""New"":1009,""Reason"":3}"
83376996,"{""Old"":4498,""New"":4500,""Reason"":3}"
83376996,"{""Old"":4647,""New"":4657,""Reason"":3}"
83376996,"{""Old"":4797,""New"":4799,""Reason"":3}"
37784995,"{""Old"":3083,""New"":3093,""Reason"":3}"
37784995,"{""Old"":3478,""New"":3488,""Reason"":3}"
37784995,"{""Old"":2771,""New"":2773,""Reason"":3}"
37784995,"{""Old"":3069,""New"":3079,""Reason"":3}"
32377577,"{""Old"":930,""New"":932,""Reason"":3}"
32377577,"{""Old"":947,""New"":949,""Reason"":3}"
83376996,"{""Old"":4317,""New"":4327,""Reason"":3}"
44510856,"{""Old"":298,""New"":300,""Reason"":3}"
32377577,"{""Old"":1014,""New"":1016,""Reason"":3}"
44510856,"{""Old"":399,""New"":401,""Reason"":3}"
24512843,"{""Old"":1159,""New"":1161,""Reason"":3}"
80653261,"{""Old"":2328,""New"":2330,""Reason"":3}"
38749156,"{""Old"":1460,""New"":1464,""Reason"":3}"
38749156,"{""Old"":2311,""New"":2313,""Reason"":3}"
38749156,"{""Old"":2425,""New"":2427,""Reason"":3}"
38749156,"{""Old"":4684,""New"":4694,""Reason"":3}"
38749156,"{""Old"":5493,""New"":5503,""Reason"":3}"
35875544,"{""Old"":23017,""New"":23019,""Reason"":3}"
35875544,"{""Old"":23025,""New"":23027,""Reason"":3}"
49831730,"{""Old"":880,""New"":882,""Reason"":3}"
49831730,"{""Old"":1127,""New"":1129,""Reason"":3}"
49831730,"{""Old"":1141,""New"":1143,""Reason"":3}"
202176747,"{""Old"":114977,""New"":114987,""Reason"":3}"
49831730,"{""Old"":429,""New"":431,""Reason"":3}"
8883313,"{""Old"":1674,""New"":1684,""Reason"":3}"
169859,"{""Old"":8471,""New"":8591,""Reason"":3}"
169859,"{""Old"":8621,""New"":8631,""Reason"":3}"
79142355,"{""Old"":1066,""New"":1068,""Reason"":3}"
35847621,"{""Old"":482,""New"":484,""Reason"":3}"
200690715,"{""Old"":372,""New"":374,""Reason"":3}"
8654505,"{""Old"":463,""New"":465,""Reason"":3}"
200690715,"{""Old"":454,""New"":464,""Reason"":3}"
67836518,"{""Old"":4502,""New"":4512,""Reason"":3}"
67836518,"{""Old"":4462,""New"":4472,""Reason"":3}"
67836518,"{""Old"":4549,""New"":4553,""Reason"":3}"
37784995,"{""Old"":4398,""New"":4408,""Reason"":3}"
80744637,"{""Old"":109754,""New"":109764,""Reason"":3}"
83376996,"{""Old"":4935,""New"":4945,""Reason"":3}"
44510856,"{""Old"":401,""New"":403,""Reason"":3}"
83376996,"{""Old"":4437,""New"":4447,""Reason"":3}"
83376996,"{""Old"":4799,""New"":4809,""Reason"":3}"
44510856,"{""Old"":447,""New"":451,""Reason"":3}"
83376996,"{""Old"":4630,""New"":4632,""Reason"":3}"
67316961,"{""Old"":452,""New"":454,""Reason"":3}"
79023038,"{""Old"":1031,""New"":1033,""Reason"":3}"
37784995,"{""Old"":2391,""New"":2393,""Reason"":3}"
7568871,"{""Old"":5706,""New"":5716,""Reason"":3}"
80653261,"{""Old"":2250,""New"":2252,""Reason"":3}"
63778994,"{""Old"":395127,""New"":395147,""Reason"":3}"
63778994,"{""Old"":395544,""New"":395554,""Reason"":3}"
63778994,"{""Old"":398250,""New"":398260,""Reason"":3}"
27777369,"{""Old"":66805,""New"":66807,""Reason"":3}"
83319984,"{""Old"":4655,""New"":4657,""Reason"":3}"
43780156,"{""Old"":24383,""New"":24403,""Reason"":3}"
43780156,"{""Old"":26963,""New"":26973,""Reason"":3}"
43780156,"{""Old"":33248,""New"":33258,""Reason"":3}"
43780156,"{""Old"":36243,""New"":36253,""Reason"":3}"
43780156,"{""Old"":37513,""New"":37523,""Reason"":3}"
43780156,"{""Old"":37793,""New"":37813,""Reason"":3}"
43780156,"{""Old"":38193,""New"":38203,""Reason"":3}"
43780156,"{""Old"":38683,""New"":38693,""Reason"":3}"
43780156,"{""Old"":39463,""New"":39473,""Reason"":3}"
43780156,"{""Old"":39543,""New"":39553,""Reason"":3}"
43780156,"{""Old"":39643,""New"":39653,""Reason"":3}"
43780156,"{""Old"":3947,""New"":3957,""Reason"":3}"
43780156,"{""Old"":4366,""New"":4386,""Reason"":3}"
43780156,"{""Old"":4436,""New"":4456,""Reason"":3}"
43780156,"{""Old"":4608,""New"":4628,""Reason"":3}"
43780156,"{""Old"":4598,""New"":4608,""Reason"":3}"
43780156,"{""Old"":6887,""New"":6897,""Reason"":3}"
43780156,"{""Old"":7257,""New"":7277,""Reason"":3}"
43780156,"{""Old"":8941,""New"":8951,""Reason"":3}"
43780156,"{""Old"":12907,""New"":12917,""Reason"":3}"
43780156,"{""Old"":13182,""New"":13192,""Reason"":3}"
43780156,"{""Old"":18786,""New"":18806,""Reason"":3}"
43780156,"{""Old"":19156,""New"":19186,""Reason"":3}"
9254415,"{""Old"":3648,""New"":3650,""Reason"":3}"
79480736,"{""Old"":387,""New"":389,""Reason"":3}"
79480736,"{""Old"":385,""New"":387,""Reason"":3}"
79480736,"{""Old"":584,""New"":586,""Reason"":3}"
79480736,"{""Old"":604,""New"":606,""Reason"":3}"
35875544,"{""Old"":22647,""New"":22657,""Reason"":3}"
32281739,"{""Old"":3501,""New"":3511,""Reason"":3}"
35875544,"{""Old"":20542,""New"":20544,""Reason"":3}"
35875544,"{""Old"":20910,""New"":20912,""Reason"":3}"
32381984,"{""Old"":284,""New"":286,""Reason"":3}"
16075204,"{""Old"":139,""New"":141,""Reason"":3}"
85219672,"{""Old"":15279,""New"":15289,""Reason"":3}"
85219672,"{""Old"":16553,""New"":16555,""Reason"":3}"
85219672,"{""Old"":17711,""New"":17721,""Reason"":3}"
77953241,"{""Old"":4277,""New"":4279,""Reason"":3}"
77953241,"{""Old"":4058,""New"":4060,""Reason"":3}"
77953241,"{""Old"":4026,""New"":4030,""Reason"":3}"
77953241,"{""Old"":4246,""New"":4248,""Reason"":3}"
37784995,"{""Old"":2638,""New"":2640,""Reason"":3}"
77953241,"{""Old"":3984,""New"":3986,""Reason"":3}"
77953241,"{""Old"":4112,""New"":4122,""Reason"":3}"
77953241,"{""Old"":4213,""New"":4215,""Reason"":3}"
77953241,"{""Old"":4309,""New"":4311,""Reason"":3}"
77953241,"{""Old"":4060,""New"":4062,""Reason"":3}"
68008234,"{""Old"":139,""New"":141,""Reason"":3}"
80744637,"{""Old"":110136,""New"":110146,""Reason"":3}"
24993885,"{""Old"":504,""New"":506,""Reason"":3}"
32377577,"{""Old"":893,""New"":895,""Reason"":3}"
44510856,"{""Old"":393,""New"":395,""Reason"":3}"
83376996,"{""Old"":4866,""New"":4876,""Reason"":3}"
44510856,"{""Old"":397,""New"":399,""Reason"":3}"
83376996,"{""Old"":4658,""New"":4668,""Reason"":3}"
44510856,"{""Old"":509,""New"":511,""Reason"":3}"
83376996,"{""Old"":4683,""New"":4685,""Reason"":3}"
32377577,"{""Old"":922,""New"":924,""Reason"":3}"
32377577,"{""Old"":945,""New"":947,""Reason"":3}"
32377577,"{""Old"":1087,""New"":1089,""Reason"":3}"
83376996,"{""Old"":4327,""New"":4337,""Reason"":3}"
44510856,"{""Old"":424,""New"":426,""Reason"":3}"
83376996,"{""Old"":4417,""New"":4437,""Reason"":3}"
83376996,"{""Old"":4992,""New"":5002,""Reason"":3}"
83376996,"{""Old"":4588,""New"":4598,""Reason"":3}"
44510856,"{""Old"":512,""New"":514,""Reason"":3}"
47061761,"{""Old"":1101,""New"":1103,""Reason"":3}"
47061761,"{""Old"":964,""New"":966,""Reason"":3}"
47061761,"{""Old"":1244,""New"":1246,""Reason"":3}"
47061761,"{""Old"":1251,""New"":1253,""Reason"":3}"
47061761,"{""Old"":1254,""New"":1258,""Reason"":3}"
63778994,"{""Old"":394180,""New"":394190,""Reason"":3}"
63778994,"{""Old"":397760,""New"":397780,""Reason"":3}"
63778994,"{""Old"":397610,""New"":397640,""Reason"":3}"
63778994,"{""Old"":392875,""New"":392885,""Reason"":3}"
63778994,"{""Old"":397730,""New"":397760,""Reason"":3}"
63778994,"{""Old"":395509,""New"":395519,""Reason"":3}"
63778994,"{""Old"":396474,""New"":396504,""Reason"":3}"
63778994,"{""Old"":398550,""New"":398570,""Reason"":3}"
61036709,"{""Old"":794,""New"":804,""Reason"":3}"
70971660,"{""Old"":1005,""New"":1015,""Reason"":3}"
70971660,"{""Old"":1017,""New"":1027,""Reason"":3}"
208910409,"{""Old"":858,""New"":860,""Reason"":3}"
48073539,"{""Old"":2399,""New"":2401,""Reason"":3}"
84957257,"{""Old"":17808,""New"":17818,""Reason"":3}"
8883313,"{""Old"":1464,""New"":1466,""Reason"":3}"
8883313,"{""Old"":1763,""New"":1765,""Reason"":3}"
84957257,"{""Old"":17642,""New"":17652,""Reason"":3}"
218151732,"{""Old"":2264,""New"":2274,""Reason"":3}"
85708585,"{""Old"":382,""New"":386,""Reason"":3}"
44510856,"{""Old"":317,""New"":319,""Reason"":3}"
44510856,"{""Old"":277,""New"":279,""Reason"":3}"
44510856,"{""Old"":314,""New"":316,""Reason"":3}"
83376996,"{""Old"":4510,""New"":4530,""Reason"":3}"
83376996,"{""Old"":4982,""New"":4992,""Reason"":3}"
44510856,"{""Old"":468,""New"":470,""Reason"":3}"
44510856,"{""Old"":489,""New"":491,""Reason"":3}"
80744637,"{""Old"":109924,""New"":109934,""Reason"":3}"
80744637,"{""Old"":110034,""New"":110044,""Reason"":3}"
44510856,"{""Old"":296,""New"":298,""Reason"":3}"
44510856,"{""Old"":328,""New"":330,""Reason"":3}"
83376996,"{""Old"":4396,""New"":4406,""Reason"":3}"
44510856,"{""Old"":532,""New"":534,""Reason"":3}"
32377577,"{""Old"":1018,""New"":1020,""Reason"":3}"
32377577,"{""Old"":1081,""New"":1083,""Reason"":3}"
83376996,"{""Old"":4695,""New"":4705,""Reason"":3}"
83376996,"{""Old"":4500,""New"":4510,""Reason"":3}"
83376996,"{""Old"":4530,""New"":4540,""Reason"":3}"
44510856,"{""Old"":542,""New"":544,""Reason"":3}"
7046415,"{""Old"":758,""New"":760,""Reason"":3}"
32377577,"{""Old"":996,""New"":998,""Reason"":3}"
32377577,"{""Old"":1065,""New"":1067,""Reason"":3}"
8574091,"{""Old"":1665,""New"":1667,""Reason"":3}"
23865614,"{""Old"":73867,""New"":73869,""Reason"":3}"
63778994,"{""Old"":393259,""New"":393269,""Reason"":3}"
63778994,"{""Old"":395859,""New"":395879,""Reason"":3}"
41040836,"{""Old"":384,""New"":394,""Reason"":3}"
65324859,"{""Old"":24984,""New"":24986,""Reason"":3}"
41040836,"{""Old"":548,""New"":550,""Reason"":3}"
26453322,"{""Old"":32331,""New"":32361,""Reason"":3}"
23353445,"{""Old"":643,""New"":645,""Reason"":3}"
46437212,"{""Old"":15109,""New"":15111,""Reason"":3}"
41040836,"{""Old"":520,""New"":522,""Reason"":3}"
41040836,"{""Old"":426,""New"":428,""Reason"":3}"
41040836,"{""Old"":424,""New"":426,""Reason"":3}"
41040836,"{""Old"":488,""New"":490,""Reason"":3}"
47200242,"{""Old"":7296,""New"":7298,""Reason"":3}"
205211705,"{""Old"":3629,""New"":3639,""Reason"":3}"
202176747,"{""Old"":114819,""New"":114829,""Reason"":3}"
62448257,"{""Old"":2182,""New"":2184,""Reason"":3}"
205211705,"{""Old"":3652,""New"":3654,""Reason"":3}"
205211705,"{""Old"":3625,""New"":3627,""Reason"":3}"
6084170,"{""Old"":8577,""New"":8579,""Reason"":3}"
35875544,"{""Old"":21268,""New"":21270,""Reason"":3}"
35875544,"{""Old"":21472,""New"":21474,""Reason"":3}"
35875544,"{""Old"":21946,""New"":21956,""Reason"":3}"
35875544,"{""Old"":22182,""New"":22192,""Reason"":3}"
35875544,"{""Old"":22379,""New"":22389,""Reason"":3}"
7658111,"{""Old"":9170,""New"":9172,""Reason"":3}"
38749156,"{""Old"":2458,""New"":2462,""Reason"":3}"
38749156,"{""Old"":5894,""New"":5924,""Reason"":3}"
35875544,"{""Old"":20549,""New"":20551,""Reason"":3}"
35875544,"{""Old"":20159,""New"":20169,""Reason"":3}"
47200242,"{""Old"":7415,""New"":7417,""Reason"":3}"
47200242,"{""Old"":7545,""New"":7547,""Reason"":3}"
47200242,"{""Old"":7609,""New"":7611,""Reason"":3}"
38749156,"{""Old"":1225,""New"":1227,""Reason"":3}"
38749156,"{""Old"":1865,""New"":1867,""Reason"":3}"
38749156,"{""Old"":3513,""New"":3523,""Reason"":3}"
7658111,"{""Old"":9166,""New"":9170,""Reason"":3}"
38749156,"{""Old"":2567,""New"":2571,""Reason"":3}"
38749156,"{""Old"":5045,""New"":5065,""Reason"":3}"
38478123,"{""Old"":284,""New"":286,""Reason"":3}"
32116408,"{""Old"":1365,""New"":1367,""Reason"":3}"
47061761,"{""Old"":1210,""New"":1214,""Reason"":3}"
47061761,"{""Old"":1363,""New"":1373,""Reason"":3}"
47061761,"{""Old"":1470,""New"":1472,""Reason"":3}"
47061761,"{""Old"":752,""New"":754,""Reason"":3}"
80491185,"{""Old"":4559,""New"":4561,""Reason"":3}"
80491185,"{""Old"":4135,""New"":4137,""Reason"":3}"
80491185,"{""Old"":4435,""New"":4437,""Reason"":3}"
80491185,"{""Old"":4433,""New"":4435,""Reason"":3}"
80491185,"{""Old"":4882,""New"":4884,""Reason"":3}"
80491185,"{""Old"":4913,""New"":4915,""Reason"":3}"
80491185,"{""Old"":5154,""New"":5158,""Reason"":3}"
80491185,"{""Old"":4339,""New"":4341,""Reason"":3}"
53698855,"{""Old"":1241,""New"":1243,""Reason"":3}"
9442327,"{""Old"":24,""New"":26,""Reason"":3}"
44663519,"{""Old"":541,""New"":543,""Reason"":3}"
9442327,"{""Old"":55,""New"":57,""Reason"":3}"
44931151,"{""Old"":82160,""New"":82170,""Reason"":3}"
44931151,"{""Old"":83492,""New"":83512,""Reason"":3}"
44931151,"{""Old"":84453,""New"":84463,""Reason"":3}"
44931151,"{""Old"":84515,""New"":84525,""Reason"":3}"
44931151,"{""Old"":82274,""New"":82276,""Reason"":3}"
9442327,"{""Old"":169,""New"":171,""Reason"":3}"
79480736,"{""Old"":307,""New"":309,""Reason"":3}"
79480736,"{""Old"":379,""New"":381,""Reason"":3}"
79480736,"{""Old"":588,""New"":590,""Reason"":3}"
79480736,"{""Old"":602,""New"":604,""Reason"":3}"
43780156,"{""Old"":3193,""New"":3203,""Reason"":3}"
43780156,"{""Old"":4487,""New"":4497,""Reason"":3}"
43780156,"{""Old"":4557,""New"":4587,""Reason"":3}"
43780156,"{""Old"":5221,""New"":5241,""Reason"":3}"
43780156,"{""Old"":5968,""New"":5978,""Reason"":3}"
43780156,"{""Old"":5913,""New"":5923,""Reason"":3}"
43780156,"{""Old"":7327,""New"":7337,""Reason"":3}"
43780156,"{""Old"":7857,""New"":7867,""Reason"":3}"
43780156,"{""Old"":10593,""New"":10613,""Reason"":3}"
43780156,"{""Old"":10503,""New"":10533,""Reason"":3}"
43780156,"{""Old"":14669,""New"":14679,""Reason"":3}"
43780156,"{""Old"":14956,""New"":14966,""Reason"":3}"
43780156,"{""Old"":16261,""New"":16271,""Reason"":3}"
43780156,"{""Old"":16076,""New"":16146,""Reason"":3}"
43780156,"{""Old"":21278,""New"":21288,""Reason"":3}"
43780156,"{""Old"":21703,""New"":21723,""Reason"":3}"
43780156,"{""Old"":27308,""New"":27318,""Reason"":3}"
43780156,"{""Old"":33348,""New"":33358,""Reason"":3}"
43780156,"{""Old"":35713,""New"":35723,""Reason"":3}"
43780156,"{""Old"":36433,""New"":36463,""Reason"":3}"
43780156,"{""Old"":37153,""New"":37173,""Reason"":3}"
2796424,"{""Old"":5178,""New"":5180,""Reason"":3}"
61658100,"{""Old"":1580,""New"":1588,""Reason"":3}"
7473273,"{""Old"":4623,""New"":4633,""Reason"":3}"
7473273,"{""Old"":4463,""New"":4483,""Reason"":3}"
7473273,"{""Old"":4668,""New"":4678,""Reason"":3}"
17655371,"{""Old"":579,""New"":581,""Reason"":3}"
43996202,"{""Old"":431,""New"":433,""Reason"":3}"
81856946,"{""Old"":847,""New"":849,""Reason"":3}"
81856946,"{""Old"":1155,""New"":1157,""Reason"":3}"
81856946,"{""Old"":1141,""New"":1143,""Reason"":3}"
73660558,"{""Old"":2381,""New"":2383,""Reason"":3}"
48073539,"{""Old"":2314,""New"":2316,""Reason"":3}"
52436180,"{""Old"":379015,""New"":379025,""Reason"":3}"
208910409,"{""Old"":554,""New"":556,""Reason"":3}"
9428992,"{""Old"":883,""New"":885,""Reason"":3}"
44931151,"{""Old"":83749,""New"":83759,""Reason"":3}"
44931151,"{""Old"":84385,""New"":84395,""Reason"":3}"
44663519,"{""Old"":443,""New"":445,""Reason"":3}"
9442327,"{""Old"":102,""New"":104,""Reason"":3}"
44931151,"{""Old"":83138,""New"":83148,""Reason"":3}"
44931151,"{""Old"":83168,""New"":83188,""Reason"":3}"
44931151,"{""Old"":83945,""New"":83955,""Reason"":3}"
44931151,"{""Old"":84205,""New"":84215,""Reason"":3}"
44931151,"{""Old"":82184,""New"":82186,""Reason"":3}"
44931151,"{""Old"":82882,""New"":82886,""Reason"":3}"
44931151,"{""Old"":83228,""New"":83238,""Reason"":3}"
41121780,"{""Old"":270,""New"":272,""Reason"":3}"
208910409,"{""Old"":274,""New"":276,""Reason"":3}"
24196485,"{""Old"":40248,""New"":40250,""Reason"":3}"
16303419,"{""Old"":66780,""New"":66790,""Reason"":3}"
16303419,"{""Old"":71227,""New"":71237,""Reason"":3}"
208910409,"{""Old"":244,""New"":246,""Reason"":3}"
16303419,"{""Old"":74689,""New"":74709,""Reason"":3}"
16303419,"{""Old"":65944,""New"":65954,""Reason"":3}"
16303419,"{""Old"":65974,""New"":65984,""Reason"":3}"
16303419,"{""Old"":69890,""New"":69900,""Reason"":3}"
40712395,"{""Old"":510,""New"":512,""Reason"":3}"
16303419,"{""Old"":65902,""New"":65912,""Reason"":3}"
16303419,"{""Old"":67747,""New"":67757,""Reason"":3}"
16303419,"{""Old"":70820,""New"":70840,""Reason"":3}"
16303419,"{""Old"":72657,""New"":72667,""Reason"":3}"
16303419,"{""Old"":73914,""New"":73924,""Reason"":3}"
16303419,"{""Old"":74199,""New"":74209,""Reason"":3}"
20302898,"{""Old"":2725,""New"":2727,""Reason"":3}"
11129004,"{""Old"":3919,""New"":3929,""Reason"":3}"
11129004,"{""Old"":4559,""New"":4569,""Reason"":3}"
20302898,"{""Old"":2931,""New"":2933,""Reason"":3}"
26453322,"{""Old"":33442,""New"":33444,""Reason"":3}"
26453322,"{""Old"":33495,""New"":33497,""Reason"":3}"
26453322,"{""Old"":33000,""New"":33010,""Reason"":3}"
26453322,"{""Old"":33436,""New"":33438,""Reason"":3}"
63778994,"{""Old"":366932,""New"":366942,""Reason"":3}"
63778994,"{""Old"":367827,""New"":367837,""Reason"":3}"
63778994,"{""Old"":367527,""New"":367537,""Reason"":3}"
63778994,"{""Old"":367787,""New"":367807,""Reason"":3}"
63778994,"{""Old"":361156,""New"":361176,""Reason"":3}"
63778994,"{""Old"":362694,""New"":362704,""Reason"":3}"
63778994,"{""Old"":363266,""New"":363268,""Reason"":3}"
63778994,"{""Old"":364248,""New"":364268,""Reason"":3}"
63778994,"{""Old"":364308,""New"":364318,""Reason"":3}"
63778994,"{""Old"":365857,""New"":365867,""Reason"":3}"
63778994,"{""Old"":365762,""New"":365782,""Reason"":3}"
63778994,"{""Old"":366577,""New"":366587,""Reason"":3}"
63778994,"{""Old"":366647,""New"":366667,""Reason"":3}"
63778994,"{""Old"":359581,""New"":359591,""Reason"":3}"
63778994,"{""Old"":361201,""New"":361211,""Reason"":3}"
63778994,"{""Old"":366402,""New"":366412,""Reason"":3}"
7378760,"{""Old"":145142,""New"":145144,""Reason"":3}"
7378760,"{""Old"":145156,""New"":145158,""Reason"":3}"
23305159,"{""Old"":738,""New"":740,""Reason"":3}"
23305159,"{""Old"":846,""New"":848,""Reason"":3}"
23305159,"{""Old"":243,""New"":245,""Reason"":3}"
65661392,"{""Old"":5418,""New"":5428,""Reason"":3}"
7378760,"{""Old"":145176,""New"":145178,""Reason"":3}"
63778994,"{""Old"":363413,""New"":363423,""Reason"":3}"
63778994,"{""Old"":364680,""New"":364700,""Reason"":3}"
63778994,"{""Old"":365572,""New"":365582,""Reason"":3}"
63778994,"{""Old"":367217,""New"":367227,""Reason"":3}"
63778994,"{""Old"":367837,""New"":367847,""Reason"":3}"
6865857,"{""Old"":3264,""New"":3266,""Reason"":3}"
83457219,"{""Old"":2357,""New"":2359,""Reason"":3}"
79480736,"{""Old"":675,""New"":677,""Reason"":3}"
43780156,"{""Old"":39663,""New"":39673,""Reason"":3}"
9254415,"{""Old"":3650,""New"":3660,""Reason"":3}"
79480736,"{""Old"":453,""New"":455,""Reason"":3}"
79480736,"{""Old"":569,""New"":575,""Reason"":3}"
44931151,"{""Old"":84711,""New"":84731,""Reason"":3}"
41121780,"{""Old"":338,""New"":340,""Reason"":3}"
63817746,"{""Old"":84,""New"":86,""Reason"":3}"
44663519,"{""Old"":457,""New"":459,""Reason"":3}"
44931151,"{""Old"":84547,""New"":84557,""Reason"":3}"
44931151,"{""Old"":84411,""New"":84421,""Reason"":3}"
44931151,"{""Old"":84421,""New"":84431,""Reason"":3}"
44931151,"{""Old"":83881,""New"":83883,""Reason"":3}"
44931151,"{""Old"":84075,""New"":84085,""Reason"":3}"
44931151,"{""Old"":84651,""New"":84661,""Reason"":3}"
43780156,"{""Old"":22438,""New"":22468,""Reason"":3}"
43780156,"{""Old"":24843,""New"":24863,""Reason"":3}"
43780156,"{""Old"":25478,""New"":25488,""Reason"":3}"
43780156,"{""Old"":25583,""New"":25593,""Reason"":3}"
43780156,"{""Old"":25763,""New"":25773,""Reason"":3}"
43780156,"{""Old"":25728,""New"":25738,""Reason"":3}"
43780156,"{""Old"":28483,""New"":28493,""Reason"":3}"
43780156,"{""Old"":28918,""New"":28938,""Reason"":3}"
43780156,"{""Old"":29068,""New"":29088,""Reason"":3}"
43780156,"{""Old"":30733,""New"":30743,""Reason"":3}"
43780156,"{""Old"":33118,""New"":33128,""Reason"":3}"
43780156,"{""Old"":36403,""New"":36413,""Reason"":3}"
43780156,"{""Old"":38503,""New"":38513,""Reason"":3}"
43780156,"{""Old"":38983,""New"":38993,""Reason"":3}"
43780156,"{""Old"":39553,""New"":39563,""Reason"":3}"
43780156,"{""Old"":39583,""New"":39593,""Reason"":3}"
43780156,"{""Old"":7112,""New"":7122,""Reason"":3}"
43780156,"{""Old"":7927,""New"":7957,""Reason"":3}"
43780156,"{""Old"":11885,""New"":11915,""Reason"":3}"
43780156,"{""Old"":12490,""New"":12500,""Reason"":3}"
43780156,"{""Old"":17786,""New"":17796,""Reason"":3}"
43780156,"{""Old"":19628,""New"":19638,""Reason"":3}"
43780156,"{""Old"":20493,""New"":20503,""Reason"":3}"
43780156,"{""Old"":20453,""New"":20463,""Reason"":3}"
79480736,"{""Old"":709,""New"":711,""Reason"":3}"
43780156,"{""Old"":19438,""New"":19458,""Reason"":3}"
43780156,"{""Old"":20713,""New"":20723,""Reason"":3}"
79480736,"{""Old"":203,""New"":205,""Reason"":3}"
43780156,"{""Old"":23808,""New"":23818,""Reason"":3}"
43780156,"{""Old"":28473,""New"":28483,""Reason"":3}"
43780156,"{""Old"":28463,""New"":28473,""Reason"":3}"
43780156,"{""Old"":30883,""New"":30893,""Reason"":3}"
43780156,"{""Old"":30853,""New"":30863,""Reason"":3}"
43780156,"{""Old"":32738,""New"":32768,""Reason"":3}"
43780156,"{""Old"":33803,""New"":33823,""Reason"":3}"
43780156,"{""Old"":36603,""New"":36613,""Reason"":3}"
43780156,"{""Old"":36703,""New"":36713,""Reason"":3}"
43780156,"{""Old"":38523,""New"":38533,""Reason"":3}"
43780156,"{""Old"":39493,""New"":39503,""Reason"":3}"
83457219,"{""Old"":2116,""New"":2118,""Reason"":3}"
43780156,"{""Old"":39633,""New"":39643,""Reason"":3}"
43780156,"{""Old"":39803,""New"":39813,""Reason"":3}"
43780156,"{""Old"":6492,""New"":6502,""Reason"":3}"
43780156,"{""Old"":8447,""New"":8449,""Reason"":3}"
43780156,"{""Old"":10933,""New"":10943,""Reason"":3}"
43780156,"{""Old"":11235,""New"":11245,""Reason"":3}"
43780156,"{""Old"":11180,""New"":11210,""Reason"":3}"
43780156,"{""Old"":11865,""New"":11875,""Reason"":3}"
43780156,"{""Old"":12872,""New"":12882,""Reason"":3}"
43780156,"{""Old"":13142,""New"":13152,""Reason"":3}"
43780156,"{""Old"":14514,""New"":14544,""Reason"":3}"
43780156,"{""Old"":19968,""New"":19988,""Reason"":3}"
43780156,"{""Old"":22153,""New"":22163,""Reason"":3}"
43780156,"{""Old"":22643,""New"":22653,""Reason"":3}"
43780156,"{""Old"":27143,""New"":27153,""Reason"":3}"
43780156,"{""Old"":30123,""New"":30173,""Reason"":3}"
43780156,"{""Old"":30943,""New"":30953,""Reason"":3}"
43780156,"{""Old"":33018,""New"":33028,""Reason"":3}"
43780156,"{""Old"":33993,""New"":34003,""Reason"":3}"
43780156,"{""Old"":36173,""New"":36183,""Reason"":3}"
43780156,"{""Old"":36573,""New"":36583,""Reason"":3}"
43780156,"{""Old"":36673,""New"":36683,""Reason"":3}"
43780156,"{""Old"":36613,""New"":36623,""Reason"":3}"
43780156,"{""Old"":37203,""New"":37213,""Reason"":3}"
43780156,"{""Old"":37543,""New"":37553,""Reason"":3}"
43780156,"{""Old"":38513,""New"":38523,""Reason"":3}"
43780156,"{""Old"":24343,""New"":24353,""Reason"":3}"
43780156,"{""Old"":28748,""New"":28758,""Reason"":3}"
43780156,"{""Old"":39273,""New"":39283,""Reason"":3}"
43780156,"{""Old"":4961,""New"":4971,""Reason"":3}"
43780156,"{""Old"":5731,""New"":5741,""Reason"":3}"
43780156,"{""Old"":6502,""New"":6522,""Reason"":3}"
43780156,"{""Old"":9876,""New"":9886,""Reason"":3}"
43780156,"{""Old"":12145,""New"":12155,""Reason"":3}"
43780156,"{""Old"":15791,""New"":15801,""Reason"":3}"
43780156,"{""Old"":20823,""New"":20833,""Reason"":3}"
43780156,"{""Old"":21128,""New"":21138,""Reason"":3}"
9130127,"{""Old"":170,""New"":172,""Reason"":3}"
83319984,"{""Old"":4561,""New"":4571,""Reason"":3}"
9130127,"{""Old"":160,""New"":162,""Reason"":3}"
43780156,"{""Old"":2571,""New"":2573,""Reason"":3}"
79480736,"{""Old"":512,""New"":514,""Reason"":3}"
79480736,"{""Old"":669,""New"":671,""Reason"":3}"
43780156,"{""Old"":28563,""New"":28573,""Reason"":3}"
43780156,"{""Old"":28493,""New"":28503,""Reason"":3}"
43780156,"{""Old"":35078,""New"":35098,""Reason"":3}"
43780156,"{""Old"":37013,""New"":37023,""Reason"":3}"
43780156,"{""Old"":37923,""New"":37933,""Reason"":3}"
43780156,"{""Old"":39183,""New"":39193,""Reason"":3}"
43780156,"{""Old"":8052,""New"":8062,""Reason"":3}"
43780156,"{""Old"":8866,""New"":8876,""Reason"":3}"
43780156,"{""Old"":10336,""New"":10346,""Reason"":3}"
43780156,"{""Old"":11640,""New"":11650,""Reason"":3}"
43780156,"{""Old"":15381,""New"":15401,""Reason"":3}"
43780156,"{""Old"":19358,""New"":19368,""Reason"":3}"
43780156,"{""Old"":2181,""New"":2191,""Reason"":3}"
218151732,"{""Old"":2310,""New"":2320,""Reason"":3}"
8673338,"{""Old"":12942,""New"":12952,""Reason"":3}"
8673338,"{""Old"":13260,""New"":13270,""Reason"":3}"
8673338,"{""Old"":13364,""New"":13366,""Reason"":3}"
67836518,"{""Old"":4354,""New"":4364,""Reason"":3}"
31853290,"{""Old"":149,""New"":151,""Reason"":3}"
53038420,"{""Old"":263,""New"":267,""Reason"":3}"
84957257,"{""Old"":13328,""New"":13338,""Reason"":3}"
84957257,"{""Old"":16097,""New"":16101,""Reason"":3}"
84957257,"{""Old"":17778,""New"":17788,""Reason"":3}"
20302898,"{""Old"":2723,""New"":2725,""Reason"":3}"
20302898,"{""Old"":2862,""New"":2864,""Reason"":3}"
37784995,"{""Old"":4469,""New"":4479,""Reason"":3}"
40712395,"{""Old"":615,""New"":617,""Reason"":3}"
71718548,"{""Old"":372,""New"":374,""Reason"":3}"
71718548,"{""Old"":446,""New"":448,""Reason"":3}"
26453322,"{""Old"":32371,""New"":32381,""Reason"":3}"
26453322,"{""Old"":33473,""New"":33475,""Reason"":3}"
43780156,"{""Old"":5031,""New"":5041,""Reason"":3}"
43780156,"{""Old"":6532,""New"":6542,""Reason"":3}"
43780156,"{""Old"":7567,""New"":7577,""Reason"":3}"
43780156,"{""Old"":9636,""New"":9646,""Reason"":3}"
43780156,"{""Old"":10493,""New"":10503,""Reason"":3}"
79480736,"{""Old"":744,""New"":748,""Reason"":3}"
83457219,"{""Old"":2229,""New"":2231,""Reason"":3}"
6865857,"{""Old"":2856,""New"":2866,""Reason"":3}"
43780156,"{""Old"":3338,""New"":3348,""Reason"":3}"
43780156,"{""Old"":4859,""New"":4869,""Reason"":3}"
43780156,"{""Old"":5883,""New"":5893,""Reason"":3}"
43780156,"{""Old"":6772,""New"":6792,""Reason"":3}"
43780156,"{""Old"":8449,""New"":8459,""Reason"":3}"
43780156,"{""Old"":14934,""New"":14944,""Reason"":3}"
43780156,"{""Old"":16346,""New"":16356,""Reason"":3}"
43780156,"{""Old"":17526,""New"":17536,""Reason"":3}"
43780156,"{""Old"":18291,""New"":18321,""Reason"":3}"
43780156,"{""Old"":18886,""New"":18906,""Reason"":3}"
43780156,"{""Old"":19708,""New"":19718,""Reason"":3}"
43780156,"{""Old"":22513,""New"":22523,""Reason"":3}"
79480736,"{""Old"":319,""New"":321,""Reason"":3}"
41121780,"{""Old"":188,""New"":190,""Reason"":3}"
41121780,"{""Old"":233,""New"":235,""Reason"":3}"
63817746,"{""Old"":81,""New"":83,""Reason"":3}"
53568722,"{""Old"":190,""New"":192,""Reason"":3}"
44663519,"{""Old"":481,""New"":483,""Reason"":3}"
44663519,"{""Old"":588,""New"":590,""Reason"":3}"
26453322,"{""Old"":32561,""New"":32571,""Reason"":3}"
26453322,"{""Old"":33482,""New"":33484,""Reason"":3}"
26453322,"{""Old"":32893,""New"":32903,""Reason"":3}"
41040836,"{""Old"":511,""New"":513,""Reason"":3}"
41040836,"{""Old"":412,""New"":422,""Reason"":3}"
41040836,"{""Old"":410,""New"":412,""Reason"":3}"
69132095,"{""Old"":645,""New"":647,""Reason"":3}"
41040836,"{""Old"":490,""New"":492,""Reason"":3}"
65324859,"{""Old"":24982,""New"":24984,""Reason"":3}"
26480103,"{""Old"":316,""New"":318,""Reason"":3}"
26480103,"{""Old"":463,""New"":465,""Reason"":3}"
26480103,"{""Old"":328,""New"":330,""Reason"":3}"
79782981,"{""Old"":3414,""New"":3424,""Reason"":3}"
61658100,"{""Old"":1671,""New"":1673,""Reason"":3}"
25602497,"{""Old"":533,""New"":535,""Reason"":3}"
36439403,"{""Old"":1593,""New"":1603,""Reason"":3}"
32542208,"{""Old"":137,""New"":139,""Reason"":3}"
71233387,"{""Old"":99,""New"":101,""Reason"":3}"
210993055,"{""Old"":56552,""New"":56562,""Reason"":3}"
46662749,"{""Old"":216,""New"":218,""Reason"":3}"
46662749,"{""Old"":254,""New"":256,""Reason"":3}"
35216582,"{""Old"":28096,""New"":28106,""Reason"":3}"
35216582,"{""Old"":30077,""New"":30079,""Reason"":3}"
80758401,"{""Old"":6709,""New"":6719,""Reason"":3}"
24608076,"{""Old"":3053,""New"":3063,""Reason"":3}"
24608076,"{""Old"":3785,""New"":3795,""Reason"":3}"
24608076,"{""Old"":4139,""New"":4149,""Reason"":3}"
85219672,"{""Old"":18221,""New"":18223,""Reason"":3}"
42284682,"{""Old"":823,""New"":825,""Reason"":3}"
46290546,"{""Old"":7792,""New"":7802,""Reason"":3}"
70315956,"{""Old"":880,""New"":882,""Reason"":3}"
70971660,"{""Old"":855,""New"":857,""Reason"":3}"
70971660,"{""Old"":944,""New"":946,""Reason"":3}"
70971660,"{""Old"":1221,""New"":1225,""Reason"":3}"
169859,"{""Old"":8927,""New"":8937,""Reason"":3}"
16303419,"{""Old"":65712,""New"":65722,""Reason"":3}"
16303419,"{""Old"":69098,""New"":69108,""Reason"":3}"
16303419,"{""Old"":69950,""New"":69960,""Reason"":3}"
40712395,"{""Old"":604,""New"":606,""Reason"":3}"
13755035,"{""Old"":113,""New"":119,""Reason"":3}"
32542208,"{""Old"":107,""New"":109,""Reason"":3}"
32542208,"{""Old"":132,""New"":134,""Reason"":3}"
40247006,"{""Old"":1362,""New"":1372,""Reason"":3}"
44481882,"{""Old"":699,""New"":701,""Reason"":3}"
35216582,"{""Old"":31666,""New"":31676,""Reason"":3}"
7501032,"{""Old"":145,""New"":149,""Reason"":3}"
59065012,"{""Old"":247,""New"":249,""Reason"":3}"
23033741,"{""Old"":63,""New"":65,""Reason"":3}"
23033741,"{""Old"":97,""New"":99,""Reason"":3}"
24608076,"{""Old"":3695,""New"":3705,""Reason"":3}"
24608076,"{""Old"":4293,""New"":4303,""Reason"":3}"
24608076,"{""Old"":4149,""New"":4151,""Reason"":3}"
55531402,"{""Old"":923185,""New"":923195,""Reason"":3}"
74572602,"{""Old"":3477,""New"":3479,""Reason"":3}"
35216582,"{""Old"":31526,""New"":31536,""Reason"":3}"
3977558,"{""Old"":1548,""New"":1550,""Reason"":3}"
25602497,"{""Old"":525,""New"":531,""Reason"":3}"
23305159,"{""Old"":159,""New"":161,""Reason"":3}"
23305159,"{""Old"":459,""New"":463,""Reason"":3}"
23305159,"{""Old"":541,""New"":545,""Reason"":3}"
61658100,"{""Old"":1596,""New"":1600,""Reason"":3}"
23305159,"{""Old"":233,""New"":237,""Reason"":3}"
23305159,"{""Old"":874,""New"":876,""Reason"":3}"
211423534,"{""Old"":42627,""New"":42637,""Reason"":3}"
61658100,"{""Old"":1643,""New"":1645,""Reason"":3}"
56756635,"{""Old"":3020,""New"":3022,""Reason"":3}"
79782981,"{""Old"":3364,""New"":3366,""Reason"":3}"
20440680,"{""Old"":3415,""New"":3417,""Reason"":3}"
50494222,"{""Old"":82907,""New"":82917,""Reason"":3}"
47061761,"{""Old"":1103,""New"":1105,""Reason"":3}"
47061761,"{""Old"":1440,""New"":1442,""Reason"":3}"
47061761,"{""Old"":1435,""New"":1437,""Reason"":3}"
47061761,"{""Old"":1186,""New"":1188,""Reason"":3}"
47061761,"{""Old"":1800,""New"":1802,""Reason"":3}"
47061761,"{""Old"":1299,""New"":1303,""Reason"":3}"
62448257,"{""Old"":2236,""New"":2238,""Reason"":3}"
13083476,"{""Old"":565,""New"":567,""Reason"":3}"
35875544,"{""Old"":22485,""New"":22487,""Reason"":3}"
57851814,"{""Old"":603,""New"":607,""Reason"":3}"
57851814,"{""Old"":660,""New"":670,""Reason"":3}"
47200242,"{""Old"":7455,""New"":7457,""Reason"":3}"
47200242,"{""Old"":7210,""New"":7212,""Reason"":3}"
47200242,"{""Old"":7543,""New"":7545,""Reason"":3}"
17730425,"{""Old"":2562,""New"":2564,""Reason"":3}"
200690715,"{""Old"":413,""New"":423,""Reason"":3}"
84957257,"{""Old"":17728,""New"":17738,""Reason"":3}"
84957257,"{""Old"":17978,""New"":17988,""Reason"":3}"
8883313,"{""Old"":1472,""New"":1474,""Reason"":3}"
8883313,"{""Old"":1516,""New"":1518,""Reason"":3}"
8883313,"{""Old"":1707,""New"":1709,""Reason"":3}"
8883313,"{""Old"":1735,""New"":1739,""Reason"":3}"
169859,"{""Old"":8785,""New"":8795,""Reason"":3}"
79142355,"{""Old"":1038,""New"":1040,""Reason"":3}"
79142355,"{""Old"":1062,""New"":1064,""Reason"":3}"
32002545,"{""Old"":239,""New"":241,""Reason"":3}"
32002545,"{""Old"":307,""New"":311,""Reason"":3}"
32002545,"{""Old"":414,""New"":416,""Reason"":3}"
32002545,"{""Old"":446,""New"":448,""Reason"":3}"
32002545,"{""Old"":482,""New"":484,""Reason"":3}"
32002545,"{""Old"":556,""New"":558,""Reason"":3}"
52436180,"{""Old"":384815,""New"":384825,""Reason"":3}"
48073539,"{""Old"":2169,""New"":2171,""Reason"":3}"
32002545,"{""Old"":158,""New"":162,""Reason"":3}"
52436180,"{""Old"":378935,""New"":378945,""Reason"":3}"
16303419,"{""Old"":71457,""New"":71467,""Reason"":3}"
47061761,"{""Old"":1152,""New"":1154,""Reason"":3}"
9442327,"{""Old"":96,""New"":98,""Reason"":3}"
28718815,"{""Old"":108,""New"":110,""Reason"":3}"
79480736,"{""Old"":309,""New"":313,""Reason"":3}"
79480736,"{""Old"":643,""New"":653,""Reason"":3}"
43780156,"{""Old"":4227,""New"":4257,""Reason"":3}"
43780156,"{""Old"":5361,""New"":5371,""Reason"":3}"
43780156,"{""Old"":7437,""New"":7447,""Reason"":3}"
43780156,"{""Old"":9416,""New"":9426,""Reason"":3}"
43780156,"{""Old"":13932,""New"":13942,""Reason"":3}"
43780156,"{""Old"":15856,""New"":15906,""Reason"":3}"
43780156,"{""Old"":17911,""New"":17921,""Reason"":3}"
43780156,"{""Old"":19538,""New"":19568,""Reason"":3}"
43780156,"{""Old"":23363,""New"":23383,""Reason"":3}"
43780156,"{""Old"":24333,""New"":24343,""Reason"":3}"
43780156,"{""Old"":25833,""New"":25843,""Reason"":3}"
43780156,"{""Old"":28358,""New"":28378,""Reason"":3}"
43780156,"{""Old"":38183,""New"":38193,""Reason"":3}"
8673338,"{""Old"":12812,""New"":12814,""Reason"":3}"
8673338,"{""Old"":12940,""New"":12942,""Reason"":3}"
32002545,"{""Old"":542,""New"":544,""Reason"":3}"
8673338,"{""Old"":13574,""New"":13584,""Reason"":3}"
84957257,"{""Old"":17560,""New"":17570,""Reason"":3}"
84957257,"{""Old"":17580,""New"":17590,""Reason"":3}"
41884475,"{""Old"":95,""New"":97,""Reason"":3}"
40712395,"{""Old"":575,""New"":577,""Reason"":3}"
219546331,"{""Old"":404,""New"":408,""Reason"":3}"
9428992,"{""Old"":835,""New"":837,""Reason"":3}"
208910409,"{""Old"":457,""New"":461,""Reason"":3}"
84957257,"{""Old"":17155,""New"":17165,""Reason"":3}"
53038420,"{""Old"":247,""New"":249,""Reason"":3}"
53038420,"{""Old"":294,""New"":296,""Reason"":3}"
8673338,"{""Old"":13444,""New"":13446,""Reason"":3}"
70971660,"{""Old"":718,""New"":720,""Reason"":3}"
70971660,"{""Old"":904,""New"":906,""Reason"":3}"
70971660,"{""Old"":693,""New"":695,""Reason"":3}"
70971660,"{""Old"":1101,""New"":1111,""Reason"":3}"
84957257,"{""Old"":15525,""New"":15529,""Reason"":3}"
84957257,"{""Old"":17878,""New"":17888,""Reason"":3}"
84957257,"{""Old"":17968,""New"":17978,""Reason"":3}"
84957257,"{""Old"":17345,""New"":17355,""Reason"":3}"
84957257,"{""Old"":17858,""New"":17868,""Reason"":3}"
8673338,"{""Old"":12872,""New"":12874,""Reason"":3}"
58861275,"{""Old"":3100,""New"":3102,""Reason"":3}"
32116408,"{""Old"":1485,""New"":1487,""Reason"":3}"
35875544,"{""Old"":21650,""New"":21652,""Reason"":3}"
35875544,"{""Old"":21865,""New"":21875,""Reason"":3}"
32281739,"{""Old"":3451,""New"":3461,""Reason"":3}"
35875544,"{""Old"":22113,""New"":22123,""Reason"":3}"
13083476,"{""Old"":969,""New"":971,""Reason"":3}"
13083476,"{""Old"":984,""New"":986,""Reason"":3}"
13083476,"{""Old"":1034,""New"":1036,""Reason"":3}"
42367164,"{""Old"":2159,""New"":2161,""Reason"":3}"
62448257,"{""Old"":2238,""New"":2242,""Reason"":3}"
34765190,"{""Old"":165,""New"":167,""Reason"":3}"
41121780,"{""Old"":272,""New"":276,""Reason"":3}"
44931151,"{""Old"":83829,""New"":83839,""Reason"":3}"
44663519,"{""Old"":530,""New"":532,""Reason"":3}"
40247006,"{""Old"":1416,""New"":1418,""Reason"":3}"
62923015,"{""Old"":677,""New"":679,""Reason"":3}"
74572602,"{""Old"":3481,""New"":3483,""Reason"":3}"
40247006,"{""Old"":1277,""New"":1279,""Reason"":3}"
210993055,"{""Old"":55003,""New"":55005,""Reason"":3}"
210993055,"{""Old"":57201,""New"":57211,""Reason"":3}"
210993055,"{""Old"":56343,""New"":56353,""Reason"":3}"
210993055,"{""Old"":56671,""New"":56681,""Reason"":3}"
47061761,"{""Old"":1444,""New"":1454,""Reason"":3}"
47061761,"{""Old"":1183,""New"":1185,""Reason"":3}"
47061761,"{""Old"":1766,""New"":1768,""Reason"":3}"
47061761,"{""Old"":1456,""New"":1460,""Reason"":3}"
47061761,"{""Old"":1077,""New"":1079,""Reason"":3}"
80758401,"{""Old"":5313,""New"":5317,""Reason"":3}"
32027539,"{""Old"":935,""New"":937,""Reason"":3}"
35216582,"{""Old"":29907,""New"":29917,""Reason"":3}"
56224846,"{""Old"":46,""New"":48,""Reason"":3}"
24608076,"{""Old"":3063,""New"":3065,""Reason"":3}"
24608076,"{""Old"":3169,""New"":3179,""Reason"":3}"
24608076,"{""Old"":4305,""New"":4325,""Reason"":3}"
24608076,"{""Old"":4517,""New"":4527,""Reason"":3}"
4472194,"{""Old"":3223,""New"":3233,""Reason"":3}"
81856946,"{""Old"":825,""New"":827,""Reason"":3}"
81856946,"{""Old"":596,""New"":598,""Reason"":3}"
7536707,"{""Old"":3321,""New"":3323,""Reason"":3}"
26480103,"{""Old"":660,""New"":662,""Reason"":3}"
37781144,"{""Old"":303,""New"":305,""Reason"":3}"
79782981,"{""Old"":3400,""New"":3402,""Reason"":3}"
79782981,"{""Old"":3554,""New"":3556,""Reason"":3}"
79782981,"{""Old"":3631,""New"":3633,""Reason"":3}"
79782981,"{""Old"":3272,""New"":3274,""Reason"":3}"
17655371,"{""Old"":468,""New"":470,""Reason"":3}"
26480103,"{""Old"":639,""New"":641,""Reason"":3}"
6868129,"{""Old"":1387,""New"":1397,""Reason"":3}"
65661392,"{""Old"":5456,""New"":5466,""Reason"":3}"
23353445,"{""Old"":545,""New"":547,""Reason"":3}"
23353445,"{""Old"":523,""New"":525,""Reason"":3}"
26453322,"{""Old"":33475,""New"":33477,""Reason"":3}"
69132095,"{""Old"":786,""New"":788,""Reason"":3}"
71718548,"{""Old"":374,""New"":384,""Reason"":3}"
36439403,"{""Old"":1617,""New"":1619,""Reason"":3}"
218733227,"{""Old"":874,""New"":876,""Reason"":3}"
24608076,"{""Old"":3827,""New"":3837,""Reason"":3}"
24608076,"{""Old"":3899,""New"":3901,""Reason"":3}"
24608076,"{""Old"":4477,""New"":4487,""Reason"":3}"
23033741,"{""Old"":393,""New"":395,""Reason"":3}"
24608076,"{""Old"":2086,""New"":2088,""Reason"":3}"
24608076,"{""Old"":3283,""New"":3293,""Reason"":3}"
23033741,"{""Old"":351,""New"":353,""Reason"":3}"
80653261,"{""Old"":849,""New"":853,""Reason"":3}"
40712395,"{""Old"":1602,""New"":1604,""Reason"":3}"
208910409,"{""Old"":250,""New"":252,""Reason"":3}"
43351980,"{""Old"":15676,""New"":15678,""Reason"":3}"
16303419,"{""Old"":72587,""New"":72597,""Reason"":3}"
13755035,"{""Old"":177,""New"":181,""Reason"":3}"
13755035,"{""Old"":257,""New"":259,""Reason"":3}"
43351980,"{""Old"":15266,""New"":15276,""Reason"":3}"
20302898,"{""Old"":2986,""New"":2988,""Reason"":3}"
20302898,"{""Old"":2984,""New"":2986,""Reason"":3}"
2796424,"{""Old"":5166,""New"":5168,""Reason"":3}"
4239086,"{""Old"":3814,""New"":3816,""Reason"":3}"
4239086,"{""Old"":3913,""New"":3915,""Reason"":3}"
4239086,"{""Old"":3971,""New"":3981,""Reason"":3}"
4239086,"{""Old"":4049,""New"":4051,""Reason"":3}"
24196485,"{""Old"":40236,""New"":40238,""Reason"":3}"
208910409,"{""Old"":220,""New"":222,""Reason"":3}"
32389590,"{""Old"":415,""New"":417,""Reason"":3}"
32389590,"{""Old"":397,""New"":399,""Reason"":3}"
16303419,"{""Old"":69835,""New"":69845,""Reason"":3}"
16303419,"{""Old"":70200,""New"":70210,""Reason"":3}"
16303419,"{""Old"":70630,""New"":70650,""Reason"":3}"
43780156,"{""Old"":75582,""New"":75584,""Reason"":3}"
67836518,"{""Old"":4335,""New"":4337,""Reason"":3}"
11129004,"{""Old"":3673,""New"":3683,""Reason"":3}"
41884475,"{""Old"":93,""New"":95,""Reason"":3}"
70971660,"{""Old"":442,""New"":446,""Reason"":3}"
70971660,"{""Old"":440,""New"":442,""Reason"":3}"
70971660,"{""Old"":531,""New"":533,""Reason"":3}"
84957257,"{""Old"":17632,""New"":17642,""Reason"":3}"
43780156,"{""Old"":75518,""New"":75520,""Reason"":3}"
53038420,"{""Old"":339,""New"":341,""Reason"":3}"
84957257,"{""Old"":15907,""New"":15909,""Reason"":3}"
84957257,"{""Old"":16539,""New"":16549,""Reason"":3}"
40712395,"{""Old"":1006,""New"":1008,""Reason"":3}"
208910409,"{""Old"":327,""New"":329,""Reason"":3}"
208910409,"{""Old"":752,""New"":754,""Reason"":3}"
40712395,"{""Old"":975,""New"":977,""Reason"":3}"
13755035,"{""Old"":273,""New"":275,""Reason"":3}"
4239086,"{""Old"":3969,""New"":3971,""Reason"":3}"
40712395,"{""Old"":1180,""New"":1190,""Reason"":3}"
40712395,"{""Old"":1314,""New"":1316,""Reason"":3}"
40712395,"{""Old"":1298,""New"":1300,""Reason"":3}"
40712395,"{""Old"":1384,""New"":1386,""Reason"":3}"
40712395,"{""Old"":1503,""New"":1505,""Reason"":3}"
8883313,"{""Old"":1330,""New"":1332,""Reason"":3}"
84957257,"{""Old"":16683,""New"":16693,""Reason"":3}"
84957257,"{""Old"":15847,""New"":15857,""Reason"":3}"
32405736,"{""Old"":1241,""New"":1243,""Reason"":3}"
8883313,"{""Old"":1555,""New"":1557,""Reason"":3}"
24608076,"{""Old"":4787,""New"":4807,""Reason"":3}"
24608076,"{""Old"":4837,""New"":4839,""Reason"":3}"
24608076,"{""Old"":4849,""New"":4859,""Reason"":3}"
24608076,"{""Old"":4951,""New"":4961,""Reason"":3}"
4472194,"{""Old"":3267,""New"":3277,""Reason"":3}"
24608076,"{""Old"":3105,""New"":3107,""Reason"":3}"
24608076,"{""Old"":3665,""New"":3675,""Reason"":3}"
24608076,"{""Old"":4173,""New"":4183,""Reason"":3}"
32027539,"{""Old"":954,""New"":956,""Reason"":3}"
80758401,"{""Old"":5508,""New"":5518,""Reason"":3}"
46290546,"{""Old"":7874,""New"":7884,""Reason"":3}"
13083476,"{""Old"":1014,""New"":1016,""Reason"":3}"
13083476,"{""Old"":1032,""New"":1034,""Reason"":3}"
33904862,"{""Old"":591,""New"":593,""Reason"":3}"
9692226,"{""Old"":1771,""New"":1773,""Reason"":3}"
9692226,"{""Old"":1934,""New"":1938,""Reason"":3}"
63778994,"{""Old"":360607,""New"":360627,""Reason"":3}"
37744135,"{""Old"":29470,""New"":29480,""Reason"":3}"
7378760,"{""Old"":145140,""New"":145142,""Reason"":3}"
37744135,"{""Old"":29240,""New"":29242,""Reason"":3}"
37744135,"{""Old"":29234,""New"":29236,""Reason"":3}"
26480103,"{""Old"":503,""New"":505,""Reason"":3}"
26480103,"{""Old"":601,""New"":603,""Reason"":3}"
26480103,"{""Old"":674,""New"":676,""Reason"":3}"
26480103,"{""Old"":154,""New"":156,""Reason"":3}"
206866064,"{""Old"":355,""New"":357,""Reason"":3}"
46662749,"{""Old"":2287,""New"":2289,""Reason"":3}"
38749156,"{""Old"":3086,""New"":3096,""Reason"":3}"
38749156,"{""Old"":3633,""New"":3643,""Reason"":3}"
38749156,"{""Old"":3543,""New"":3553,""Reason"":3}"
38749156,"{""Old"":5418,""New"":5438,""Reason"":3}"
38749156,"{""Old"":6526,""New"":6566,""Reason"":3}"
47239784,"{""Old"":1140,""New"":1144,""Reason"":3}"
38749156,"{""Old"":583,""New"":585,""Reason"":3}"
38749156,"{""Old"":1998,""New"":2000,""Reason"":3}"
38749156,"{""Old"":5438,""New"":5448,""Reason"":3}"
66273046,"{""Old"":181,""New"":183,""Reason"":3}"
4980186,"{""Old"":3370,""New"":3380,""Reason"":3}"
32002545,"{""Old"":490,""New"":492,""Reason"":3}"
8673338,"{""Old"":13572,""New"":13574,""Reason"":3}"
70971660,"{""Old"":402,""New"":404,""Reason"":3}"
8673338,"{""Old"":11628,""New"":11630,""Reason"":3}"
70971660,"{""Old"":450,""New"":452,""Reason"":3}"
8673338,"{""Old"":12706,""New"":12708,""Reason"":3}"
8673338,"{""Old"":12724,""New"":12726,""Reason"":3}"
8673338,"{""Old"":12862,""New"":12872,""Reason"":3}"
8673338,"{""Old"":13016,""New"":13026,""Reason"":3}"
8673338,"{""Old"":12992,""New"":12994,""Reason"":3}"
48073539,"{""Old"":2167,""New"":2169,""Reason"":3}"
52436180,"{""Old"":381090,""New"":381110,""Reason"":3}"
8673338,"{""Old"":11624,""New"":11628,""Reason"":3}"
84957257,"{""Old"":17355,""New"":17365,""Reason"":3}"
70971660,"{""Old"":752,""New"":754,""Reason"":3}"
11296566,"{""Old"":2429,""New"":2431,""Reason"":3}"
8673338,"{""Old"":12792,""New"":12794,""Reason"":3}"
8673338,"{""Old"":12830,""New"":12832,""Reason"":3}"
16303419,"{""Old"":65592,""New"":65602,""Reason"":3}"
16303419,"{""Old"":66180,""New"":66190,""Reason"":3}"
16303419,"{""Old"":67867,""New"":67877,""Reason"":3}"
16303419,"{""Old"":69575,""New"":69585,""Reason"":3}"
16303419,"{""Old"":71947,""New"":71957,""Reason"":3}"
16303419,"{""Old"":65662,""New"":65672,""Reason"":3}"
16303419,"{""Old"":66150,""New"":66170,""Reason"":3}"
16303419,"{""Old"":67485,""New"":67505,""Reason"":3}"
16303419,"{""Old"":69051,""New"":69061,""Reason"":3}"
16303419,"{""Old"":71477,""New"":71487,""Reason"":3}"
16303419,"{""Old"":72897,""New"":72907,""Reason"":3}"
16303419,"{""Old"":75941,""New"":75951,""Reason"":3}"
24608076,"{""Old"":2552,""New"":2562,""Reason"":3}"
46437212,"{""Old"":15127,""New"":15129,""Reason"":3}"
69132095,"{""Old"":653,""New"":655,""Reason"":3}"
69132095,"{""Old"":635,""New"":645,""Reason"":3}"
35216582,"{""Old"":28016,""New"":28026,""Reason"":3}"
35216582,"{""Old"":28759,""New"":28769,""Reason"":3}"
35216582,"{""Old"":30986,""New"":30996,""Reason"":3}"
35216582,"{""Old"":31464,""New"":31474,""Reason"":3}"
208990330,"{""Old"":248,""New"":258,""Reason"":3}"
71233387,"{""Old"":89,""New"":91,""Reason"":3}"
55180850,"{""Old"":133,""New"":135,""Reason"":3}"
36439403,"{""Old"":1581,""New"":1583,""Reason"":3}"
11129004,"{""Old"":2672,""New"":2682,""Reason"":3}"
63778994,"{""Old"":364640,""New"":364650,""Reason"":3}"
63778994,"{""Old"":364600,""New"":364630,""Reason"":3}"
63778994,"{""Old"":366987,""New"":366997,""Reason"":3}"
63778994,"{""Old"":367957,""New"":367977,""Reason"":3}"
7378760,"{""Old"":145170,""New"":145172,""Reason"":3}"
9692226,"{""Old"":1883,""New"":1885,""Reason"":3}"
7378760,"{""Old"":145144,""New"":145146,""Reason"":3}"
46662749,"{""Old"":2173,""New"":2183,""Reason"":3}"
65661392,"{""Old"":5408,""New"":5418,""Reason"":3}"
9692226,"{""Old"":1820,""New"":1822,""Reason"":3}"
37744135,"{""Old"":28193,""New"":28195,""Reason"":3}"
7378760,"{""Old"":145158,""New"":145160,""Reason"":3}"
9692226,"{""Old"":1822,""New"":1824,""Reason"":3}"
48205250,"{""Old"":4297,""New"":4299,""Reason"":3}"
9692226,"{""Old"":1834,""New"":1838,""Reason"":3}"
9692226,"{""Old"":1848,""New"":1850,""Reason"":3}"
37744135,"{""Old"":27675,""New"":27677,""Reason"":3}"
43780156,"{""Old"":31218,""New"":31228,""Reason"":3}"
43780156,"{""Old"":37893,""New"":37913,""Reason"":3}"
43780156,"{""Old"":38573,""New"":38583,""Reason"":3}"
43780156,"{""Old"":38693,""New"":38713,""Reason"":3}"
42284682,"{""Old"":873,""New"":875,""Reason"":3}"
43780156,"{""Old"":39813,""New"":39823,""Reason"":3}"
83457219,"{""Old"":2345,""New"":2347,""Reason"":3}"
36153809,"{""Old"":653,""New"":657,""Reason"":3}"
83319984,"{""Old"":4581,""New"":4583,""Reason"":3}"
83457219,"{""Old"":2204,""New"":2206,""Reason"":3}"
83457219,"{""Old"":2120,""New"":2122,""Reason"":3}"
80491185,"{""Old"":5081,""New"":5083,""Reason"":3}"
80491185,"{""Old"":4389,""New"":4391,""Reason"":3}"
80491185,"{""Old"":4224,""New"":4226,""Reason"":3}"
83457219,"{""Old"":2043,""New"":2049,""Reason"":3}"
36153809,"{""Old"":658,""New"":662,""Reason"":3}"
43780156,"{""Old"":2892,""New"":2902,""Reason"":3}"
43780156,"{""Old"":5531,""New"":5551,""Reason"":3}"
43780156,"{""Old"":5846,""New"":5848,""Reason"":3}"
43780156,"{""Old"":5741,""New"":5751,""Reason"":3}"
43780156,"{""Old"":6642,""New"":6652,""Reason"":3}"
43780156,"{""Old"":11590,""New"":11600,""Reason"":3}"
43780156,"{""Old"":17861,""New"":17891,""Reason"":3}"
43780156,"{""Old"":21138,""New"":21148,""Reason"":3}"
43780156,"{""Old"":24783,""New"":24793,""Reason"":3}"
43780156,"{""Old"":26693,""New"":26703,""Reason"":3}"
43780156,"{""Old"":27368,""New"":27378,""Reason"":3}"
43780156,"{""Old"":29133,""New"":29153,""Reason"":3}"
43780156,"{""Old"":29603,""New"":29613,""Reason"":3}"
43780156,"{""Old"":30933,""New"":30943,""Reason"":3}"
43780156,"{""Old"":4679,""New"":4689,""Reason"":3}"
43780156,"{""Old"":4739,""New"":4749,""Reason"":3}"
43780156,"{""Old"":8846,""New"":8866,""Reason"":3}"
43780156,"{""Old"":8951,""New"":8961,""Reason"":3}"
43780156,"{""Old"":10056,""New"":10076,""Reason"":3}"
43780156,"{""Old"":10823,""New"":10833,""Reason"":3}"
43780156,"{""Old"":11335,""New"":11345,""Reason"":3}"
43780156,"{""Old"":13057,""New"":13087,""Reason"":3}"
43780156,"{""Old"":14117,""New"":14137,""Reason"":3}"
43780156,"{""Old"":14419,""New"":14439,""Reason"":3}"
43780156,"{""Old"":14966,""New"":14976,""Reason"":3}"
43780156,"{""Old"":15361,""New"":15371,""Reason"":3}"
43780156,"{""Old"":20348,""New"":20358,""Reason"":3}"
43780156,"{""Old"":20703,""New"":20713,""Reason"":3}"
43780156,"{""Old"":21923,""New"":21933,""Reason"":3}"
43780156,"{""Old"":24513,""New"":24523,""Reason"":3}"
43780156,"{""Old"":25938,""New"":25948,""Reason"":3}"
43780156,"{""Old"":28068,""New"":28078,""Reason"":3}"
43780156,"{""Old"":30823,""New"":30853,""Reason"":3}"
43780156,"{""Old"":30998,""New"":31008,""Reason"":3}"
43780156,"{""Old"":33383,""New"":33403,""Reason"":3}"
43780156,"{""Old"":38633,""New"":38643,""Reason"":3}"
43780156,"{""Old"":39143,""New"":39153,""Reason"":3}"
43780156,"{""Old"":19326,""New"":19356,""Reason"":3}"
43780156,"{""Old"":21448,""New"":21458,""Reason"":3}"
43780156,"{""Old"":23573,""New"":23583,""Reason"":3}"
43780156,"{""Old"":28378,""New"":28388,""Reason"":3}"
43780156,"{""Old"":29438,""New"":29448,""Reason"":3}"
43780156,"{""Old"":29903,""New"":29913,""Reason"":3}"
43780156,"{""Old"":34828,""New"":34838,""Reason"":3}"
43780156,"{""Old"":36023,""New"":36043,""Reason"":3}"
43780156,"{""Old"":36413,""New"":36423,""Reason"":3}"
43780156,"{""Old"":37913,""New"":37923,""Reason"":3}"
79480736,"{""Old"":224,""New"":226,""Reason"":3}"
43780156,"{""Old"":27208,""New"":27218,""Reason"":3}"
43780156,"{""Old"":31178,""New"":31188,""Reason"":3}"
43780156,"{""Old"":32873,""New"":32883,""Reason"":3}"
43780156,"{""Old"":33588,""New"":33598,""Reason"":3}"
43780156,"{""Old"":37823,""New"":37833,""Reason"":3}"
43780156,"{""Old"":39403,""New"":39413,""Reason"":3}"
43780156,"{""Old"":5071,""New"":5081,""Reason"":3}"
43780156,"{""Old"":12190,""New"":12210,""Reason"":3}"
43780156,"{""Old"":15501,""New"":15511,""Reason"":3}"
43780156,"{""Old"":16521,""New"":16531,""Reason"":3}"
43780156,"{""Old"":21318,""New"":21328,""Reason"":3}"
43780156,"{""Old"":2031,""New"":2041,""Reason"":3}"
43780156,"{""Old"":4257,""New"":4277,""Reason"":3}"
43780156,"{""Old"":6340,""New"":6350,""Reason"":3}"
43780156,"{""Old"":12755,""New"":12765,""Reason"":3}"
43780156,"{""Old"":17261,""New"":17281,""Reason"":3}"
43780156,"{""Old"":18976,""New"":18986,""Reason"":3}"
43780156,"{""Old"":22943,""New"":22953,""Reason"":3}"
43780156,"{""Old"":23083,""New"":23093,""Reason"":3}"
43780156,"{""Old"":23238,""New"":23248,""Reason"":3}"
43780156,"{""Old"":28188,""New"":28218,""Reason"":3}"
43780156,"{""Old"":29028,""New"":29038,""Reason"":3}"
43780156,"{""Old"":30903,""New"":30913,""Reason"":3}"
43780156,"{""Old"":33258,""New"":33278,""Reason"":3}"
43780156,"{""Old"":22248,""New"":22258,""Reason"":3}"
43780156,"{""Old"":24263,""New"":24273,""Reason"":3}"
43780156,"{""Old"":26303,""New"":26313,""Reason"":3}"
43780156,"{""Old"":27518,""New"":27528,""Reason"":3}"
43780156,"{""Old"":28818,""New"":28828,""Reason"":3}"
43780156,"{""Old"":29873,""New"":29893,""Reason"":3}"
43780156,"{""Old"":30953,""New"":30963,""Reason"":3}"
43780156,"{""Old"":36543,""New"":36553,""Reason"":3}"
43780156,"{""Old"":36903,""New"":36913,""Reason"":3}"
43780156,"{""Old"":36763,""New"":36813,""Reason"":3}"
43780156,"{""Old"":38373,""New"":38383,""Reason"":3}"
43780156,"{""Old"":38553,""New"":38563,""Reason"":3}"
43780156,"{""Old"":39123,""New"":39133,""Reason"":3}"
43780156,"{""Old"":39213,""New"":39223,""Reason"":3}"
43780156,"{""Old"":39453,""New"":39463,""Reason"":3}"
43780156,"{""Old"":5151,""New"":5161,""Reason"":3}"
43780156,"{""Old"":5141,""New"":5151,""Reason"":3}"
43780156,"{""Old"":7557,""New"":7567,""Reason"":3}"
43780156,"{""Old"":9811,""New"":9821,""Reason"":3}"
43780156,"{""Old"":11045,""New"":11055,""Reason"":3}"
43780156,"{""Old"":17441,""New"":17481,""Reason"":3}"
43780156,"{""Old"":20298,""New"":20328,""Reason"":3}"
26453322,"{""Old"":33465,""New"":33467,""Reason"":3}"
71718548,"{""Old"":448,""New"":450,""Reason"":3}"
50494222,"{""Old"":82267,""New"":82277,""Reason"":3}"
50494222,"{""Old"":82667,""New"":82677,""Reason"":3}"
30344310,"{""Old"":2224,""New"":2234,""Reason"":3}"
30344310,"{""Old"":2314,""New"":2324,""Reason"":3}"
30344310,"{""Old"":2334,""New"":2336,""Reason"":3}"
50494222,"{""Old"":81587,""New"":81719,""Reason"":3}"
50494222,"{""Old"":82417,""New"":82427,""Reason"":3}"
50494222,"{""Old"":82497,""New"":82507,""Reason"":3}"
13173590,"{""Old"":60603,""New"":60605,""Reason"":3}"
50681822,"{""Old"":468,""New"":470,""Reason"":3}"
85219672,"{""Old"":14257,""New"":14267,""Reason"":3}"
85219672,"{""Old"":14735,""New"":14745,""Reason"":3}"
85219672,"{""Old"":14961,""New"":14971,""Reason"":3}"
85219672,"{""Old"":18233,""New"":18243,""Reason"":3}"
85219672,"{""Old"":15614,""New"":15624,""Reason"":3}"
85219672,"{""Old"":16356,""New"":16366,""Reason"":3}"
50681822,"{""Old"":572,""New"":574,""Reason"":3}"
38478123,"{""Old"":288,""New"":290,""Reason"":3}"
85219672,"{""Old"":12828,""New"":12830,""Reason"":3}"
85219672,"{""Old"":12879,""New"":12881,""Reason"":3}"
85219672,"{""Old"":12915,""New"":12917,""Reason"":3}"
10586403,"{""Old"":2778,""New"":2780,""Reason"":3}"
23353445,"{""Old"":480,""New"":482,""Reason"":3}"
23353445,"{""Old"":513,""New"":523,""Reason"":3}"
50494222,"{""Old"":82367,""New"":82377,""Reason"":3}"
50494222,"{""Old"":81537,""New"":81547,""Reason"":3}"
50494222,"{""Old"":81975,""New"":81985,""Reason"":3}"
23353445,"{""Old"":548,""New"":550,""Reason"":3}"
69132095,"{""Old"":887,""New"":889,""Reason"":3}"
23353445,"{""Old"":570,""New"":572,""Reason"":3}"
26453322,"{""Old"":33438,""New"":33442,""Reason"":3}"
26453322,"{""Old"":33516,""New"":33526,""Reason"":3}"
43780156,"{""Old"":4628,""New"":4648,""Reason"":3}"
43780156,"{""Old"":7147,""New"":7157,""Reason"":3}"
43780156,"{""Old"":8392,""New"":8412,""Reason"":3}"
43780156,"{""Old"":9971,""New"":9981,""Reason"":3}"
43780156,"{""Old"":11245,""New"":11265,""Reason"":3}"
43780156,"{""Old"":11515,""New"":11525,""Reason"":3}"
43780156,"{""Old"":15536,""New"":15576,""Reason"":3}"
43780156,"{""Old"":16336,""New"":16346,""Reason"":3}"
43780156,"{""Old"":20943,""New"":20953,""Reason"":3}"
43780156,"{""Old"":22608,""New"":22618,""Reason"":3}"
43780156,"{""Old"":22673,""New"":22683,""Reason"":3}"
43780156,"{""Old"":23528,""New"":23538,""Reason"":3}"
43780156,"{""Old"":29233,""New"":29243,""Reason"":3}"
43780156,"{""Old"":32948,""New"":32958,""Reason"":3}"
43780156,"{""Old"":32683,""New"":32703,""Reason"":3}"
43780156,"{""Old"":35983,""New"":36003,""Reason"":3}"
43780156,"{""Old"":37943,""New"":37953,""Reason"":3}"
43780156,"{""Old"":38393,""New"":38403,""Reason"":3}"
43780156,"{""Old"":2301,""New"":2311,""Reason"":3}"
79480736,"{""Old"":434,""New"":436,""Reason"":3}"
79480736,"{""Old"":246,""New"":248,""Reason"":3}"
79480736,"{""Old"":330,""New"":332,""Reason"":3}"
43780156,"{""Old"":6023,""New"":6033,""Reason"":3}"
43780156,"{""Old"":7597,""New"":7637,""Reason"":3}"
43780156,"{""Old"":13732,""New"":13742,""Reason"":3}"
43780156,"{""Old"":13632,""New"":13642,""Reason"":3}"
43780156,"{""Old"":17901,""New"":17911,""Reason"":3}"
43780156,"{""Old"":19276,""New"":19286,""Reason"":3}"
43780156,"{""Old"":20248,""New"":20268,""Reason"":3}"
43780156,"{""Old"":20783,""New"":20793,""Reason"":3}"
43780156,"{""Old"":21893,""New"":21903,""Reason"":3}"
43780156,"{""Old"":25208,""New"":25218,""Reason"":3}"
43780156,"{""Old"":25948,""New"":25958,""Reason"":3}"
43780156,"{""Old"":28108,""New"":28128,""Reason"":3}"
43780156,"{""Old"":28978,""New"":28988,""Reason"":3}"
43780156,"{""Old"":32768,""New"":32818,""Reason"":3}"
43780156,"{""Old"":38643,""New"":38653,""Reason"":3}"
43780156,"{""Old"":38963,""New"":38973,""Reason"":3}"
43780156,"{""Old"":39373,""New"":39393,""Reason"":3}"
43780156,"{""Old"":2782,""New"":2792,""Reason"":3}"
43780156,"{""Old"":5296,""New"":5306,""Reason"":3}"
43780156,"{""Old"":6110,""New"":6120,""Reason"":3}"
43780156,"{""Old"":9046,""New"":9066,""Reason"":3}"
43780156,"{""Old"":9551,""New"":9561,""Reason"":3}"
43780156,"{""Old"":11875,""New"":11885,""Reason"":3}"
43780156,"{""Old"":13787,""New"":13797,""Reason"":3}"
43780156,"{""Old"":19838,""New"":19858,""Reason"":3}"
43780156,"{""Old"":24803,""New"":24813,""Reason"":3}"
43780156,"{""Old"":25033,""New"":25043,""Reason"":3}"
43780156,"{""Old"":28718,""New"":28728,""Reason"":3}"
43780156,"{""Old"":35308,""New"":35318,""Reason"":3}"
43780156,"{""Old"":36423,""New"":36433,""Reason"":3}"
43780156,"{""Old"":37383,""New"":37393,""Reason"":3}"
43780156,"{""Old"":39483,""New"":39493,""Reason"":3}"
43780156,"{""Old"":3912,""New"":3922,""Reason"":3}"
43780156,"{""Old"":4324,""New"":4334,""Reason"":3}"
43780156,"{""Old"":4789,""New"":4799,""Reason"":3}"
43780156,"{""Old"":4899,""New"":4901,""Reason"":3}"
43780156,"{""Old"":6972,""New"":6982,""Reason"":3}"
43780156,"{""Old"":9561,""New"":9591,""Reason"":3}"
43780156,"{""Old"":10888,""New"":10908,""Reason"":3}"
43780156,"{""Old"":11560,""New"":11570,""Reason"":3}"
43780156,"{""Old"":14789,""New"":14799,""Reason"":3}"
43780156,"{""Old"":18226,""New"":18236,""Reason"":3}"
43780156,"{""Old"":21098,""New"":21118,""Reason"":3}"
43780156,"{""Old"":4313,""New"":4323,""Reason"":3}"
43780156,"{""Old"":9191,""New"":9201,""Reason"":3}"
43780156,"{""Old"":10231,""New"":10251,""Reason"":3}"
43780156,"{""Old"":10583,""New"":10593,""Reason"":3}"
43780156,"{""Old"":10978,""New"":10980,""Reason"":3}"
43780156,"{""Old"":14354,""New"":14374,""Reason"":3}"
43780156,"{""Old"":15161,""New"":15191,""Reason"":3}"
43780156,"{""Old"":16816,""New"":16826,""Reason"":3}"
43780156,"{""Old"":16966,""New"":16986,""Reason"":3}"
43780156,"{""Old"":19306,""New"":19326,""Reason"":3}"
43780156,"{""Old"":27103,""New"":27143,""Reason"":3}"
43780156,"{""Old"":31098,""New"":31108,""Reason"":3}"
43780156,"{""Old"":32223,""New"":32233,""Reason"":3}"
43780156,"{""Old"":34408,""New"":34458,""Reason"":3}"
79480736,"{""Old"":236,""New"":238,""Reason"":3}"
79480736,"{""Old"":207,""New"":213,""Reason"":3}"
6865857,"{""Old"":2876,""New"":2886,""Reason"":3}"
43780156,"{""Old"":2376,""New"":2386,""Reason"":3}"
43780156,"{""Old"":23328,""New"":23338,""Reason"":3}"
43780156,"{""Old"":23718,""New"":23728,""Reason"":3}"
43780156,"{""Old"":24223,""New"":24233,""Reason"":3}"
43780156,"{""Old"":26578,""New"":26588,""Reason"":3}"
43780156,"{""Old"":27763,""New"":27773,""Reason"":3}"
43780156,"{""Old"":28408,""New"":28438,""Reason"":3}"
43780156,"{""Old"":36683,""New"":36693,""Reason"":3}"
43780156,"{""Old"":37033,""New"":37043,""Reason"":3}"
43780156,"{""Old"":38593,""New"":38613,""Reason"":3}"
43780156,"{""Old"":4012,""New"":4022,""Reason"":3}"
43780156,"{""Old"":4002,""New"":4012,""Reason"":3}"
79782981,"{""Old"":3904,""New"":3906,""Reason"":3}"
79782981,"{""Old"":5697,""New"":5707,""Reason"":3}"
79782981,"{""Old"":6698,""New"":6708,""Reason"":3}"
79782981,"{""Old"":7265,""New"":7267,""Reason"":3}"
79782981,"{""Old"":7335,""New"":7345,""Reason"":3}"
79782981,"{""Old"":7487,""New"":7489,""Reason"":3}"
81856946,"{""Old"":525,""New"":527,""Reason"":3}"
81856946,"{""Old"":447,""New"":451,""Reason"":3}"
81856946,"{""Old"":515,""New"":517,""Reason"":3}"
81856946,"{""Old"":513,""New"":515,""Reason"":3}"
81856946,"{""Old"":568,""New"":570,""Reason"":3}"
81856946,"{""Old"":1275,""New"":1277,""Reason"":3}"
79782981,"{""Old"":3916,""New"":3918,""Reason"":3}"
79782981,"{""Old"":3976,""New"":3980,""Reason"":3}"
79782981,"{""Old"":4995,""New"":4997,""Reason"":3}"
79782981,"{""Old"":6448,""New"":6458,""Reason"":3}"
79782981,"{""Old"":8999,""New"":9009,""Reason"":3}"
17655371,"{""Old"":715,""New"":719,""Reason"":3}"
79782981,"{""Old"":6126,""New"":6136,""Reason"":3}"
79782981,"{""Old"":6880,""New"":6900,""Reason"":3}"
79782981,"{""Old"":7529,""New"":7539,""Reason"":3}"
79782981,"{""Old"":7813,""New"":7823,""Reason"":3}"
6615671,"{""Old"":985,""New"":989,""Reason"":3}"
6615671,"{""Old"":957,""New"":959,""Reason"":3}"
79782981,"{""Old"":3109,""New"":3111,""Reason"":3}"
79782981,"{""Old"":8351,""New"":8361,""Reason"":3}"
79782981,"{""Old"":8704,""New"":8724,""Reason"":3}"
79782981,"{""Old"":9090,""New"":9100,""Reason"":3}"
38095618,"{""Old"":79243,""New"":79253,""Reason"":3}"
38095618,"{""Old"":79347,""New"":79357,""Reason"":3}"
23353445,"{""Old"":486,""New"":488,""Reason"":3}"
23353445,"{""Old"":552,""New"":554,""Reason"":3}"
205211705,"{""Old"":3650,""New"":3652,""Reason"":3}"
205211705,"{""Old"":3142,""New"":3144,""Reason"":3}"
38749156,"{""Old"":2530,""New"":2532,""Reason"":3}"
38749156,"{""Old"":6109,""New"":6119,""Reason"":3}"
38749156,"{""Old"":6922,""New"":6932,""Reason"":3}"
38749156,"{""Old"":380,""New"":382,""Reason"":3}"
13083476,"{""Old"":727,""New"":729,""Reason"":3}"
13083476,"{""Old"":732,""New"":734,""Reason"":3}"
42367164,"{""Old"":826,""New"":830,""Reason"":3}"
13083476,"{""Old"":302,""New"":304,""Reason"":3}"
35875544,"{""Old"":22135,""New"":22145,""Reason"":3}"
35875544,"{""Old"":22633,""New"":22643,""Reason"":3}"
205211705,"{""Old"":3233,""New"":3235,""Reason"":3}"
80758401,"{""Old"":6821,""New"":6831,""Reason"":3}"
8257034,"{""Old"":3215,""New"":3217,""Reason"":3}"
38749156,"{""Old"":3125,""New"":3135,""Reason"":3}"
38749156,"{""Old"":3381,""New"":3391,""Reason"":3}"
38749156,"{""Old"":5179,""New"":5189,""Reason"":3}"
38749156,"{""Old"":5797,""New"":5817,""Reason"":3}"
35875544,"{""Old"":22524,""New"":22526,""Reason"":3}"
25154055,"{""Old"":576,""New"":578,""Reason"":3}"
64771681,"{""Old"":2485,""New"":2487,""Reason"":3}"
205211705,"{""Old"":3195,""New"":3199,""Reason"":3}"
40712395,"{""Old"":1037,""New"":1039,""Reason"":3}"
24196485,"{""Old"":40256,""New"":40258,""Reason"":3}"
16303419,"{""Old"":74614,""New"":74654,""Reason"":3}"
16303419,"{""Old"":77051,""New"":77071,""Reason"":3}"
8883313,"{""Old"":1340,""New"":1342,""Reason"":3}"
8883313,"{""Old"":1751,""New"":1753,""Reason"":3}"
11296566,"{""Old"":2413,""New"":2415,""Reason"":3}"
8673338,"{""Old"":12700,""New"":12702,""Reason"":3}"
8673338,"{""Old"":12760,""New"":12762,""Reason"":3}"
8673338,"{""Old"":13318,""New"":13320,""Reason"":3}"
70971660,"{""Old"":363,""New"":365,""Reason"":3}"
8673338,"{""Old"":13614,""New"":13624,""Reason"":3}"
70971660,"{""Old"":635,""New"":637,""Reason"":3}"
70971660,"{""Old"":280,""New"":284,""Reason"":3}"
70971660,"{""Old"":663,""New"":673,""Reason"":3}"
70971660,"{""Old"":1152,""New"":1156,""Reason"":3}"
43780156,"{""Old"":7092,""New"":7112,""Reason"":3}"
43780156,"{""Old"":7512,""New"":7532,""Reason"":3}"
43780156,"{""Old"":11485,""New"":11505,""Reason"":3}"
43780156,"{""Old"":12275,""New"":12285,""Reason"":3}"
43780156,"{""Old"":15076,""New"":15086,""Reason"":3}"
43780156,"{""Old"":16356,""New"":16366,""Reason"":3}"
43780156,"{""Old"":18161,""New"":18181,""Reason"":3}"
43780156,"{""Old"":19903,""New"":19923,""Reason"":3}"
43780156,"{""Old"":20433,""New"":20443,""Reason"":3}"
43780156,"{""Old"":21268,""New"":21278,""Reason"":3}"
43780156,"{""Old"":22988,""New"":23018,""Reason"":3}"
43780156,"{""Old"":23698,""New"":23718,""Reason"":3}"
43780156,"{""Old"":24323,""New"":24333,""Reason"":3}"
43780156,"{""Old"":24913,""New"":24923,""Reason"":3}"
43780156,"{""Old"":28738,""New"":28748,""Reason"":3}"
43780156,"{""Old"":31958,""New"":31968,""Reason"":3}"
43780156,"{""Old"":33403,""New"":33413,""Reason"":3}"
43780156,"{""Old"":36163,""New"":36173,""Reason"":3}"
43780156,"{""Old"":2792,""New"":2802,""Reason"":3}"
43780156,"{""Old"":3992,""New"":4002,""Reason"":3}"
43780156,"{""Old"":4346,""New"":4366,""Reason"":3}"
43780156,"{""Old"":4648,""New"":4658,""Reason"":3}"
43780156,"{""Old"":7447,""New"":7467,""Reason"":3}"
43780156,"{""Old"":8147,""New"":8157,""Reason"":3}"
43780156,"{""Old"":14247,""New"":14249,""Reason"":3}"
43780156,"{""Old"":14629,""New"":14639,""Reason"":3}"
43780156,"{""Old"":20383,""New"":20403,""Reason"":3}"
43780156,"{""Old"":22708,""New"":22718,""Reason"":3}"
43780156,"{""Old"":23383,""New"":23393,""Reason"":3}"
43780156,"{""Old"":24363,""New"":24383,""Reason"":3}"
43780156,"{""Old"":28218,""New"":28228,""Reason"":3}"
43780156,"{""Old"":28098,""New"":28108,""Reason"":3}"
43780156,"{""Old"":29808,""New"":29818,""Reason"":3}"
43780156,"{""Old"":34068,""New"":34078,""Reason"":3}"
43780156,"{""Old"":37343,""New"":37363,""Reason"":3}"
43780156,"{""Old"":38773,""New"":38803,""Reason"":3}"
43780156,"{""Old"":39243,""New"":39253,""Reason"":3}"
79480736,"{""Old"":594,""New"":596,""Reason"":3}"
43780156,"{""Old"":7702,""New"":7712,""Reason"":3}"
43780156,"{""Old"":11915,""New"":11925,""Reason"":3}"
43780156,"{""Old"":13502,""New"":13532,""Reason"":3}"
43780156,"{""Old"":14829,""New"":14839,""Reason"":3}"
43780156,"{""Old"":17096,""New"":17106,""Reason"":3}"
43780156,"{""Old"":18446,""New"":18456,""Reason"":3}"
43780156,"{""Old"":20543,""New"":20563,""Reason"":3}"
43780156,"{""Old"":20533,""New"":20543,""Reason"":3}"
43780156,"{""Old"":27683,""New"":27693,""Reason"":3}"
43780156,"{""Old"":28608,""New"":28618,""Reason"":3}"
43780156,"{""Old"":28688,""New"":28708,""Reason"":3}"
43780156,"{""Old"":28828,""New"":28848,""Reason"":3}"
43780156,"{""Old"":34038,""New"":34058,""Reason"":3}"
43780156,"{""Old"":36593,""New"":36603,""Reason"":3}"
43780156,"{""Old"":36853,""New"":36873,""Reason"":3}"
43780156,"{""Old"":38483,""New"":38493,""Reason"":3}"
43780156,"{""Old"":38933,""New"":38943,""Reason"":3}"
43780156,"{""Old"":39043,""New"":39053,""Reason"":3}"
43780156,"{""Old"":11950,""New"":11970,""Reason"":3}"
43780156,"{""Old"":12545,""New"":12565,""Reason"":3}"
43780156,"{""Old"":13257,""New"":13267,""Reason"":3}"
43780156,"{""Old"":18321,""New"":18341,""Reason"":3}"
43780156,"{""Old"":19408,""New"":19438,""Reason"":3}"
43780156,"{""Old"":23283,""New"":23293,""Reason"":3}"
43780156,"{""Old"":24353,""New"":24363,""Reason"":3}"
43780156,"{""Old"":24673,""New"":24683,""Reason"":3}"
43780156,"{""Old"":26498,""New"":26518,""Reason"":3}"
43780156,"{""Old"":28758,""New"":28798,""Reason"":3}"
43780156,"{""Old"":28728,""New"":28738,""Reason"":3}"
43780156,"{""Old"":30113,""New"":30123,""Reason"":3}"
43780156,"{""Old"":31468,""New"":31478,""Reason"":3}"
43780156,"{""Old"":35098,""New"":35118,""Reason"":3}"
43780156,"{""Old"":37283,""New"":37293,""Reason"":3}"
43780156,"{""Old"":39003,""New"":39013,""Reason"":3}"
43780156,"{""Old"":39063,""New"":39073,""Reason"":3}"
79480736,"{""Old"":230,""New"":232,""Reason"":3}"
48056970,"{""Old"":800,""New"":802,""Reason"":3}"
8873732,"{""Old"":24887,""New"":24889,""Reason"":3}"
43780156,"{""Old"":13837,""New"":13877,""Reason"":3}"
43780156,"{""Old"":16231,""New"":16261,""Reason"":3}"
43780156,"{""Old"":18106,""New"":18116,""Reason"":3}"
43780156,"{""Old"":18501,""New"":18511,""Reason"":3}"
43780156,"{""Old"":20338,""New"":20348,""Reason"":3}"
43780156,"{""Old"":20563,""New"":20573,""Reason"":3}"
43780156,"{""Old"":22888,""New"":22898,""Reason"":3}"
43780156,"{""Old"":26673,""New"":26683,""Reason"":3}"
43780156,"{""Old"":26908,""New"":26918,""Reason"":3}"
43780156,"{""Old"":27938,""New"":27948,""Reason"":3}"
43780156,"{""Old"":28668,""New"":28678,""Reason"":3}"
43780156,"{""Old"":33848,""New"":33858,""Reason"":3}"
43780156,"{""Old"":34558,""New"":34568,""Reason"":3}"
43780156,"{""Old"":38203,""New"":38213,""Reason"":3}"
43780156,"{""Old"":38363,""New"":38373,""Reason"":3}"
43780156,"{""Old"":38473,""New"":38483,""Reason"":3}"
43780156,"{""Old"":39023,""New"":39033,""Reason"":3}"
43780156,"{""Old"":3877,""New"":3887,""Reason"":3}"
43780156,"{""Old"":4879,""New"":4889,""Reason"":3}"
43780156,"{""Old"":6270,""New"":6280,""Reason"":3}"
43780156,"{""Old"":8287,""New"":8297,""Reason"":3}"
43780156,"{""Old"":12090,""New"":12100,""Reason"":3}"
43780156,"{""Old"":12470,""New"":12490,""Reason"":3}"
43780156,"{""Old"":12655,""New"":12665,""Reason"":3}"
43780156,"{""Old"":14399,""New"":14419,""Reason"":3}"
43780156,"{""Old"":17891,""New"":17901,""Reason"":3}"
43780156,"{""Old"":18746,""New"":18756,""Reason"":3}"
43780156,"{""Old"":19378,""New"":19398,""Reason"":3}"
43780156,"{""Old"":22598,""New"":22608,""Reason"":3}"
43780156,"{""Old"":23038,""New"":23048,""Reason"":3}"
43780156,"{""Old"":24088,""New"":24138,""Reason"":3}"
43780156,"{""Old"":24008,""New"":24018,""Reason"":3}"
43780156,"{""Old"":30388,""New"":30398,""Reason"":3}"
43780156,"{""Old"":30643,""New"":30653,""Reason"":3}"
43780156,"{""Old"":31168,""New"":31178,""Reason"":3}"
43780156,"{""Old"":32583,""New"":32603,""Reason"":3}"
43780156,"{""Old"":32483,""New"":32493,""Reason"":3}"
43780156,"{""Old"":33028,""New"":33038,""Reason"":3}"
43780156,"{""Old"":34058,""New"":34068,""Reason"":3}"
43780156,"{""Old"":34933,""New"":34963,""Reason"":3}"
43780156,"{""Old"":36473,""New"":36493,""Reason"":3}"
43780156,"{""Old"":37103,""New"":37143,""Reason"":3}"
43780156,"{""Old"":37633,""New"":37643,""Reason"":3}"
43780156,"{""Old"":39363,""New"":39373,""Reason"":3}"
43780156,"{""Old"":10703,""New"":10733,""Reason"":3}"
43780156,"{""Old"":15191,""New"":15201,""Reason"":3}"
43780156,"{""Old"":23018,""New"":23028,""Reason"":3}"
43780156,"{""Old"":23618,""New"":23628,""Reason"":3}"
43780156,"{""Old"":23988,""New"":24008,""Reason"":3}"
43780156,"{""Old"":25103,""New"":25113,""Reason"":3}"
43780156,"{""Old"":25418,""New"":25428,""Reason"":3}"
43780156,"{""Old"":26683,""New"":26693,""Reason"":3}"
43780156,"{""Old"":28338,""New"":28348,""Reason"":3}"
43780156,"{""Old"":35743,""New"":35773,""Reason"":3}"
43780156,"{""Old"":36183,""New"":36203,""Reason"":3}"
46446795,"{""Old"":2899,""New"":2919,""Reason"":3}"
46446795,"{""Old"":2975,""New"":2985,""Reason"":3}"
9130127,"{""Old"":166,""New"":168,""Reason"":3}"
6865857,"{""Old"":3332,""New"":3334,""Reason"":3}"
83319984,"{""Old"":4420,""New"":4430,""Reason"":3}"
8873732,"{""Old"":24973,""New"":24975,""Reason"":3}"
8873732,"{""Old"":25228,""New"":25230,""Reason"":3}"
8873732,"{""Old"":25242,""New"":25244,""Reason"":3}"
215520292,"{""Old"":317184,""New"":317194,""Reason"":3}"
209538568,"{""Old"":1662,""New"":1664,""Reason"":3}"
205211705,"{""Old"":3272,""New"":3274,""Reason"":3}"
35875544,"{""Old"":20133,""New"":20135,""Reason"":3}"
56262169,"{""Old"":69,""New"":71,""Reason"":3}"
4239086,"{""Old"":3763,""New"":3765,""Reason"":3}"
4239086,"{""Old"":3759,""New"":3761,""Reason"":3}"
38095618,"{""Old"":79605,""New"":79615,""Reason"":3}"
61216894,"{""Old"":500,""New"":502,""Reason"":3}"
208990330,"{""Old"":163,""New"":167,""Reason"":3}"
36439403,"{""Old"":1534,""New"":1544,""Reason"":3}"
35875544,"{""Old"":31523,""New"":31525,""Reason"":3}"
169859,"{""Old"":9079,""New"":9089,""Reason"":3}"
169859,"{""Old"":8653,""New"":8655,""Reason"":3}"
41884475,"{""Old"":89,""New"":93,""Reason"":3}"
169859,"{""Old"":8993,""New"":9003,""Reason"":3}"
17730425,"{""Old"":2850,""New"":2860,""Reason"":3}"
48056970,"{""Old"":959,""New"":961,""Reason"":3}"
48056970,"{""Old"":1039,""New"":1041,""Reason"":3}"
34765190,"{""Old"":161,""New"":163,""Reason"":3}"
9442327,"{""Old"":90,""New"":92,""Reason"":3}"
9442327,"{""Old"":161,""New"":163,""Reason"":3}"
62923015,"{""Old"":2221,""New"":2223,""Reason"":3}"
44931151,"{""Old"":83086,""New"":83096,""Reason"":3}"
56262169,"{""Old"":165,""New"":167,""Reason"":3}"
205211705,"{""Old"":3144,""New"":3146,""Reason"":3}"
205211705,"{""Old"":3231,""New"":3233,""Reason"":3}"
13083476,"{""Old"":432,""New"":434,""Reason"":3}"
13083476,"{""Old"":650,""New"":660,""Reason"":3}"
13083476,"{""Old"":648,""New"":650,""Reason"":3}"
38749156,"{""Old"":5102,""New"":5104,""Reason"":3}"
38749156,"{""Old"":793,""New"":795,""Reason"":3}"
38749156,"{""Old"":6932,""New"":6952,""Reason"":3}"
42367164,"{""Old"":2145,""New"":2147,""Reason"":3}"
39687811,"{""Old"":269,""New"":271,""Reason"":3}"
47061761,"{""Old"":1058,""New"":1060,""Reason"":3}"
47061761,"{""Old"":1736,""New"":1738,""Reason"":3}"
47061761,"{""Old"":1752,""New"":1754,""Reason"":3}"
47061761,"{""Old"":1755,""New"":1757,""Reason"":3}"
83319984,"{""Old"":4464,""New"":4474,""Reason"":3}"
9130127,"{""Old"":156,""New"":158,""Reason"":3}"
83319984,"{""Old"":4365,""New"":4375,""Reason"":3}"
83319984,"{""Old"":4481,""New"":4491,""Reason"":3}"
6865857,"{""Old"":3336,""New"":3338,""Reason"":3}"
83319984,"{""Old"":4410,""New"":4420,""Reason"":3}"
50494222,"{""Old"":81865,""New"":81875,""Reason"":3}"
50494222,"{""Old"":82477,""New"":82497,""Reason"":3}"
26453322,"{""Old"":32571,""New"":32573,""Reason"":3}"
50494222,"{""Old"":82227,""New"":82237,""Reason"":3}"
50494222,"{""Old"":82627,""New"":82637,""Reason"":3}"
50494222,"{""Old"":82717,""New"":82727,""Reason"":3}"
62923015,"{""Old"":3754,""New"":3756,""Reason"":3}"
84303672,"{""Old"":9929,""New"":9931,""Reason"":3}"
8673338,"{""Old"":13134,""New"":13144,""Reason"":3}"
200690715,"{""Old"":465,""New"":467,""Reason"":3}"
70315956,"{""Old"":864,""New"":866,""Reason"":3}"
70971660,"{""Old"":806,""New"":808,""Reason"":3}"
70971660,"{""Old"":1193,""New"":1195,""Reason"":3}"
218151732,"{""Old"":2306,""New"":2308,""Reason"":3}"
9130127,"{""Old"":164,""New"":166,""Reason"":3}"
215520292,"{""Old"":317361,""New"":317381,""Reason"":3}"
215520292,"{""Old"":314932,""New"":314972,""Reason"":3}"
215520292,"{""Old"":315987,""New"":316007,""Reason"":3}"
215520292,"{""Old"":316644,""New"":316664,""Reason"":3}"
8873732,"{""Old"":25013,""New"":25015,""Reason"":3}"
8873732,"{""Old"":25021,""New"":25023,""Reason"":3}"
27777369,"{""Old"":67013,""New"":67015,""Reason"":3}"
46662749,"{""Old"":2226,""New"":2230,""Reason"":3}"
23305159,"{""Old"":375,""New"":385,""Reason"":3}"
46610504,"{""Old"":338,""New"":340,""Reason"":3}"
83788628,"{""Old"":409,""New"":411,""Reason"":3}"
211423534,"{""Old"":42922,""New"":42932,""Reason"":3}"
211423534,"{""Old"":43448,""New"":43458,""Reason"":3}"
211423534,"{""Old"":43850,""New"":43860,""Reason"":3}"
23305159,"{""Old"":192,""New"":194,""Reason"":3}"
23305159,"{""Old"":340,""New"":342,""Reason"":3}"
23305159,"{""Old"":352,""New"":356,""Reason"":3}"
23305159,"{""Old"":449,""New"":451,""Reason"":3}"
46662749,"{""Old"":2219,""New"":2221,""Reason"":3}"
78285576,"{""Old"":1452,""New"":1454,""Reason"":3}"
78285576,"{""Old"":1465,""New"":1467,""Reason"":3}"
79782981,"{""Old"":7823,""New"":7825,""Reason"":3}"
79782981,"{""Old"":8474,""New"":8484,""Reason"":3}"
81856946,"{""Old"":668,""New"":670,""Reason"":3}"
42817421,"{""Old"":2449,""New"":2451,""Reason"":3}"
64771681,"{""Old"":2853,""New"":2863,""Reason"":3}"
64771681,"{""Old"":2927,""New"":2937,""Reason"":3}"
57851814,"{""Old"":618,""New"":620,""Reason"":3}"
64771681,"{""Old"":2863,""New"":2873,""Reason"":3}"
67835639,"{""Old"":271,""New"":273,""Reason"":3}"
10339843,"{""Old"":142,""New"":144,""Reason"":3}"
86009749,"{""Old"":293,""New"":295,""Reason"":3}"
32116408,"{""Old"":1363,""New"":1365,""Reason"":3}"
32116408,"{""Old"":1359,""New"":1361,""Reason"":3}"
4405013,"{""Old"":567,""New"":569,""Reason"":3}"
85219672,"{""Old"":17241,""New"":17251,""Reason"":3}"
85219672,"{""Old"":17569,""New"":17579,""Reason"":3}"
38319980,"{""Old"":81658,""New"":81660,""Reason"":3}"
85219672,"{""Old"":14542,""New"":14552,""Reason"":3}"
85219672,"{""Old"":14279,""New"":14289,""Reason"":3}"
46662749,"{""Old"":240,""New"":242,""Reason"":3}"
35216582,"{""Old"":29955,""New"":29957,""Reason"":3}"
35216582,"{""Old"":30201,""New"":30203,""Reason"":3}"
35216582,"{""Old"":30139,""New"":30149,""Reason"":3}"
7501032,"{""Old"":220,""New"":222,""Reason"":3}"
9442327,"{""Old"":191,""New"":193,""Reason"":3}"
70289120,"{""Old"":1979,""New"":1981,""Reason"":3}"
27777369,"{""Old"":66863,""New"":66865,""Reason"":3}"
67389768,"{""Old"":40,""New"":42,""Reason"":3}"
44931151,"{""Old"":84295,""New"":84305,""Reason"":3}"
205211705,"{""Old"":3177,""New"":3179,""Reason"":3}"
66273046,"{""Old"":134,""New"":138,""Reason"":3}"
49831730,"{""Old"":1031,""New"":1033,""Reason"":3}"
4980186,"{""Old"":2726,""New"":2728,""Reason"":3}"
65582555,"{""Old"":36,""New"":38,""Reason"":3}"
46662749,"{""Old"":2368,""New"":2370,""Reason"":3}"
46662749,"{""Old"":2281,""New"":2283,""Reason"":3}"
6868129,"{""Old"":1385,""New"":1387,""Reason"":3}"
46290546,"{""Old"":7547,""New"":7557,""Reason"":3}"
81856946,"{""Old"":413,""New"":417,""Reason"":3}"
81856946,"{""Old"":561,""New"":563,""Reason"":3}"
81856946,"{""Old"":602,""New"":604,""Reason"":3}"
17730425,"{""Old"":2959,""New"":2969,""Reason"":3}"
17730425,"{""Old"":3090,""New"":3100,""Reason"":3}"
79142355,"{""Old"":1050,""New"":1052,""Reason"":3}"
8883313,"{""Old"":1354,""New"":1356,""Reason"":3}"
8883313,"{""Old"":1424,""New"":1426,""Reason"":3}"
13533643,"{""Old"":3636,""New"":3638,""Reason"":3}"
70971660,"{""Old"":942,""New"":944,""Reason"":3}"
76604874,"{""Old"":48,""New"":50,""Reason"":3}"
84957257,"{""Old"":16705,""New"":16707,""Reason"":3}"
70971660,"{""Old"":767,""New"":769,""Reason"":3}"
70971660,"{""Old"":869,""New"":871,""Reason"":3}"
52436180,"{""Old"":378865,""New"":378875,""Reason"":3}"
52436180,"{""Old"":378915,""New"":378925,""Reason"":3}"
52436180,"{""Old"":379035,""New"":379045,""Reason"":3}"
52436180,"{""Old"":384727,""New"":384731,""Reason"":3}"
218151732,"{""Old"":2290,""New"":2292,""Reason"":3}"
70971660,"{""Old"":454,""New"":456,""Reason"":3}"
70971660,"{""Old"":541,""New"":543,""Reason"":3}"
80491185,"{""Old"":4711,""New"":4721,""Reason"":3}"
80491185,"{""Old"":4644,""New"":4646,""Reason"":3}"
80491185,"{""Old"":4279,""New"":4281,""Reason"":3}"
8873732,"{""Old"":24938,""New"":24940,""Reason"":3}"
8873732,"{""Old"":25196,""New"":25198,""Reason"":3}"
8873732,"{""Old"":25194,""New"":25196,""Reason"":3}"
80491185,"{""Old"":4660,""New"":4662,""Reason"":3}"
55522266,"{""Old"":571,""New"":573,""Reason"":3}"
80491185,"{""Old"":4545,""New"":4547,""Reason"":3}"
80491185,"{""Old"":4633,""New"":4635,""Reason"":3}"
80491185,"{""Old"":4798,""New"":4800,""Reason"":3}"
80491185,"{""Old"":4502,""New"":4504,""Reason"":3}"
80491185,"{""Old"":4786,""New"":4788,""Reason"":3}"
80491185,"{""Old"":4452,""New"":4454,""Reason"":3}"
80491185,"{""Old"":4662,""New"":4672,""Reason"":3}"
48056970,"{""Old"":876,""New"":878,""Reason"":3}"
27777369,"{""Old"":67035,""New"":67037,""Reason"":3}"
27777369,"{""Old"":67097,""New"":67107,""Reason"":3}"
8873732,"{""Old"":25066,""New"":25068,""Reason"":3}"
79620375,"{""Old"":133,""New"":135,""Reason"":3}"
47061761,"{""Old"":1670,""New"":1672,""Reason"":3}"
47061761,"{""Old"":1024,""New"":1026,""Reason"":3}"
55522266,"{""Old"":562,""New"":564,""Reason"":3}"
80491185,"{""Old"":4709,""New"":4711,""Reason"":3}"
80491185,"{""Old"":4802,""New"":4812,""Reason"":3}"
38746584,"{""Old"":1091,""New"":1093,""Reason"":3}"
48056970,"{""Old"":910,""New"":912,""Reason"":3}"
44510856,"{""Old"":1506,""New"":1508,""Reason"":3}"
44510856,"{""Old"":1624,""New"":1626,""Reason"":3}"
48056970,"{""Old"":990,""New"":992,""Reason"":3}"
44510856,"{""Old"":1662,""New"":1664,""Reason"":3}"
44510856,"{""Old"":1400,""New"":1402,""Reason"":3}"
70289120,"{""Old"":1967,""New"":1977,""Reason"":3}"
211423534,"{""Old"":38775,""New"":38795,""Reason"":3}"
55522266,"{""Old"":600,""New"":602,""Reason"":3}"
79620375,"{""Old"":131,""New"":133,""Reason"":3}"
25599199,"{""Old"":1186,""New"":1188,""Reason"":3}"
27777369,"{""Old"":66865,""New"":66867,""Reason"":3}"
27777369,"{""Old"":67246,""New"":67256,""Reason"":3}"
215520292,"{""Old"":315059,""New"":315119,""Reason"":3}"
215520292,"{""Old"":312803,""New"":313815,""Reason"":3}"
215520292,"{""Old"":315892,""New"":315912,""Reason"":3}"
215520292,"{""Old"":317114,""New"":317154,""Reason"":3}"
55522266,"{""Old"":577,""New"":579,""Reason"":3}"
27777369,"{""Old"":67139,""New"":67159,""Reason"":3}"
48056970,"{""Old"":1061,""New"":1063,""Reason"":3}"
48056970,"{""Old"":1073,""New"":1075,""Reason"":3}"
8873732,"{""Old"":25212,""New"":25214,""Reason"":3}"
64771681,"{""Old"":2739,""New"":2749,""Reason"":3}"
32281739,"{""Old"":3343,""New"":3345,""Reason"":3}"
35875544,"{""Old"":21498,""New"":21508,""Reason"":3}"
35875544,"{""Old"":21839,""New"":21841,""Reason"":3}"
35875544,"{""Old"":21961,""New"":21971,""Reason"":3}"
35875544,"{""Old"":20031,""New"":20033,""Reason"":3}"
8257034,"{""Old"":3223,""New"":3225,""Reason"":3}"
13083476,"{""Old"":619,""New"":621,""Reason"":3}"
6084170,"{""Old"":8649,""New"":8651,""Reason"":3}"
85219672,"{""Old"":18273,""New"":18283,""Reason"":3}"
85219672,"{""Old"":18305,""New"":18307,""Reason"":3}"
80758401,"{""Old"":5088,""New"":5098,""Reason"":3}"
80758401,"{""Old"":6547,""New"":6557,""Reason"":3}"
23422183,"{""Old"":35,""New"":37,""Reason"":3}"
46662749,"{""Old"":158,""New"":160,""Reason"":3}"
46662749,"{""Old"":298,""New"":300,""Reason"":3}"
83940666,"{""Old"":2438,""New"":2448,""Reason"":3}"
83940666,"{""Old"":2462,""New"":2464,""Reason"":3}"
50494222,"{""Old"":82557,""New"":82567,""Reason"":3}"
38319980,"{""Old"":80794,""New"":80796,""Reason"":3}"
38319980,"{""Old"":82347,""New"":82357,""Reason"":3}"
38319980,"{""Old"":80730,""New"":80732,""Reason"":3}"
38319980,"{""Old"":82481,""New"":82491,""Reason"":3}"
83940666,"{""Old"":2468,""New"":2470,""Reason"":3}"
25599199,"{""Old"":1196,""New"":1198,""Reason"":3}"
27777369,"{""Old"":66710,""New"":66712,""Reason"":3}"
215520292,"{""Old"":314388,""New"":314408,""Reason"":3}"
215520292,"{""Old"":315600,""New"":315690,""Reason"":3}"
215520292,"{""Old"":316162,""New"":316192,""Reason"":3}"
80491185,"{""Old"":4557,""New"":4559,""Reason"":3}"
80491185,"{""Old"":4820,""New"":4822,""Reason"":3}"
80491185,"{""Old"":4531,""New"":4533,""Reason"":3}"
27777369,"{""Old"":66776,""New"":66778,""Reason"":3}"
9076256,"{""Old"":733,""New"":735,""Reason"":3}"
48056970,"{""Old"":882,""New"":884,""Reason"":3}"
48056970,"{""Old"":1000,""New"":1002,""Reason"":3}"
48056970,"{""Old"":992,""New"":994,""Reason"":3}"
48056970,"{""Old"":1033,""New"":1035,""Reason"":3}"
44510856,"{""Old"":1494,""New"":1496,""Reason"":3}"
44510856,"{""Old"":1600,""New"":1602,""Reason"":3}"
80491185,"{""Old"":4721,""New"":4731,""Reason"":3}"
80491185,"{""Old"":4114,""New"":4116,""Reason"":3}"
215520292,"{""Old"":317556,""New"":317566,""Reason"":3}"
215520292,"{""Old"":314281,""New"":314361,""Reason"":3}"
215520292,"{""Old"":318221,""New"":318241,""Reason"":3}"
215520292,"{""Old"":315385,""New"":315405,""Reason"":3}"
215520292,"{""Old"":316969,""New"":316979,""Reason"":3}"
215520292,"{""Old"":316714,""New"":316804,""Reason"":3}"
64771681,"{""Old"":2475,""New"":2485,""Reason"":3}"
64771681,"{""Old"":2489,""New"":2491,""Reason"":3}"
56262169,"{""Old"":82,""New"":84,""Reason"":3}"
205211705,"{""Old"":3136,""New"":3138,""Reason"":3}"
64771681,"{""Old"":2689,""New"":2699,""Reason"":3}"
13083476,"{""Old"":637,""New"":639,""Reason"":3}"
38319980,"{""Old"":81463,""New"":81465,""Reason"":3}"
38319980,"{""Old"":81992,""New"":82002,""Reason"":3}"
38319980,"{""Old"":82279,""New"":82281,""Reason"":3}"
85663896,"{""Old"":83,""New"":85,""Reason"":3}"
38095618,"{""Old"":79931,""New"":79933,""Reason"":3}"
74426538,"{""Old"":2156,""New"":2158,""Reason"":3}"
4239086,"{""Old"":3668,""New"":3670,""Reason"":3}"
38095618,"{""Old"":78579,""New"":78583,""Reason"":3}"
38095618,"{""Old"":79075,""New"":79085,""Reason"":3}"
38095618,"{""Old"":78991,""New"":78993,""Reason"":3}"
4239086,"{""Old"":3765,""New"":3767,""Reason"":3}"
4239086,"{""Old"":3798,""New"":3800,""Reason"":3}"
71233387,"{""Old"":79,""New"":83,""Reason"":3}"
7034318,"{""Old"":190,""New"":192,""Reason"":3}"
7034318,"{""Old"":210,""New"":212,""Reason"":3}"
86009749,"{""Old"":330,""New"":332,""Reason"":3}"
10586403,"{""Old"":2753,""New"":2755,""Reason"":3}"
72885434,"{""Old"":459,""New"":461,""Reason"":3}"
46662749,"{""Old"":238,""New"":240,""Reason"":3}"
35216582,"{""Old"":28789,""New"":28799,""Reason"":3}"
35216582,"{""Old"":30041,""New"":30043,""Reason"":3}"
35216582,"{""Old"":30291,""New"":30293,""Reason"":3}"
35216582,"{""Old"":31152,""New"":31162,""Reason"":3}"
62923015,"{""Old"":673,""New"":675,""Reason"":3}"
49833858,"{""Old"":1586,""New"":1588,""Reason"":3}"
49833858,"{""Old"":1596,""New"":1598,""Reason"":3}"
67835639,"{""Old"":267,""New"":269,""Reason"":3}"
8873732,"{""Old"":25118,""New"":25120,""Reason"":3}"
8873732,"{""Old"":25130,""New"":25132,""Reason"":3}"
8873732,"{""Old"":25120,""New"":25122,""Reason"":3}"
215520292,"{""Old"":313880,""New"":313900,""Reason"":3}"
215520292,"{""Old"":314842,""New"":314872,""Reason"":3}"
215520292,"{""Old"":317331,""New"":317361,""Reason"":3}"
80491185,"{""Old"":4775,""New"":4777,""Reason"":3}"
80491185,"{""Old"":4800,""New"":4802,""Reason"":3}"
215520292,"{""Old"":316347,""New"":316417,""Reason"":3}"
215520292,"{""Old"":313920,""New"":313922,""Reason"":3}"
215520292,"{""Old"":312743,""New"":312753,""Reason"":3}"
55843654,"{""Old"":16339,""New"":16341,""Reason"":3}"
44510856,"{""Old"":1715,""New"":1717,""Reason"":3}"
44510856,"{""Old"":1464,""New"":1466,""Reason"":3}"
44510856,"{""Old"":1594,""New"":1596,""Reason"":3}"
8873732,"{""Old"":25084,""New"":25086,""Reason"":3}"
8873732,"{""Old"":25100,""New"":25102,""Reason"":3}"
8873732,"{""Old"":25043,""New"":25045,""Reason"":3}"
8873732,"{""Old"":25250,""New"":25252,""Reason"":3}"
80491185,"{""Old"":4597,""New"":4607,""Reason"":3}"
215520292,"{""Old"":315715,""New"":315755,""Reason"":3}"
215520292,"{""Old"":312548,""New"":312568,""Reason"":3}"
215520292,"{""Old"":313840,""New"":313880,""Reason"":3}"
215520292,"{""Old"":314797,""New"":314817,""Reason"":3}"
215520292,"{""Old"":318368,""New"":318378,""Reason"":3}"
215520292,"{""Old"":315515,""New"":315545,""Reason"":3}"
215520292,"{""Old"":315485,""New"":315515,""Reason"":3}"
8873732,"{""Old"":24922,""New"":24926,""Reason"":3}"
215520292,"{""Old"":317661,""New"":317681,""Reason"":3}"
215520292,"{""Old"":317566,""New"":317586,""Reason"":3}"
215520292,"{""Old"":314593,""New"":314595,""Reason"":3}"
215520292,"{""Old"":316192,""New"":316232,""Reason"":3}"
215520292,"{""Old"":318291,""New"":318293,""Reason"":3}"
215520292,"{""Old"":318181,""New"":318201,""Reason"":3}"
215520292,"{""Old"":315171,""New"":315201,""Reason"":3}"
215520292,"{""Old"":317196,""New"":317216,""Reason"":3}"
215520292,"{""Old"":312713,""New"":312743,""Reason"":3}"
215520292,"{""Old"":314595,""New"":314635,""Reason"":3}"
215520292,"{""Old"":316007,""New"":316037,""Reason"":3}"
215520292,"{""Old"":318201,""New"":318221,""Reason"":3}"
215520292,"{""Old"":318066,""New"":318096,""Reason"":3}"
80491185,"{""Old"":4784,""New"":4786,""Reason"":3}"
215520292,"{""Old"":314747,""New"":314757,""Reason"":3}"
215520292,"{""Old"":317526,""New"":317556,""Reason"":3}"
9692226,"{""Old"":1832,""New"":1834,""Reason"":3}"
37744135,"{""Old"":28197,""New"":28199,""Reason"":3}"
37744135,"{""Old"":29378,""New"":29388,""Reason"":3}"
37744135,"{""Old"":29310,""New"":29312,""Reason"":3}"
37744135,"{""Old"":29456,""New"":29458,""Reason"":3}"
6868129,"{""Old"":1409,""New"":1411,""Reason"":3}"
83788628,"{""Old"":367,""New"":369,""Reason"":3}"
7473273,"{""Old"":4613,""New"":4623,""Reason"":3}"
6149384,"{""Old"":916,""New"":918,""Reason"":3}"
79782981,"{""Old"":3179,""New"":3181,""Reason"":3}"
79782981,"{""Old"":3471,""New"":3475,""Reason"":3}"
79782981,"{""Old"":3641,""New"":3651,""Reason"":3}"
79782981,"{""Old"":7323,""New"":7325,""Reason"":3}"
79782981,"{""Old"":8316,""New"":8326,""Reason"":3}"
17655371,"{""Old"":819,""New"":821,""Reason"":3}"
83788628,"{""Old"":344,""New"":346,""Reason"":3}"
9692226,"{""Old"":1912,""New"":1916,""Reason"":3}"
9692226,"{""Old"":1971,""New"":1981,""Reason"":3}"
81856946,"{""Old"":409,""New"":411,""Reason"":3}"
81856946,"{""Old"":417,""New"":419,""Reason"":3}"
81856946,"{""Old"":992,""New"":1002,""Reason"":3}"
81856946,"{""Old"":1195,""New"":1197,""Reason"":3}"
81856946,"{""Old"":398,""New"":400,""Reason"":3}"
81856946,"{""Old"":747,""New"":757,""Reason"":3}"
79782981,"{""Old"":3870,""New"":3872,""Reason"":3}"
79782981,"{""Old"":6498,""New"":6508,""Reason"":3}"
17655371,"{""Old"":692,""New"":694,""Reason"":3}"
79782981,"{""Old"":4005,""New"":4007,""Reason"":3}"
79782981,"{""Old"":4662,""New"":4664,""Reason"":3}"
79782981,"{""Old"":7033,""New"":7043,""Reason"":3}"
79782981,"{""Old"":8455,""New"":8465,""Reason"":3}"
58261482,"{""Old"":1254,""New"":1256,""Reason"":3}"
6615671,"{""Old"":1035,""New"":1037,""Reason"":3}"
26480103,"{""Old"":477,""New"":479,""Reason"":3}"
58261482,"{""Old"":1154,""New"":1156,""Reason"":3}"
6084170,"{""Old"":8540,""New"":8542,""Reason"":3}"
66273046,"{""Old"":142,""New"":144,""Reason"":3}"
42367164,"{""Old"":1716,""New"":1720,""Reason"":3}"
44481882,"{""Old"":548,""New"":550,""Reason"":3}"
40247006,"{""Old"":1342,""New"":1344,""Reason"":3}"
35216582,"{""Old"":31242,""New"":31252,""Reason"":3}"
46662749,"{""Old"":260,""New"":262,""Reason"":3}"
24608076,"{""Old"":3065,""New"":3075,""Reason"":3}"
24608076,"{""Old"":3407,""New"":3417,""Reason"":3}"
51324872,"{""Old"":18808,""New"":18810,""Reason"":3}"
85219672,"{""Old"":15301,""New"":15311,""Reason"":3}"
85219672,"{""Old"":16149,""New"":16151,""Reason"":3}"
85219672,"{""Old"":16843,""New"":16845,""Reason"":3}"
80653261,"{""Old"":826,""New"":834,""Reason"":3}"
10339843,"{""Old"":183,""New"":185,""Reason"":3}"
205595229,"{""Old"":7,""New"":9,""Reason"":3}"
24608076,"{""Old"":2670,""New"":2672,""Reason"":3}"
24608076,"{""Old"":4417,""New"":4427,""Reason"":3}"
24608076,"{""Old"":4653,""New"":4673,""Reason"":3}"
43753708,"{""Old"":40,""New"":42,""Reason"":3}"
86009749,"{""Old"":309,""New"":311,""Reason"":3}"
85219672,"{""Old"":13872,""New"":13874,""Reason"":3}"
85219672,"{""Old"":14008,""New"":14010,""Reason"":3}"
85219672,"{""Old"":14336,""New"":14346,""Reason"":3}"
85219672,"{""Old"":14502,""New"":14512,""Reason"":3}"
85219672,"{""Old"":14703,""New"":14723,""Reason"":3}"
85219672,"{""Old"":12986,""New"":12988,""Reason"":3}"
85219672,"{""Old"":14460,""New"":14462,""Reason"":3}"
41040836,"{""Old"":575,""New"":577,""Reason"":3}"
38319980,"{""Old"":82377,""New"":82387,""Reason"":3}"
38319980,"{""Old"":80722,""New"":80724,""Reason"":3}"
38319980,"{""Old"":82259,""New"":82269,""Reason"":3}"
38319980,"{""Old"":81928,""New"":81934,""Reason"":3}"
38319980,"{""Old"":80796,""New"":80798,""Reason"":3}"
38319980,"{""Old"":81944,""New"":81948,""Reason"":3}"
38319980,"{""Old"":82269,""New"":82279,""Reason"":3}"
38319980,"{""Old"":81449,""New"":81451,""Reason"":3}"
44510856,"{""Old"":1502,""New"":1504,""Reason"":3}"
44510856,"{""Old"":1408,""New"":1418,""Reason"":3}"
48056970,"{""Old"":994,""New"":996,""Reason"":3}"
48056970,"{""Old"":1057,""New"":1059,""Reason"":3}"
48056970,"{""Old"":1133,""New"":1135,""Reason"":3}"
48056970,"{""Old"":1123,""New"":1133,""Reason"":3}"
44510856,"{""Old"":1458,""New"":1462,""Reason"":3}"
44510856,"{""Old"":1632,""New"":1634,""Reason"":3}"
48056970,"{""Old"":1035,""New"":1037,""Reason"":3}"
48056970,"{""Old"":1087,""New"":1089,""Reason"":3}"
44510856,"{""Old"":1478,""New"":1480,""Reason"":3}"
8873732,"{""Old"":25244,""New"":25246,""Reason"":3}"
8873732,"{""Old"":25126,""New"":25128,""Reason"":3}"
8873732,"{""Old"":25188,""New"":25190,""Reason"":3}"
8873732,"{""Old"":25260,""New"":25262,""Reason"":3}"
29350329,"{""Old"":113,""New"":115,""Reason"":3}"
84957257,"{""Old"":16227,""New"":16247,""Reason"":3}"
84957257,"{""Old"":16393,""New"":16403,""Reason"":3}"
84957257,"{""Old"":16737,""New"":16739,""Reason"":3}"
8873732,"{""Old"":25190,""New"":25192,""Reason"":3}"
41823185,"{""Old"":29,""New"":31,""Reason"":3}"
70289120,"{""Old"":1958,""New"":1962,""Reason"":3}"
48056970,"{""Old"":916,""New"":920,""Reason"":3}"
48056970,"{""Old"":1020,""New"":1022,""Reason"":3}"
48056970,"{""Old"":1069,""New"":1071,""Reason"":3}"
48056970,"{""Old"":967,""New"":969,""Reason"":3}"
70289120,"{""Old"":1956,""New"":1958,""Reason"":3}"
48056970,"{""Old"":846,""New"":848,""Reason"":3}"
48056970,"{""Old"":1081,""New"":1083,""Reason"":3}"
48056970,"{""Old"":965,""New"":967,""Reason"":3}"
48056970,"{""Old"":1010,""New"":1020,""Reason"":3}"
48056970,"{""Old"":1031,""New"":1033,""Reason"":3}"
44510856,"{""Old"":1664,""New"":1666,""Reason"":3}"
8873732,"{""Old"":24976,""New"":24978,""Reason"":3}"
8873732,"{""Old"":25226,""New"":25228,""Reason"":3}"
40700927,"{""Old"":62,""New"":64,""Reason"":3}"
85219672,"{""Old"":18293,""New"":18303,""Reason"":3}"
55531402,"{""Old"":923195,""New"":923197,""Reason"":3}"
24608076,"{""Old"":2238,""New"":2240,""Reason"":3}"
24608076,"{""Old"":3229,""New"":3231,""Reason"":3}"
24608076,"{""Old"":3419,""New"":3429,""Reason"":3}"
24608076,"{""Old"":3655,""New"":3665,""Reason"":3}"
85219672,"{""Old"":14237,""New"":14247,""Reason"":3}"
85219672,"{""Old"":14755,""New"":14765,""Reason"":3}"
13186631,"{""Old"":10507,""New"":10509,""Reason"":3}"
13186631,"{""Old"":10513,""New"":10515,""Reason"":3}"
46290546,"{""Old"":7630,""New"":7640,""Reason"":3}"
65582555,"{""Old"":67,""New"":69,""Reason"":3}"
63778994,"{""Old"":363798,""New"":363808,""Reason"":3}"
63778994,"{""Old"":366392,""New"":366402,""Reason"":3}"
46662749,"{""Old"":2046,""New"":2048,""Reason"":3}"
46662749,"{""Old"":2250,""New"":2252,""Reason"":3}"
37744135,"{""Old"":29236,""New"":29238,""Reason"":3}"
9692226,"{""Old"":1840,""New"":1842,""Reason"":3}"
9692226,"{""Old"":1950,""New"":1952,""Reason"":3}"
9692226,"{""Old"":1920,""New"":1930,""Reason"":3}"
48205250,"{""Old"":4295,""New"":4297,""Reason"":3}"
48205250,"{""Old"":4554,""New"":4556,""Reason"":3}"
32389590,"{""Old"":383,""New"":385,""Reason"":3}"
13755035,"{""Old"":127,""New"":131,""Reason"":3}"
40712395,"{""Old"":1117,""New"":1119,""Reason"":3}"
40712395,"{""Old"":1590,""New"":1600,""Reason"":3}"
48056970,"{""Old"":930,""New"":932,""Reason"":3}"
48056970,"{""Old"":1099,""New"":1101,""Reason"":3}"
44510856,"{""Old"":1626,""New"":1628,""Reason"":3}"
44510856,"{""Old"":1628,""New"":1630,""Reason"":3}"
48056970,"{""Old"":926,""New"":928,""Reason"":3}"
48056970,"{""Old"":971,""New"":973,""Reason"":3}"
44510856,"{""Old"":1610,""New"":1612,""Reason"":3}"
48056970,"{""Old"":1037,""New"":1039,""Reason"":3}"
48056970,"{""Old"":920,""New"":922,""Reason"":3}"
44510856,"{""Old"":1530,""New"":1534,""Reason"":3}"
44510856,"{""Old"":1672,""New"":1674,""Reason"":3}"
48056970,"{""Old"":1085,""New"":1087,""Reason"":3}"
44510856,"{""Old"":1638,""New"":1640,""Reason"":3}"
44510856,"{""Old"":1406,""New"":1408,""Reason"":3}"
48056970,"{""Old"":802,""New"":804,""Reason"":3}"
44510856,"{""Old"":1432,""New"":1434,""Reason"":3}"
48056970,"{""Old"":1097,""New"":1099,""Reason"":3}"
44510856,"{""Old"":1504,""New"":1506,""Reason"":3}"
44510856,"{""Old"":1562,""New"":1572,""Reason"":3}"
44510856,"{""Old"":1693,""New"":1695,""Reason"":3}"
48056970,"{""Old"":1067,""New"":1069,""Reason"":3}"
44510856,"{""Old"":1642,""New"":1646,""Reason"":3}"
44510856,"{""Old"":1668,""New"":1670,""Reason"":3}"
48056970,"{""Old"":798,""New"":800,""Reason"":3}"
44510856,"{""Old"":1705,""New"":1715,""Reason"":3}"
70289120,"{""Old"":1965,""New"":1967,""Reason"":3}"
44510856,"{""Old"":1510,""New"":1514,""Reason"":3}"
44510856,"{""Old"":1604,""New"":1606,""Reason"":3}"
44510856,"{""Old"":1500,""New"":1502,""Reason"":3}"
44510856,"{""Old"":1683,""New"":1693,""Reason"":3}"
48056970,"{""Old"":1101,""New"":1103,""Reason"":3}"
44510856,"{""Old"":1654,""New"":1656,""Reason"":3}"
44510856,"{""Old"":1660,""New"":1662,""Reason"":3}"
44510856,"{""Old"":1640,""New"":1642,""Reason"":3}"
48056970,"{""Old"":914,""New"":916,""Reason"":3}"
80082610,"{""Old"":491,""New"":495,""Reason"":3}"
48056970,"{""Old"":818,""New"":820,""Reason"":3}"
44510856,"{""Old"":1588,""New"":1592,""Reason"":3}"
48056970,"{""Old"":938,""New"":940,""Reason"":3}"
44510856,"{""Old"":1426,""New"":1430,""Reason"":3}"
48056970,"{""Old"":1077,""New"":1079,""Reason"":3}"
48056970,"{""Old"":1107,""New"":1109,""Reason"":3}"
44510856,"{""Old"":1496,""New"":1498,""Reason"":3}"
44510856,"{""Old"":1584,""New"":1586,""Reason"":3}"
48056970,"{""Old"":1051,""New"":1053,""Reason"":3}"
48056970,"{""Old"":934,""New"":938,""Reason"":3}"
48056970,"{""Old"":814,""New"":816,""Reason"":3}"
48056970,"{""Old"":912,""New"":914,""Reason"":3}"
44510856,"{""Old"":1476,""New"":1478,""Reason"":3}"
63778994,"{""Old"":359579,""New"":359581,""Reason"":3}"
63778994,"{""Old"":361905,""New"":361935,""Reason"":3}"
63778994,"{""Old"":362377,""New"":362387,""Reason"":3}"
63778994,"{""Old"":364228,""New"":364238,""Reason"":3}"
63778994,"{""Old"":364570,""New"":364600,""Reason"":3}"
9692226,"{""Old"":1889,""New"":1891,""Reason"":3}"
37744135,"{""Old"":28237,""New"":28239,""Reason"":3}"
9692226,"{""Old"":1910,""New"":1912,""Reason"":3}"
37744135,"{""Old"":28089,""New"":28091,""Reason"":3}"
37744135,"{""Old"":28795,""New"":28797,""Reason"":3}"
37744135,"{""Old"":28213,""New"":28215,""Reason"":3}"
37744135,"{""Old"":29272,""New"":29292,""Reason"":3}"
37744135,"{""Old"":29388,""New"":29398,""Reason"":3}"
46662749,"{""Old"":2183,""New"":2185,""Reason"":3}"
23305159,"{""Old"":578,""New"":580,""Reason"":3}"
79782981,"{""Old"":7405,""New"":7415,""Reason"":3}"
79782981,"{""Old"":3633,""New"":3635,""Reason"":3}"
37781144,"{""Old"":258,""New"":262,""Reason"":3}"
26186173,"{""Old"":103,""New"":105,""Reason"":3}"
79782981,"{""Old"":3205,""New"":3207,""Reason"":3}"
79782981,"{""Old"":3199,""New"":3201,""Reason"":3}"
37781144,"{""Old"":329,""New"":331,""Reason"":3}"
58261482,"{""Old"":1250,""New"":1252,""Reason"":3}"
58261482,"{""Old"":1136,""New"":1138,""Reason"":3}"
6615671,"{""Old"":930,""New"":932,""Reason"":3}"
26480103,"{""Old"":682,""New"":684,""Reason"":3}"
58261482,"{""Old"":1609,""New"":1611,""Reason"":3}"
58261482,"{""Old"":1123,""New"":1125,""Reason"":3}"
79782981,"{""Old"":7203,""New"":7213,""Reason"":3}"
79782981,"{""Old"":3883,""New"":3885,""Reason"":3}"
79782981,"{""Old"":6991,""New"":6993,""Reason"":3}"
79782981,"{""Old"":8204,""New"":8214,""Reason"":3}"
7473273,"{""Old"":4723,""New"":4733,""Reason"":3}"
19970226,"{""Old"":79,""New"":81,""Reason"":3}"
58261482,"{""Old"":1152,""New"":1154,""Reason"":3}"
36422175,"{""Old"":713,""New"":715,""Reason"":3}"
9877941,"{""Old"":2183,""New"":2193,""Reason"":3}"
13083476,"{""Old"":474,""New"":476,""Reason"":3}"
13083476,"{""Old"":741,""New"":743,""Reason"":3}"
13083476,"{""Old"":745,""New"":751,""Reason"":3}"
38749156,"{""Old"":249,""New"":251,""Reason"":3}"
38749156,"{""Old"":280,""New"":282,""Reason"":3}"
38749156,"{""Old"":340,""New"":342,""Reason"":3}"
38749156,"{""Old"":443,""New"":445,""Reason"":3}"
55807692,"{""Old"":226,""New"":228,""Reason"":3}"
20440680,"{""Old"":3314,""New"":3316,""Reason"":3}"
74426538,"{""Old"":2132,""New"":2142,""Reason"":3}"
38319980,"{""Old"":81646,""New"":81656,""Reason"":3}"
38319980,"{""Old"":82301,""New"":82311,""Reason"":3}"
38095618,"{""Old"":78647,""New"":78649,""Reason"":3}"
220148822,"{""Old"":806,""New"":808,""Reason"":3}"
56262169,"{""Old"":268,""New"":270,""Reason"":3}"
209538568,"{""Old"":1667,""New"":1669,""Reason"":3}"
35875544,"{""Old"":21148,""New"":21158,""Reason"":3}"
35875544,"{""Old"":21566,""New"":21576,""Reason"":3}"
35875544,"{""Old"":21709,""New"":21719,""Reason"":3}"
84490801,"{""Old"":84440,""New"":84444,""Reason"":3}"
84490801,"{""Old"":84450,""New"":84452,""Reason"":3}"
36439403,"{""Old"":1487,""New"":1497,""Reason"":3}"
36439403,"{""Old"":1557,""New"":1559,""Reason"":3}"
51324872,"{""Old"":18810,""New"":18820,""Reason"":3}"
85219672,"{""Old"":16963,""New"":16965,""Reason"":3}"
85219672,"{""Old"":17664,""New"":17674,""Reason"":3}"
85219672,"{""Old"":17851,""New"":17861,""Reason"":3}"
85219672,"{""Old"":14462,""New"":14464,""Reason"":3}"
85219672,"{""Old"":15182,""New"":15184,""Reason"":3}"
85219672,"{""Old"":16033,""New"":16035,""Reason"":3}"
85219672,"{""Old"":16153,""New"":16163,""Reason"":3}"
85219672,"{""Old"":18057,""New"":18067,""Reason"":3}"
24608076,"{""Old"":4777,""New"":4787,""Reason"":3}"
23033741,"{""Old"":237,""New"":239,""Reason"":3}"
42284682,"{""Old"":831,""New"":833,""Reason"":3}"
35875544,"{""Old"":18418,""New"":18422,""Reason"":3}"
32381984,"{""Old"":268,""New"":272,""Reason"":3}"
85219672,"{""Old"":16855,""New"":16865,""Reason"":3}"
85219672,"{""Old"":17933,""New"":17943,""Reason"":3}"
85219672,"{""Old"":18017,""New"":18027,""Reason"":3}"
85219672,"{""Old"":18191,""New"":18201,""Reason"":3}"
43753708,"{""Old"":34,""New"":36,""Reason"":3}"
47061761,"{""Old"":1663,""New"":1665,""Reason"":3}"
47061761,"{""Old"":1691,""New"":1693,""Reason"":3}"
47061761,"{""Old"":1715,""New"":1717,""Reason"":3}"
47061761,"{""Old"":1771,""New"":1773,""Reason"":3}"
56262169,"{""Old"":256,""New"":258,""Reason"":3}"
56262169,"{""Old"":262,""New"":264,""Reason"":3}"
47061761,"{""Old"":815,""New"":819,""Reason"":3}"
47061761,"{""Old"":1084,""New"":1088,""Reason"":3}"
47061761,"{""Old"":1695,""New"":1697,""Reason"":3}"
47061761,"{""Old"":1761,""New"":1763,""Reason"":3}"
64771681,"{""Old"":2673,""New"":2675,""Reason"":3}"
4980186,"{""Old"":3280,""New"":3282,""Reason"":3}"
4980186,"{""Old"":3606,""New"":3608,""Reason"":3}"
6084170,"{""Old"":8590,""New"":8594,""Reason"":3}"
6084170,"{""Old"":8647,""New"":8649,""Reason"":3}"
13083476,"{""Old"":559,""New"":561,""Reason"":3}"
13083476,"{""Old"":646,""New"":648,""Reason"":3}"
64771681,"{""Old"":2779,""New"":2789,""Reason"":3}"
214679593,"{""Old"":48844,""New"":48846,""Reason"":3}"
13083476,"{""Old"":440,""New"":442,""Reason"":3}"
28562228,"{""Old"":192,""New"":196,""Reason"":3}"
62448257,"{""Old"":2312,""New"":2314,""Reason"":3}"
205211705,"{""Old"":3285,""New"":3287,""Reason"":3}"
35875544,"{""Old"":20966,""New"":20968,""Reason"":3}"
35875544,"{""Old"":21476,""New"":21478,""Reason"":3}"
35875544,"{""Old"":21512,""New"":21514,""Reason"":3}"
205211705,"{""Old"":3216,""New"":3218,""Reason"":3}"
205211705,"{""Old"":3658,""New"":3660,""Reason"":3}"
35875544,"{""Old"":22949,""New"":22951,""Reason"":3}"
64771681,"{""Old"":2711,""New"":2713,""Reason"":3}"
71227328,"{""Old"":360,""New"":362,""Reason"":3}"
64771681,"{""Old"":2679,""New"":2689,""Reason"":3}"
35875544,"{""Old"":19987,""New"":19989,""Reason"":3}"
79815782,"{""Old"":552,""New"":554,""Reason"":3}"
4980186,"{""Old"":3027,""New"":3029,""Reason"":3}"
66273046,"{""Old"":132,""New"":134,""Reason"":3}"
49831730,"{""Old"":492,""New"":494,""Reason"":3}"
49831730,"{""Old"":718,""New"":720,""Reason"":3}"
38749156,"{""Old"":274,""New"":276,""Reason"":3}"
65582555,"{""Old"":65,""New"":67,""Reason"":3}"
37744135,"{""Old"":28233,""New"":28235,""Reason"":3}"
37744135,"{""Old"":29230,""New"":29232,""Reason"":3}"
37744135,"{""Old"":29498,""New"":29500,""Reason"":3}"
37744135,"{""Old"":29368,""New"":29378,""Reason"":3}"
37744135,"{""Old"":28191,""New"":28193,""Reason"":3}"
211423534,"{""Old"":43116,""New"":43126,""Reason"":3}"
211423534,"{""Old"":43468,""New"":43478,""Reason"":3}"
65582555,"{""Old"":162,""New"":164,""Reason"":3}"
211423534,"{""Old"":43500,""New"":43510,""Reason"":3}"
35875544,"{""Old"":22157,""New"":22167,""Reason"":3}"
38749156,"{""Old"":358,""New"":360,""Reason"":3}"
42367164,"{""Old"":1216,""New"":1218,""Reason"":3}"
42367164,"{""Old"":1722,""New"":1724,""Reason"":3}"
42367164,"{""Old"":1727,""New"":1731,""Reason"":3}"
42367164,"{""Old"":1849,""New"":1859,""Reason"":3}"
35875544,"{""Old"":21186,""New"":21188,""Reason"":3}"
13083476,"{""Old"":882,""New"":884,""Reason"":3}"
13083476,"{""Old"":981,""New"":983,""Reason"":3}"
13083476,"{""Old"":1042,""New"":1044,""Reason"":3}"
13083476,"{""Old"":743,""New"":745,""Reason"":3}"
39687811,"{""Old"":344,""New"":346,""Reason"":3}"
42367164,"{""Old"":1318,""New"":1322,""Reason"":3}"
49831730,"{""Old"":995,""New"":1005,""Reason"":3}"
33904862,"{""Old"":633,""New"":635,""Reason"":3}"
4558571,"{""Old"":117,""New"":119,""Reason"":3}"
74426538,"{""Old"":2130,""New"":2132,""Reason"":3}"
4239086,"{""Old"":3641,""New"":3643,""Reason"":3}"
4239086,"{""Old"":3724,""New"":3726,""Reason"":3}"
4239086,"{""Old"":3981,""New"":3991,""Reason"":3}"
49833858,"{""Old"":1594,""New"":1596,""Reason"":3}"
71718548,"{""Old"":498,""New"":500,""Reason"":3}"
31853290,"{""Old"":89,""New"":91,""Reason"":3}"
31853290,"{""Old"":43,""New"":45,""Reason"":3}"
79142355,"{""Old"":986,""New"":990,""Reason"":3}"
73660558,"{""Old"":2565,""New"":2575,""Reason"":3}"
79142355,"{""Old"":998,""New"":1000,""Reason"":3}"
79142355,"{""Old"":972,""New"":974,""Reason"":3}"
79142355,"{""Old"":1070,""New"":1080,""Reason"":3}"
79142355,"{""Old"":942,""New"":952,""Reason"":3}"
169859,"{""Old"":9089,""New"":9109,""Reason"":3}"
8883313,"{""Old"":1773,""New"":1775,""Reason"":3}"
31853290,"{""Old"":85,""New"":87,""Reason"":3}"
70315956,"{""Old"":856,""New"":858,""Reason"":3}"
8673338,"{""Old"":11612,""New"":11614,""Reason"":3}"
8673338,"{""Old"":12204,""New"":12210,""Reason"":3}"
8673338,"{""Old"":13124,""New"":13134,""Reason"":3}"
6149384,"{""Old"":902,""New"":912,""Reason"":3}"
65582555,"{""Old"":81,""New"":83,""Reason"":3}"
46662749,"{""Old"":2028,""New"":2030,""Reason"":3}"
46662749,"{""Old"":2137,""New"":2139,""Reason"":3}"
36422175,"{""Old"":690,""New"":692,""Reason"":3}"
66273046,"{""Old"":177,""New"":179,""Reason"":3}"
36422175,"{""Old"":623,""New"":625,""Reason"":3}"
23748897,"{""Old"":191,""New"":193,""Reason"":3}"
202176747,"{""Old"":115261,""New"":115271,""Reason"":3}"
25154055,"{""Old"":570,""New"":572,""Reason"":3}"
39687811,"{""Old"":401,""New"":403,""Reason"":3}"
46662749,"{""Old"":2323,""New"":2325,""Reason"":3}"
46662749,"{""Old"":2331,""New"":2333,""Reason"":3}"
53698855,"{""Old"":2141,""New"":2143,""Reason"":3}"
23353445,"{""Old"":405,""New"":407,""Reason"":3}"
23353445,"{""Old"":588,""New"":592,""Reason"":3}"
23353445,"{""Old"":453,""New"":455,""Reason"":3}"
37314067,"{""Old"":434,""New"":436,""Reason"":3}"
211423534,"{""Old"":43458,""New"":43468,""Reason"":3}"
211423534,"{""Old"":43346,""New"":43356,""Reason"":3}"
211423534,"{""Old"":43002,""New"":43004,""Reason"":3}"
211423534,"{""Old"":43490,""New"":43500,""Reason"":3}"
211423534,"{""Old"":43426,""New"":43436,""Reason"":3}"
46662749,"{""Old"":153,""New"":155,""Reason"":3}"
85219672,"{""Old"":17736,""New"":17746,""Reason"":3}"
46662749,"{""Old"":81,""New"":83,""Reason"":3}"
46662749,"{""Old"":83,""New"":85,""Reason"":3}"
85219672,"{""Old"":17582,""New"":17592,""Reason"":3}"
38749156,"{""Old"":314,""New"":316,""Reason"":3}"
49831730,"{""Old"":548,""New"":550,""Reason"":3}"
35875544,"{""Old"":18464,""New"":18466,""Reason"":3}"
85219672,"{""Old"":15452,""New"":15462,""Reason"":3}"
85219672,"{""Old"":16533,""New"":16543,""Reason"":3}"
85219672,"{""Old"":17632,""New"":17642,""Reason"":3}"
85219672,"{""Old"":18015,""New"":18017,""Reason"":3}"
35847621,"{""Old"":274,""New"":276,""Reason"":3}"
71233387,"{""Old"":55,""New"":57,""Reason"":3}"
59065012,"{""Old"":236,""New"":238,""Reason"":3}"
210993055,"{""Old"":56099,""New"":56101,""Reason"":3}"
210993055,"{""Old"":56472,""New"":56482,""Reason"":3}"
11129004,"{""Old"":2714,""New"":2724,""Reason"":3}"
55180850,"{""Old"":126,""New"":128,""Reason"":3}"
61216894,"{""Old"":507,""New"":509,""Reason"":3}"
32002545,"{""Old"":545,""New"":547,""Reason"":3}"
70971660,"{""Old"":916,""New"":918,""Reason"":3}"
48073539,"{""Old"":2201,""New"":2203,""Reason"":3}"
8673338,"{""Old"":12818,""New"":12820,""Reason"":3}"
8673338,"{""Old"":13026,""New"":13036,""Reason"":3}"
70971660,"{""Old"":555,""New"":557,""Reason"":3}"
70971660,"{""Old"":835,""New"":837,""Reason"":3}"
70971660,"{""Old"":841,""New"":845,""Reason"":3}"
70971660,"{""Old"":1148,""New"":1150,""Reason"":3}"
76604874,"{""Old"":46,""New"":48,""Reason"":3}"
70971660,"{""Old"":1150,""New"":1152,""Reason"":3}"
70971660,"{""Old"":1227,""New"":1229,""Reason"":3}"
70971660,"{""Old"":620,""New"":622,""Reason"":3}"
70971660,"{""Old"":639,""New"":641,""Reason"":3}"
70971660,"{""Old"":716,""New"":718,""Reason"":3}"
70971660,"{""Old"":837,""New"":839,""Reason"":3}"
70971660,"{""Old"":946,""New"":948,""Reason"":3}"
70971660,"{""Old"":989,""New"":991,""Reason"":3}"
70971660,"{""Old"":739,""New"":741,""Reason"":3}"
70971660,"{""Old"":769,""New"":779,""Reason"":3}"
70971660,"{""Old"":1129,""New"":1131,""Reason"":3}"
70971660,"{""Old"":914,""New"":916,""Reason"":3}"
70971660,"{""Old"":887,""New"":889,""Reason"":3}"
70971660,"{""Old"":1029,""New"":1031,""Reason"":3}"
70971660,"{""Old"":891,""New"":893,""Reason"":3}"
70971660,"{""Old"":357,""New"":359,""Reason"":3}"
8673338,"{""Old"":12980,""New"":12982,""Reason"":3}"
49831730,"{""Old"":640,""New"":642,""Reason"":3}"
66273046,"{""Old"":286,""New"":288,""Reason"":3}"
35875544,"{""Old"":20344,""New"":20346,""Reason"":3}"
35875544,"{""Old"":20719,""New"":20721,""Reason"":3}"
13083476,"{""Old"":988,""New"":990,""Reason"":3}"
42367164,"{""Old"":884,""New"":886,""Reason"":3}"
42367164,"{""Old"":1594,""New"":1598,""Reason"":3}"
42367164,"{""Old"":1799,""New"":1801,""Reason"":3}"
38749156,"{""Old"":404,""New"":406,""Reason"":3}"
66273046,"{""Old"":172,""New"":174,""Reason"":3}"
49831730,"{""Old"":523,""New"":527,""Reason"":3}"
49831730,"{""Old"":372,""New"":374,""Reason"":3}"
26453322,"{""Old"":32758,""New"":32768,""Reason"":3}"
38319980,"{""Old"":80800,""New"":80802,""Reason"":3}"
38319980,"{""Old"":82042,""New"":82052,""Reason"":3}"
48180696,"{""Old"":2651,""New"":2653,""Reason"":3}"
32381984,"{""Old"":247,""New"":249,""Reason"":3}"
7501032,"{""Old"":224,""New"":226,""Reason"":3}"
80758401,"{""Old"":6415,""New"":6425,""Reason"":3}"
50681822,"{""Old"":636,""New"":638,""Reason"":3}"
44481882,"{""Old"":642,""New"":644,""Reason"":3}"
42218918,"{""Old"":358,""New"":360,""Reason"":3}"
80758401,"{""Old"":4943,""New"":4953,""Reason"":3}"
4239086,"{""Old"":3909,""New"":3911,""Reason"":3}"
4239086,"{""Old"":4128,""New"":4130,""Reason"":3}"
4239086,"{""Old"":3392,""New"":3394,""Reason"":3}"
49833858,"{""Old"":1565,""New"":1567,""Reason"":3}"
71718548,"{""Old"":494,""New"":496,""Reason"":3}"
35875544,"{""Old"":20233,""New"":20243,""Reason"":3}"
35875544,"{""Old"":20539,""New"":20541,""Reason"":3}"
35875544,"{""Old"":20657,""New"":20659,""Reason"":3}"
42367164,"{""Old"":1771,""New"":1773,""Reason"":3}"
35875544,"{""Old"":22864,""New"":22874,""Reason"":3}"
35875544,"{""Old"":20135,""New"":20137,""Reason"":3}"
202176747,"{""Old"":114859,""New"":114879,""Reason"":3}"
4980186,"{""Old"":3596,""New"":3606,""Reason"":3}"
13083476,"{""Old"":1038,""New"":1040,""Reason"":3}"
38319980,"{""Old"":81982,""New"":81992,""Reason"":3}"
38319980,"{""Old"":82727,""New"":82737,""Reason"":3}"
38319980,"{""Old"":83552,""New"":83562,""Reason"":3}"
72812605,"{""Old"":492,""New"":494,""Reason"":3}"
50494222,"{""Old"":81771,""New"":81791,""Reason"":3}"
50494222,"{""Old"":82397,""New"":82407,""Reason"":3}"
50494222,"{""Old"":82597,""New"":82607,""Reason"":3}"
83940666,"{""Old"":2426,""New"":2436,""Reason"":3}"
35875544,"{""Old"":22021,""New"":22023,""Reason"":3}"
35875544,"{""Old"":19637,""New"":19643,""Reason"":3}"
35875544,"{""Old"":19976,""New"":19978,""Reason"":3}"
202176747,"{""Old"":115087,""New"":115097,""Reason"":3}"
38749156,"{""Old"":1672,""New"":1674,""Reason"":3}"
38749156,"{""Old"":2468,""New"":2470,""Reason"":3}"
38749156,"{""Old"":3224,""New"":3226,""Reason"":3}"
38749156,"{""Old"":5839,""New"":5849,""Reason"":3}"
83940666,"{""Old"":2472,""New"":2474,""Reason"":3}"
39687811,"{""Old"":320,""New"":322,""Reason"":3}"
42367164,"{""Old"":1905,""New"":1909,""Reason"":3}"
42367164,"{""Old"":1891,""New"":1901,""Reason"":3}"
42367164,"{""Old"":2085,""New"":2087,""Reason"":3}"
216595247,"{""Old"":6893,""New"":6905,""Reason"":3}"
64771681,"{""Old"":3379,""New"":3381,""Reason"":3}"
82629288,"{""Old"":3130,""New"":3132,""Reason"":3}"
35875544,"{""Old"":20529,""New"":20539,""Reason"":3}"
35875544,"{""Old"":22276,""New"":22286,""Reason"":3}"
35875544,"{""Old"":22586,""New"":22588,""Reason"":3}"
35875544,"{""Old"":22752,""New"":22762,""Reason"":3}"
35875544,"{""Old"":21699,""New"":21709,""Reason"":3}"
35875544,"{""Old"":20982,""New"":20984,""Reason"":3}"
35875544,"{""Old"":21348,""New"":21350,""Reason"":3}"
35875544,"{""Old"":21597,""New"":21599,""Reason"":3}"
35875544,"{""Old"":21697,""New"":21699,""Reason"":3}"
35875544,"{""Old"":21749,""New"":21759,""Reason"":3}"
35875544,"{""Old"":20582,""New"":20584,""Reason"":3}"
56262169,"{""Old"":227,""New"":229,""Reason"":3}"
82629288,"{""Old"":3156,""New"":3158,""Reason"":3}"
38319980,"{""Old"":82323,""New"":82325,""Reason"":3}"
38319980,"{""Old"":83817,""New"":83827,""Reason"":3}"
38319980,"{""Old"":84129,""New"":84139,""Reason"":3}"
38319980,"{""Old"":82605,""New"":82615,""Reason"":3}"
38319980,"{""Old"":83502,""New"":83512,""Reason"":3}"
38319980,"{""Old"":84089,""New"":84099,""Reason"":3}"
23353445,"{""Old"":554,""New"":556,""Reason"":3}"
24797713,"{""Old"":48,""New"":50,""Reason"":3}"
64771681,"{""Old"":3564,""New"":3574,""Reason"":3}"
64771681,"{""Old"":3829,""New"":3839,""Reason"":3}"
64771681,"{""Old"":3977,""New"":3987,""Reason"":3}"
9442327,"{""Old"":437,""New"":439,""Reason"":3}"
42367164,"{""Old"":2113,""New"":2115,""Reason"":3}"
13083476,"{""Old"":971,""New"":973,""Reason"":3}"
13083476,"{""Old"":1016,""New"":1018,""Reason"":3}"
13083476,"{""Old"":870,""New"":880,""Reason"":3}"
13083476,"{""Old"":868,""New"":870,""Reason"":3}"
13083476,"{""Old"":973,""New"":977,""Reason"":3}"
37314067,"{""Old"":441,""New"":443,""Reason"":3}"
37314067,"{""Old"":430,""New"":434,""Reason"":3}"
37314067,"{""Old"":444,""New"":446,""Reason"":3}"
23353445,"{""Old"":475,""New"":477,""Reason"":3}"
35875544,"{""Old"":21254,""New"":21264,""Reason"":3}"
35875544,"{""Old"":21841,""New"":21843,""Reason"":3}"
13083476,"{""Old"":438,""New"":440,""Reason"":3}"
64771681,"{""Old"":1184,""New"":1186,""Reason"":3}"
64771681,"{""Old"":1373,""New"":1375,""Reason"":3}"
48591626,"{""Old"":1566,""New"":1568,""Reason"":3}"
9442327,"{""Old"":348,""New"":350,""Reason"":3}"
9442327,"{""Old"":516,""New"":518,""Reason"":3}"
48591626,"{""Old"":1612,""New"":1614,""Reason"":3}"
77154558,"{""Old"":204,""New"":206,""Reason"":3}"
64771681,"{""Old"":2220,""New"":2222,""Reason"":3}"
28562228,"{""Old"":249,""New"":251,""Reason"":3}"
71532491,"{""Old"":2503,""New"":2505,""Reason"":3}"
71532491,"{""Old"":2513,""New"":2515,""Reason"":3}"
82629288,"{""Old"":3105,""New"":3107,""Reason"":3}"
21938529,"{""Old"":112,""New"":114,""Reason"":3}"
202176747,"{""Old"":115017,""New"":115027,""Reason"":3}"
4980186,"{""Old"":2471,""New"":2481,""Reason"":3}"
6084170,"{""Old"":8633,""New"":8637,""Reason"":3}"
6084170,"{""Old"":8534,""New"":8540,""Reason"":3}"
6084170,"{""Old"":8563,""New"":8565,""Reason"":3}"
35875544,"{""Old"":20014,""New"":20024,""Reason"":3}"
35875544,"{""Old"":20092,""New"":20094,""Reason"":3}"
35875544,"{""Old"":19906,""New"":19916,""Reason"":3}"
13083476,"{""Old"":555,""New"":557,""Reason"":3}"
35875544,"{""Old"":19980,""New"":19982,""Reason"":3}"
64771681,"{""Old"":2142,""New"":2152,""Reason"":3}"
35875544,"{""Old"":22738,""New"":22740,""Reason"":3}"
35875544,"{""Old"":22794,""New"":22796,""Reason"":3}"
64771681,"{""Old"":914,""New"":916,""Reason"":3}"
64771681,"{""Old"":1828,""New"":1830,""Reason"":3}"
77154558,"{""Old"":218,""New"":220,""Reason"":3}"
9442327,"{""Old"":374,""New"":376,""Reason"":3}"
35875544,"{""Old"":21480,""New"":21482,""Reason"":3}"
50416621,"{""Old"":2596,""New"":2606,""Reason"":3}"
39750047,"{""Old"":298,""New"":300,""Reason"":3}"
53698855,"{""Old"":2121,""New"":2131,""Reason"":3}"
9442327,"{""Old"":409,""New"":411,""Reason"":3}"
9442327,"{""Old"":530,""New"":532,""Reason"":3}"
9442327,"{""Old"":493,""New"":495,""Reason"":3}"
64771681,"{""Old"":1991,""New"":2001,""Reason"":3}"
52825449,"{""Old"":1687,""New"":1689,""Reason"":3}"
8815955,"{""Old"":1021,""New"":1023,""Reason"":3}"
47200242,"{""Old"":7153,""New"":7155,""Reason"":3}"
47200242,"{""Old"":7323,""New"":7333,""Reason"":3}"
47200242,"{""Old"":7459,""New"":7461,""Reason"":3}"
80653261,"{""Old"":824,""New"":826,""Reason"":3}"
10339843,"{""Old"":127,""New"":129,""Reason"":3}"
50681822,"{""Old"":638,""New"":640,""Reason"":3}"
50681822,"{""Old"":654,""New"":656,""Reason"":3}"
10586403,"{""Old"":2794,""New"":2798,""Reason"":3}"
13186631,"{""Old"":10505,""New"":10507,""Reason"":3}"
10339843,"{""Old"":120,""New"":122,""Reason"":3}"
85219672,"{""Old"":15335,""New"":15337,""Reason"":3}"
85219672,"{""Old"":15355,""New"":15365,""Reason"":3}"
85219672,"{""Old"":15718,""New"":15720,""Reason"":3}"
85219672,"{""Old"":17541,""New"":17543,""Reason"":3}"
85219672,"{""Old"":17943,""New"":17945,""Reason"":3}"
85219672,"{""Old"":18131,""New"":18141,""Reason"":3}"
24608076,"{""Old"":3519,""New"":3539,""Reason"":3}"
24608076,"{""Old"":3735,""New"":3745,""Reason"":3}"
24608076,"{""Old"":3915,""New"":3925,""Reason"":3}"
10241303,"{""Old"":688,""New"":690,""Reason"":3}"
81827083,"{""Old"":93,""New"":95,""Reason"":3}"
4405013,"{""Old"":585,""New"":587,""Reason"":3}"
13173590,"{""Old"":60591,""New"":60593,""Reason"":3}"
4405013,"{""Old"":557,""New"":561,""Reason"":3}"
24608076,"{""Old"":3125,""New"":3145,""Reason"":3}"
38319980,"{""Old"":83562,""New"":83572,""Reason"":3}"
38319980,"{""Old"":84179,""New"":84189,""Reason"":3}"
50494222,"{""Old"":82005,""New"":82015,""Reason"":3}"
71532491,"{""Old"":2501,""New"":2503,""Reason"":3}"
59065012,"{""Old"":240,""New"":242,""Reason"":3}"
36439403,"{""Old"":1586,""New"":1588,""Reason"":3}"
36439403,"{""Old"":1626,""New"":1628,""Reason"":3}"
10339843,"{""Old"":225,""New"":227,""Reason"":3}"
10339843,"{""Old"":241,""New"":243,""Reason"":3}"
24608076,"{""Old"":4213,""New"":4223,""Reason"":3}"
24608076,"{""Old"":4591,""New"":4601,""Reason"":3}"
13186631,"{""Old"":10509,""New"":10513,""Reason"":3}"
55531402,"{""Old"":923269,""New"":923271,""Reason"":3}"
218733227,"{""Old"":870,""New"":872,""Reason"":3}"
11129004,"{""Old"":2542,""New"":2552,""Reason"":3}"
85246118,"{""Old"":878,""New"":880,""Reason"":3}"
23563391,"{""Old"":918,""New"":920,""Reason"":3}"
46662749,"{""Old"":185,""New"":187,""Reason"":3}"
85219672,"{""Old"":15389,""New"":15399,""Reason"":3}"
85219672,"{""Old"":15426,""New"":15428,""Reason"":3}"
85219672,"{""Old"":15675,""New"":15677,""Reason"":3}"
85219672,"{""Old"":16887,""New"":16891,""Reason"":3}"
85219672,"{""Old"":17356,""New"":17366,""Reason"":3}"
85219672,"{""Old"":14805,""New"":14815,""Reason"":3}"
24608076,"{""Old"":4447,""New"":4457,""Reason"":3}"
24608076,"{""Old"":4601,""New"":4611,""Reason"":3}"
24608076,"{""Old"":3539,""New"":3549,""Reason"":3}"
24608076,"{""Old"":3889,""New"":3899,""Reason"":3}"
24608076,"{""Old"":4129,""New"":4139,""Reason"":3}"
13173590,"{""Old"":60531,""New"":60533,""Reason"":3}"
38478123,"{""Old"":199,""New"":201,""Reason"":3}"
10339843,"{""Old"":181,""New"":183,""Reason"":3}"
24608076,"{""Old"":4889,""New"":4899,""Reason"":3}"
24608076,"{""Old"":4725,""New"":4727,""Reason"":3}"
24608076,"{""Old"":3179,""New"":3189,""Reason"":3}"
24608076,"{""Old"":4273,""New"":4283,""Reason"":3}"
24608076,"{""Old"":4539,""New"":4549,""Reason"":3}"
24608076,"{""Old"":4817,""New"":4827,""Reason"":3}"
50681822,"{""Old"":371,""New"":373,""Reason"":3}"
13173590,"{""Old"":60529,""New"":60531,""Reason"":3}"
23033741,"{""Old"":59,""New"":61,""Reason"":3}"
23033741,"{""Old"":148,""New"":150,""Reason"":3}"
24608076,"{""Old"":3029,""New"":3039,""Reason"":3}"
24608076,"{""Old"":4233,""New"":4243,""Reason"":3}"
44481882,"{""Old"":428,""New"":430,""Reason"":3}"
74572602,"{""Old"":3463,""New"":3465,""Reason"":3}"
11129004,"{""Old"":2385,""New"":2395,""Reason"":3}"
218733227,"{""Old"":850,""New"":852,""Reason"":3}"
40700927,"{""Old"":105,""New"":107,""Reason"":3}"
11129004,"{""Old"":2208,""New"":2210,""Reason"":3}"
11129004,"{""Old"":2299,""New"":2303,""Reason"":3}"
11129004,"{""Old"":2458,""New"":2468,""Reason"":3}"
6881205,"{""Old"":1331,""New"":1333,""Reason"":3}"
41314505,"{""Old"":265,""New"":275,""Reason"":3}"
211423534,"{""Old"":22802,""New"":22804,""Reason"":3}"
211423534,"{""Old"":22800,""New"":22802,""Reason"":3}"
57366251,"{""Old"":3745,""New"":3747,""Reason"":3}"
63799212,"{""Old"":4884,""New"":4886,""Reason"":3}"
63799212,"{""Old"":5151,""New"":5161,""Reason"":3}"
19535546,"{""Old"":3648,""New"":3650,""Reason"":3}"
19535546,"{""Old"":3664,""New"":3666,""Reason"":3}"
63799212,"{""Old"":4441,""New"":4443,""Reason"":3}"
31017119,"{""Old"":167,""New"":169,""Reason"":3}"
73588812,"{""Old"":1034,""New"":1036,""Reason"":3}"
73588812,"{""Old"":1072,""New"":1074,""Reason"":3}"
73588812,"{""Old"":1413,""New"":1423,""Reason"":3}"
17398189,"{""Old"":402,""New"":404,""Reason"":3}"
17398189,"{""Old"":427,""New"":429,""Reason"":3}"
17398189,"{""Old"":457,""New"":459,""Reason"":3}"
299630,"{""Old"":2715,""New"":2717,""Reason"":3}"
12346315,"{""Old"":4155,""New"":4157,""Reason"":3}"
55531402,"{""Old"":171537,""New"":171539,""Reason"":3}"
55531402,"{""Old"":176528,""New"":176538,""Reason"":3}"
55531402,"{""Old"":179027,""New"":179037,""Reason"":3}"
55531402,"{""Old"":180539,""New"":180559,""Reason"":3}"
11534557,"{""Old"":303145,""New"":303147,""Reason"":3}"
67836518,"{""Old"":2467,""New"":2469,""Reason"":3}"
68764292,"{""Old"":183,""New"":185,""Reason"":3}"
8302676,"{""Old"":2595,""New"":2597,""Reason"":3}"
8302676,"{""Old"":2607,""New"":2609,""Reason"":3}"
8744861,"{""Old"":245,""New"":247,""Reason"":3}"
48205250,"{""Old"":1343,""New"":1345,""Reason"":3}"
80744637,"{""Old"":65513,""New"":65523,""Reason"":3}"
80744637,"{""Old"":66959,""New"":66969,""Reason"":3}"
80744637,"{""Old"":66919,""New"":66939,""Reason"":3}"
80758401,"{""Old"":4171,""New"":4181,""Reason"":3}"
48205250,"{""Old"":1241,""New"":1243,""Reason"":3}"
8744861,"{""Old"":233,""New"":235,""Reason"":3}"
8744861,"{""Old"":502,""New"":504,""Reason"":3}"
48205250,"{""Old"":1038,""New"":1040,""Reason"":3}"
48205250,"{""Old"":1212,""New"":1214,""Reason"":3}"
8744861,"{""Old"":469,""New"":471,""Reason"":3}"
8873732,"{""Old"":3781,""New"":3791,""Reason"":3}"
48205250,"{""Old"":1110,""New"":1112,""Reason"":3}"
7046415,"{""Old"":40,""New"":42,""Reason"":3}"
80758401,"{""Old"":4077,""New"":4087,""Reason"":3}"
80744637,"{""Old"":66243,""New"":66253,""Reason"":3}"
80744637,"{""Old"":67023,""New"":67033,""Reason"":3}"
80744637,"{""Old"":66857,""New"":66867,""Reason"":3}"
85246118,"{""Old"":645,""New"":647,""Reason"":3}"
80744637,"{""Old"":66128,""New"":66138,""Reason"":3}"
70289120,"{""Old"":1028,""New"":1030,""Reason"":3}"
80744637,"{""Old"":65671,""New"":65681,""Reason"":3}"
80758401,"{""Old"":4139,""New"":4149,""Reason"":3}"
80758401,"{""Old"":4225,""New"":4227,""Reason"":3}"
75730356,"{""Old"":383,""New"":385,""Reason"":3}"
75730356,"{""Old"":406,""New"":408,""Reason"":3}"
23053094,"{""Old"":1013,""New"":1015,""Reason"":3}"
26627671,"{""Old"":41,""New"":43,""Reason"":3}"
9130127,"{""Old"":129,""New"":131,""Reason"":3}"
9084499,"{""Old"":124,""New"":126,""Reason"":3}"
83319984,"{""Old"":2013,""New"":2015,""Reason"":3}"
83319984,"{""Old"":3191,""New"":3201,""Reason"":3}"
32116408,"{""Old"":211,""New"":213,""Reason"":3}"
17676293,"{""Old"":22168,""New"":22178,""Reason"":3}"
17676293,"{""Old"":23882,""New"":23892,""Reason"":3}"
17676293,"{""Old"":24447,""New"":24457,""Reason"":3}"
4472194,"{""Old"":2079,""New"":2081,""Reason"":3}"
4472194,"{""Old"":2140,""New"":2142,""Reason"":3}"
32116408,"{""Old"":119,""New"":123,""Reason"":3}"
83319984,"{""Old"":1891,""New"":1893,""Reason"":3}"
87587816,"{""Old"":461,""New"":463,""Reason"":3}"
87587816,"{""Old"":438,""New"":440,""Reason"":3}"
8654000,"{""Old"":4154,""New"":4156,""Reason"":3}"
120956657,"{""Old"":2405,""New"":2407,""Reason"":3}"
83319984,"{""Old"":2172,""New"":2174,""Reason"":3}"
83319984,"{""Old"":2369,""New"":2379,""Reason"":3}"
83319984,"{""Old"":3019,""New"":3029,""Reason"":3}"
9658942,"{""Old"":13956,""New"":13958,""Reason"":3}"
9658942,"{""Old"":14249,""New"":14251,""Reason"":3}"
83319984,"{""Old"":1686,""New"":1688,""Reason"":3}"
43365752,"{""Old"":1425,""New"":1427,""Reason"":3}"
48201103,"{""Old"":414,""New"":416,""Reason"":3}"
43365752,"{""Old"":1450,""New"":1452,""Reason"":3}"
48205250,"{""Old"":667,""New"":669,""Reason"":3}"
48205250,"{""Old"":1351,""New"":1353,""Reason"":3}"
48205250,"{""Old"":674,""New"":676,""Reason"":3}"
48205250,"{""Old"":1180,""New"":1182,""Reason"":3}"
80744637,"{""Old"":66651,""New"":66661,""Reason"":3}"
70289120,"{""Old"":1036,""New"":1038,""Reason"":3}"
120956657,"{""Old"":349,""New"":351,""Reason"":3}"
80141190,"{""Old"":289,""New"":291,""Reason"":3}"
82785902,"{""Old"":46040,""New"":46050,""Reason"":3}"
31776438,"{""Old"":209,""New"":211,""Reason"":3}"
67260187,"{""Old"":85,""New"":87,""Reason"":3}"
49825474,"{""Old"":2071,""New"":2073,""Reason"":3}"
35757699,"{""Old"":552,""New"":554,""Reason"":3}"
55531402,"{""Old"":385571,""New"":385581,""Reason"":3}"
55531402,"{""Old"":386238,""New"":386258,""Reason"":3}"
55531402,"{""Old"":387293,""New"":387313,""Reason"":3}"
55531402,"{""Old"":391506,""New"":391516,""Reason"":3}"
55531402,"{""Old"":391736,""New"":391746,""Reason"":3}"
55531402,"{""Old"":397454,""New"":397474,""Reason"":3}"
55531402,"{""Old"":397855,""New"":397875,""Reason"":3}"
55531402,"{""Old"":398164,""New"":398184,""Reason"":3}"
55531402,"{""Old"":401272,""New"":401282,""Reason"":3}"
55531402,"{""Old"":405043,""New"":405053,""Reason"":3}"
55531402,"{""Old"":406478,""New"":406488,""Reason"":3}"
55531402,"{""Old"":406608,""New"":406628,""Reason"":3}"
55531402,"{""Old"":408395,""New"":408405,""Reason"":3}"
55531402,"{""Old"":409120,""New"":409140,""Reason"":3}"
55531402,"{""Old"":385993,""New"":386003,""Reason"":3}"
55531402,"{""Old"":392806,""New"":392816,""Reason"":3}"
55531402,"{""Old"":394534,""New"":394538,""Reason"":3}"
55531402,"{""Old"":394704,""New"":394714,""Reason"":3}"
55531402,"{""Old"":395580,""New"":395582,""Reason"":3}"
55531402,"{""Old"":397691,""New"":397711,""Reason"":3}"
55531402,"{""Old"":399225,""New"":399227,""Reason"":3}"
55531402,"{""Old"":400236,""New"":400256,""Reason"":3}"
55531402,"{""Old"":404958,""New"":404968,""Reason"":3}"
67260187,"{""Old"":189,""New"":191,""Reason"":3}"
83880780,"{""Old"":400,""New"":402,""Reason"":3}"
83880780,"{""Old"":428,""New"":430,""Reason"":3}"
83880780,"{""Old"":263,""New"":265,""Reason"":3}"
83880780,"{""Old"":303,""New"":305,""Reason"":3}"
80744637,"{""Old"":65841,""New"":65851,""Reason"":3}"
80744637,"{""Old"":65953,""New"":65963,""Reason"":3}"
202176747,"{""Old"":35597,""New"":35607,""Reason"":3}"
202176747,"{""Old"":36645,""New"":36655,""Reason"":3}"
80758401,"{""Old"":3853,""New"":3855,""Reason"":3}"
80758401,"{""Old"":4363,""New"":4373,""Reason"":3}"
80744637,"{""Old"":65589,""New"":65599,""Reason"":3}"
85246118,"{""Old"":650,""New"":652,""Reason"":3}"
80744637,"{""Old"":66641,""New"":66651,""Reason"":3}"
80744637,"{""Old"":67075,""New"":67095,""Reason"":3}"
202176747,"{""Old"":35909,""New"":35929,""Reason"":3}"
202176747,"{""Old"":36655,""New"":36665,""Reason"":3}"
202176747,"{""Old"":35627,""New"":35637,""Reason"":3}"
202176747,"{""Old"":35552,""New"":35572,""Reason"":3}"
80744637,"{""Old"":65901,""New"":65911,""Reason"":3}"
80744637,"{""Old"":66435,""New"":66445,""Reason"":3}"
80744637,"{""Old"":66569,""New"":66579,""Reason"":3}"
80744637,"{""Old"":66711,""New"":66721,""Reason"":3}"
80758401,"{""Old"":4257,""New"":4267,""Reason"":3}"
80758401,"{""Old"":3837,""New"":3839,""Reason"":3}"
80744637,"{""Old"":66363,""New"":66373,""Reason"":3}"
80758401,"{""Old"":4149,""New"":4159,""Reason"":3}"
80758401,"{""Old"":4465,""New"":4475,""Reason"":3}"
80744637,"{""Old"":65563,""New"":65573,""Reason"":3}"
120956657,"{""Old"":411,""New"":413,""Reason"":3}"
83319984,"{""Old"":2877,""New"":2887,""Reason"":3}"
23844493,"{""Old"":1486,""New"":1496,""Reason"":3}"
59231397,"{""Old"":1556,""New"":1566,""Reason"":3}"
55921654,"{""Old"":876,""New"":878,""Reason"":3}"
123245731,"{""Old"":9805,""New"":9815,""Reason"":3}"
59231397,"{""Old"":902,""New"":904,""Reason"":3}"
59231397,"{""Old"":1092,""New"":1094,""Reason"":3}"
59231397,"{""Old"":1402,""New"":1412,""Reason"":3}"
55921654,"{""Old"":953,""New"":955,""Reason"":3}"
55921654,"{""Old"":960,""New"":962,""Reason"":3}"
55921654,"{""Old"":1038,""New"":1040,""Reason"":3}"
202176747,"{""Old"":35803,""New"":35813,""Reason"":3}"
202176747,"{""Old"":36041,""New"":36051,""Reason"":3}"
202176747,"{""Old"":33787,""New"":33789,""Reason"":3}"
202176747,"{""Old"":36735,""New"":36745,""Reason"":3}"
202176747,"{""Old"":36921,""New"":36931,""Reason"":3}"
80758401,"{""Old"":4237,""New"":4247,""Reason"":3}"
80758401,"{""Old"":4097,""New"":4099,""Reason"":3}"
202176747,"{""Old"":36931,""New"":36941,""Reason"":3}"
70289120,"{""Old"":1032,""New"":1034,""Reason"":3}"
80758401,"{""Old"":3805,""New"":3825,""Reason"":3}"
80758401,"{""Old"":3803,""New"":3805,""Reason"":3}"
80758401,"{""Old"":4042,""New"":4052,""Reason"":3}"
211423534,"{""Old"":22951,""New"":22953,""Reason"":3}"
73588812,"{""Old"":1984,""New"":1986,""Reason"":3}"
211423534,"{""Old"":22796,""New"":22798,""Reason"":3}"
55531402,"{""Old"":411107,""New"":411137,""Reason"":3}"
55531402,"{""Old"":412302,""New"":412312,""Reason"":3}"
55531402,"{""Old"":412172,""New"":412202,""Reason"":3}"
55531402,"{""Old"":412742,""New"":412752,""Reason"":3}"
50416621,"{""Old"":484,""New"":486,""Reason"":3}"
50416621,"{""Old"":146,""New"":148,""Reason"":3}"
55531402,"{""Old"":389402,""New"":389422,""Reason"":3}"
55531402,"{""Old"":391051,""New"":391061,""Reason"":3}"
55531402,"{""Old"":394674,""New"":394684,""Reason"":3}"
55531402,"{""Old"":396047,""New"":396057,""Reason"":3}"
55531402,"{""Old"":398042,""New"":398052,""Reason"":3}"
55531402,"{""Old"":398012,""New"":398022,""Reason"":3}"
55531402,"{""Old"":400806,""New"":400816,""Reason"":3}"
55531402,"{""Old"":402486,""New"":402496,""Reason"":3}"
55531402,"{""Old"":403601,""New"":403611,""Reason"":3}"
55531402,"{""Old"":404313,""New"":404333,""Reason"":3}"
55531402,"{""Old"":404613,""New"":404623,""Reason"":3}"
55531402,"{""Old"":407228,""New"":407230,""Reason"":3}"
55531402,"{""Old"":409075,""New"":409085,""Reason"":3}"
83880780,"{""Old"":301,""New"":303,""Reason"":3}"
5732467,"{""Old"":741,""New"":743,""Reason"":3}"
83880780,"{""Old"":368,""New"":370,""Reason"":3}"
83880780,"{""Old"":398,""New"":400,""Reason"":3}"
83880780,"{""Old"":430,""New"":432,""Reason"":3}"
83880780,"{""Old"":432,""New"":434,""Reason"":3}"
55531402,"{""Old"":410262,""New"":410282,""Reason"":3}"
9877941,"{""Old"":444,""New"":446,""Reason"":3}"
7378760,"{""Old"":35907,""New"":35927,""Reason"":3}"
7378760,"{""Old"":36391,""New"":36411,""Reason"":3}"
19981811,"{""Old"":29369,""New"":29371,""Reason"":3}"
19981811,"{""Old"":29530,""New"":29532,""Reason"":3}"
19981811,"{""Old"":31189,""New"":31191,""Reason"":3}"
218610415,"{""Old"":259,""New"":261,""Reason"":3}"
7378760,"{""Old"":35031,""New"":35051,""Reason"":3}"
7378760,"{""Old"":35383,""New"":35393,""Reason"":3}"
7378760,"{""Old"":37103,""New"":37113,""Reason"":3}"
7378760,"{""Old"":37647,""New"":37657,""Reason"":3}"
7378760,"{""Old"":37777,""New"":37779,""Reason"":3}"
7378760,"{""Old"":34767,""New"":34769,""Reason"":3}"
7378760,"{""Old"":34869,""New"":34879,""Reason"":3}"
7378760,"{""Old"":35071,""New"":35081,""Reason"":3}"
7378760,"{""Old"":36287,""New"":36297,""Reason"":3}"
7378760,"{""Old"":34923,""New"":34933,""Reason"":3}"
7378760,"{""Old"":35513,""New"":35543,""Reason"":3}"
7378760,"{""Old"":37405,""New"":37415,""Reason"":3}"
7378760,"{""Old"":35543,""New"":35553,""Reason"":3}"
7378760,"{""Old"":35483,""New"":35493,""Reason"":3}"
7378760,"{""Old"":34132,""New"":34134,""Reason"":3}"
7378760,"{""Old"":34725,""New"":34735,""Reason"":3}"
7378760,"{""Old"":35855,""New"":35857,""Reason"":3}"
7378760,"{""Old"":36347,""New"":36357,""Reason"":3}"
7378760,"{""Old"":36441,""New"":36451,""Reason"":3}"
7378760,"{""Old"":36531,""New"":36541,""Reason"":3}"
7378760,"{""Old"":37173,""New"":37183,""Reason"":3}"
7378760,"{""Old"":37395,""New"":37405,""Reason"":3}"
218920888,"{""Old"":67,""New"":69,""Reason"":3}"
169859,"{""Old"":343,""New"":353,""Reason"":3}"
7378760,"{""Old"":34747,""New"":34767,""Reason"":3}"
7378760,"{""Old"":35867,""New"":35877,""Reason"":3}"
7378760,"{""Old"":37789,""New"":37799,""Reason"":3}"
7378760,"{""Old"":37819,""New"":37829,""Reason"":3}"
2968081,"{""Old"":953,""New"":955,""Reason"":3}"
2968081,"{""Old"":1015,""New"":1017,""Reason"":3}"
4829598,"{""Old"":1657,""New"":1659,""Reason"":3}"
73588812,"{""Old"":1182,""New"":1184,""Reason"":3}"
73588812,"{""Old"":1175,""New"":1179,""Reason"":3}"
23053094,"{""Old"":1044,""New"":1046,""Reason"":3}"
23053094,"{""Old"":1024,""New"":1028,""Reason"":3}"
55531402,"{""Old"":802863,""New"":802873,""Reason"":3}"
55531402,"{""Old"":803198,""New"":803208,""Reason"":3}"
55531402,"{""Old"":803098,""New"":803108,""Reason"":3}"
55531402,"{""Old"":803440,""New"":803460,""Reason"":3}"
75730356,"{""Old"":388,""New"":390,""Reason"":3}"
37279442,"{""Old"":10267,""New"":10269,""Reason"":3}"
55531402,"{""Old"":801986,""New"":802006,""Reason"":3}"
55531402,"{""Old"":803920,""New"":803940,""Reason"":3}"
55531402,"{""Old"":804380,""New"":804390,""Reason"":3}"
55531402,"{""Old"":806142,""New"":806152,""Reason"":3}"
55531402,"{""Old"":806247,""New"":806267,""Reason"":3}"
55531402,"{""Old"":806632,""New"":806642,""Reason"":3}"
55531402,"{""Old"":806622,""New"":806632,""Reason"":3}"
23839143,"{""Old"":257,""New"":259,""Reason"":3}"
72885434,"{""Old"":228,""New"":230,""Reason"":3}"
51765158,"{""Old"":1056,""New"":1066,""Reason"":3}"
51765158,"{""Old"":1164,""New"":1168,""Reason"":3}"
46419793,"{""Old"":151,""New"":153,""Reason"":3}"
45469827,"{""Old"":974,""New"":976,""Reason"":3}"
45939459,"{""Old"":127,""New"":129,""Reason"":3}"
62439790,"{""Old"":1487,""New"":1489,""Reason"":3}"
74426538,"{""Old"":925,""New"":927,""Reason"":3}"
74426538,"{""Old"":978,""New"":988,""Reason"":3}"
73588812,"{""Old"":1203,""New"":1205,""Reason"":3}"
73588812,"{""Old"":1255,""New"":1257,""Reason"":3}"
57366251,"{""Old"":3759,""New"":3761,""Reason"":3}"
57366251,"{""Old"":3543,""New"":3545,""Reason"":3}"
57366251,"{""Old"":3706,""New"":3708,""Reason"":3}"
211423534,"{""Old"":22690,""New"":22692,""Reason"":3}"
8654000,"{""Old"":4427,""New"":4429,""Reason"":3}"
8654000,"{""Old"":4542,""New"":4552,""Reason"":3}"
8654000,"{""Old"":5030,""New"":5032,""Reason"":3}"
8654000,"{""Old"":5521,""New"":5531,""Reason"":3}"
4472194,"{""Old"":2138,""New"":2140,""Reason"":3}"
8654000,"{""Old"":3902,""New"":3904,""Reason"":3}"
8654000,"{""Old"":4872,""New"":4882,""Reason"":3}"
8654000,"{""Old"":5873,""New"":5883,""Reason"":3}"
83319984,"{""Old"":1554,""New"":1556,""Reason"":3}"
17676293,"{""Old"":16842,""New"":16844,""Reason"":3}"
17676293,"{""Old"":16840,""New"":16842,""Reason"":3}"
83319984,"{""Old"":1320,""New"":1322,""Reason"":3}"
83319984,"{""Old"":1517,""New"":1519,""Reason"":3}"
83676575,"{""Old"":2808,""New"":2818,""Reason"":3}"
83676575,"{""Old"":3112,""New"":3114,""Reason"":3}"
52990199,"{""Old"":1113,""New"":1115,""Reason"":3}"
25799691,"{""Old"":1369,""New"":1371,""Reason"":3}"
7378760,"{""Old"":35877,""New"":35887,""Reason"":3}"
7378760,"{""Old"":35175,""New"":35185,""Reason"":3}"
7378760,"{""Old"":37133,""New"":37143,""Reason"":3}"
7378760,"{""Old"":37375,""New"":37385,""Reason"":3}"
211423534,"{""Old"":22941,""New"":22943,""Reason"":3}"
62439790,"{""Old"":1404,""New"":1414,""Reason"":3}"
73588812,"{""Old"":1355,""New"":1357,""Reason"":3}"
4405710,"{""Old"":644,""New"":646,""Reason"":3}"
4405710,"{""Old"":642,""New"":644,""Reason"":3}"
4405710,"{""Old"":648,""New"":650,""Reason"":3}"
55531402,"{""Old"":386748,""New"":386758,""Reason"":3}"
55531402,"{""Old"":387118,""New"":387138,""Reason"":3}"
55531402,"{""Old"":394728,""New"":394738,""Reason"":3}"
55531402,"{""Old"":395917,""New"":395927,""Reason"":3}"
55531402,"{""Old"":399665,""New"":399675,""Reason"":3}"
55531402,"{""Old"":400141,""New"":400161,""Reason"":3}"
55531402,"{""Old"":401974,""New"":401984,""Reason"":3}"
55531402,"{""Old"":402119,""New"":402129,""Reason"":3}"
55531402,"{""Old"":406218,""New"":406228,""Reason"":3}"
49825474,"{""Old"":1994,""New"":1996,""Reason"":3}"
55531402,"{""Old"":385481,""New"":385491,""Reason"":3}"
55531402,"{""Old"":385271,""New"":385281,""Reason"":3}"
55531402,"{""Old"":397419,""New"":397429,""Reason"":3}"
55531402,"{""Old"":398893,""New"":398903,""Reason"":3}"
55531402,"{""Old"":399730,""New"":399750,""Reason"":3}"
55531402,"{""Old"":403106,""New"":403136,""Reason"":3}"
55531402,"{""Old"":405878,""New"":405908,""Reason"":3}"
55531402,"{""Old"":406628,""New"":406638,""Reason"":3}"
55531402,"{""Old"":407208,""New"":407218,""Reason"":3}"
49825474,"{""Old"":2145,""New"":2147,""Reason"":3}"
49825474,"{""Old"":2292,""New"":2296,""Reason"":3}"
49825474,"{""Old"":2648,""New"":2650,""Reason"":3}"
55531402,"{""Old"":411457,""New"":411467,""Reason"":3}"
84223984,"{""Old"":428,""New"":430,""Reason"":3}"
67836518,"{""Old"":2388,""New"":2390,""Reason"":3}"
84223984,"{""Old"":411,""New"":413,""Reason"":3}"
2968081,"{""Old"":620,""New"":622,""Reason"":3}"
38752325,"{""Old"":910,""New"":912,""Reason"":3}"
73588812,"{""Old"":1324,""New"":1326,""Reason"":3}"
62439790,"{""Old"":1303,""New"":1305,""Reason"":3}"
7378760,"{""Old"":37143,""New"":37153,""Reason"":3}"
53324485,"{""Old"":4845,""New"":4855,""Reason"":3}"
2968081,"{""Old"":1281,""New"":1283,""Reason"":3}"
63583576,"{""Old"":51,""New"":53,""Reason"":3}"
63583576,"{""Old"":385,""New"":387,""Reason"":3}"
19981811,"{""Old"":29534,""New"":29536,""Reason"":3}"
19981811,"{""Old"":29882,""New"":29892,""Reason"":3}"
25799691,"{""Old"":1256,""New"":1258,""Reason"":3}"
25799691,"{""Old"":1330,""New"":1332,""Reason"":3}"
63583576,"{""Old"":324,""New"":326,""Reason"":3}"
79702191,"{""Old"":441,""New"":443,""Reason"":3}"
78174244,"{""Old"":1030,""New"":1032,""Reason"":3}"
78174244,"{""Old"":1250,""New"":1252,""Reason"":3}"
78174244,"{""Old"":1248,""New"":1250,""Reason"":3}"
62439790,"{""Old"":1384,""New"":1386,""Reason"":3}"
62439790,"{""Old"":1475,""New"":1477,""Reason"":3}"
78174244,"{""Old"":1232,""New"":1242,""Reason"":3}"
218610415,"{""Old"":251,""New"":253,""Reason"":3}"
218610415,"{""Old"":253,""New"":255,""Reason"":3}"
55921654,"{""Old"":1146,""New"":1148,""Reason"":3}"
55921654,"{""Old"":1482,""New"":1484,""Reason"":3}"
13603777,"{""Old"":531,""New"":533,""Reason"":3}"
8302676,"{""Old"":2625,""New"":2645,""Reason"":3}"
59231397,"{""Old"":1254,""New"":1256,""Reason"":3}"
59231397,"{""Old"":1414,""New"":1416,""Reason"":3}"
59231397,"{""Old"":2407,""New"":2417,""Reason"":3}"
59231397,"{""Old"":3990,""New"":4000,""Reason"":3}"
299630,"{""Old"":4415,""New"":4425,""Reason"":3}"
58140678,"{""Old"":1317,""New"":1319,""Reason"":3}"
37279442,"{""Old"":10491,""New"":10493,""Reason"":3}"
37279442,"{""Old"":10327,""New"":10329,""Reason"":3}"
45939459,"{""Old"":116,""New"":118,""Reason"":3}"
46419793,"{""Old"":399,""New"":401,""Reason"":3}"
46419793,"{""Old"":422,""New"":432,""Reason"":3}"
63583576,"{""Old"":339,""New"":341,""Reason"":3}"
206123773,"{""Old"":1826,""New"":1836,""Reason"":3}"
63583576,"{""Old"":344,""New"":354,""Reason"":3}"
63583576,"{""Old"":378,""New"":380,""Reason"":3}"
78174244,"{""Old"":1288,""New"":1290,""Reason"":3}"
78174244,"{""Old"":1323,""New"":1325,""Reason"":3}"
78174244,"{""Old"":1272,""New"":1274,""Reason"":3}"
73588812,"{""Old"":1199,""New"":1201,""Reason"":3}"
73588812,"{""Old"":1404,""New"":1406,""Reason"":3}"
79702191,"{""Old"":431,""New"":433,""Reason"":3}"
73588812,"{""Old"":1287,""New"":1289,""Reason"":3}"
36439403,"{""Old"":582,""New"":584,""Reason"":3}"
36439403,"{""Old"":611,""New"":613,""Reason"":3}"
74426538,"{""Old"":988,""New"":990,""Reason"":3}"
73588812,"{""Old"":2166,""New"":2168,""Reason"":3}"
73588812,"{""Old"":2162,""New"":2164,""Reason"":3}"
71538718,"{""Old"":38,""New"":40,""Reason"":3}"
78174244,"{""Old"":1180,""New"":1182,""Reason"":3}"
78174244,"{""Old"":1268,""New"":1270,""Reason"":3}"
78174244,"{""Old"":1162,""New"":1164,""Reason"":3}"
63583576,"{""Old"":396,""New"":398,""Reason"":3}"
38752325,"{""Old"":908,""New"":910,""Reason"":3}"
63583576,"{""Old"":266,""New"":268,""Reason"":3}"
7378760,"{""Old"":36205,""New"":36207,""Reason"":3}"
7378760,"{""Old"":36611,""New"":36621,""Reason"":3}"
7378760,"{""Old"":37195,""New"":37205,""Reason"":3}"
7378760,"{""Old"":37829,""New"":37839,""Reason"":3}"
7378760,"{""Old"":37889,""New"":37899,""Reason"":3}"
7378760,"{""Old"":34510,""New"":34520,""Reason"":3}"
7378760,"{""Old"":35653,""New"":35683,""Reason"":3}"
7378760,"{""Old"":36127,""New"":36129,""Reason"":3}"
7378760,"{""Old"":37859,""New"":37869,""Reason"":3}"
7378760,"{""Old"":35165,""New"":35175,""Reason"":3}"
7378760,"{""Old"":35947,""New"":35957,""Reason"":3}"
7378760,"{""Old"":37325,""New"":37335,""Reason"":3}"
63583576,"{""Old"":398,""New"":400,""Reason"":3}"
63583576,"{""Old"":402,""New"":404,""Reason"":3}"
206123773,"{""Old"":1824,""New"":1826,""Reason"":3}"
49612820,"{""Old"":17,""New"":19,""Reason"":3}"
13603777,"{""Old"":525,""New"":527,""Reason"":3}"
12346315,"{""Old"":4131,""New"":4133,""Reason"":3}"
12346315,"{""Old"":4189,""New"":4191,""Reason"":3}"
299630,"{""Old"":2677,""New"":2679,""Reason"":3}"
49825474,"{""Old"":393,""New"":395,""Reason"":3}"
55531402,"{""Old"":170882,""New"":170884,""Reason"":3}"
55531402,"{""Old"":171252,""New"":171256,""Reason"":3}"
55531402,"{""Old"":171756,""New"":171766,""Reason"":3}"
55531402,"{""Old"":175465,""New"":175475,""Reason"":3}"
55531402,"{""Old"":178350,""New"":178360,""Reason"":3}"
55531402,"{""Old"":179067,""New"":179087,""Reason"":3}"
55531402,"{""Old"":179152,""New"":179172,""Reason"":3}"
12301610,"{""Old"":944,""New"":946,""Reason"":3}"
55921654,"{""Old"":1102,""New"":1104,""Reason"":3}"
4472194,"{""Old"":2112,""New"":2114,""Reason"":3}"
4472194,"{""Old"":2124,""New"":2126,""Reason"":3}"
8654000,"{""Old"":4303,""New"":4305,""Reason"":3}"
8654000,"{""Old"":5192,""New"":5202,""Reason"":3}"
25799691,"{""Old"":1365,""New"":1367,""Reason"":3}"
36439403,"{""Old"":861,""New"":863,""Reason"":3}"
25799691,"{""Old"":1381,""New"":1383,""Reason"":3}"
25799691,"{""Old"":1234,""New"":1238,""Reason"":3}"
52990199,"{""Old"":1037,""New"":1039,""Reason"":3}"
52990199,"{""Old"":1109,""New"":1111,""Reason"":3}"
36439403,"{""Old"":859,""New"":861,""Reason"":3}"
52990199,"{""Old"":880,""New"":882,""Reason"":3}"
31776438,"{""Old"":279,""New"":281,""Reason"":3}"
55531402,"{""Old"":412347,""New"":412357,""Reason"":3}"
44961939,"{""Old"":515,""New"":517,""Reason"":3}"
80141190,"{""Old"":545,""New"":547,""Reason"":3}"
13245861,"{""Old"":361,""New"":363,""Reason"":3}"
46419793,"{""Old"":317,""New"":321,""Reason"":3}"
12346315,"{""Old"":4153,""New"":4155,""Reason"":3}"
58140678,"{""Old"":1331,""New"":1341,""Reason"":3}"
46235249,"{""Old"":1641,""New"":1643,""Reason"":3}"
299630,"{""Old"":2151,""New"":2153,""Reason"":3}"
299630,"{""Old"":2615,""New"":2617,""Reason"":3}"
12346315,"{""Old"":4187,""New"":4189,""Reason"":3}"
84278309,"{""Old"":82,""New"":84,""Reason"":3}"
12346315,"{""Old"":4233,""New"":4239,""Reason"":3}"
12346315,"{""Old"":4119,""New"":4123,""Reason"":3}"
53727285,"{""Old"":482,""New"":484,""Reason"":3}"
59231397,"{""Old"":2843,""New"":2853,""Reason"":3}"
59231397,"{""Old"":4140,""New"":4150,""Reason"":3}"
59231397,"{""Old"":1088,""New"":1090,""Reason"":3}"
59231397,"{""Old"":1348,""New"":1358,""Reason"":3}"
59231397,"{""Old"":1416,""New"":1426,""Reason"":3}"
5732467,"{""Old"":743,""New"":745,""Reason"":3}"
5732467,"{""Old"":747,""New"":749,""Reason"":3}"
2982116,"{""Old"":75,""New"":77,""Reason"":3}"
12301610,"{""Old"":2621,""New"":2623,""Reason"":3}"
80141190,"{""Old"":365,""New"":367,""Reason"":3}"
37399438,"{""Old"":797,""New"":799,""Reason"":3}"
39485735,"{""Old"":389,""New"":391,""Reason"":3}"
62310563,"{""Old"":130,""New"":132,""Reason"":3}"
62310563,"{""Old"":143,""New"":145,""Reason"":3}"
2982116,"{""Old"":73,""New"":75,""Reason"":3}"
44961939,"{""Old"":500,""New"":502,""Reason"":3}"
52990199,"{""Old"":1010,""New"":1012,""Reason"":3}"
52990199,"{""Old"":1216,""New"":1218,""Reason"":3}"
37621689,"{""Old"":576,""New"":578,""Reason"":3}"
25799691,"{""Old"":1295,""New"":1297,""Reason"":3}"
25799691,"{""Old"":1240,""New"":1242,""Reason"":3}"
25799691,"{""Old"":1308,""New"":1310,""Reason"":3}"
5732467,"{""Old"":733,""New"":737,""Reason"":3}"
5732467,"{""Old"":763,""New"":765,""Reason"":3}"
82785902,"{""Old"":46030,""New"":46040,""Reason"":3}"
67260187,"{""Old"":104,""New"":106,""Reason"":3}"
55531402,"{""Old"":412682,""New"":412692,""Reason"":3}"
55531402,"{""Old"":412337,""New"":412347,""Reason"":3}"
55531402,"{""Old"":413071,""New"":413081,""Reason"":3}"
55531402,"{""Old"":413030,""New"":413050,""Reason"":3}"
205159799,"{""Old"":167,""New"":169,""Reason"":3}"
79702191,"{""Old"":470,""New"":480,""Reason"":3}"
79702191,"{""Old"":388,""New"":390,""Reason"":3}"
204450309,"{""Old"":59,""New"":61,""Reason"":3}"
78174244,"{""Old"":1290,""New"":1292,""Reason"":3}"
38743885,"{""Old"":383,""New"":385,""Reason"":3}"
78174244,"{""Old"":1154,""New"":1156,""Reason"":3}"
62439790,"{""Old"":1388,""New"":1390,""Reason"":3}"
71538718,"{""Old"":55,""New"":57,""Reason"":3}"
80742310,"{""Old"":153,""New"":155,""Reason"":3}"
20302898,"{""Old"":1815,""New"":1817,""Reason"":3}"
8654000,"{""Old"":4499,""New"":4501,""Reason"":3}"
8654000,"{""Old"":5329,""New"":5331,""Reason"":3}"
8654000,"{""Old"":5934,""New"":5944,""Reason"":3}"
8654000,"{""Old"":4305,""New"":4307,""Reason"":3}"
8654000,"{""Old"":5212,""New"":5222,""Reason"":3}"
8654000,"{""Old"":5804,""New"":5814,""Reason"":3}"
55531402,"{""Old"":802563,""New"":802593,""Reason"":3}"
55531402,"{""Old"":805410,""New"":805420,""Reason"":3}"
55531402,"{""Old"":802121,""New"":802141,""Reason"":3}"
55531402,"{""Old"":802593,""New"":802613,""Reason"":3}"
55531402,"{""Old"":804115,""New"":804135,""Reason"":3}"
55531402,"{""Old"":805145,""New"":805155,""Reason"":3}"
13173590,"{""Old"":44624,""New"":44628,""Reason"":3}"
59976267,"{""Old"":52,""New"":54,""Reason"":3}"
55531402,"{""Old"":802683,""New"":802693,""Reason"":3}"
51765158,"{""Old"":1206,""New"":1208,""Reason"":3}"
51765158,"{""Old"":1202,""New"":1206,""Reason"":3}"
51765158,"{""Old"":1246,""New"":1248,""Reason"":3}"
51765158,"{""Old"":1222,""New"":1224,""Reason"":3}"
46419793,"{""Old"":146,""New"":148,""Reason"":3}"
75730356,"{""Old"":555,""New"":557,""Reason"":3}"
81192725,"{""Old"":240,""New"":242,""Reason"":3}"
59231397,"{""Old"":1374,""New"":1376,""Reason"":3}"
55921654,"{""Old"":1086,""New"":1088,""Reason"":3}"
55921654,"{""Old"":1088,""New"":1092,""Reason"":3}"
84278309,"{""Old"":77,""New"":79,""Reason"":3}"
53318306,"{""Old"":146,""New"":148,""Reason"":3}"
31776438,"{""Old"":341,""New"":343,""Reason"":3}"
31776438,"{""Old"":359,""New"":361,""Reason"":3}"
82785902,"{""Old"":48792,""New"":48802,""Reason"":3}"
82785902,"{""Old"":51785,""New"":51795,""Reason"":3}"
82785902,"{""Old"":48494,""New"":48504,""Reason"":3}"
82785902,"{""Old"":49268,""New"":49278,""Reason"":3}"
82785902,"{""Old"":51393,""New"":51403,""Reason"":3}"
82785902,"{""Old"":51473,""New"":51483,""Reason"":3}"
25799691,"{""Old"":1288,""New"":1290,""Reason"":3}"
25799691,"{""Old"":1328,""New"":1330,""Reason"":3}"
67260187,"{""Old"":332,""New"":334,""Reason"":3}"
55531402,"{""Old"":385331,""New"":385351,""Reason"":3}"
55531402,"{""Old"":385861,""New"":385871,""Reason"":3}"
55531402,"{""Old"":386348,""New"":386368,""Reason"":3}"
55531402,"{""Old"":390234,""New"":390244,""Reason"":3}"
55531402,"{""Old"":390911,""New"":390921,""Reason"":3}"
55531402,"{""Old"":399055,""New"":399065,""Reason"":3}"
55531402,"{""Old"":398953,""New"":398963,""Reason"":3}"
55531402,"{""Old"":399815,""New"":399817,""Reason"":3}"
55531402,"{""Old"":400301,""New"":400311,""Reason"":3}"
55531402,"{""Old"":401085,""New"":401105,""Reason"":3}"
55531402,"{""Old"":402109,""New"":402119,""Reason"":3}"
55531402,"{""Old"":402626,""New"":402646,""Reason"":3}"
55531402,"{""Old"":402414,""New"":402434,""Reason"":3}"
82785902,"{""Old"":45970,""New"":45980,""Reason"":3}"
82785902,"{""Old"":46383,""New"":46385,""Reason"":3}"
82785902,"{""Old"":46872,""New"":46892,""Reason"":3}"
52990199,"{""Old"":1045,""New"":1049,""Reason"":3}"
52990199,"{""Old"":888,""New"":898,""Reason"":3}"
52990199,"{""Old"":1321,""New"":1323,""Reason"":3}"
25799691,"{""Old"":1292,""New"":1294,""Reason"":3}"
50416621,"{""Old"":131,""New"":133,""Reason"":3}"
82785902,"{""Old"":48834,""New"":48844,""Reason"":3}"
82785902,"{""Old"":49419,""New"":49429,""Reason"":3}"
82785902,"{""Old"":49679,""New"":49689,""Reason"":3}"
55531402,"{""Old"":410112,""New"":410142,""Reason"":3}"
55531402,"{""Old"":411972,""New"":412002,""Reason"":3}"
55531402,"{""Old"":412087,""New"":412097,""Reason"":3}"
82785902,"{""Old"":48221,""New"":48241,""Reason"":3}"
82785902,"{""Old"":52045,""New"":52055,""Reason"":3}"
4405710,"{""Old"":759,""New"":761,""Reason"":3}"
59231397,"{""Old"":3040,""New"":3060,""Reason"":3}"
9877941,"{""Old"":139,""New"":141,""Reason"":3}"
55921654,"{""Old"":936,""New"":938,""Reason"":3}"
55921654,"{""Old"":1345,""New"":1347,""Reason"":3}"
55921654,"{""Old"":1379,""New"":1381,""Reason"":3}"
55921654,"{""Old"":1035,""New"":1037,""Reason"":3}"
55921654,"{""Old"":1074,""New"":1076,""Reason"":3}"
55921654,"{""Old"":1118,""New"":1120,""Reason"":3}"
55921654,"{""Old"":866,""New"":868,""Reason"":3}"
12301610,"{""Old"":942,""New"":944,""Reason"":3}"
17205050,"{""Old"":675,""New"":677,""Reason"":3}"
63799212,"{""Old"":6434,""New"":6436,""Reason"":3}"
55531402,"{""Old"":806377,""New"":806387,""Reason"":3}"
207982180,"{""Old"":923,""New"":933,""Reason"":3}"
55531402,"{""Old"":803395,""New"":803405,""Reason"":3}"
55531402,"{""Old"":804880,""New"":804890,""Reason"":3}"
55531402,"{""Old"":806527,""New"":806557,""Reason"":3}"
51765158,"{""Old"":1228,""New"":1230,""Reason"":3}"
55531402,"{""Old"":803745,""New"":803755,""Reason"":3}"
55531402,"{""Old"":802101,""New"":802111,""Reason"":3}"
55531402,"{""Old"":802441,""New"":802443,""Reason"":3}"
55531402,"{""Old"":804250,""New"":804260,""Reason"":3}"
55531402,"{""Old"":803995,""New"":804005,""Reason"":3}"
55531402,"{""Old"":806322,""New"":806332,""Reason"":3}"
55531402,"{""Old"":806497,""New"":806507,""Reason"":3}"
9130127,"{""Old"":127,""New"":129,""Reason"":3}"
40671256,"{""Old"":1390,""New"":1400,""Reason"":3}"
40671256,"{""Old"":1658,""New"":1660,""Reason"":3}"
40671256,"{""Old"":1666,""New"":1668,""Reason"":3}"
51765158,"{""Old"":1208,""New"":1210,""Reason"":3}"
51765158,"{""Old"":1054,""New"":1056,""Reason"":3}"
52990199,"{""Old"":930,""New"":932,""Reason"":3}"
36439403,"{""Old"":857,""New"":859,""Reason"":3}"
52990199,"{""Old"":1300,""New"":1302,""Reason"":3}"
80141190,"{""Old"":438,""New"":440,""Reason"":3}"
80141190,"{""Old"":466,""New"":468,""Reason"":3}"
80141190,"{""Old"":291,""New"":293,""Reason"":3}"
52990199,"{""Old"":1043,""New"":1045,""Reason"":3}"
40824286,"{""Old"":2523,""New"":2525,""Reason"":3}"
8159597,"{""Old"":599,""New"":601,""Reason"":3}"
8159597,"{""Old"":1195,""New"":1215,""Reason"":3}"
8159597,"{""Old"":2624,""New"":2634,""Reason"":3}"
46220970,"{""Old"":289,""New"":291,""Reason"":3}"
59231397,"{""Old"":863,""New"":865,""Reason"":3}"
59231397,"{""Old"":989,""New"":991,""Reason"":3}"
59231397,"{""Old"":997,""New"":999,""Reason"":3}"
59231397,"{""Old"":1258,""New"":1260,""Reason"":3}"
59231397,"{""Old"":1332,""New"":1334,""Reason"":3}"
59231397,"{""Old"":1536,""New"":1546,""Reason"":3}"
59231397,"{""Old"":3189,""New"":3199,""Reason"":3}"
59231397,"{""Old"":4090,""New"":4100,""Reason"":3}"
55921654,"{""Old"":1161,""New"":1163,""Reason"":3}"
55921654,"{""Old"":1033,""New"":1035,""Reason"":3}"
55921654,"{""Old"":1067,""New"":1069,""Reason"":3}"
84278309,"{""Old"":62,""New"":64,""Reason"":3}"
2982116,"{""Old"":107,""New"":109,""Reason"":3}"
65594943,"{""Old"":124,""New"":126,""Reason"":3}"
72885434,"{""Old"":90,""New"":92,""Reason"":3}"
50416621,"{""Old"":158,""New"":160,""Reason"":3}"
50416621,"{""Old"":474,""New"":476,""Reason"":3}"
80141190,"{""Old"":377,""New"":379,""Reason"":3}"
80141190,"{""Old"":442,""New"":444,""Reason"":3}"
80141190,"{""Old"":444,""New"":446,""Reason"":3}"
2982116,"{""Old"":70,""New"":72,""Reason"":3}"
31776438,"{""Old"":583,""New"":587,""Reason"":3}"
82785902,"{""Old"":45713,""New"":45715,""Reason"":3}"
82785902,"{""Old"":45950,""New"":45960,""Reason"":3}"
4915991,"{""Old"":14619,""New"":14621,""Reason"":3}"
37621689,"{""Old"":569,""New"":571,""Reason"":3}"
82785902,"{""Old"":45490,""New"":45492,""Reason"":3}"
82785902,"{""Old"":45516,""New"":45518,""Reason"":3}"
82785902,"{""Old"":45811,""New"":45821,""Reason"":3}"
82785902,"{""Old"":45990,""New"":45992,""Reason"":3}"
82785902,"{""Old"":46610,""New"":46620,""Reason"":3}"
67260187,"{""Old"":377,""New"":379,""Reason"":3}"
55531402,"{""Old"":385936,""New"":385938,""Reason"":3}"
55531402,"{""Old"":389332,""New"":389342,""Reason"":3}"
55531402,"{""Old"":389562,""New"":389582,""Reason"":3}"
55531402,"{""Old"":391846,""New"":391856,""Reason"":3}"
55531402,"{""Old"":395857,""New"":395867,""Reason"":3}"
55531402,"{""Old"":397207,""New"":397217,""Reason"":3}"
55531402,"{""Old"":397885,""New"":397895,""Reason"":3}"
55531402,"{""Old"":398746,""New"":398756,""Reason"":3}"
55531402,"{""Old"":399130,""New"":399140,""Reason"":3}"
55531402,"{""Old"":399937,""New"":399967,""Reason"":3}"
55531402,"{""Old"":400461,""New"":400471,""Reason"":3}"
55531402,"{""Old"":400651,""New"":400671,""Reason"":3}"
55531402,"{""Old"":402279,""New"":402289,""Reason"":3}"
55531402,"{""Old"":402616,""New"":402626,""Reason"":3}"
55531402,"{""Old"":403833,""New"":403843,""Reason"":3}"
55531402,"{""Old"":404633,""New"":404643,""Reason"":3}"
55531402,"{""Old"":408245,""New"":408255,""Reason"":3}"
55531402,"{""Old"":408320,""New"":408340,""Reason"":3}"
55531402,"{""Old"":409330,""New"":409350,""Reason"":3}"
55531402,"{""Old"":409617,""New"":409627,""Reason"":3}"
82785902,"{""Old"":45512,""New"":45514,""Reason"":3}"
82785902,"{""Old"":46026,""New"":46028,""Reason"":3}"
82785902,"{""Old"":47516,""New"":47518,""Reason"":3}"
82785902,"{""Old"":51845,""New"":51855,""Reason"":3}"
52385318,"{""Old"":696,""New"":698,""Reason"":3}"
19535546,"{""Old"":1147,""New"":1149,""Reason"":3}"
66718790,"{""Old"":5913,""New"":5923,""Reason"":3}"
24208183,"{""Old"":118,""New"":120,""Reason"":3}"
39038951,"{""Old"":690,""New"":692,""Reason"":3}"
19535546,"{""Old"":1197,""New"":1199,""Reason"":3}"
19535546,"{""Old"":1248,""New"":1250,""Reason"":3}"
63799212,"{""Old"":12661,""New"":12671,""Reason"":3}"
63799212,"{""Old"":13443,""New"":13453,""Reason"":3}"
63799212,"{""Old"":13950,""New"":13960,""Reason"":3}"
63799212,"{""Old"":7018,""New"":7022,""Reason"":3}"
63799212,"{""Old"":9447,""New"":9457,""Reason"":3}"
63799212,"{""Old"":12641,""New"":12651,""Reason"":3}"
63799212,"{""Old"":13061,""New"":13071,""Reason"":3}"
63799212,"{""Old"":9834,""New"":9854,""Reason"":3}"
63799212,"{""Old"":12801,""New"":12811,""Reason"":3}"
63799212,"{""Old"":12469,""New"":12479,""Reason"":3}"
63799212,"{""Old"":13713,""New"":13723,""Reason"":3}"
63799212,"{""Old"":5722,""New"":5732,""Reason"":3}"
63799212,"{""Old"":6430,""New"":6434,""Reason"":3}"
81192725,"{""Old"":47,""New"":49,""Reason"":3}"
46419793,"{""Old"":432,""New"":434,""Reason"":3}"
81192725,"{""Old"":321,""New"":325,""Reason"":3}"
78174244,"{""Old"":1059,""New"":1061,""Reason"":3}"
71538718,"{""Old"":36,""New"":38,""Reason"":3}"
38743885,"{""Old"":374,""New"":376,""Reason"":3}"
40671256,"{""Old"":1281,""New"":1283,""Reason"":3}"
40671256,"{""Old"":1374,""New"":1384,""Reason"":3}"
40671256,"{""Old"":1741,""New"":1743,""Reason"":3}"
40671256,"{""Old"":1328,""New"":1330,""Reason"":3}"
40671256,"{""Old"":1419,""New"":1421,""Reason"":3}"
56305413,"{""Old"":2380,""New"":2382,""Reason"":3}"
81192725,"{""Old"":254,""New"":258,""Reason"":3}"
56305413,"{""Old"":2174,""New"":2176,""Reason"":3}"
56305413,"{""Old"":2353,""New"":2355,""Reason"":3}"
56305413,"{""Old"":2673,""New"":2675,""Reason"":3}"
56305413,"{""Old"":2513,""New"":2515,""Reason"":3}"
56305413,"{""Old"":2914,""New"":2924,""Reason"":3}"
76395205,"{""Old"":432,""New"":434,""Reason"":3}"
55531402,"{""Old"":801891,""New"":801901,""Reason"":3}"
56305413,"{""Old"":2475,""New"":2477,""Reason"":3}"
81192725,"{""Old"":97,""New"":99,""Reason"":3}"
63799212,"{""Old"":6048,""New"":6058,""Reason"":3}"
63799212,"{""Old"":7569,""New"":7589,""Reason"":3}"
63799212,"{""Old"":10947,""New"":10957,""Reason"":3}"
63799212,"{""Old"":11437,""New"":11447,""Reason"":3}"
63799212,"{""Old"":10441,""New"":10451,""Reason"":3}"
63799212,"{""Old"":11752,""New"":11772,""Reason"":3}"
63799212,"{""Old"":12237,""New"":12239,""Reason"":3}"
63799212,"{""Old"":12601,""New"":12621,""Reason"":3}"
63799212,"{""Old"":14050,""New"":14060,""Reason"":3}"
63799212,"{""Old"":7639,""New"":7641,""Reason"":3}"
63799212,"{""Old"":7179,""New"":7189,""Reason"":3}"
63799212,"{""Old"":7221,""New"":7231,""Reason"":3}"
63799212,"{""Old"":10109,""New"":10119,""Reason"":3}"
63799212,"{""Old"":10321,""New"":10331,""Reason"":3}"
63799212,"{""Old"":12092,""New"":12102,""Reason"":3}"
52385318,"{""Old"":583,""New"":585,""Reason"":3}"
52385318,"{""Old"":688,""New"":690,""Reason"":3}"
63799212,"{""Old"":6998,""New"":7018,""Reason"":3}"
63799212,"{""Old"":8957,""New"":8967,""Reason"":3}"
63799212,"{""Old"":11172,""New"":11182,""Reason"":3}"
63799212,"{""Old"":12192,""New"":12202,""Reason"":3}"
63799212,"{""Old"":13071,""New"":13081,""Reason"":3}"
63799212,"{""Old"":13597,""New"":13607,""Reason"":3}"
63799212,"{""Old"":13627,""New"":13629,""Reason"":3}"
63799212,"{""Old"":5786,""New"":5788,""Reason"":3}"
63799212,"{""Old"":5958,""New"":5968,""Reason"":3}"
63799212,"{""Old"":9221,""New"":9223,""Reason"":3}"
63799212,"{""Old"":10937,""New"":10947,""Reason"":3}"
63799212,"{""Old"":11892,""New"":11902,""Reason"":3}"
63799212,"{""Old"":13681,""New"":13683,""Reason"":3}"
52385318,"{""Old"":641,""New"":643,""Reason"":3}"
52385318,"{""Old"":766,""New"":768,""Reason"":3}"
63799212,"{""Old"":6110,""New"":6120,""Reason"":3}"
63799212,"{""Old"":6463,""New"":6473,""Reason"":3}"
63799212,"{""Old"":8815,""New"":8825,""Reason"":3}"
63799212,"{""Old"":9121,""New"":9131,""Reason"":3}"
63799212,"{""Old"":9479,""New"":9489,""Reason"":3}"
63799212,"{""Old"":10341,""New"":10351,""Reason"":3}"
63799212,"{""Old"":10927,""New"":10937,""Reason"":3}"
63799212,"{""Old"":13101,""New"":13111,""Reason"":3}"
63799212,"{""Old"":13537,""New"":13547,""Reason"":3}"
56305413,"{""Old"":2838,""New"":2840,""Reason"":3}"
56305413,"{""Old"":2302,""New"":2312,""Reason"":3}"
56305413,"{""Old"":2948,""New"":2958,""Reason"":3}"
8763321,"{""Old"":1456,""New"":1458,""Reason"":3}"
37784995,"{""Old"":898,""New"":900,""Reason"":3}"
56305413,"{""Old"":2757,""New"":2767,""Reason"":3}"
51765158,"{""Old"":1210,""New"":1212,""Reason"":3}"
53568722,"{""Old"":167,""New"":169,""Reason"":3}"
56305413,"{""Old"":2178,""New"":2180,""Reason"":3}"
81192725,"{""Old"":242,""New"":246,""Reason"":3}"
56305413,"{""Old"":2411,""New"":2421,""Reason"":3}"
56305413,"{""Old"":2516,""New"":2526,""Reason"":3}"
56305413,"{""Old"":2407,""New"":2409,""Reason"":3}"
56305413,"{""Old"":2677,""New"":2679,""Reason"":3}"
24208183,"{""Old"":116,""New"":118,""Reason"":3}"
66718790,"{""Old"":5971,""New"":5973,""Reason"":3}"
6084170,"{""Old"":555,""New"":557,""Reason"":3}"
8763321,"{""Old"":1460,""New"":1462,""Reason"":3}"
8763321,"{""Old"":1462,""New"":1472,""Reason"":3}"
56305413,"{""Old"":2176,""New"":2178,""Reason"":3}"
56305413,"{""Old"":2316,""New"":2318,""Reason"":3}"
54055764,"{""Old"":3652,""New"":3656,""Reason"":3}"
8654000,"{""Old"":4323,""New"":4325,""Reason"":3}"
8654000,"{""Old"":4560,""New"":4562,""Reason"":3}"
8654000,"{""Old"":5018,""New"":5028,""Reason"":3}"
8654000,"{""Old"":5650,""New"":5660,""Reason"":3}"
8654000,"{""Old"":5698,""New"":5708,""Reason"":3}"
120956657,"{""Old"":222,""New"":226,""Reason"":3}"
120956657,"{""Old"":353,""New"":355,""Reason"":3}"
25799691,"{""Old"":1269,""New"":1271,""Reason"":3}"
80141190,"{""Old"":320,""New"":322,""Reason"":3}"
37399438,"{""Old"":830,""New"":840,""Reason"":3}"
80141190,"{""Old"":535,""New"":537,""Reason"":3}"
80141190,"{""Old"":765,""New"":767,""Reason"":3}"
80141190,"{""Old"":405,""New"":407,""Reason"":3}"
52990199,"{""Old"":874,""New"":876,""Reason"":3}"
25799691,"{""Old"":1350,""New"":1352,""Reason"":3}"
80141190,"{""Old"":547,""New"":557,""Reason"":3}"
38743885,"{""Old"":403,""New"":405,""Reason"":3}"
78174244,"{""Old"":1164,""New"":1166,""Reason"":3}"
78174244,"{""Old"":1242,""New"":1244,""Reason"":3}"
78174244,"{""Old"":1270,""New"":1272,""Reason"":3}"
62439790,"{""Old"":1315,""New"":1317,""Reason"":3}"
4867326,"{""Old"":298,""New"":300,""Reason"":3}"
72848715,"{""Old"":1711,""New"":1713,""Reason"":3}"
73588812,"{""Old"":1746,""New"":1748,""Reason"":3}"
36439403,"{""Old"":605,""New"":607,""Reason"":3}"
19005457,"{""Old"":3366,""New"":3370,""Reason"":3}"
82629288,"{""Old"":550,""New"":560,""Reason"":3}"
73588812,"{""Old"":1735,""New"":1737,""Reason"":3}"
73588812,"{""Old"":1777,""New"":1779,""Reason"":3}"
73588812,"{""Old"":1715,""New"":1717,""Reason"":3}"
73588812,"{""Old"":1737,""New"":1739,""Reason"":3}"
73588812,"{""Old"":1591,""New"":1593,""Reason"":3}"
73588812,"{""Old"":1636,""New"":1646,""Reason"":3}"
4867326,"{""Old"":271,""New"":273,""Reason"":3}"
4867326,"{""Old"":288,""New"":290,""Reason"":3}"
82785902,"{""Old"":49379,""New"":49389,""Reason"":3}"
82785902,"{""Old"":51665,""New"":51675,""Reason"":3}"
55531402,"{""Old"":387715,""New"":387725,""Reason"":3}"
55531402,"{""Old"":389111,""New"":389131,""Reason"":3}"
55531402,"{""Old"":390666,""New"":390676,""Reason"":3}"
55531402,"{""Old"":391946,""New"":391956,""Reason"":3}"
55531402,"{""Old"":392021,""New"":392041,""Reason"":3}"
55531402,"{""Old"":392771,""New"":392781,""Reason"":3}"
55531402,"{""Old"":394802,""New"":394804,""Reason"":3}"
55531402,"{""Old"":397843,""New"":397853,""Reason"":3}"
55531402,"{""Old"":398496,""New"":398516,""Reason"":3}"
55531402,"{""Old"":398441,""New"":398451,""Reason"":3}"
55531402,"{""Old"":400516,""New"":400526,""Reason"":3}"
55531402,"{""Old"":401422,""New"":401432,""Reason"":3}"
55531402,"{""Old"":401667,""New"":401697,""Reason"":3}"
55531402,"{""Old"":401657,""New"":401667,""Reason"":3}"
55531402,"{""Old"":402404,""New"":402414,""Reason"":3}"
55531402,"{""Old"":402566,""New"":402576,""Reason"":3}"
67260187,"{""Old"":66,""New"":68,""Reason"":3}"
67260187,"{""Old"":117,""New"":119,""Reason"":3}"
67260187,"{""Old"":344,""New"":346,""Reason"":3}"
52990199,"{""Old"":1142,""New"":1144,""Reason"":3}"
52990199,"{""Old"":1308,""New"":1310,""Reason"":3}"
52990199,"{""Old"":921,""New"":923,""Reason"":3}"
52990199,"{""Old"":1148,""New"":1150,""Reason"":3}"
52990199,"{""Old"":1306,""New"":1308,""Reason"":3}"
25799691,"{""Old"":1371,""New"":1373,""Reason"":3}"
46419793,"{""Old"":412,""New"":414,""Reason"":3}"
51765158,"{""Old"":1252,""New"":1254,""Reason"":3}"
56305413,"{""Old"":2661,""New"":2671,""Reason"":3}"
56305413,"{""Old"":3192,""New"":3202,""Reason"":3}"
56305413,"{""Old"":2538,""New"":2540,""Reason"":3}"
81192725,"{""Old"":170,""New"":174,""Reason"":3}"
19535546,"{""Old"":1366,""New"":1368,""Reason"":3}"
24208183,"{""Old"":156,""New"":158,""Reason"":3}"
19535546,"{""Old"":1142,""New"":1144,""Reason"":3}"
57366251,"{""Old"":3549,""New"":3551,""Reason"":3}"
82629288,"{""Old"":528,""New"":530,""Reason"":3}"
73588812,"{""Old"":1704,""New"":1706,""Reason"":3}"
73588812,"{""Old"":1729,""New"":1731,""Reason"":3}"
82629288,"{""Old"":477,""New"":479,""Reason"":3}"
36439403,"{""Old"":566,""New"":568,""Reason"":3}"
73588812,"{""Old"":1741,""New"":1743,""Reason"":3}"
73588812,"{""Old"":946,""New"":948,""Reason"":3}"
73588812,"{""Old"":1845,""New"":1855,""Reason"":3}"
82629288,"{""Old"":479,""New"":481,""Reason"":3}"
81972838,"{""Old"":12559,""New"":12561,""Reason"":3}"
81972838,"{""Old"":12416,""New"":12418,""Reason"":3}"
2982116,"{""Old"":141,""New"":143,""Reason"":3}"
50416621,"{""Old"":494,""New"":504,""Reason"":3}"
49825474,"{""Old"":2712,""New"":2714,""Reason"":3}"
82785902,"{""Old"":45500,""New"":45504,""Reason"":3}"
82785902,"{""Old"":46100,""New"":46110,""Reason"":3}"
67260187,"{""Old"":149,""New"":153,""Reason"":3}"
50416621,"{""Old"":188,""New"":190,""Reason"":3}"
53898758,"{""Old"":3488,""New"":3498,""Reason"":3}"
2982116,"{""Old"":122,""New"":124,""Reason"":3}"
2982116,"{""Old"":157,""New"":159,""Reason"":3}"
49825474,"{""Old"":1963,""New"":1973,""Reason"":3}"
49825474,"{""Old"":2147,""New"":2157,""Reason"":3}"
67260187,"{""Old"":228,""New"":232,""Reason"":3}"
67260187,"{""Old"":248,""New"":250,""Reason"":3}"
55531402,"{""Old"":386738,""New"":386748,""Reason"":3}"
55531402,"{""Old"":394913,""New"":394923,""Reason"":3}"
55531402,"{""Old"":395244,""New"":395254,""Reason"":3}"
82785902,"{""Old"":46090,""New"":46100,""Reason"":3}"
55531402,"{""Old"":391516,""New"":391536,""Reason"":3}"
55531402,"{""Old"":394933,""New"":394943,""Reason"":3}"
55531402,"{""Old"":396600,""New"":396610,""Reason"":3}"
55531402,"{""Old"":403006,""New"":403016,""Reason"":3}"
55531402,"{""Old"":404578,""New"":404588,""Reason"":3}"
4405710,"{""Old"":574,""New"":576,""Reason"":3}"
4405710,"{""Old"":576,""New"":588,""Reason"":3}"
82785902,"{""Old"":49288,""New"":49298,""Reason"":3}"
82785902,"{""Old"":51765,""New"":51775,""Reason"":3}"
82785902,"{""Old"":46080,""New"":46090,""Reason"":3}"
83880780,"{""Old"":359,""New"":361,""Reason"":3}"
49825474,"{""Old"":2116,""New"":2118,""Reason"":3}"
49825474,"{""Old"":2095,""New"":2097,""Reason"":3}"
2982116,"{""Old"":109,""New"":111,""Reason"":3}"
49825474,"{""Old"":1981,""New"":1991,""Reason"":3}"
5732467,"{""Old"":632,""New"":634,""Reason"":3}"
8159597,"{""Old"":4742,""New"":4752,""Reason"":3}"
8159597,"{""Old"":777,""New"":779,""Reason"":3}"
8159597,"{""Old"":818,""New"":820,""Reason"":3}"
8159597,"{""Old"":2826,""New"":2846,""Reason"":3}"
8159597,"{""Old"":2984,""New"":2994,""Reason"":3}"
8159597,"{""Old"":3751,""New"":3761,""Reason"":3}"
8159597,"{""Old"":3859,""New"":3869,""Reason"":3}"
8159597,"{""Old"":4129,""New"":4139,""Reason"":3}"
30429272,"{""Old"":2520,""New"":2530,""Reason"":3}"
30429272,"{""Old"":2552,""New"":2554,""Reason"":3}"
30429272,"{""Old"":2550,""New"":2552,""Reason"":3}"
30429272,"{""Old"":2512,""New"":2514,""Reason"":3}"
55531402,"{""Old"":796027,""New"":796057,""Reason"":3}"
55531402,"{""Old"":798615,""New"":798625,""Reason"":3}"
9084499,"{""Old"":149,""New"":151,""Reason"":3}"
37279442,"{""Old"":10485,""New"":10487,""Reason"":3}"
13173590,"{""Old"":44554,""New"":44556,""Reason"":3}"
56305413,"{""Old"":2479,""New"":2489,""Reason"":3}"
56305413,"{""Old"":3086,""New"":3096,""Reason"":3}"
81192725,"{""Old"":166,""New"":170,""Reason"":3}"
81192725,"{""Old"":325,""New"":327,""Reason"":3}"
81192725,"{""Old"":118,""New"":120,""Reason"":3}"
13245861,"{""Old"":448,""New"":450,""Reason"":3}"
4867326,"{""Old"":215,""New"":217,""Reason"":3}"
41008032,"{""Old"":946,""New"":948,""Reason"":3}"
73588812,"{""Old"":1757,""New"":1759,""Reason"":3}"
36439403,"{""Old"":537,""New"":539,""Reason"":3}"
36439403,"{""Old"":568,""New"":570,""Reason"":3}"
82629288,"{""Old"":546,""New"":548,""Reason"":3}"
84303672,"{""Old"":6216,""New"":6218,""Reason"":3}"
63799212,"{""Old"":6098,""New"":6108,""Reason"":3}"
52385318,"{""Old"":637,""New"":639,""Reason"":3}"
52385318,"{""Old"":990,""New"":1000,""Reason"":3}"
19535546,"{""Old"":1549,""New"":1551,""Reason"":3}"
52385318,"{""Old"":778,""New"":780,""Reason"":3}"
8763321,"{""Old"":1488,""New"":1490,""Reason"":3}"
51765158,"{""Old"":1212,""New"":1214,""Reason"":3}"
51765158,"{""Old"":1242,""New"":1244,""Reason"":3}"
46419793,"{""Old"":442,""New"":444,""Reason"":3}"
24208183,"{""Old"":69,""New"":71,""Reason"":3}"
66718790,"{""Old"":2934,""New"":2938,""Reason"":3}"
66718790,"{""Old"":4806,""New"":4816,""Reason"":3}"
66718790,"{""Old"":3440,""New"":3442,""Reason"":3}"
66718790,"{""Old"":3830,""New"":3832,""Reason"":3}"
66718790,"{""Old"":4470,""New"":4480,""Reason"":3}"
66718790,"{""Old"":4758,""New"":4760,""Reason"":3}"
66718790,"{""Old"":4958,""New"":4968,""Reason"":3}"
66718790,"{""Old"":5925,""New"":5927,""Reason"":3}"
19535546,"{""Old"":1497,""New"":1499,""Reason"":3}"
19535546,"{""Old"":1323,""New"":1333,""Reason"":3}"
19535546,"{""Old"":1607,""New"":1609,""Reason"":3}"
19535546,"{""Old"":1669,""New"":1671,""Reason"":3}"
19535546,"{""Old"":1701,""New"":1703,""Reason"":3}"
13245861,"{""Old"":453,""New"":455,""Reason"":3}"
63799212,"{""Old"":8917,""New"":8937,""Reason"":3}"
63799212,"{""Old"":9589,""New"":9599,""Reason"":3}"
63799212,"{""Old"":12681,""New"":12691,""Reason"":3}"
63799212,"{""Old"":14000,""New"":14010,""Reason"":3}"
63799212,"{""Old"":5462,""New"":5464,""Reason"":3}"
63799212,"{""Old"":5708,""New"":5710,""Reason"":3}"
52385318,"{""Old"":643,""New"":645,""Reason"":3}"
63799212,"{""Old"":7447,""New"":7457,""Reason"":3}"
63799212,"{""Old"":9201,""New"":9221,""Reason"":3}"
63799212,"{""Old"":10977,""New"":10987,""Reason"":3}"
63799212,"{""Old"":12509,""New"":12519,""Reason"":3}"
54055764,"{""Old"":4466,""New"":4468,""Reason"":3}"
66718790,"{""Old"":2932,""New"":2934,""Reason"":3}"
19535546,"{""Old"":1475,""New"":1479,""Reason"":3}"
8159597,"{""Old"":757,""New"":759,""Reason"":3}"
8159597,"{""Old"":970,""New"":972,""Reason"":3}"
8159597,"{""Old"":3993,""New"":4003,""Reason"":3}"
8151531,"{""Old"":10242,""New"":10244,""Reason"":3}"
8151531,"{""Old"":10629,""New"":10631,""Reason"":3}"
8151531,"{""Old"":11083,""New"":11085,""Reason"":3}"
8159597,"{""Old"":565,""New"":567,""Reason"":3}"
8159597,"{""Old"":1717,""New"":1727,""Reason"":3}"
8159597,"{""Old"":2508,""New"":2518,""Reason"":3}"
8159597,"{""Old"":4109,""New"":4119,""Reason"":3}"
8159597,"{""Old"":4668,""New"":4678,""Reason"":3}"
8159597,"{""Old"":5158,""New"":5168,""Reason"":3}"
8151531,"{""Old"":10326,""New"":10336,""Reason"":3}"
8159597,"{""Old"":4638,""New"":4668,""Reason"":3}"
8159597,"{""Old"":4688,""New"":4690,""Reason"":3}"
40824286,"{""Old"":2507,""New"":2509,""Reason"":3}"
40824286,"{""Old"":2513,""New"":2515,""Reason"":3}"
30429272,"{""Old"":2638,""New"":2640,""Reason"":3}"
8159597,"{""Old"":130,""New"":132,""Reason"":3}"
8159597,"{""Old"":5076,""New"":5086,""Reason"":3}"
8159597,"{""Old"":5228,""New"":5238,""Reason"":3}"
8159597,"{""Old"":5238,""New"":5248,""Reason"":3}"
8151531,"{""Old"":10136,""New"":10138,""Reason"":3}"
8151531,"{""Old"":10536,""New"":10540,""Reason"":3}"
8151531,"{""Old"":10601,""New"":10605,""Reason"":3}"
8151531,"{""Old"":10963,""New"":10965,""Reason"":3}"
8151531,"{""Old"":11031,""New"":11033,""Reason"":3}"
8151531,"{""Old"":9911,""New"":9913,""Reason"":3}"
8151531,"{""Old"":10401,""New"":10411,""Reason"":3}"
8151531,"{""Old"":10439,""New"":10441,""Reason"":3}"
8151531,"{""Old"":10220,""New"":10222,""Reason"":3}"
8151531,"{""Old"":10780,""New"":10782,""Reason"":3}"
8159597,"{""Old"":775,""New"":777,""Reason"":3}"
8159597,"{""Old"":1289,""New"":1291,""Reason"":3}"
8159597,"{""Old"":1587,""New"":1597,""Reason"":3}"
8159597,"{""Old"":2272,""New"":2282,""Reason"":3}"
8159597,"{""Old"":2562,""New"":2572,""Reason"":3}"
8159597,"{""Old"":2666,""New"":2676,""Reason"":3}"
8151531,"{""Old"":10412,""New"":10420,""Reason"":3}"
8151531,"{""Old"":10736,""New"":10746,""Reason"":3}"
8151531,"{""Old"":11011,""New"":11015,""Reason"":3}"
8159597,"{""Old"":5168,""New"":5178,""Reason"":3}"
8159597,"{""Old"":5198,""New"":5208,""Reason"":3}"
8159597,"{""Old"":5178,""New"":5188,""Reason"":3}"
8159597,"{""Old"":2282,""New"":2292,""Reason"":3}"
8159597,"{""Old"":3731,""New"":3741,""Reason"":3}"
8159597,"{""Old"":3961,""New"":3963,""Reason"":3}"
8151531,"{""Old"":10800,""New"":10802,""Reason"":3}"
8151531,"{""Old"":11059,""New"":11061,""Reason"":3}"
8151531,"{""Old"":10013,""New"":10017,""Reason"":3}"
8151531,"{""Old"":10157,""New"":10159,""Reason"":3}"
8151531,"{""Old"":10199,""New"":10209,""Reason"":3}"
8151531,"{""Old"":10592,""New"":10594,""Reason"":3}"
8151531,"{""Old"":10714,""New"":10716,""Reason"":3}"
8151531,"{""Old"":10770,""New"":10772,""Reason"":3}"
8151531,"{""Old"":10817,""New"":10819,""Reason"":3}"
72848715,"{""Old"":1713,""New"":1715,""Reason"":3}"
62439790,"{""Old"":1263,""New"":1265,""Reason"":3}"
35936585,"{""Old"":27103,""New"":27113,""Reason"":3}"
35936585,"{""Old"":27652,""New"":27662,""Reason"":3}"
57366251,"{""Old"":3421,""New"":3423,""Reason"":3}"
57366251,"{""Old"":3067,""New"":3077,""Reason"":3}"
41008032,"{""Old"":738,""New"":740,""Reason"":3}"
41008032,"{""Old"":828,""New"":830,""Reason"":3}"
62439790,"{""Old"":1502,""New"":1512,""Reason"":3}"
62439790,"{""Old"":1544,""New"":1546,""Reason"":3}"
41008032,"{""Old"":832,""New"":834,""Reason"":3}"
41008032,"{""Old"":854,""New"":858,""Reason"":3}"
73588812,"{""Old"":1646,""New"":1648,""Reason"":3}"
84641297,"{""Old"":4074,""New"":4076,""Reason"":3}"
35936585,"{""Old"":27179,""New"":27181,""Reason"":3}"
57366251,"{""Old"":3046,""New"":3048,""Reason"":3}"
84641297,"{""Old"":4056,""New"":4058,""Reason"":3}"
57366251,"{""Old"":3014,""New"":3016,""Reason"":3}"
55531402,"{""Old"":409310,""New"":409320,""Reason"":3}"
50416621,"{""Old"":488,""New"":490,""Reason"":3}"
2982116,"{""Old"":54,""New"":56,""Reason"":3}"
49825474,"{""Old"":1996,""New"":1998,""Reason"":3}"
49825474,"{""Old"":2038,""New"":2040,""Reason"":3}"
49825474,"{""Old"":2066,""New"":2070,""Reason"":3}"
49825474,"{""Old"":2077,""New"":2079,""Reason"":3}"
49825474,"{""Old"":2159,""New"":2161,""Reason"":3}"
81972838,"{""Old"":12524,""New"":12526,""Reason"":3}"
62310563,"{""Old"":73,""New"":75,""Reason"":3}"
55531402,"{""Old"":796332,""New"":796342,""Reason"":3}"
55531402,"{""Old"":797880,""New"":797882,""Reason"":3}"
55531402,"{""Old"":800348,""New"":800358,""Reason"":3}"
13600351,"{""Old"":709,""New"":711,""Reason"":3}"
55531402,"{""Old"":795424,""New"":795434,""Reason"":3}"
55531402,"{""Old"":796187,""New"":796197,""Reason"":3}"
55531402,"{""Old"":796519,""New"":796539,""Reason"":3}"
55531402,"{""Old"":796112,""New"":796132,""Reason"":3}"
55531402,"{""Old"":797665,""New"":797675,""Reason"":3}"
55531402,"{""Old"":798530,""New"":798560,""Reason"":3}"
55531402,"{""Old"":800291,""New"":800311,""Reason"":3}"
40671256,"{""Old"":1537,""New"":1547,""Reason"":3}"
40671256,"{""Old"":1640,""New"":1642,""Reason"":3}"
6084170,"{""Old"":561,""New"":563,""Reason"":3}"
19535546,"{""Old"":1357,""New"":1359,""Reason"":3}"
19005457,"{""Old"":3582,""New"":3584,""Reason"":3}"
209900380,"{""Old"":207,""New"":209,""Reason"":3}"
55531402,"{""Old"":795822,""New"":795852,""Reason"":3}"
55531402,"{""Old"":797840,""New"":797850,""Reason"":3}"
55531402,"{""Old"":798303,""New"":798313,""Reason"":3}"
55531402,"{""Old"":800086,""New"":800096,""Reason"":3}"
55531402,"{""Old"":800830,""New"":800840,""Reason"":3}"
55531402,"{""Old"":800885,""New"":800895,""Reason"":3}"
55531402,"{""Old"":794554,""New"":794556,""Reason"":3}"
55531402,"{""Old"":795002,""New"":795004,""Reason"":3}"
55531402,"{""Old"":797178,""New"":797198,""Reason"":3}"
55531402,"{""Old"":797892,""New"":797902,""Reason"":3}"
55531402,"{""Old"":795703,""New"":795705,""Reason"":3}"
55531402,"{""Old"":797111,""New"":797113,""Reason"":3}"
55531402,"{""Old"":798837,""New"":798857,""Reason"":3}"
55531402,"{""Old"":799529,""New"":799539,""Reason"":3}"
6561284,"{""Old"":591,""New"":593,""Reason"":3}"
40671256,"{""Old"":1747,""New"":1749,""Reason"":3}"
40671256,"{""Old"":1757,""New"":1759,""Reason"":3}"
40671256,"{""Old"":1799,""New"":1801,""Reason"":3}"
40671256,"{""Old"":2046,""New"":2048,""Reason"":3}"
55531402,"{""Old"":796901,""New"":796931,""Reason"":3}"
55531402,"{""Old"":796931,""New"":796961,""Reason"":3}"
55531402,"{""Old"":798248,""New"":798258,""Reason"":3}"
55531402,"{""Old"":799207,""New"":799217,""Reason"":3}"
55531402,"{""Old"":799187,""New"":799207,""Reason"":3}"
59976267,"{""Old"":64,""New"":66,""Reason"":3}"
40671256,"{""Old"":1242,""New"":1244,""Reason"":3}"
67260187,"{""Old"":210,""New"":212,""Reason"":3}"
67260187,"{""Old"":252,""New"":254,""Reason"":3}"
55531402,"{""Old"":385551,""New"":385571,""Reason"":3}"
55531402,"{""Old"":385973,""New"":385983,""Reason"":3}"
55531402,"{""Old"":386673,""New"":386703,""Reason"":3}"
55531402,"{""Old"":394334,""New"":394336,""Reason"":3}"
55531402,"{""Old"":394538,""New"":394542,""Reason"":3}"
55531402,"{""Old"":400366,""New"":400386,""Reason"":3}"
55531402,"{""Old"":401637,""New"":401647,""Reason"":3}"
55531402,"{""Old"":402009,""New"":402029,""Reason"":3}"
55531402,"{""Old"":402666,""New"":402676,""Reason"":3}"
55531402,"{""Old"":402546,""New"":402556,""Reason"":3}"
55531402,"{""Old"":405023,""New"":405033,""Reason"":3}"
55531402,"{""Old"":408880,""New"":408890,""Reason"":3}"
55531402,"{""Old"":409460,""New"":409470,""Reason"":3}"
55531402,"{""Old"":391536,""New"":391546,""Reason"":3}"
55531402,"{""Old"":396339,""New"":396359,""Reason"":3}"
55531402,"{""Old"":398756,""New"":398766,""Reason"":3}"
55531402,"{""Old"":401647,""New"":401657,""Reason"":3}"
55531402,"{""Old"":403136,""New"":403156,""Reason"":3}"
55531402,"{""Old"":403046,""New"":403066,""Reason"":3}"
55531402,"{""Old"":406863,""New"":406873,""Reason"":3}"
55531402,"{""Old"":390104,""New"":390114,""Reason"":3}"
55531402,"{""Old"":394694,""New"":394704,""Reason"":3}"
55531402,"{""Old"":394943,""New"":394945,""Reason"":3}"
55531402,"{""Old"":397977,""New"":397987,""Reason"":3}"
55531402,"{""Old"":401592,""New"":401612,""Reason"":3}"
55531402,"{""Old"":406703,""New"":406723,""Reason"":3}"
55531402,"{""Old"":407455,""New"":407465,""Reason"":3}"
55531402,"{""Old"":384422,""New"":384432,""Reason"":3}"
55531402,"{""Old"":385421,""New"":385431,""Reason"":3}"
55531402,"{""Old"":385411,""New"":385421,""Reason"":3}"
55531402,"{""Old"":386433,""New"":386443,""Reason"":3}"
55531402,"{""Old"":388524,""New"":388534,""Reason"":3}"
55531402,"{""Old"":388891,""New"":388901,""Reason"":3}"
82785902,"{""Old"":46902,""New"":46912,""Reason"":3}"
49825474,"{""Old"":2172,""New"":2174,""Reason"":3}"
50416621,"{""Old"":210,""New"":214,""Reason"":3}"
41008032,"{""Old"":704,""New"":706,""Reason"":3}"
73276609,"{""Old"":235,""New"":237,""Reason"":3}"
62439790,"{""Old"":1524,""New"":1526,""Reason"":3}"
62439790,"{""Old"":1196,""New"":1198,""Reason"":3}"
36439403,"{""Old"":532,""New"":534,""Reason"":3}"
73588812,"{""Old"":1803,""New"":1805,""Reason"":3}"
73588812,"{""Old"":1808,""New"":1810,""Reason"":3}"
73588812,"{""Old"":1689,""New"":1691,""Reason"":3}"
80504175,"{""Old"":1404,""New"":1408,""Reason"":3}"
57366251,"{""Old"":3048,""New"":3050,""Reason"":3}"
57366251,"{""Old"":3230,""New"":3232,""Reason"":3}"
63778994,"{""Old"":155701,""New"":155721,""Reason"":3}"
63778994,"{""Old"":156538,""New"":156598,""Reason"":3}"
63778994,"{""Old"":158822,""New"":158842,""Reason"":3}"
63778994,"{""Old"":158588,""New"":158590,""Reason"":3}"
84641297,"{""Old"":4030,""New"":4032,""Reason"":3}"
84641297,"{""Old"":4042,""New"":4044,""Reason"":3}"
81972838,"{""Old"":12532,""New"":12534,""Reason"":3}"
42080759,"{""Old"":21,""New"":23,""Reason"":3}"
12301610,"{""Old"":2484,""New"":2486,""Reason"":3}"
80504175,"{""Old"":1365,""New"":1375,""Reason"":3}"
80504175,"{""Old"":1408,""New"":1418,""Reason"":3}"
52640973,"{""Old"":538,""New"":540,""Reason"":3}"
73588812,"{""Old"":1855,""New"":1857,""Reason"":3}"
73588812,"{""Old"":1694,""New"":1696,""Reason"":3}"
73588812,"{""Old"":1406,""New"":1410,""Reason"":3}"
73588812,"{""Old"":1191,""New"":1193,""Reason"":3}"
73588812,"{""Old"":1680,""New"":1682,""Reason"":3}"
73588812,"{""Old"":1326,""New"":1328,""Reason"":3}"
73588812,"{""Old"":1486,""New"":1490,""Reason"":3}"
73588812,"{""Old"":1210,""New"":1212,""Reason"":3}"
73588812,"{""Old"":1385,""New"":1387,""Reason"":3}"
73588812,"{""Old"":1773,""New"":1775,""Reason"":3}"
73588812,"{""Old"":1614,""New"":1616,""Reason"":3}"
73588812,"{""Old"":1294,""New"":1296,""Reason"":3}"
73588812,"{""Old"":1654,""New"":1656,""Reason"":3}"
18220669,"{""Old"":1880,""New"":1882,""Reason"":3}"
62310563,"{""Old"":141,""New"":143,""Reason"":3}"
62310563,"{""Old"":77,""New"":79,""Reason"":3}"
40671256,"{""Old"":1897,""New"":1899,""Reason"":3}"
40671256,"{""Old"":2111,""New"":2113,""Reason"":3}"
40671256,"{""Old"":1755,""New"":1757,""Reason"":3}"
40671256,"{""Old"":1946,""New"":1948,""Reason"":3}"
40671256,"{""Old"":2064,""New"":2066,""Reason"":3}"
88569534,"{""Old"":165,""New"":167,""Reason"":3}"
55531402,"{""Old"":796669,""New"":796679,""Reason"":3}"
55531402,"{""Old"":797283,""New"":797303,""Reason"":3}"
55531402,"{""Old"":797810,""New"":797840,""Reason"":3}"
55531402,"{""Old"":798218,""New"":798228,""Reason"":3}"
55531402,"{""Old"":799946,""New"":799966,""Reason"":3}"
55531402,"{""Old"":800940,""New"":800950,""Reason"":3}"
75730356,"{""Old"":247,""New"":249,""Reason"":3}"
40671256,"{""Old"":1828,""New"":1838,""Reason"":3}"
40671256,"{""Old"":1858,""New"":1860,""Reason"":3}"
40671256,"{""Old"":2044,""New"":2046,""Reason"":3}"
55531402,"{""Old"":795576,""New"":795586,""Reason"":3}"
55531402,"{""Old"":795907,""New"":795917,""Reason"":3}"
55531402,"{""Old"":797198,""New"":797208,""Reason"":3}"
55531402,"{""Old"":800031,""New"":800051,""Reason"":3}"
55531402,"{""Old"":801309,""New"":801329,""Reason"":3}"
57366251,"{""Old"":3328,""New"":3330,""Reason"":3}"
35936585,"{""Old"":27600,""New"":27610,""Reason"":3}"
62439790,"{""Old"":1150,""New"":1160,""Reason"":3}"
35936585,"{""Old"":27361,""New"":27363,""Reason"":3}"
35936585,"{""Old"":27039,""New"":27041,""Reason"":3}"
35936585,"{""Old"":27425,""New"":27427,""Reason"":3}"
62439790,"{""Old"":1447,""New"":1449,""Reason"":3}"
35936585,"{""Old"":26933,""New"":26935,""Reason"":3}"
36439403,"{""Old"":516,""New"":518,""Reason"":3}"
81972838,"{""Old"":12404,""New"":12406,""Reason"":3}"
81972838,"{""Old"":12476,""New"":12478,""Reason"":3}"
81972838,"{""Old"":12500,""New"":12510,""Reason"":3}"
12301610,"{""Old"":2647,""New"":2649,""Reason"":3}"
38405690,"{""Old"":642,""New"":644,""Reason"":3}"
48352269,"{""Old"":2865,""New"":2867,""Reason"":3}"
48352269,"{""Old"":3100,""New"":3102,""Reason"":3}"
81972838,"{""Old"":12510,""New"":12514,""Reason"":3}"
22023288,"{""Old"":3811,""New"":3821,""Reason"":3}"
45310161,"{""Old"":75,""New"":77,""Reason"":3}"
55531402,"{""Old"":794064,""New"":794084,""Reason"":3}"
55531402,"{""Old"":794458,""New"":794468,""Reason"":3}"
55531402,"{""Old"":796856,""New"":796866,""Reason"":3}"
55531402,"{""Old"":798595,""New"":798615,""Reason"":3}"
85219672,"{""Old"":3425,""New"":3427,""Reason"":3}"
75730356,"{""Old"":188,""New"":190,""Reason"":3}"
70367218,"{""Old"":243,""New"":245,""Reason"":3}"
40671256,"{""Old"":1248,""New"":1250,""Reason"":3}"
40671256,"{""Old"":1848,""New"":1858,""Reason"":3}"
83676575,"{""Old"":3114,""New"":3124,""Reason"":3}"
83676575,"{""Old"":3144,""New"":3154,""Reason"":3}"
81972838,"{""Old"":12402,""New"":12404,""Reason"":3}"
81972838,"{""Old"":12587,""New"":12589,""Reason"":3}"
81972838,"{""Old"":12363,""New"":12367,""Reason"":3}"
81972838,"{""Old"":12452,""New"":12454,""Reason"":3}"
48352269,"{""Old"":3102,""New"":3112,""Reason"":3}"
75730356,"{""Old"":294,""New"":296,""Reason"":3}"
63799212,"{""Old"":10431,""New"":10441,""Reason"":3}"
46290546,"{""Old"":4949,""New"":4959,""Reason"":3}"
8772801,"{""Old"":773,""New"":775,""Reason"":3}"
8772801,"{""Old"":829,""New"":831,""Reason"":3}"
40671256,"{""Old"":1926,""New"":1928,""Reason"":3}"
40671256,"{""Old"":2052,""New"":2054,""Reason"":3}"
40671256,"{""Old"":2082,""New"":2084,""Reason"":3}"
55531402,"{""Old"":794723,""New"":794753,""Reason"":3}"
55531402,"{""Old"":798450,""New"":798460,""Reason"":3}"
55531402,"{""Old"":799449,""New"":799459,""Reason"":3}"
55531402,"{""Old"":800116,""New"":800136,""Reason"":3}"
55531402,"{""Old"":800950,""New"":800960,""Reason"":3}"
37279442,"{""Old"":10323,""New"":10325,""Reason"":3}"
37279442,"{""Old"":10559,""New"":10561,""Reason"":3}"
56305413,"{""Old"":2135,""New"":2137,""Reason"":3}"
56305413,"{""Old"":2528,""New"":2538,""Reason"":3}"
56305413,"{""Old"":2938,""New"":2948,""Reason"":3}"
42724579,"{""Old"":186,""New"":188,""Reason"":3}"
81192725,"{""Old"":319,""New"":321,""Reason"":3}"
8772801,"{""Old"":755,""New"":757,""Reason"":3}"
7568871,"{""Old"":1077,""New"":1087,""Reason"":3}"
75730356,"{""Old"":385,""New"":387,""Reason"":3}"
40671256,"{""Old"":1244,""New"":1246,""Reason"":3}"
55531402,"{""Old"":803530,""New"":803540,""Reason"":3}"
55531402,"{""Old"":802006,""New"":802026,""Reason"":3}"
55531402,"{""Old"":803715,""New"":803735,""Reason"":3}"
55531402,"{""Old"":805632,""New"":805672,""Reason"":3}"
55531402,"{""Old"":805947,""New"":805957,""Reason"":3}"
55531402,"{""Old"":806557,""New"":806587,""Reason"":3}"
23839143,"{""Old"":259,""New"":261,""Reason"":3}"
40671256,"{""Old"":1924,""New"":1926,""Reason"":3}"
40671256,"{""Old"":1489,""New"":1491,""Reason"":3}"
76395205,"{""Old"":487,""New"":497,""Reason"":3}"
46419793,"{""Old"":406,""New"":408,""Reason"":3}"
45469827,"{""Old"":976,""New"":978,""Reason"":3}"
51765158,"{""Old"":1234,""New"":1238,""Reason"":3}"
66718790,"{""Old"":4080,""New"":4090,""Reason"":3}"
66718790,"{""Old"":4735,""New"":4745,""Reason"":3}"
66718790,"{""Old"":2952,""New"":2954,""Reason"":3}"
19535546,"{""Old"":659,""New"":661,""Reason"":3}"
19535546,"{""Old"":532,""New"":534,""Reason"":3}"
6084170,"{""Old"":518,""New"":522,""Reason"":3}"
6084170,"{""Old"":549,""New"":551,""Reason"":3}"
19535546,"{""Old"":1120,""New"":1130,""Reason"":3}"
19535546,"{""Old"":1423,""New"":1425,""Reason"":3}"
19535546,"{""Old"":1746,""New"":1748,""Reason"":3}"
56305413,"{""Old"":3460,""New"":3470,""Reason"":3}"
39038951,"{""Old"":773,""New"":775,""Reason"":3}"
66718790,"{""Old"":4385,""New"":4395,""Reason"":3}"
66718790,"{""Old"":4427,""New"":4437,""Reason"":3}"
66718790,"{""Old"":4710,""New"":4720,""Reason"":3}"
66718790,"{""Old"":4872,""New"":4882,""Reason"":3}"
59038909,"{""Old"":1409,""New"":1419,""Reason"":3}"
48352269,"{""Old"":3112,""New"":3122,""Reason"":3}"
63778994,"{""Old"":156898,""New"":156928,""Reason"":3}"
63778994,"{""Old"":156848,""New"":156898,""Reason"":3}"
63778994,"{""Old"":155781,""New"":155791,""Reason"":3}"
63778994,"{""Old"":155741,""New"":155751,""Reason"":3}"
63778994,"{""Old"":156298,""New"":156348,""Reason"":3}"
84641297,"{""Old"":4068,""New"":4070,""Reason"":3}"
63778994,"{""Old"":156253,""New"":156273,""Reason"":3}"
63778994,"{""Old"":157168,""New"":157208,""Reason"":3}"
37988048,"{""Old"":1079,""New"":1081,""Reason"":3}"
84641297,"{""Old"":4036,""New"":4038,""Reason"":3}"
84641297,"{""Old"":4058,""New"":4060,""Reason"":3}"
84641297,"{""Old"":4062,""New"":4064,""Reason"":3}"
57366251,"{""Old"":3036,""New"":3046,""Reason"":3}"
45310161,"{""Old"":63,""New"":65,""Reason"":3}"
55531402,"{""Old"":794318,""New"":794328,""Reason"":3}"
55531402,"{""Old"":797939,""New"":797949,""Reason"":3}"
55531402,"{""Old"":798293,""New"":798303,""Reason"":3}"
42724579,"{""Old"":237,""New"":239,""Reason"":3}"
42724579,"{""Old"":353,""New"":355,""Reason"":3}"
56116279,"{""Old"":43,""New"":45,""Reason"":3}"
8772801,"{""Old"":876,""New"":878,""Reason"":3}"
76395205,"{""Old"":423,""New"":425,""Reason"":3}"
59586093,"{""Old"":57,""New"":59,""Reason"":3}"
51765158,"{""Old"":1254,""New"":1256,""Reason"":3}"
42724579,"{""Old"":268,""New"":278,""Reason"":3}"
55531402,"{""Old"":794795,""New"":794825,""Reason"":3}"
55531402,"{""Old"":796367,""New"":796377,""Reason"":3}"
55531402,"{""Old"":796377,""New"":796387,""Reason"":3}"
55531402,"{""Old"":798121,""New"":798131,""Reason"":3}"
55531402,"{""Old"":805020,""New"":805030,""Reason"":3}"
55531402,"{""Old"":806077,""New"":806087,""Reason"":3}"
75730356,"{""Old"":417,""New"":419,""Reason"":3}"
66718790,"{""Old"":3820,""New"":3822,""Reason"":3}"
66718790,"{""Old"":3942,""New"":3944,""Reason"":3}"
66718790,"{""Old"":3938,""New"":3940,""Reason"":3}"
66718790,"{""Old"":3944,""New"":3948,""Reason"":3}"
66718790,"{""Old"":4078,""New"":4080,""Reason"":3}"
66718790,"{""Old"":4180,""New"":4182,""Reason"":3}"
66718790,"{""Old"":3654,""New"":3656,""Reason"":3}"
66718790,"{""Old"":4033,""New"":4043,""Reason"":3}"
66718790,"{""Old"":4686,""New"":4696,""Reason"":3}"
19535546,"{""Old"":600,""New"":602,""Reason"":3}"
39038951,"{""Old"":771,""New"":773,""Reason"":3}"
81192725,"{""Old"":327,""New"":329,""Reason"":3}"
51765158,"{""Old"":1048,""New"":1050,""Reason"":3}"
76395205,"{""Old"":513,""New"":515,""Reason"":3}"
8772801,"{""Old"":887,""New"":889,""Reason"":3}"
51765158,"{""Old"":977,""New"":979,""Reason"":3}"
75730356,"{""Old"":237,""New"":239,""Reason"":3}"
56305413,"{""Old"":3430,""New"":3440,""Reason"":3}"
46290546,"{""Old"":4812,""New"":4814,""Reason"":3}"
42724579,"{""Old"":243,""New"":253,""Reason"":3}"
75730356,"{""Old"":272,""New"":274,""Reason"":3}"
75730356,"{""Old"":299,""New"":301,""Reason"":3}"
75730356,"{""Old"":545,""New"":555,""Reason"":3}"
40671256,"{""Old"":2113,""New"":2115,""Reason"":3}"
209900380,"{""Old"":218,""New"":220,""Reason"":3}"
40671256,"{""Old"":1969,""New"":1971,""Reason"":3}"
40671256,"{""Old"":1846,""New"":1848,""Reason"":3}"
40671256,"{""Old"":1930,""New"":1932,""Reason"":3}"
40671256,"{""Old"":1405,""New"":1407,""Reason"":3}"
40671256,"{""Old"":1454,""New"":1464,""Reason"":3}"
40671256,"{""Old"":1598,""New"":1600,""Reason"":3}"
40671256,"{""Old"":1630,""New"":1640,""Reason"":3}"
55531402,"{""Old"":795434,""New"":795444,""Reason"":3}"
55531402,"{""Old"":796714,""New"":796744,""Reason"":3}"
55531402,"{""Old"":797443,""New"":797463,""Reason"":3}"
55531402,"{""Old"":795812,""New"":795822,""Reason"":3}"
55531402,"{""Old"":796422,""New"":796424,""Reason"":3}"
55531402,"{""Old"":797550,""New"":797570,""Reason"":3}"
55531402,"{""Old"":801090,""New"":801092,""Reason"":3}"
55531402,"{""Old"":801749,""New"":801751,""Reason"":3}"
55531402,"{""Old"":801584,""New"":801594,""Reason"":3}"
75730356,"{""Old"":165,""New"":167,""Reason"":3}"
75730356,"{""Old"":226,""New"":228,""Reason"":3}"
13186631,"{""Old"":1385,""New"":1395,""Reason"":3}"
81192725,"{""Old"":180,""New"":182,""Reason"":3}"
56866711,"{""Old"":2365,""New"":2367,""Reason"":3}"
46290546,"{""Old"":5155,""New"":5157,""Reason"":3}"
46419793,"{""Old"":321,""New"":323,""Reason"":3}"
56305413,"{""Old"":3557,""New"":3577,""Reason"":3}"
56305413,"{""Old"":2102,""New"":2104,""Reason"":3}"
48352269,"{""Old"":6568,""New"":6570,""Reason"":3}"
66718790,"{""Old"":5402,""New"":5412,""Reason"":3}"
66718790,"{""Old"":5683,""New"":5685,""Reason"":3}"
48352269,"{""Old"":6676,""New"":6678,""Reason"":3}"
48352269,"{""Old"":6697,""New"":6699,""Reason"":3}"
52385318,"{""Old"":639,""New"":641,""Reason"":3}"
48352269,"{""Old"":6629,""New"":6631,""Reason"":3}"
63799212,"{""Old"":4656,""New"":4658,""Reason"":3}"
63799212,"{""Old"":4973,""New"":4983,""Reason"":3}"
39038951,"{""Old"":753,""New"":763,""Reason"":3}"
46290546,"{""Old"":5237,""New"":5247,""Reason"":3}"
14034509,"{""Old"":846,""New"":848,""Reason"":3}"
42724579,"{""Old"":331,""New"":333,""Reason"":3}"
56866711,"{""Old"":2379,""New"":2389,""Reason"":3}"
46290546,"{""Old"":5031,""New"":5041,""Reason"":3}"
42724579,"{""Old"":119,""New"":121,""Reason"":3}"
46290546,"{""Old"":5542,""New"":5552,""Reason"":3}"
70367218,"{""Old"":191,""New"":193,""Reason"":3}"
46290546,"{""Old"":5287,""New"":5297,""Reason"":3}"
37784995,"{""Old"":872,""New"":874,""Reason"":3}"
46290546,"{""Old"":5093,""New"":5103,""Reason"":3}"
46290546,"{""Old"":5342,""New"":5352,""Reason"":3}"
46290546,"{""Old"":5081,""New"":5091,""Reason"":3}"
45939459,"{""Old"":118,""New"":120,""Reason"":3}"
36439403,"{""Old"":1409,""New"":1411,""Reason"":3}"
42724579,"{""Old"":357,""New"":359,""Reason"":3}"
19535546,"{""Old"":545,""New"":555,""Reason"":3}"
19535546,"{""Old"":642,""New"":644,""Reason"":3}"
66718790,"{""Old"":5787,""New"":5797,""Reason"":3}"
42724579,"{""Old"":337,""New"":339,""Reason"":3}"
42724579,"{""Old"":333,""New"":335,""Reason"":3}"
76020636,"{""Old"":15,""New"":17,""Reason"":3}"
70367218,"{""Old"":153,""New"":155,""Reason"":3}"
46290546,"{""Old"":5135,""New"":5145,""Reason"":3}"
70367218,"{""Old"":223,""New"":225,""Reason"":3}"
19535546,"{""Old"":1625,""New"":1629,""Reason"":3}"
39038951,"{""Old"":717,""New"":719,""Reason"":3}"
66718790,"{""Old"":5117,""New"":5127,""Reason"":3}"
66718790,"{""Old"":5245,""New"":5247,""Reason"":3}"
66718790,"{""Old"":5461,""New"":5471,""Reason"":3}"
66718790,"{""Old"":5508,""New"":5518,""Reason"":3}"
48352269,"{""Old"":6557,""New"":6559,""Reason"":3}"
48352269,"{""Old"":6572,""New"":6574,""Reason"":3}"
48352269,"{""Old"":6633,""New"":6635,""Reason"":3}"
63799212,"{""Old"":10401,""New"":10411,""Reason"":3}"
63799212,"{""Old"":10765,""New"":10785,""Reason"":3}"
63799212,"{""Old"":11577,""New"":11587,""Reason"":3}"
63799212,"{""Old"":12791,""New"":12801,""Reason"":3}"
63799212,"{""Old"":13001,""New"":13011,""Reason"":3}"
63799212,"{""Old"":13041,""New"":13051,""Reason"":3}"
63799212,"{""Old"":13733,""New"":13743,""Reason"":3}"
52385318,"{""Old"":972,""New"":982,""Reason"":3}"
63799212,"{""Old"":5580,""New"":5590,""Reason"":3}"
63799212,"{""Old"":5790,""New"":5792,""Reason"":3}"
38319980,"{""Old"":7429,""New"":7439,""Reason"":3}"
66718790,"{""Old"":5659,""New"":5661,""Reason"":3}"
66718790,"{""Old"":5887,""New"":5889,""Reason"":3}"
66718790,"{""Old"":5747,""New"":5767,""Reason"":3}"
66718790,"{""Old"":5945,""New"":5947,""Reason"":3}"
19535546,"{""Old"":1175,""New"":1177,""Reason"":3}"
19535546,"{""Old"":1253,""New"":1255,""Reason"":3}"
19535546,"{""Old"":1545,""New"":1547,""Reason"":3}"
24208183,"{""Old"":76,""New"":78,""Reason"":3}"
11296566,"{""Old"":1921,""New"":1923,""Reason"":3}"
19535546,"{""Old"":685,""New"":687,""Reason"":3}"
71361025,"{""Old"":118,""New"":120,""Reason"":3}"
66718790,"{""Old"":5127,""New"":5147,""Reason"":3}"
19535546,"{""Old"":1144,""New"":1146,""Reason"":3}"
19535546,"{""Old"":1659,""New"":1663,""Reason"":3}"
63799212,"{""Old"":5698,""New"":5708,""Reason"":3}"
63799212,"{""Old"":6058,""New"":6068,""Reason"":3}"
63799212,"{""Old"":7539,""New"":7549,""Reason"":3}"
63799212,"{""Old"":8367,""New"":8387,""Reason"":3}"
63799212,"{""Old"":9629,""New"":9639,""Reason"":3}"
63799212,"{""Old"":12651,""New"":12661,""Reason"":3}"
63799212,"{""Old"":13403,""New"":13413,""Reason"":3}"
63799212,"{""Old"":13629,""New"":13639,""Reason"":3}"
63799212,"{""Old"":13743,""New"":13753,""Reason"":3}"
9877941,"{""Old"":1468,""New"":1470,""Reason"":3}"
66718790,"{""Old"":5284,""New"":5294,""Reason"":3}"
66718790,"{""Old"":5737,""New"":5747,""Reason"":3}"
66718790,"{""Old"":5056,""New"":5066,""Reason"":3}"
66718790,"{""Old"":5483,""New"":5493,""Reason"":3}"
66718790,"{""Old"":5338,""New"":5348,""Reason"":3}"
66718790,"{""Old"":5637,""New"":5647,""Reason"":3}"
203681405,"{""Old"":3193,""New"":3195,""Reason"":3}"
66718790,"{""Old"":4333,""New"":4343,""Reason"":3}"
66718790,"{""Old"":4405,""New"":4415,""Reason"":3}"
66718790,"{""Old"":4238,""New"":4248,""Reason"":3}"
66718790,"{""Old"":5020,""New"":5022,""Reason"":3}"
66718790,"{""Old"":5036,""New"":5056,""Reason"":3}"
66718790,"{""Old"":5084,""New"":5094,""Reason"":3}"
66718790,"{""Old"":5889,""New"":5899,""Reason"":3}"
39038951,"{""Old"":745,""New"":747,""Reason"":3}"
66718790,"{""Old"":5432,""New"":5442,""Reason"":3}"
66718790,"{""Old"":5705,""New"":5707,""Reason"":3}"
66718790,"{""Old"":5094,""New"":5104,""Reason"":3}"
66718790,"{""Old"":5257,""New"":5267,""Reason"":3}"
66718790,"{""Old"":5197,""New"":5207,""Reason"":3}"
66718790,"{""Old"":5622,""New"":5632,""Reason"":3}"
66718790,"{""Old"":5380,""New"":5382,""Reason"":3}"
63799212,"{""Old"":6937,""New"":6939,""Reason"":3}"
63799212,"{""Old"":8287,""New"":8297,""Reason"":3}"
63799212,"{""Old"":8947,""New"":8957,""Reason"":3}"
63799212,"{""Old"":9639,""New"":9659,""Reason"":3}"
63799212,"{""Old"":10264,""New"":10274,""Reason"":3}"
63799212,"{""Old"":11457,""New"":11477,""Reason"":3}"
63799212,"{""Old"":11852,""New"":11872,""Reason"":3}"
63799212,"{""Old"":12359,""New"":12369,""Reason"":3}"
63799212,"{""Old"":13703,""New"":13713,""Reason"":3}"
19535546,"{""Old"":611,""New"":613,""Reason"":3}"
43959427,"{""Old"":3819,""New"":3821,""Reason"":3}"
55921654,"{""Old"":263,""New"":265,""Reason"":3}"
55921654,"{""Old"":204,""New"":206,""Reason"":3}"
55921654,"{""Old"":286,""New"":288,""Reason"":3}"
8159597,"{""Old"":1074,""New"":1076,""Reason"":3}"
8159597,"{""Old"":4159,""New"":4169,""Reason"":3}"
8159597,"{""Old"":4956,""New"":4966,""Reason"":3}"
8151531,"{""Old"":10815,""New"":10817,""Reason"":3}"
8151531,"{""Old"":11007,""New"":11009,""Reason"":3}"
35936585,"{""Old"":26917,""New"":26919,""Reason"":3}"
35936585,"{""Old"":27181,""New"":27183,""Reason"":3}"
62439790,"{""Old"":1184,""New"":1186,""Reason"":3}"
41008032,"{""Old"":808,""New"":810,""Reason"":3}"
73276609,"{""Old"":173,""New"":175,""Reason"":3}"
41008032,"{""Old"":922,""New"":924,""Reason"":3}"
73588812,"{""Old"":1482,""New"":1484,""Reason"":3}"
73588812,"{""Old"":1521,""New"":1523,""Reason"":3}"
73588812,"{""Old"":1589,""New"":1591,""Reason"":3}"
82629288,"{""Old"":515,""New"":517,""Reason"":3}"
82629288,"{""Old"":519,""New"":521,""Reason"":3}"
62439790,"{""Old"":1208,""New"":1210,""Reason"":3}"
49447860,"{""Old"":0,""New"":2,""Reason"":3}"
63778994,"{""Old"":155816,""New"":155826,""Reason"":3}"
63778994,"{""Old"":155981,""New"":156001,""Reason"":3}"
63778994,"{""Old"":154805,""New"":154815,""Reason"":3}"
63778994,"{""Old"":155651,""New"":155661,""Reason"":3}"
63778994,"{""Old"":157208,""New"":157228,""Reason"":3}"
84641297,"{""Old"":4054,""New"":4056,""Reason"":3}"
63799212,"{""Old"":5636,""New"":5646,""Reason"":3}"
63799212,"{""Old"":8142,""New"":8152,""Reason"":3}"
63799212,"{""Old"":9161,""New"":9171,""Reason"":3}"
63799212,"{""Old"":11992,""New"":12022,""Reason"":3}"
63799212,"{""Old"":13853,""New"":13863,""Reason"":3}"
66718790,"{""Old"":3004,""New"":3006,""Reason"":3}"
63799212,"{""Old"":5406,""New"":5408,""Reason"":3}"
63799212,"{""Old"":7753,""New"":7773,""Reason"":3}"
63799212,"{""Old"":7988,""New"":7998,""Reason"":3}"
63799212,"{""Old"":8132,""New"":8142,""Reason"":3}"
63799212,"{""Old"":10695,""New"":10705,""Reason"":3}"
63799212,"{""Old"":13141,""New"":13151,""Reason"":3}"
63799212,"{""Old"":13413,""New"":13423,""Reason"":3}"
63799212,"{""Old"":13639,""New"":13641,""Reason"":3}"
66718790,"{""Old"":4562,""New"":4572,""Reason"":3}"
66718790,"{""Old"":4760,""New"":4764,""Reason"":3}"
66718790,"{""Old"":3826,""New"":3828,""Reason"":3}"
66718790,"{""Old"":4508,""New"":4518,""Reason"":3}"
66718790,"{""Old"":4826,""New"":4828,""Reason"":3}"
19535546,"{""Old"":1186,""New"":1190,""Reason"":3}"
19535546,"{""Old"":1567,""New"":1569,""Reason"":3}"
19535546,"{""Old"":1751,""New"":1753,""Reason"":3}"
66718790,"{""Old"":3058,""New"":3068,""Reason"":3}"
66718790,"{""Old"":4480,""New"":4490,""Reason"":3}"
19535546,"{""Old"":708,""New"":710,""Reason"":3}"
66718790,"{""Old"":3814,""New"":3816,""Reason"":3}"
63799212,"{""Old"":8469,""New"":8479,""Reason"":3}"
63799212,"{""Old"":12227,""New"":12237,""Reason"":3}"
63799212,"{""Old"":12157,""New"":12167,""Reason"":3}"
63799212,"{""Old"":13301,""New"":13311,""Reason"":3}"
63799212,"{""Old"":13607,""New"":13617,""Reason"":3}"
63799212,"{""Old"":13671,""New"":13681,""Reason"":3}"
63799212,"{""Old"":13980,""New"":13990,""Reason"":3}"
70373765,"{""Old"":247,""New"":249,""Reason"":3}"
80504175,"{""Old"":1453,""New"":1455,""Reason"":3}"
63778994,"{""Old"":157628,""New"":157658,""Reason"":3}"
63778994,"{""Old"":155107,""New"":155127,""Reason"":3}"
63778994,"{""Old"":158590,""New"":158610,""Reason"":3}"
63778994,"{""Old"":158907,""New"":158917,""Reason"":3}"
36439403,"{""Old"":556,""New"":558,""Reason"":3}"
41008032,"{""Old"":932,""New"":934,""Reason"":3}"
41008032,"{""Old"":968,""New"":970,""Reason"":3}"
62439790,"{""Old"":1227,""New"":1237,""Reason"":3}"
35936585,"{""Old"":27487,""New"":27489,""Reason"":3}"
35936585,"{""Old"":27682,""New"":27692,""Reason"":3}"
73588812,"{""Old"":1759,""New"":1761,""Reason"":3}"
35936585,"{""Old"":26935,""New"":26937,""Reason"":3}"
30429272,"{""Old"":2634,""New"":2638,""Reason"":3}"
8159597,"{""Old"":5066,""New"":5076,""Reason"":3}"
8159597,"{""Old"":5126,""New"":5136,""Reason"":3}"
8159597,"{""Old"":759,""New"":761,""Reason"":3}"
8159597,"{""Old"":1181,""New"":1191,""Reason"":3}"
8159597,"{""Old"":2448,""New"":2468,""Reason"":3}"
8159597,"{""Old"":2612,""New"":2614,""Reason"":3}"
8159597,"{""Old"":3771,""New"":3781,""Reason"":3}"
8151531,"{""Old"":11003,""New"":11005,""Reason"":3}"
8151531,"{""Old"":11077,""New"":11079,""Reason"":3}"
8159597,"{""Old"":1687,""New"":1707,""Reason"":3}"
8159597,"{""Old"":2806,""New"":2816,""Reason"":3}"
8151531,"{""Old"":9893,""New"":9903,""Reason"":3}"
8151531,"{""Old"":10541,""New"":10543,""Reason"":3}"
8151531,"{""Old"":10608,""New"":10610,""Reason"":3}"
8159597,"{""Old"":761,""New"":763,""Reason"":3}"
8159597,"{""Old"":1291,""New"":1293,""Reason"":3}"
8159597,"{""Old"":1751,""New"":1761,""Reason"":3}"
8151531,"{""Old"":10344,""New"":10346,""Reason"":3}"
8151531,"{""Old"":10666,""New"":10668,""Reason"":3}"
8151531,"{""Old"":11057,""New"":11059,""Reason"":3}"
8151531,"{""Old"":10321,""New"":10323,""Reason"":3}"
8151531,"{""Old"":10397,""New"":10401,""Reason"":3}"
8151531,"{""Old"":10718,""New"":10720,""Reason"":3}"
8151531,"{""Old"":10760,""New"":10762,""Reason"":3}"
8159597,"{""Old"":4690,""New"":4692,""Reason"":3}"
30429272,"{""Old"":2607,""New"":2609,""Reason"":3}"
30429272,"{""Old"":2582,""New"":2584,""Reason"":3}"
55921654,"{""Old"":222,""New"":224,""Reason"":3}"
8151531,"{""Old"":10580,""New"":10582,""Reason"":3}"
8151531,"{""Old"":10768,""New"":10770,""Reason"":3}"
8151531,"{""Old"":10811,""New"":10813,""Reason"":3}"
8159597,"{""Old"":128,""New"":130,""Reason"":3}"
8151531,"{""Old"":10969,""New"":10971,""Reason"":3}"
8151531,"{""Old"":10249,""New"":10251,""Reason"":3}"
8151531,"{""Old"":10819,""New"":10821,""Reason"":3}"
8151531,"{""Old"":9929,""New"":9931,""Reason"":3}"
8151531,"{""Old"":10611,""New"":10613,""Reason"":3}"
80692993,"{""Old"":125,""New"":127,""Reason"":3}"
8159597,"{""Old"":2636,""New"":2646,""Reason"":3}"
8159597,"{""Old"":2920,""New"":2922,""Reason"":3}"
8159597,"{""Old"":1179,""New"":1181,""Reason"":3}"
8159597,"{""Old"":2488,""New"":2508,""Reason"":3}"
8159597,"{""Old"":2602,""New"":2612,""Reason"":3}"
8159597,"{""Old"":3741,""New"":3751,""Reason"":3}"
8159597,"{""Old"":3869,""New"":3871,""Reason"":3}"
8159597,"{""Old"":2292,""New"":2302,""Reason"":3}"
8159597,"{""Old"":3056,""New"":3066,""Reason"":3}"
55921654,"{""Old"":216,""New"":218,""Reason"":3}"
8151531,"{""Old"":10296,""New"":10298,""Reason"":3}"
8151531,"{""Old"":10385,""New"":10389,""Reason"":3}"
8151531,"{""Old"":10782,""New"":10784,""Reason"":3}"
8159597,"{""Old"":5086,""New"":5096,""Reason"":3}"
8151531,"{""Old"":10595,""New"":10597,""Reason"":3}"
8151531,"{""Old"":11067,""New"":11069,""Reason"":3}"
55921654,"{""Old"":250,""New"":252,""Reason"":3}"
43959427,"{""Old"":3799,""New"":3801,""Reason"":3}"
55921654,"{""Old"":245,""New"":247,""Reason"":3}"
55921654,"{""Old"":238,""New"":240,""Reason"":3}"
8159597,"{""Old"":5248,""New"":5258,""Reason"":3}"
8151531,"{""Old"":10299,""New"":10301,""Reason"":3}"
8151531,"{""Old"":10303,""New"":10305,""Reason"":3}"
8151531,"{""Old"":10730,""New"":10732,""Reason"":3}"
8151531,"{""Old"":10696,""New"":10698,""Reason"":3}"
8151531,"{""Old"":10716,""New"":10718,""Reason"":3}"
8151531,"{""Old"":10832,""New"":10842,""Reason"":3}"
8151531,"{""Old"":10921,""New"":10923,""Reason"":3}"
41008032,"{""Old"":736,""New"":738,""Reason"":3}"
41008032,"{""Old"":816,""New"":818,""Reason"":3}"
63778994,"{""Old"":155631,""New"":155641,""Reason"":3}"
63778994,"{""Old"":155601,""New"":155611,""Reason"":3}"
79702191,"{""Old"":390,""New"":392,""Reason"":3}"
79702191,"{""Old"":400,""New"":402,""Reason"":3}"
35936585,"{""Old"":27509,""New"":27511,""Reason"":3}"
63778994,"{""Old"":155951,""New"":155971,""Reason"":3}"
63778994,"{""Old"":156348,""New"":156378,""Reason"":3}"
63778994,"{""Old"":157523,""New"":157553,""Reason"":3}"
63778994,"{""Old"":158018,""New"":158038,""Reason"":3}"
63778994,"{""Old"":158088,""New"":158148,""Reason"":3}"
73588812,"{""Old"":1612,""New"":1614,""Reason"":3}"
84641297,"{""Old"":4072,""New"":4074,""Reason"":3}"
73588812,"{""Old"":1664,""New"":1674,""Reason"":3}"
35936585,"{""Old"":27622,""New"":27632,""Reason"":3}"
73588812,"{""Old"":1266,""New"":1268,""Reason"":3}"
4867326,"{""Old"":155,""New"":157,""Reason"":3}"
63778994,"{""Old"":154840,""New"":154890,""Reason"":3}"
57366251,"{""Old"":3090,""New"":3092,""Reason"":3}"
57366251,"{""Old"":3115,""New"":3117,""Reason"":3}"
57366251,"{""Old"":3330,""New"":3332,""Reason"":3}"
84641297,"{""Old"":4040,""New"":4042,""Reason"":3}"
63778994,"{""Old"":156211,""New"":156241,""Reason"":3}"
63778994,"{""Old"":157313,""New"":157353,""Reason"":3}"
57366251,"{""Old"":3415,""New"":3417,""Reason"":3}"
73588812,"{""Old"":1620,""New"":1622,""Reason"":3}"
62439790,"{""Old"":1245,""New"":1255,""Reason"":3}"
62439790,"{""Old"":1548,""New"":1554,""Reason"":3}"
73588812,"{""Old"":1373,""New"":1375,""Reason"":3}"
63778994,"{""Old"":155751,""New"":155771,""Reason"":3}"
63778994,"{""Old"":157493,""New"":157503,""Reason"":3}"
63778994,"{""Old"":158483,""New"":158533,""Reason"":3}"
80504175,"{""Old"":1402,""New"":1404,""Reason"":3}"
35936585,"{""Old"":27091,""New"":27101,""Reason"":3}"
55531402,"{""Old"":800383,""New"":800403,""Reason"":3}"
55531402,"{""Old"":800725,""New"":800765,""Reason"":3}"
55531402,"{""Old"":801544,""New"":801554,""Reason"":3}"
40671256,"{""Old"":1642,""New"":1644,""Reason"":3}"
40671256,"{""Old"":1759,""New"":1761,""Reason"":3}"
40671256,"{""Old"":1652,""New"":1654,""Reason"":3}"
56305413,"{""Old"":3420,""New"":3430,""Reason"":3}"
81192725,"{""Old"":333,""New"":335,""Reason"":3}"
56305413,"{""Old"":3028,""New"":3038,""Reason"":3}"
81192725,"{""Old"":303,""New"":307,""Reason"":3}"
55531402,"{""Old"":796242,""New"":796252,""Reason"":3}"
55531402,"{""Old"":798977,""New"":798987,""Reason"":3}"
55531402,"{""Old"":798892,""New"":798902,""Reason"":3}"
55531402,"{""Old"":799364,""New"":799374,""Reason"":3}"
55531402,"{""Old"":799811,""New"":799851,""Reason"":3}"
40671256,"{""Old"":1246,""New"":1248,""Reason"":3}"
38319980,"{""Old"":6163,""New"":6173,""Reason"":3}"
38319980,"{""Old"":6203,""New"":6213,""Reason"":3}"
38319980,"{""Old"":6173,""New"":6183,""Reason"":3}"
22023288,"{""Old"":3161,""New"":3171,""Reason"":3}"
22023288,"{""Old"":3749,""New"":3759,""Reason"":3}"
22023288,"{""Old"":2739,""New"":2749,""Reason"":3}"
22023288,"{""Old"":2863,""New"":2873,""Reason"":3}"
22023288,"{""Old"":3173,""New"":3175,""Reason"":3}"
22023288,"{""Old"":1461,""New"":1463,""Reason"":3}"
22023288,"{""Old"":1517,""New"":1521,""Reason"":3}"
22023288,"{""Old"":1771,""New"":1775,""Reason"":3}"
22023288,"{""Old"":2935,""New"":2945,""Reason"":3}"
22023288,"{""Old"":3119,""New"":3129,""Reason"":3}"
85708585,"{""Old"":259,""New"":263,""Reason"":3}"
12301610,"{""Old"":2502,""New"":2504,""Reason"":3}"
81972838,"{""Old"":12583,""New"":12585,""Reason"":3}"
81972838,"{""Old"":12518,""New"":12522,""Reason"":3}"
62310563,"{""Old"":128,""New"":130,""Reason"":3}"
33951780,"{""Old"":7312,""New"":7332,""Reason"":3}"
85708585,"{""Old"":267,""New"":269,""Reason"":3}"
85708585,"{""Old"":269,""New"":271,""Reason"":3}"
48352269,"{""Old"":2956,""New"":2966,""Reason"":3}"
48352269,"{""Old"":2944,""New"":2946,""Reason"":3}"
55531402,"{""Old"":794298,""New"":794318,""Reason"":3}"
55531402,"{""Old"":796287,""New"":796297,""Reason"":3}"
55531402,"{""Old"":797066,""New"":797076,""Reason"":3}"
55531402,"{""Old"":797378,""New"":797388,""Reason"":3}"
55531402,"{""Old"":799479,""New"":799509,""Reason"":3}"
63799212,"{""Old"":12459,""New"":12469,""Reason"":3}"
63799212,"{""Old"":12771,""New"":12781,""Reason"":3}"
63799212,"{""Old"":13051,""New"":13061,""Reason"":3}"
63799212,"{""Old"":13091,""New"":13101,""Reason"":3}"
66718790,"{""Old"":4896,""New"":4906,""Reason"":3}"
66718790,"{""Old"":3078,""New"":3088,""Reason"":3}"
66718790,"{""Old"":4938,""New"":4958,""Reason"":3}"
66718790,"{""Old"":4906,""New"":4908,""Reason"":3}"
66718790,"{""Old"":4656,""New"":4666,""Reason"":3}"
54055764,"{""Old"":4502,""New"":4504,""Reason"":3}"
56305413,"{""Old"":2446,""New"":2448,""Reason"":3}"
56305413,"{""Old"":2871,""New"":2873,""Reason"":3}"
56305413,"{""Old"":2090,""New"":2092,""Reason"":3}"
6667137,"{""Old"":107,""New"":109,""Reason"":3}"
63799212,"{""Old"":5656,""New"":5666,""Reason"":3}"
63799212,"{""Old"":5746,""New"":5756,""Reason"":3}"
14034509,"{""Old"":865,""New"":867,""Reason"":3}"
55531402,"{""Old"":794488,""New"":794490,""Reason"":3}"
55531402,"{""Old"":795539,""New"":795541,""Reason"":3}"
55531402,"{""Old"":795658,""New"":795668,""Reason"":3}"
55531402,"{""Old"":797358,""New"":797378,""Reason"":3}"
55531402,"{""Old"":797937,""New"":797939,""Reason"":3}"
55531402,"{""Old"":800405,""New"":800425,""Reason"":3}"
55531402,"{""Old"":801594,""New"":801614,""Reason"":3}"
55531402,"{""Old"":803670,""New"":803680,""Reason"":3}"
55531402,"{""Old"":805672,""New"":805692,""Reason"":3}"
55531402,"{""Old"":805917,""New"":805937,""Reason"":3}"
45310161,"{""Old"":81,""New"":83,""Reason"":3}"
86802600,"{""Old"":287,""New"":297,""Reason"":3}"
55531402,"{""Old"":799107,""New"":799117,""Reason"":3}"
40671256,"{""Old"":1512,""New"":1522,""Reason"":3}"
63799212,"{""Old"":10501,""New"":10503,""Reason"":3}"
63799212,"{""Old"":10735,""New"":10745,""Reason"":3}"
63799212,"{""Old"":12102,""New"":12122,""Reason"":3}"
63799212,"{""Old"":12239,""New"":12249,""Reason"":3}"
63799212,"{""Old"":12781,""New"":12791,""Reason"":3}"
63799212,"{""Old"":6578,""New"":6580,""Reason"":3}"
63799212,"{""Old"":7519,""New"":7529,""Reason"":3}"
63799212,"{""Old"":7609,""New"":7619,""Reason"":3}"
63799212,"{""Old"":7833,""New"":7873,""Reason"":3}"
63799212,"{""Old"":9529,""New"":9539,""Reason"":3}"
63799212,"{""Old"":11882,""New"":11892,""Reason"":3}"
63799212,"{""Old"":12539,""New"":12549,""Reason"":3}"
63799212,"{""Old"":13171,""New"":13181,""Reason"":3}"
48352269,"{""Old"":3070,""New"":3080,""Reason"":3}"
48352269,"{""Old"":3080,""New"":3090,""Reason"":3}"
23364999,"{""Old"":1312,""New"":1314,""Reason"":3}"
63778994,"{""Old"":155931,""New"":155951,""Reason"":3}"
63778994,"{""Old"":158228,""New"":158258,""Reason"":3}"
6475871,"{""Old"":9,""New"":11,""Reason"":3}"
36439403,"{""Old"":1407,""New"":1409,""Reason"":3}"
209900380,"{""Old"":213,""New"":215,""Reason"":3}"
75730356,"{""Old"":212,""New"":214,""Reason"":3}"
8772801,"{""Old"":844,""New"":846,""Reason"":3}"
8772801,"{""Old"":798,""New"":800,""Reason"":3}"
70367218,"{""Old"":172,""New"":174,""Reason"":3}"
40671256,"{""Old"":2070,""New"":2072,""Reason"":3}"
55531402,"{""Old"":802111,""New"":802121,""Reason"":3}"
55531402,"{""Old"":802718,""New"":802738,""Reason"":3}"
55531402,"{""Old"":803405,""New"":803415,""Reason"":3}"
55531402,"{""Old"":804615,""New"":804635,""Reason"":3}"
55531402,"{""Old"":805055,""New"":805065,""Reason"":3}"
55531402,"{""Old"":805832,""New"":805842,""Reason"":3}"
55531402,"{""Old"":806022,""New"":806032,""Reason"":3}"
13186631,"{""Old"":1432,""New"":1446,""Reason"":3}"
45310161,"{""Old"":94,""New"":96,""Reason"":3}"
55531402,"{""Old"":794763,""New"":794783,""Reason"":3}"
55531402,"{""Old"":796077,""New"":796087,""Reason"":3}"
55531402,"{""Old"":796539,""New"":796559,""Reason"":3}"
85246118,"{""Old"":812,""New"":814,""Reason"":3}"
63778994,"{""Old"":156061,""New"":156071,""Reason"":3}"
63778994,"{""Old"":157553,""New"":157563,""Reason"":3}"
63778994,"{""Old"":158917,""New"":158957,""Reason"":3}"
84641297,"{""Old"":4034,""New"":4036,""Reason"":3}"
84641297,"{""Old"":4060,""New"":4062,""Reason"":3}"
4867326,"{""Old"":237,""New"":239,""Reason"":3}"
211423534,"{""Old"":22947,""New"":22949,""Reason"":3}"
41008032,"{""Old"":824,""New"":826,""Reason"":3}"
41008032,"{""Old"":992,""New"":1002,""Reason"":3}"
63778994,"{""Old"":156241,""New"":156251,""Reason"":3}"
63778994,"{""Old"":154935,""New"":154965,""Reason"":3}"
84641297,"{""Old"":4028,""New"":4030,""Reason"":3}"
63778994,"{""Old"":154683,""New"":154693,""Reason"":3}"
66718790,"{""Old"":3816,""New"":3818,""Reason"":3}"
66718790,"{""Old"":4043,""New"":4047,""Reason"":3}"
66718790,"{""Old"":4816,""New"":4826,""Reason"":3}"
66718790,"{""Old"":3940,""New"":3942,""Reason"":3}"
39038951,"{""Old"":709,""New"":711,""Reason"":3}"
39038951,"{""Old"":743,""New"":745,""Reason"":3}"
40671256,"{""Old"":2020,""New"":2030,""Reason"":3}"
19535546,"{""Old"":651,""New"":653,""Reason"":3}"
8772801,"{""Old"":874,""New"":876,""Reason"":3}"
70367218,"{""Old"":163,""New"":165,""Reason"":3}"
14034509,"{""Old"":829,""New"":831,""Reason"":3}"
42724579,"{""Old"":166,""New"":168,""Reason"":3}"
36439403,"{""Old"":1426,""New"":1428,""Reason"":3}"
56305413,"{""Old"":3519,""New"":3523,""Reason"":3}"
8772801,"{""Old"":917,""New"":919,""Reason"":3}"
42724579,"{""Old"":197,""New"":199,""Reason"":3}"
14034509,"{""Old"":825,""New"":827,""Reason"":3}"
66718790,"{""Old"":3954,""New"":3956,""Reason"":3}"
66718790,"{""Old"":4415,""New"":4425,""Reason"":3}"
11296566,"{""Old"":1931,""New"":1933,""Reason"":3}"
40671256,"{""Old"":1885,""New"":1887,""Reason"":3}"
40671256,"{""Old"":1554,""New"":1564,""Reason"":3}"
36439403,"{""Old"":1395,""New"":1397,""Reason"":3}"
42724579,"{""Old"":379,""New"":381,""Reason"":3}"
14034509,"{""Old"":827,""New"":829,""Reason"":3}"
44782814,"{""Old"":494,""New"":496,""Reason"":3}"
8772801,"{""Old"":865,""New"":867,""Reason"":3}"
46419793,"{""Old"":143,""New"":145,""Reason"":3}"
8772801,"{""Old"":786,""New"":788,""Reason"":3}"
8772801,"{""Old"":824,""New"":826,""Reason"":3}"
51765158,"{""Old"":989,""New"":991,""Reason"":3}"
70367218,"{""Old"":186,""New"":188,""Reason"":3}"
42724579,"{""Old"":162,""New"":164,""Reason"":3}"
42724579,"{""Old"":296,""New"":298,""Reason"":3}"
46290546,"{""Old"":5498,""New"":5502,""Reason"":3}"
70367218,"{""Old"":206,""New"":208,""Reason"":3}"
6667137,"{""Old"":110,""New"":112,""Reason"":3}"
51765158,"{""Old"":1025,""New"":1027,""Reason"":3}"
66718790,"{""Old"":4092,""New"":4102,""Reason"":3}"
19535546,"{""Old"":1464,""New"":1474,""Reason"":3}"
19535546,"{""Old"":586,""New"":588,""Reason"":3}"
51765158,"{""Old"":993,""New"":1003,""Reason"":3}"
48352269,"{""Old"":6682,""New"":6684,""Reason"":3}"
42724579,"{""Old"":264,""New"":266,""Reason"":3}"
70367218,"{""Old"":182,""New"":184,""Reason"":3}"
14034509,"{""Old"":855,""New"":865,""Reason"":3}"
42724579,"{""Old"":231,""New"":233,""Reason"":3}"
51765158,"{""Old"":1232,""New"":1234,""Reason"":3}"
56305413,"{""Old"":2232,""New"":2234,""Reason"":3}"
56305413,"{""Old"":3226,""New"":3236,""Reason"":3}"
8772801,"{""Old"":801,""New"":807,""Reason"":3}"
8772801,"{""Old"":831,""New"":833,""Reason"":3}"
80742310,"{""Old"":669,""New"":671,""Reason"":3}"
46419793,"{""Old"":449,""New"":451,""Reason"":3}"
42724579,"{""Old"":205,""New"":207,""Reason"":3}"
46290546,"{""Old"":5157,""New"":5167,""Reason"":3}"
46290546,"{""Old"":5257,""New"":5277,""Reason"":3}"
48352269,"{""Old"":6635,""New"":6637,""Reason"":3}"
66718790,"{""Old"":5973,""New"":5983,""Reason"":3}"
19535546,"{""Old"":1361,""New"":1363,""Reason"":3}"
42724579,"{""Old"":138,""New"":144,""Reason"":3}"
42724579,"{""Old"":164,""New"":166,""Reason"":3}"
48352269,"{""Old"":6670,""New"":6672,""Reason"":3}"
27777369,"{""Old"":158,""New"":168,""Reason"":3}"
27777369,"{""Old"":153,""New"":155,""Reason"":3}"
37784995,"{""Old"":870,""New"":872,""Reason"":3}"
36439403,"{""Old"":1405,""New"":1407,""Reason"":3}"
46290546,"{""Old"":5352,""New"":5362,""Reason"":3}"
46290546,"{""Old"":5277,""New"":5287,""Reason"":3}"
42724579,"{""Old"":188,""New"":190,""Reason"":3}"
42724579,"{""Old"":335,""New"":337,""Reason"":3}"
70367218,"{""Old"":168,""New"":170,""Reason"":3}"
70367218,"{""Old"":245,""New"":247,""Reason"":3}"
70367218,"{""Old"":204,""New"":206,""Reason"":3}"
46290546,"{""Old"":5488,""New"":5498,""Reason"":3}"
37784995,"{""Old"":880,""New"":882,""Reason"":3}"
48352269,"{""Old"":6684,""New"":6686,""Reason"":3}"
48352269,"{""Old"":6672,""New"":6674,""Reason"":3}"
66718790,"{""Old"":5548,""New"":5558,""Reason"":3}"
66718790,"{""Old"":5274,""New"":5284,""Reason"":3}"
203681405,"{""Old"":3175,""New"":3185,""Reason"":3}"
38319980,"{""Old"":7409,""New"":7419,""Reason"":3}"
66718790,"{""Old"":5869,""New"":5879,""Reason"":3}"
63799212,"{""Old"":5092,""New"":5094,""Reason"":3}"
63799212,"{""Old"":5161,""New"":5163,""Reason"":3}"
48352269,"{""Old"":6608,""New"":6610,""Reason"":3}"
27777369,"{""Old"":156,""New"":158,""Reason"":3}"
48200005,"{""Old"":3176,""New"":3178,""Reason"":3}"
63799212,"{""Old"":8030,""New"":8040,""Reason"":3}"
63799212,"{""Old"":8481,""New"":8491,""Reason"":3}"
63799212,"{""Old"":12559,""New"":12561,""Reason"":3}"
63799212,"{""Old"":5592,""New"":5602,""Reason"":3}"
63799212,"{""Old"":5744,""New"":5746,""Reason"":3}"
52385318,"{""Old"":544,""New"":548,""Reason"":3}"
63799212,"{""Old"":8897,""New"":8907,""Reason"":3}"
63799212,"{""Old"":9969,""New"":9979,""Reason"":3}"
63799212,"{""Old"":11137,""New"":11147,""Reason"":3}"
63799212,"{""Old"":11797,""New"":11827,""Reason"":3}"
66718790,"{""Old"":5731,""New"":5733,""Reason"":3}"
66718790,"{""Old"":5859,""New"":5869,""Reason"":3}"
66718790,"{""Old"":5885,""New"":5887,""Reason"":3}"
38319980,"{""Old"":7387,""New"":7397,""Reason"":3}"
19535546,"{""Old"":726,""New"":728,""Reason"":3}"
66718790,"{""Old"":2948,""New"":2950,""Reason"":3}"
38319980,"{""Old"":7397,""New"":7407,""Reason"":3}"
38319980,"{""Old"":7439,""New"":7441,""Reason"":3}"
38319980,"{""Old"":7441,""New"":7475,""Reason"":3}"
48352269,"{""Old"":6658,""New"":6660,""Reason"":3}"
66718790,"{""Old"":5471,""New"":5473,""Reason"":3}"
9877941,"{""Old"":1471,""New"":1473,""Reason"":3}"
48352269,"{""Old"":6703,""New"":6705,""Reason"":3}"
48352269,"{""Old"":6660,""New"":6662,""Reason"":3}"
66718790,"{""Old"":4176,""New"":4178,""Reason"":3}"
66718790,"{""Old"":4552,""New"":4562,""Reason"":3}"
66718790,"{""Old"":5026,""New"":5036,""Reason"":3}"
66718790,"{""Old"":4174,""New"":4176,""Reason"":3}"
66718790,"{""Old"":5147,""New"":5157,""Reason"":3}"
66718790,"{""Old"":5528,""New"":5538,""Reason"":3}"
38319980,"{""Old"":7419,""New"":7429,""Reason"":3}"
66718790,"{""Old"":4998,""New"":5008,""Reason"":3}"
48352269,"{""Old"":6582,""New"":6584,""Reason"":3}"
48352269,"{""Old"":6638,""New"":6640,""Reason"":3}"
208910409,"{""Old"":775,""New"":777,""Reason"":3}"
208910409,"{""Old"":871,""New"":873,""Reason"":3}"
40712395,"{""Old"":706,""New"":708,""Reason"":3}"
209900380,"{""Old"":1393,""New"":1397,""Reason"":3}"
40712395,"{""Old"":749,""New"":751,""Reason"":3}"
209900380,"{""Old"":1363,""New"":1365,""Reason"":3}"
208910409,"{""Old"":791,""New"":793,""Reason"":3}"
208910409,"{""Old"":907,""New"":909,""Reason"":3}"
208910409,"{""Old"":926,""New"":928,""Reason"":3}"
208910409,"{""Old"":969,""New"":971,""Reason"":3}"
16303419,"{""Old"":65572,""New"":65582,""Reason"":3}"
16303419,"{""Old"":65954,""New"":65974,""Reason"":3}"
16303419,"{""Old"":70275,""New"":70285,""Reason"":3}"
16303419,"{""Old"":71027,""New"":71047,""Reason"":3}"
16303419,"{""Old"":71522,""New"":71542,""Reason"":3}"
43351980,"{""Old"":15302,""New"":15306,""Reason"":3}"
43351980,"{""Old"":15328,""New"":15330,""Reason"":3}"
43351980,"{""Old"":15433,""New"":15435,""Reason"":3}"
43351980,"{""Old"":15678,""New"":15688,""Reason"":3}"
40712395,"{""Old"":617,""New"":619,""Reason"":3}"
40712395,"{""Old"":632,""New"":634,""Reason"":3}"
86281742,"{""Old"":1213,""New"":1217,""Reason"":3}"
61658100,"{""Old"":1659,""New"":1669,""Reason"":3}"
61658100,"{""Old"":1623,""New"":1625,""Reason"":3}"
61658100,"{""Old"":1635,""New"":1637,""Reason"":3}"
61658100,"{""Old"":1548,""New"":1550,""Reason"":3}"
61658100,"{""Old"":1633,""New"":1635,""Reason"":3}"
23305159,"{""Old"":639,""New"":641,""Reason"":3}"
23305159,"{""Old"":818,""New"":820,""Reason"":3}"
23305159,"{""Old"":876,""New"":878,""Reason"":3}"
23305159,"{""Old"":470,""New"":474,""Reason"":3}"
23305159,"{""Old"":620,""New"":622,""Reason"":3}"
7378760,"{""Old"":145182,""New"":145184,""Reason"":3}"
9692226,"{""Old"":2011,""New"":2013,""Reason"":3}"
48205250,"{""Old"":4542,""New"":4552,""Reason"":3}"
63778994,"{""Old"":364802,""New"":364832,""Reason"":3}"
63778994,"{""Old"":366137,""New"":366147,""Reason"":3}"
63778994,"{""Old"":361513,""New"":361523,""Reason"":3}"
63778994,"{""Old"":362427,""New"":362437,""Reason"":3}"
63778994,"{""Old"":365312,""New"":365322,""Reason"":3}"
63778994,"{""Old"":366497,""New"":366517,""Reason"":3}"
63778994,"{""Old"":367997,""New"":368007,""Reason"":3}"
63778994,"{""Old"":367817,""New"":367827,""Reason"":3}"
63778994,"{""Old"":363216,""New"":363226,""Reason"":3}"
63778994,"{""Old"":364318,""New"":364338,""Reason"":3}"
63778994,"{""Old"":364952,""New"":364982,""Reason"":3}"
63778994,"{""Old"":365277,""New"":365287,""Reason"":3}"
63778994,"{""Old"":366007,""New"":366017,""Reason"":3}"
63778994,"{""Old"":364702,""New"":364712,""Reason"":3}"
63778994,"{""Old"":366557,""New"":366567,""Reason"":3}"
63778994,"{""Old"":359693,""New"":359703,""Reason"":3}"
63778994,"{""Old"":361096,""New"":361106,""Reason"":3}"
63778994,"{""Old"":364772,""New"":364782,""Reason"":3}"
63778994,"{""Old"":365462,""New"":365472,""Reason"":3}"
211423534,"{""Old"":43975,""New"":43985,""Reason"":3}"
65661392,"{""Old"":5526,""New"":5536,""Reason"":3}"
23305159,"{""Old"":661,""New"":663,""Reason"":3}"
23305159,"{""Old"":780,""New"":782,""Reason"":3}"
63778994,"{""Old"":356843,""New"":356845,""Reason"":3}"
63778994,"{""Old"":359211,""New"":359213,""Reason"":3}"
63778994,"{""Old"":361473,""New"":361483,""Reason"":3}"
63778994,"{""Old"":360555,""New"":360565,""Reason"":3}"
23305159,"{""Old"":150,""New"":152,""Reason"":3}"
23305159,"{""Old"":432,""New"":434,""Reason"":3}"
23305159,"{""Old"":728,""New"":738,""Reason"":3}"
23305159,"{""Old"":814,""New"":816,""Reason"":3}"
17655371,"{""Old"":650,""New"":652,""Reason"":3}"
23305159,"{""Old"":185,""New"":187,""Reason"":3}"
23305159,"{""Old"":388,""New"":390,""Reason"":3}"
23305159,"{""Old"":430,""New"":432,""Reason"":3}"
23305159,"{""Old"":556,""New"":558,""Reason"":3}"
23305159,"{""Old"":786,""New"":788,""Reason"":3}"
23305159,"{""Old"":842,""New"":844,""Reason"":3}"
23305159,"{""Old"":852,""New"":854,""Reason"":3}"
37781144,"{""Old"":487,""New"":489,""Reason"":3}"
19970226,"{""Old"":59,""New"":63,""Reason"":3}"
26480103,"{""Old"":684,""New"":686,""Reason"":3}"
26186173,"{""Old"":169,""New"":171,""Reason"":3}"
58261482,"{""Old"":1463,""New"":1473,""Reason"":3}"
58261482,"{""Old"":1569,""New"":1571,""Reason"":3}"
58261482,"{""Old"":1515,""New"":1517,""Reason"":3}"
58261482,"{""Old"":1429,""New"":1431,""Reason"":3}"
58261482,"{""Old"":1575,""New"":1577,""Reason"":3}"
26480103,"{""Old"":524,""New"":534,""Reason"":3}"
26480103,"{""Old"":686,""New"":688,""Reason"":3}"
81856946,"{""Old"":1251,""New"":1253,""Reason"":3}"
56756635,"{""Old"":3006,""New"":3016,""Reason"":3}"
81856946,"{""Old"":928,""New"":930,""Reason"":3}"
26480103,"{""Old"":484,""New"":494,""Reason"":3}"
46290546,"{""Old"":7854,""New"":7864,""Reason"":3}"
78285576,"{""Old"":1483,""New"":1493,""Reason"":3}"
65661392,"{""Old"":5354,""New"":5358,""Reason"":3}"
65661392,"{""Old"":5442,""New"":5444,""Reason"":3}"
65661392,"{""Old"":5482,""New"":5492,""Reason"":3}"
7378760,"{""Old"":145152,""New"":145154,""Reason"":3}"
65661392,"{""Old"":5326,""New"":5328,""Reason"":3}"
27777369,"{""Old"":67256,""New"":67266,""Reason"":3}"
27777369,"{""Old"":66980,""New"":66982,""Reason"":3}"
27777369,"{""Old"":67226,""New"":67236,""Reason"":3}"
8873732,"{""Old"":25064,""New"":25066,""Reason"":3}"
8873732,"{""Old"":25186,""New"":25188,""Reason"":3}"
27777369,"{""Old"":67266,""New"":67276,""Reason"":3}"
27777369,"{""Old"":66919,""New"":66921,""Reason"":3}"
216061899,"{""Old"":8383,""New"":8385,""Reason"":3}"
27777369,"{""Old"":66578,""New"":66580,""Reason"":3}"
80491185,"{""Old"":5033,""New"":5035,""Reason"":3}"
215520292,"{""Old"":314720,""New"":314722,""Reason"":3}"
80758401,"{""Old"":6405,""New"":6415,""Reason"":3}"
46662749,"{""Old"":196,""New"":198,""Reason"":3}"
69442044,"{""Old"":334,""New"":336,""Reason"":3}"
43218430,"{""Old"":1726,""New"":1728,""Reason"":3}"
24208183,"{""Old"":337,""New"":339,""Reason"":3}"
80758401,"{""Old"":5447,""New"":5457,""Reason"":3}"
80758401,"{""Old"":6153,""New"":6163,""Reason"":3}"
80758401,"{""Old"":6185,""New"":6195,""Reason"":3}"
120872655,"{""Old"":752,""New"":754,""Reason"":3}"
55531402,"{""Old"":923237,""New"":923247,""Reason"":3}"
10339843,"{""Old"":179,""New"":181,""Reason"":3}"
27236554,"{""Old"":996,""New"":998,""Reason"":3}"
24608076,"{""Old"":3333,""New"":3353,""Reason"":3}"
24608076,"{""Old"":3559,""New"":3561,""Reason"":3}"
24608076,"{""Old"":4009,""New"":4019,""Reason"":3}"
24608076,"{""Old"":3847,""New"":3849,""Reason"":3}"
24608076,"{""Old"":4571,""New"":4581,""Reason"":3}"
32116408,"{""Old"":1325,""New"":1327,""Reason"":3}"
4472194,"{""Old"":3265,""New"":3267,""Reason"":3}"
47200242,"{""Old"":7346,""New"":7356,""Reason"":3}"
47200242,"{""Old"":7525,""New"":7527,""Reason"":3}"
13083476,"{""Old"":898,""New"":900,""Reason"":3}"
13083476,"{""Old"":945,""New"":947,""Reason"":3}"
13083476,"{""Old"":955,""New"":957,""Reason"":3}"
35875544,"{""Old"":22432,""New"":22442,""Reason"":3}"
57851814,"{""Old"":686,""New"":696,""Reason"":3}"
8257034,"{""Old"":3389,""New"":3391,""Reason"":3}"
49831730,"{""Old"":1077,""New"":1079,""Reason"":3}"
23353445,"{""Old"":395,""New"":397,""Reason"":3}"
26453322,"{""Old"":32738,""New"":32748,""Reason"":3}"
26453322,"{""Old"":33499,""New"":33509,""Reason"":3}"
26453322,"{""Old"":33485,""New"":33487,""Reason"":3}"
65324859,"{""Old"":24955,""New"":24957,""Reason"":3}"
65324859,"{""Old"":24953,""New"":24955,""Reason"":3}"
41040836,"{""Old"":497,""New"":507,""Reason"":3}"
26453322,"{""Old"":33012,""New"":33022,""Reason"":3}"
26453322,"{""Old"":33257,""New"":33259,""Reason"":3}"
40606596,"{""Old"":496,""New"":498,""Reason"":3}"
40606596,"{""Old"":549,""New"":551,""Reason"":3}"
53568722,"{""Old"":177,""New"":179,""Reason"":3}"
44931151,"{""Old"":83472,""New"":83492,""Reason"":3}"
44931151,"{""Old"":82300,""New"":82310,""Reason"":3}"
44931151,"{""Old"":82870,""New"":82880,""Reason"":3}"
44931151,"{""Old"":83430,""New"":83440,""Reason"":3}"
44931151,"{""Old"":83851,""New"":83861,""Reason"":3}"
63082603,"{""Old"":18838,""New"":18848,""Reason"":3}"
43996202,"{""Old"":118,""New"":120,""Reason"":3}"
9442327,"{""Old"":180,""New"":182,""Reason"":3}"
27777369,"{""Old"":66970,""New"":66980,""Reason"":3}"
8873732,"{""Old"":25184,""New"":25186,""Reason"":3}"
8873732,"{""Old"":25210,""New"":25212,""Reason"":3}"
80491185,"{""Old"":4344,""New"":4346,""Reason"":3}"
215492440,"{""Old"":1389,""New"":1391,""Reason"":3}"
20302898,"{""Old"":2567,""New"":2569,""Reason"":3}"
11129004,"{""Old"":3797,""New"":3807,""Reason"":3}"
11129004,"{""Old"":3787,""New"":3797,""Reason"":3}"
11129004,"{""Old"":4605,""New"":4615,""Reason"":3}"
20302898,"{""Old"":2969,""New"":2979,""Reason"":3}"
208910409,"{""Old"":371,""New"":381,""Reason"":3}"
24196485,"{""Old"":40258,""New"":40260,""Reason"":3}"
13755035,"{""Old"":140,""New"":142,""Reason"":3}"
40712395,"{""Old"":1002,""New"":1004,""Reason"":3}"
40712395,"{""Old"":799,""New"":801,""Reason"":3}"
16303419,"{""Old"":73662,""New"":73682,""Reason"":3}"
16303419,"{""Old"":75069,""New"":75079,""Reason"":3}"
40712395,"{""Old"":1267,""New"":1269,""Reason"":3}"
40712395,"{""Old"":1269,""New"":1271,""Reason"":3}"
208910409,"{""Old"":429,""New"":431,""Reason"":3}"
13755035,"{""Old"":199,""New"":201,""Reason"":3}"
16303419,"{""Old"":73042,""New"":73052,""Reason"":3}"
16303419,"{""Old"":73894,""New"":73904,""Reason"":3}"
16303419,"{""Old"":73767,""New"":73787,""Reason"":3}"
16303419,"{""Old"":74554,""New"":74564,""Reason"":3}"
16303419,"{""Old"":74779,""New"":74809,""Reason"":3}"
16303419,"{""Old"":75589,""New"":75609,""Reason"":3}"
16303419,"{""Old"":76471,""New"":76501,""Reason"":3}"
16303419,"{""Old"":76811,""New"":76821,""Reason"":3}"
16303419,"{""Old"":77136,""New"":77156,""Reason"":3}"
8673338,"{""Old"":12742,""New"":12744,""Reason"":3}"
8673338,"{""Old"":13272,""New"":13282,""Reason"":3}"
8673338,"{""Old"":12876,""New"":12878,""Reason"":3}"
32405736,"{""Old"":1259,""New"":1261,""Reason"":3}"
17730425,"{""Old"":2816,""New"":2818,""Reason"":3}"
8883313,"{""Old"":1672,""New"":1674,""Reason"":3}"
41040836,"{""Old"":473,""New"":475,""Reason"":3}"
41040836,"{""Old"":532,""New"":534,""Reason"":3}"
41040836,"{""Old"":422,""New"":424,""Reason"":3}"
26453322,"{""Old"":32321,""New"":32331,""Reason"":3}"
86009749,"{""Old"":477,""New"":479,""Reason"":3}"
26453322,"{""Old"":33453,""New"":33455,""Reason"":3}"
26453322,"{""Old"":33010,""New"":33012,""Reason"":3}"
20440680,"{""Old"":3373,""New"":3375,""Reason"":3}"
20440680,"{""Old"":3505,""New"":3509,""Reason"":3}"
20440680,"{""Old"":3326,""New"":3328,""Reason"":3}"
20440680,"{""Old"":3385,""New"":3387,""Reason"":3}"
20440680,"{""Old"":3493,""New"":3495,""Reason"":3}"
20440680,"{""Old"":3438,""New"":3440,""Reason"":3}"
58261482,"{""Old"":1595,""New"":1597,""Reason"":3}"
81856946,"{""Old"":854,""New"":856,""Reason"":3}"
81856946,"{""Old"":1097,""New"":1099,""Reason"":3}"
81856946,"{""Old"":411,""New"":413,""Reason"":3}"
19970226,"{""Old"":50,""New"":52,""Reason"":3}"
61658100,"{""Old"":1545,""New"":1547,""Reason"":3}"
35875544,"{""Old"":20189,""New"":20191,""Reason"":3}"
35875544,"{""Old"":22133,""New"":22135,""Reason"":3}"
35875544,"{""Old"":22246,""New"":22256,""Reason"":3}"
35875544,"{""Old"":22350,""New"":22360,""Reason"":3}"
35875544,"{""Old"":22716,""New"":22718,""Reason"":3}"
38749156,"{""Old"":1259,""New"":1261,""Reason"":3}"
38749156,"{""Old"":1917,""New"":1919,""Reason"":3}"
47200242,"{""Old"":7028,""New"":7030,""Reason"":3}"
47200242,"{""Old"":7194,""New"":7196,""Reason"":3}"
47200242,"{""Old"":7188,""New"":7190,""Reason"":3}"
47200242,"{""Old"":7491,""New"":7493,""Reason"":3}"
47200242,"{""Old"":7200,""New"":7202,""Reason"":3}"
47200242,"{""Old"":7443,""New"":7445,""Reason"":3}"
49831730,"{""Old"":969,""New"":971,""Reason"":3}"
49831730,"{""Old"":1079,""New"":1081,""Reason"":3}"
23305159,"{""Old"":441,""New"":443,""Reason"":3}"
23305159,"{""Old"":744,""New"":746,""Reason"":3}"
23305159,"{""Old"":776,""New"":778,""Reason"":3}"
9692226,"{""Old"":2009,""New"":2011,""Reason"":3}"
23305159,"{""Old"":414,""New"":416,""Reason"":3}"
23305159,"{""Old"":491,""New"":495,""Reason"":3}"
23305159,"{""Old"":826,""New"":828,""Reason"":3}"
44931151,"{""Old"":83108,""New"":83118,""Reason"":3}"
44931151,"{""Old"":83158,""New"":83168,""Reason"":3}"
44931151,"{""Old"":83340,""New"":83350,""Reason"":3}"
44931151,"{""Old"":84025,""New"":84035,""Reason"":3}"
44931151,"{""Old"":84255,""New"":84265,""Reason"":3}"
44931151,"{""Old"":84315,""New"":84325,""Reason"":3}"
44663519,"{""Old"":467,""New"":469,""Reason"":3}"
40606596,"{""Old"":503,""New"":505,""Reason"":3}"
44663519,"{""Old"":405,""New"":407,""Reason"":3}"
41121780,"{""Old"":301,""New"":303,""Reason"":3}"
25599199,"{""Old"":1182,""New"":1184,""Reason"":3}"
80491185,"{""Old"":4329,""New"":4339,""Reason"":3}"
20454483,"{""Old"":31,""New"":33,""Reason"":3}"
26453322,"{""Old"":32421,""New"":32441,""Reason"":3}"
26453322,"{""Old"":32970,""New"":32980,""Reason"":3}"
26453322,"{""Old"":32688,""New"":32698,""Reason"":3}"
26453322,"{""Old"":33493,""New"":33495,""Reason"":3}"
26453322,"{""Old"":32923,""New"":32933,""Reason"":3}"
23353445,"{""Old"":407,""New"":409,""Reason"":3}"
26453322,"{""Old"":32748,""New"":32758,""Reason"":3}"
26453322,"{""Old"":32451,""New"":32461,""Reason"":3}"
26453322,"{""Old"":32933,""New"":32943,""Reason"":3}"
66273046,"{""Old"":119,""New"":121,""Reason"":3}"
38749156,"{""Old"":1115,""New"":1121,""Reason"":3}"
38749156,"{""Old"":2996,""New"":3006,""Reason"":3}"
38749156,"{""Old"":3135,""New"":3137,""Reason"":3}"
38749156,"{""Old"":6049,""New"":6059,""Reason"":3}"
38749156,"{""Old"":6279,""New"":6299,""Reason"":3}"
57851814,"{""Old"":717,""New"":719,""Reason"":3}"
13083476,"{""Old"":452,""New"":462,""Reason"":3}"
13083476,"{""Old"":255,""New"":257,""Reason"":3}"
13083476,"{""Old"":390,""New"":392,""Reason"":3}"
42367164,"{""Old"":1360,""New"":1366,""Reason"":3}"
42367164,"{""Old"":1973,""New"":1975,""Reason"":3}"
205211705,"{""Old"":3367,""New"":3369,""Reason"":3}"
62448257,"{""Old"":2140,""New"":2142,""Reason"":3}"
4980186,"{""Old"":3223,""New"":3233,""Reason"":3}"
4980186,"{""Old"":3472,""New"":3474,""Reason"":3}"
63778994,"{""Old"":365442,""New"":365452,""Reason"":3}"
63778994,"{""Old"":365812,""New"":365832,""Reason"":3}"
63778994,"{""Old"":362387,""New"":362407,""Reason"":3}"
63778994,"{""Old"":364792,""New"":364802,""Reason"":3}"
63778994,"{""Old"":359671,""New"":359681,""Reason"":3}"
63778994,"{""Old"":361543,""New"":361553,""Reason"":3}"
63778994,"{""Old"":364168,""New"":364178,""Reason"":3}"
63778994,"{""Old"":367127,""New"":367137,""Reason"":3}"
63778994,"{""Old"":359621,""New"":359631,""Reason"":3}"
63778994,"{""Old"":360485,""New"":360495,""Reason"":3}"
63778994,"{""Old"":362257,""New"":362277,""Reason"":3}"
63778994,"{""Old"":362517,""New"":362537,""Reason"":3}"
63778994,"{""Old"":367117,""New"":367127,""Reason"":3}"
63778994,"{""Old"":359591,""New"":359621,""Reason"":3}"
63778994,"{""Old"":362749,""New"":362769,""Reason"":3}"
63778994,"{""Old"":364490,""New"":364530,""Reason"":3}"
63778994,"{""Old"":364982,""New"":364992,""Reason"":3}"
63778994,"{""Old"":365452,""New"":365462,""Reason"":3}"
63778994,"{""Old"":365697,""New"":365717,""Reason"":3}"
63778994,"{""Old"":366342,""New"":366352,""Reason"":3}"
63778994,"{""Old"":367422,""New"":367432,""Reason"":3}"
23305159,"{""Old"":139,""New"":141,""Reason"":3}"
63778994,"{""Old"":357105,""New"":357115,""Reason"":3}"
65661392,"{""Old"":5494,""New"":5504,""Reason"":3}"
32002545,"{""Old"":288,""New"":290,""Reason"":3}"
32002545,"{""Old"":540,""New"":542,""Reason"":3}"
48073539,"{""Old"":2193,""New"":2195,""Reason"":3}"
48073539,"{""Old"":2171,""New"":2181,""Reason"":3}"
79480736,"{""Old"":459,""New"":463,""Reason"":3}"
79480736,"{""Old"":550,""New"":552,""Reason"":3}"
43780156,"{""Old"":12710,""New"":12720,""Reason"":3}"
43780156,"{""Old"":12745,""New"":12755,""Reason"":3}"
43780156,"{""Old"":16531,""New"":16541,""Reason"":3}"
43780156,"{""Old"":16891,""New"":16911,""Reason"":3}"
43780156,"{""Old"":16786,""New"":16796,""Reason"":3}"
43780156,"{""Old"":20683,""New"":20693,""Reason"":3}"
43780156,"{""Old"":21288,""New"":21298,""Reason"":3}"
43780156,"{""Old"":28078,""New"":28098,""Reason"":3}"
43780156,"{""Old"":32428,""New"":32438,""Reason"":3}"
43780156,"{""Old"":33038,""New"":33048,""Reason"":3}"
43780156,"{""Old"":36013,""New"":36023,""Reason"":3}"
43780156,"{""Old"":39163,""New"":39173,""Reason"":3}"
79480736,"{""Old"":292,""New"":294,""Reason"":3}"
79480736,"{""Old"":679,""New"":681,""Reason"":3}"
79480736,"{""Old"":703,""New"":707,""Reason"":3}"
79480736,"{""Old"":727,""New"":729,""Reason"":3}"
83457219,"{""Old"":2251,""New"":2253,""Reason"":3}"
83457219,"{""Old"":2343,""New"":2345,""Reason"":3}"
83457219,"{""Old"":2406,""New"":2408,""Reason"":3}"
83457219,"{""Old"":2227,""New"":2229,""Reason"":3}"
83457219,"{""Old"":2247,""New"":2249,""Reason"":3}"
83457219,"{""Old"":2149,""New"":2151,""Reason"":3}"
36153809,"{""Old"":672,""New"":674,""Reason"":3}"
6865857,"{""Old"":3326,""New"":3328,""Reason"":3}"
42284682,"{""Old"":879,""New"":881,""Reason"":3}"
43780156,"{""Old"":3223,""New"":3233,""Reason"":3}"
43780156,"{""Old"":4047,""New"":4057,""Reason"":3}"
43780156,"{""Old"":4288,""New"":4298,""Reason"":3}"
43780156,"{""Old"":7957,""New"":7967,""Reason"":3}"
43780156,"{""Old"":8092,""New"":8102,""Reason"":3}"
43780156,"{""Old"":8322,""New"":8332,""Reason"":3}"
43780156,"{""Old"":9226,""New"":9236,""Reason"":3}"
43780156,"{""Old"":14182,""New"":14192,""Reason"":3}"
43780156,"{""Old"":18906,""New"":18926,""Reason"":3}"
43780156,"{""Old"":22213,""New"":22223,""Reason"":3}"
43780156,"{""Old"":23273,""New"":23283,""Reason"":3}"
43780156,"{""Old"":26243,""New"":26253,""Reason"":3}"
43780156,"{""Old"":31678,""New"":31688,""Reason"":3}"
43780156,"{""Old"":33933,""New"":33953,""Reason"":3}"
43780156,"{""Old"":37833,""New"":37843,""Reason"":3}"
43780156,"{""Old"":38283,""New"":38293,""Reason"":3}"
43780156,"{""Old"":38353,""New"":38363,""Reason"":3}"
43780156,"{""Old"":39303,""New"":39313,""Reason"":3}"
43780156,"{""Old"":39563,""New"":39583,""Reason"":3}"
83319984,"{""Old"":4629,""New"":4639,""Reason"":3}"
40606596,"{""Old"":537,""New"":539,""Reason"":3}"
40606596,"{""Old"":525,""New"":527,""Reason"":3}"
40606596,"{""Old"":539,""New"":541,""Reason"":3}"
44931151,"{""Old"":82170,""New"":82172,""Reason"":3}"
44931151,"{""Old"":82898,""New"":82900,""Reason"":3}"
44931151,"{""Old"":82816,""New"":82818,""Reason"":3}"
41121780,"{""Old"":283,""New"":285,""Reason"":3}"
41121780,"{""Old"":319,""New"":329,""Reason"":3}"
80491185,"{""Old"":4998,""New"":5000,""Reason"":3}"
80491185,"{""Old"":4918,""New"":4920,""Reason"":3}"
215520292,"{""Old"":315256,""New"":315258,""Reason"":3}"
83319984,"{""Old"":4504,""New"":4514,""Reason"":3}"
6865857,"{""Old"":2940,""New"":2950,""Reason"":3}"
6865857,"{""Old"":3157,""New"":3159,""Reason"":3}"
83457219,"{""Old"":2165,""New"":2167,""Reason"":3}"
83457219,"{""Old"":2235,""New"":2237,""Reason"":3}"
83457219,"{""Old"":2256,""New"":2258,""Reason"":3}"
9130127,"{""Old"":138,""New"":140,""Reason"":3}"
43780156,"{""Old"":2411,""New"":2421,""Reason"":3}"
43780156,"{""Old"":4951,""New"":4961,""Reason"":3}"
43780156,"{""Old"":10878,""New"":10888,""Reason"":3}"
43780156,"{""Old"":11525,""New"":11535,""Reason"":3}"
43780156,"{""Old"":11660,""New"":11680,""Reason"":3}"
43780156,"{""Old"":12080,""New"":12090,""Reason"":3}"
43780156,"{""Old"":16566,""New"":16586,""Reason"":3}"
43780156,"{""Old"":16881,""New"":16891,""Reason"":3}"
43780156,"{""Old"":17766,""New"":17786,""Reason"":3}"
43780156,"{""Old"":18011,""New"":18061,""Reason"":3}"
43780156,"{""Old"":18966,""New"":18976,""Reason"":3}"
43780156,"{""Old"":19236,""New"":19246,""Reason"":3}"
43780156,"{""Old"":19398,""New"":19408,""Reason"":3}"
43780156,"{""Old"":39703,""New"":39713,""Reason"":3}"
43780156,"{""Old"":26453,""New"":26463,""Reason"":3}"
43780156,"{""Old"":26568,""New"":26578,""Reason"":3}"
43780156,"{""Old"":36943,""New"":36963,""Reason"":3}"
43780156,"{""Old"":38383,""New"":38393,""Reason"":3}"
43780156,"{""Old"":38813,""New"":38823,""Reason"":3}"
43780156,"{""Old"":5101,""New"":5111,""Reason"":3}"
43780156,"{""Old"":6907,""New"":6927,""Reason"":3}"
43780156,"{""Old"":11830,""New"":11840,""Reason"":3}"
43780156,"{""Old"":12565,""New"":12575,""Reason"":3}"
43780156,"{""Old"":14484,""New"":14494,""Reason"":3}"
43780156,"{""Old"":18936,""New"":18946,""Reason"":3}"
43780156,"{""Old"":21068,""New"":21078,""Reason"":3}"
42284682,"{""Old"":877,""New"":879,""Reason"":3}"
8673338,"{""Old"":12816,""New"":12818,""Reason"":3}"
8673338,"{""Old"":13144,""New"":13146,""Reason"":3}"
8673338,"{""Old"":12710,""New"":12712,""Reason"":3}"
8673338,"{""Old"":12752,""New"":12754,""Reason"":3}"
11296566,"{""Old"":2385,""New"":2387,""Reason"":3}"
84957257,"{""Old"":17269,""New"":17271,""Reason"":3}"
84957257,"{""Old"":17311,""New"":17313,""Reason"":3}"
8673338,"{""Old"":12902,""New"":12912,""Reason"":3}"
8673338,"{""Old"":13230,""New"":13240,""Reason"":3}"
8673338,"{""Old"":12754,""New"":12756,""Reason"":3}"
8673338,"{""Old"":12926,""New"":12928,""Reason"":3}"
8673338,"{""Old"":13036,""New"":13046,""Reason"":3}"
8673338,"{""Old"":13294,""New"":13304,""Reason"":3}"
26186173,"{""Old"":107,""New"":109,""Reason"":3}"
48205250,"{""Old"":4266,""New"":4268,""Reason"":3}"
48205250,"{""Old"":4293,""New"":4295,""Reason"":3}"
48205250,"{""Old"":4579,""New"":4581,""Reason"":3}"
63778994,"{""Old"":368202,""New"":368212,""Reason"":3}"
63778994,"{""Old"":365717,""New"":365737,""Reason"":3}"
63778994,"{""Old"":366047,""New"":366057,""Reason"":3}"
63778994,"{""Old"":366187,""New"":366217,""Reason"":3}"
63778994,"{""Old"":367652,""New"":367682,""Reason"":3}"
63778994,"{""Old"":364158,""New"":364168,""Reason"":3}"
63778994,"{""Old"":365072,""New"":365082,""Reason"":3}"
63778994,"{""Old"":365052,""New"":365062,""Reason"":3}"
63778994,"{""Old"":367077,""New"":367117,""Reason"":3}"
79480736,"{""Old"":270,""New"":272,""Reason"":3}"
79480736,"{""Old"":409,""New"":411,""Reason"":3}"
43780156,"{""Old"":5306,""New"":5326,""Reason"":3}"
43780156,"{""Old"":6522,""New"":6532,""Reason"":3}"
43780156,"{""Old"":11455,""New"":11465,""Reason"":3}"
43780156,"{""Old"":3203,""New"":3213,""Reason"":3}"
43780156,"{""Old"":3141,""New"":3143,""Reason"":3}"
43780156,"{""Old"":3638,""New"":3648,""Reason"":3}"
43780156,"{""Old"":3845,""New"":3855,""Reason"":3}"
43780156,"{""Old"":4192,""New"":4202,""Reason"":3}"
43780156,"{""Old"":2481,""New"":2491,""Reason"":3}"
83457219,"{""Old"":2151,""New"":2153,""Reason"":3}"
83457219,"{""Old"":2376,""New"":2378,""Reason"":3}"
36153809,"{""Old"":674,""New"":676,""Reason"":3}"
53568722,"{""Old"":175,""New"":177,""Reason"":3}"
79480736,"{""Old"":263,""New"":265,""Reason"":3}"
43780156,"{""Old"":2331,""New"":2341,""Reason"":3}"
79480736,"{""Old"":608,""New"":618,""Reason"":3}"
43780156,"{""Old"":4386,""New"":4396,""Reason"":3}"
43780156,"{""Old"":6033,""New"":6043,""Reason"":3}"
43780156,"{""Old"":7732,""New"":7762,""Reason"":3}"
43780156,"{""Old"":8524,""New"":8544,""Reason"":3}"
43780156,"{""Old"":9896,""New"":9906,""Reason"":3}"
43780156,"{""Old"":11710,""New"":11730,""Reason"":3}"
43780156,"{""Old"":13237,""New"":13257,""Reason"":3}"
43780156,"{""Old"":13587,""New"":13607,""Reason"":3}"
43780156,"{""Old"":17106,""New"":17126,""Reason"":3}"
43780156,"{""Old"":17976,""New"":17986,""Reason"":3}"
43780156,"{""Old"":19186,""New"":19196,""Reason"":3}"
43780156,"{""Old"":21568,""New"":21578,""Reason"":3}"
43780156,"{""Old"":23103,""New"":23113,""Reason"":3}"
43780156,"{""Old"":23658,""New"":23678,""Reason"":3}"
43780156,"{""Old"":24823,""New"":24833,""Reason"":3}"
43780156,"{""Old"":27163,""New"":27173,""Reason"":3}"
43780156,"{""Old"":29678,""New"":29688,""Reason"":3}"
43780156,"{""Old"":32983,""New"":32993,""Reason"":3}"
43780156,"{""Old"":37313,""New"":37333,""Reason"":3}"
43780156,"{""Old"":38833,""New"":38843,""Reason"":3}"
43780156,"{""Old"":39073,""New"":39083,""Reason"":3}"
43780156,"{""Old"":39353,""New"":39363,""Reason"":3}"
40606596,"{""Old"":480,""New"":482,""Reason"":3}"
43780156,"{""Old"":39883,""New"":39893,""Reason"":3}"
79480736,"{""Old"":351,""New"":361,""Reason"":3}"
79480736,"{""Old"":592,""New"":594,""Reason"":3}"
79480736,"{""Old"":317,""New"":319,""Reason"":3}"
79480736,"{""Old"":491,""New"":493,""Reason"":3}"
43780156,"{""Old"":4719,""New"":4729,""Reason"":3}"
43780156,"{""Old"":39693,""New"":39703,""Reason"":3}"
79480736,"{""Old"":405,""New"":407,""Reason"":3}"
79480736,"{""Old"":653,""New"":657,""Reason"":3}"
83457219,"{""Old"":2086,""New"":2088,""Reason"":3}"
83457219,"{""Old"":2100,""New"":2102,""Reason"":3}"
43780156,"{""Old"":3303,""New"":3313,""Reason"":3}"
43780156,"{""Old"":7037,""New"":7057,""Reason"":3}"
43780156,"{""Old"":10743,""New"":10753,""Reason"":3}"
43780156,"{""Old"":10788,""New"":10798,""Reason"":3}"
43780156,"{""Old"":11370,""New"":11390,""Reason"":3}"
43780156,"{""Old"":16936,""New"":16946,""Reason"":3}"
43780156,"{""Old"":18181,""New"":18191,""Reason"":3}"
43780156,"{""Old"":27928,""New"":27938,""Reason"":3}"
43780156,"{""Old"":27828,""New"":27838,""Reason"":3}"
43780156,"{""Old"":28048,""New"":28068,""Reason"":3}"
43780156,"{""Old"":27958,""New"":27968,""Reason"":3}"
43780156,"{""Old"":28898,""New"":28918,""Reason"":3}"
43780156,"{""Old"":28868,""New"":28878,""Reason"":3}"
43780156,"{""Old"":29613,""New"":29623,""Reason"":3}"
43780156,"{""Old"":34783,""New"":34803,""Reason"":3}"
43780156,"{""Old"":37503,""New"":37513,""Reason"":3}"
43780156,"{""Old"":38803,""New"":38813,""Reason"":3}"
9130127,"{""Old"":168,""New"":170,""Reason"":3}"
83319984,"{""Old"":4515,""New"":4517,""Reason"":3}"
16303419,"{""Old"":66170,""New"":66180,""Reason"":3}"
16303419,"{""Old"":69163,""New"":69173,""Reason"":3}"
16303419,"{""Old"":69595,""New"":69615,""Reason"":3}"
16303419,"{""Old"":70465,""New"":70485,""Reason"":3}"
32389590,"{""Old"":345,""New"":355,""Reason"":3}"
32389590,"{""Old"":374,""New"":376,""Reason"":3}"
16303419,"{""Old"":78203,""New"":78205,""Reason"":3}"
86281742,"{""Old"":1207,""New"":1209,""Reason"":3}"
10339843,"{""Old"":217,""New"":219,""Reason"":3}"
24608076,"{""Old"":4457,""New"":4467,""Reason"":3}"
55531402,"{""Old"":923207,""New"":923217,""Reason"":3}"
55531402,"{""Old"":923217,""New"":923227,""Reason"":3}"
55531402,"{""Old"":923259,""New"":923269,""Reason"":3}"
85219672,"{""Old"":12887,""New"":12889,""Reason"":3}"
85219672,"{""Old"":14775,""New"":14785,""Reason"":3}"
85219672,"{""Old"":12826,""New"":12828,""Reason"":3}"
80758401,"{""Old"":6373,""New"":6383,""Reason"":3}"
80758401,"{""Old"":6445,""New"":6455,""Reason"":3}"
47061761,"{""Old"":1291,""New"":1293,""Reason"":3}"
47061761,"{""Old"":927,""New"":929,""Reason"":3}"
47061761,"{""Old"":935,""New"":937,""Reason"":3}"
47061761,"{""Old"":981,""New"":983,""Reason"":3}"
47061761,"{""Old"":1094,""New"":1096,""Reason"":3}"
62448257,"{""Old"":2230,""New"":2232,""Reason"":3}"
28562228,"{""Old"":154,""New"":156,""Reason"":3}"
35875544,"{""Old"":21619,""New"":21629,""Reason"":3}"
42367164,"{""Old"":951,""New"":953,""Reason"":3}"
39687811,"{""Old"":213,""New"":215,""Reason"":3}"
38749156,"{""Old"":336,""New"":338,""Reason"":3}"
62448257,"{""Old"":2180,""New"":2182,""Reason"":3}"
79142355,"{""Old"":970,""New"":972,""Reason"":3}"
8883313,"{""Old"":1466,""New"":1468,""Reason"":3}"
73660558,"{""Old"":2511,""New"":2513,""Reason"":3}"
37784995,"{""Old"":4499,""New"":4501,""Reason"":3}"
17730425,"{""Old"":2969,""New"":2979,""Reason"":3}"
26480103,"{""Old"":305,""New"":307,""Reason"":3}"
77882057,"{""Old"":144,""New"":146,""Reason"":3}"
77882057,"{""Old"":187,""New"":189,""Reason"":3}"
81856946,"{""Old"":419,""New"":421,""Reason"":3}"
26480103,"{""Old"":690,""New"":694,""Reason"":3}"
26480103,"{""Old"":465,""New"":467,""Reason"":3}"
50494222,"{""Old"":81895,""New"":81905,""Reason"":3}"
50494222,"{""Old"":81843,""New"":81845,""Reason"":3}"
50494222,"{""Old"":82105,""New"":82107,""Reason"":3}"
50494222,"{""Old"":82085,""New"":82095,""Reason"":3}"
50494222,"{""Old"":82527,""New"":82537,""Reason"":3}"
20440680,"{""Old"":3456,""New"":3466,""Reason"":3}"
20440680,"{""Old"":3487,""New"":3489,""Reason"":3}"
50494222,"{""Old"":81577,""New"":81587,""Reason"":3}"
50494222,"{""Old"":81915,""New"":81925,""Reason"":3}"
50494222,"{""Old"":82377,""New"":82387,""Reason"":3}"
4239086,"{""Old"":4051,""New"":4053,""Reason"":3}"
71718548,"{""Old"":477,""New"":481,""Reason"":3}"
4239086,"{""Old"":3808,""New"":3810,""Reason"":3}"
28505678,"{""Old"":1083,""New"":1085,""Reason"":3}"
32381984,"{""Old"":278,""New"":280,""Reason"":3}"
55180850,"{""Old"":145,""New"":147,""Reason"":3}"
48073539,"{""Old"":2376,""New"":2386,""Reason"":3}"
84303672,"{""Old"":9842,""New"":9844,""Reason"":3}"
52436180,"{""Old"":379085,""New"":379095,""Reason"":3}"
52436180,"{""Old"":382214,""New"":382234,""Reason"":3}"
20302898,"{""Old"":2790,""New"":2792,""Reason"":3}"
84957257,"{""Old"":17255,""New"":17265,""Reason"":3}"
70315956,"{""Old"":831,""New"":833,""Reason"":3}"
218151732,"{""Old"":2274,""New"":2278,""Reason"":3}"
218151732,"{""Old"":2304,""New"":2306,""Reason"":3}"
43780156,"{""Old"":75608,""New"":75610,""Reason"":3}"
12006488,"{""Old"":350,""New"":352,""Reason"":3}"
16303419,"{""Old"":67720,""New"":67722,""Reason"":3}"
16303419,"{""Old"":69425,""New"":69435,""Reason"":3}"
16303419,"{""Old"":71127,""New"":71137,""Reason"":3}"
65582555,"{""Old"":44,""New"":46,""Reason"":3}"
63778994,"{""Old"":359172,""New"":359174,""Reason"":3}"
26480103,"{""Old"":517,""New"":521,""Reason"":3}"
26480103,"{""Old"":688,""New"":690,""Reason"":3}"
26480103,"{""Old"":515,""New"":517,""Reason"":3}"
26480103,"{""Old"":544,""New"":546,""Reason"":3}"
26480103,"{""Old"":596,""New"":598,""Reason"":3}"
63778994,"{""Old"":360423,""New"":360433,""Reason"":3}"
81856946,"{""Old"":1271,""New"":1275,""Reason"":3}"
79782981,"{""Old"":3855,""New"":3857,""Reason"":3}"
79782981,"{""Old"":4693,""New"":4695,""Reason"":3}"
79782981,"{""Old"":6488,""New"":6498,""Reason"":3}"
79782981,"{""Old"":7457,""New"":7467,""Reason"":3}"
79782981,"{""Old"":8033,""New"":8043,""Reason"":3}"
81856946,"{""Old"":544,""New"":554,""Reason"":3}"
58261482,"{""Old"":1272,""New"":1274,""Reason"":3}"
79782981,"{""Old"":3314,""New"":3324,""Reason"":3}"
6615671,"{""Old"":1092,""New"":1094,""Reason"":3}"
58261482,"{""Old"":1523,""New"":1525,""Reason"":3}"
46662749,"{""Old"":2191,""New"":2193,""Reason"":3}"
46662749,"{""Old"":2283,""New"":2285,""Reason"":3}"
81856946,"{""Old"":1289,""New"":1291,""Reason"":3}"
211423534,"{""Old"":42103,""New"":42113,""Reason"":3}"
211423534,"{""Old"":42193,""New"":42203,""Reason"":3}"
211423534,"{""Old"":42273,""New"":42283,""Reason"":3}"
23305159,"{""Old"":856,""New"":858,""Reason"":3}"
23305159,"{""Old"":385,""New"":387,""Reason"":3}"
23305159,"{""Old"":756,""New"":766,""Reason"":3}"
81856946,"{""Old"":533,""New"":535,""Reason"":3}"
79782981,"{""Old"":3261,""New"":3263,""Reason"":3}"
79782981,"{""Old"":3366,""New"":3368,""Reason"":3}"
79782981,"{""Old"":3374,""New"":3376,""Reason"":3}"
79782981,"{""Old"":3552,""New"":3554,""Reason"":3}"
10586403,"{""Old"":2798,""New"":2800,""Reason"":3}"
10586403,"{""Old"":2768,""New"":2778,""Reason"":3}"
32116408,"{""Old"":1323,""New"":1325,""Reason"":3}"
10586403,"{""Old"":2782,""New"":2784,""Reason"":3}"
44481882,"{""Old"":613,""New"":615,""Reason"":3}"
35875544,"{""Old"":20090,""New"":20092,""Reason"":3}"
35875544,"{""Old"":19769,""New"":19773,""Reason"":3}"
35875544,"{""Old"":19822,""New"":19824,""Reason"":3}"
35875544,"{""Old"":22576,""New"":22586,""Reason"":3}"
50416621,"{""Old"":2661,""New"":2671,""Reason"":3}"
38749156,"{""Old"":1774,""New"":1778,""Reason"":3}"
38749156,"{""Old"":3261,""New"":3265,""Reason"":3}"
38749156,"{""Old"":5414,""New"":5418,""Reason"":3}"
38749156,"{""Old"":5598,""New"":5608,""Reason"":3}"
10339843,"{""Old"":212,""New"":214,""Reason"":3}"
85219672,"{""Old"":14051,""New"":14053,""Reason"":3}"
85219672,"{""Old"":14103,""New"":14105,""Reason"":3}"
85219672,"{""Old"":13574,""New"":13576,""Reason"":3}"
85219672,"{""Old"":13992,""New"":13994,""Reason"":3}"
10241303,"{""Old"":692,""New"":694,""Reason"":3}"
4472194,"{""Old"":3247,""New"":3249,""Reason"":3}"
36439403,"{""Old"":1579,""New"":1581,""Reason"":3}"
25799691,"{""Old"":2578,""New"":2580,""Reason"":3}"
210993055,"{""Old"":56657,""New"":56667,""Reason"":3}"
70315956,"{""Old"":827,""New"":829,""Reason"":3}"
79142355,"{""Old"":938,""New"":940,""Reason"":3}"
218151732,"{""Old"":2284,""New"":2286,""Reason"":3}"
70971660,"{""Old"":689,""New"":691,""Reason"":3}"
70971660,"{""Old"":737,""New"":739,""Reason"":3}"
70971660,"{""Old"":858,""New"":860,""Reason"":3}"
70971660,"{""Old"":654,""New"":656,""Reason"":3}"
38749156,"{""Old"":2367,""New"":2369,""Reason"":3}"
38749156,"{""Old"":3123,""New"":3125,""Reason"":3}"
38749156,"{""Old"":3031,""New"":3041,""Reason"":3}"
38749156,"{""Old"":3436,""New"":3476,""Reason"":3}"
38749156,"{""Old"":4046,""New"":4076,""Reason"":3}"
38749156,"{""Old"":4308,""New"":4310,""Reason"":3}"
38749156,"{""Old"":4460,""New"":4470,""Reason"":3}"
38749156,"{""Old"":6414,""New"":6424,""Reason"":3}"
38238691,"{""Old"":26,""New"":28,""Reason"":3}"
25154055,"{""Old"":554,""New"":556,""Reason"":3}"
38749156,"{""Old"":479,""New"":481,""Reason"":3}"
42367164,"{""Old"":934,""New"":938,""Reason"":3}"
42367164,"{""Old"":1199,""New"":1201,""Reason"":3}"
42367164,"{""Old"":1268,""New"":1270,""Reason"":3}"
42367164,"{""Old"":1678,""New"":1680,""Reason"":3}"
8257034,"{""Old"":3213,""New"":3215,""Reason"":3}"
8257034,"{""Old"":3211,""New"":3213,""Reason"":3}"
8257034,"{""Old"":3282,""New"":3284,""Reason"":3}"
49831730,"{""Old"":649,""New"":651,""Reason"":3}"
66273046,"{""Old"":140,""New"":142,""Reason"":3}"
35875544,"{""Old"":23123,""New"":23125,""Reason"":3}"
6084170,"{""Old"":8542,""New"":8544,""Reason"":3}"
4980186,"{""Old"":2587,""New"":2597,""Reason"":3}"
42367164,"{""Old"":930,""New"":932,""Reason"":3}"
7034318,"{""Old"":220,""New"":222,""Reason"":3}"
208990330,"{""Old"":199,""New"":201,""Reason"":3}"
78285576,"{""Old"":1463,""New"":1465,""Reason"":3}"
46290546,"{""Old"":7712,""New"":7722,""Reason"":3}"
26480103,"{""Old"":637,""New"":639,""Reason"":3}"
26480103,"{""Old"":672,""New"":674,""Reason"":3}"
79782981,"{""Old"":3274,""New"":3276,""Reason"":3}"
79782981,"{""Old"":3651,""New"":3653,""Reason"":3}"
79782981,"{""Old"":7467,""New"":7477,""Reason"":3}"
25602497,"{""Old"":531,""New"":533,""Reason"":3}"
61658100,"{""Old"":1631,""New"":1633,""Reason"":3}"
81856946,"{""Old"":1240,""New"":1246,""Reason"":3}"
81856946,"{""Old"":641,""New"":651,""Reason"":3}"
81856946,"{""Old"":591,""New"":593,""Reason"":3}"
81856946,"{""Old"":629,""New"":631,""Reason"":3}"
81856946,"{""Old"":816,""New"":818,""Reason"":3}"
81856946,"{""Old"":1343,""New"":1345,""Reason"":3}"
79782981,"{""Old"":4523,""New"":4533,""Reason"":3}"
79782981,"{""Old"":5669,""New"":5679,""Reason"":3}"
26480103,"{""Old"":540,""New"":542,""Reason"":3}"
79782981,"{""Old"":3497,""New"":3499,""Reason"":3}"
81856946,"{""Old"":604,""New"":606,""Reason"":3}"
58261482,"{""Old"":1347,""New"":1349,""Reason"":3}"
26480103,"{""Old"":494,""New"":496,""Reason"":3}"
26480103,"{""Old"":631,""New"":633,""Reason"":3}"
6615671,"{""Old"":934,""New"":936,""Reason"":3}"
48073539,"{""Old"":2280,""New"":2282,""Reason"":3}"
29350329,"{""Old"":181,""New"":185,""Reason"":3}"
11129004,"{""Old"":4155,""New"":4165,""Reason"":3}"
20302898,"{""Old"":2703,""New"":2705,""Reason"":3}"
205211705,"{""Old"":3666,""New"":3668,""Reason"":3}"
205211705,"{""Old"":3654,""New"":3656,""Reason"":3}"
205211705,"{""Old"":3660,""New"":3662,""Reason"":3}"
205211705,"{""Old"":3678,""New"":3680,""Reason"":3}"
57851814,"{""Old"":743,""New"":745,""Reason"":3}"
42367164,"{""Old"":1626,""New"":1628,""Reason"":3}"
42367164,"{""Old"":1843,""New"":1845,""Reason"":3}"
42367164,"{""Old"":1913,""New"":1915,""Reason"":3}"
42367164,"{""Old"":2023,""New"":2025,""Reason"":3}"
85485575,"{""Old"":78,""New"":80,""Reason"":3}"
42367164,"{""Old"":1165,""New"":1167,""Reason"":3}"
42367164,"{""Old"":1584,""New"":1586,""Reason"":3}"
42367164,"{""Old"":1680,""New"":1682,""Reason"":3}"
42367164,"{""Old"":1815,""New"":1817,""Reason"":3}"
38749156,"{""Old"":215,""New"":217,""Reason"":3}"
38749156,"{""Old"":332,""New"":334,""Reason"":3}"
38749156,"{""Old"":342,""New"":344,""Reason"":3}"
38749156,"{""Old"":449,""New"":459,""Reason"":3}"
42367164,"{""Old"":1668,""New"":1670,""Reason"":3}"
42367164,"{""Old"":2083,""New"":2085,""Reason"":3}"
35875544,"{""Old"":19738,""New"":19740,""Reason"":3}"
35875544,"{""Old"":20074,""New"":20076,""Reason"":3}"
39687811,"{""Old"":278,""New"":280,""Reason"":3}"
39687811,"{""Old"":314,""New"":316,""Reason"":3}"
35875544,"{""Old"":22063,""New"":22073,""Reason"":3}"
38749156,"{""Old"":2456,""New"":2458,""Reason"":3}"
38749156,"{""Old"":2702,""New"":2712,""Reason"":3}"
38749156,"{""Old"":4036,""New"":4046,""Reason"":3}"
38749156,"{""Old"":5817,""New"":5827,""Reason"":3}"
42367164,"{""Old"":1292,""New"":1302,""Reason"":3}"
42367164,"{""Old"":1731,""New"":1735,""Reason"":3}"
42367164,"{""Old"":2029,""New"":2031,""Reason"":3}"
6084170,"{""Old"":8637,""New"":8647,""Reason"":3}"
35875544,"{""Old"":21160,""New"":21170,""Reason"":3}"
35875544,"{""Old"":21172,""New"":21182,""Reason"":3}"
35875544,"{""Old"":21444,""New"":21446,""Reason"":3}"
64771681,"{""Old"":2491,""New"":2501,""Reason"":3}"
64771681,"{""Old"":2639,""New"":2649,""Reason"":3}"
82629288,"{""Old"":3152,""New"":3154,""Reason"":3}"
205211705,"{""Old"":3134,""New"":3136,""Reason"":3}"
205211705,"{""Old"":3250,""New"":3260,""Reason"":3}"
205211705,"{""Old"":3270,""New"":3272,""Reason"":3}"
57851814,"{""Old"":628,""New"":630,""Reason"":3}"
57851814,"{""Old"":730,""New"":732,""Reason"":3}"
35875544,"{""Old"":21582,""New"":21584,""Reason"":3}"
35875544,"{""Old"":21778,""New"":21788,""Reason"":3}"
49831730,"{""Old"":856,""New"":858,""Reason"":3}"
28562228,"{""Old"":156,""New"":158,""Reason"":3}"
79782981,"{""Old"":8862,""New"":8872,""Reason"":3}"
79782981,"{""Old"":9039,""New"":9049,""Reason"":3}"
81856946,"{""Old"":520,""New"":522,""Reason"":3}"
81856946,"{""Old"":484,""New"":486,""Reason"":3}"
46235249,"{""Old"":4740,""New"":4742,""Reason"":3}"
79782981,"{""Old"":3378,""New"":3380,""Reason"":3}"
79782981,"{""Old"":3460,""New"":3462,""Reason"":3}"
79782981,"{""Old"":3661,""New"":3663,""Reason"":3}"
9692226,"{""Old"":1830,""New"":1832,""Reason"":3}"
79782981,"{""Old"":9049,""New"":9051,""Reason"":3}"
79782981,"{""Old"":3169,""New"":3171,""Reason"":3}"
58261482,"{""Old"":1100,""New"":1102,""Reason"":3}"
46662749,"{""Old"":2242,""New"":2244,""Reason"":3}"
37744135,"{""Old"":28241,""New"":28245,""Reason"":3}"
9692226,"{""Old"":1816,""New"":1818,""Reason"":3}"
9692226,"{""Old"":1838,""New"":1840,""Reason"":3}"
37744135,"{""Old"":29270,""New"":29272,""Reason"":3}"
37744135,"{""Old"":29486,""New"":29488,""Reason"":3}"
37744135,"{""Old"":29578,""New"":29588,""Reason"":3}"
37744135,"{""Old"":29226,""New"":29228,""Reason"":3}"
37744135,"{""Old"":28245,""New"":28255,""Reason"":3}"
79782981,"{""Old"":3342,""New"":3344,""Reason"":3}"
79782981,"{""Old"":3446,""New"":3448,""Reason"":3}"
79782981,"{""Old"":8778,""New"":8788,""Reason"":3}"
79782981,"{""Old"":9284,""New"":9294,""Reason"":3}"
9692226,"{""Old"":1739,""New"":1741,""Reason"":3}"
9692226,"{""Old"":1769,""New"":1771,""Reason"":3}"
37744135,"{""Old"":28207,""New"":28209,""Reason"":3}"
65661392,"{""Old"":5316,""New"":5326,""Reason"":3}"
26480103,"{""Old"":739,""New"":749,""Reason"":3}"
81856946,"{""Old"":463,""New"":465,""Reason"":3}"
81856946,"{""Old"":505,""New"":509,""Reason"":3}"
81856946,"{""Old"":674,""New"":676,""Reason"":3}"
81856946,"{""Old"":757,""New"":759,""Reason"":3}"
58261482,"{""Old"":1527,""New"":1531,""Reason"":3}"
58261482,"{""Old"":1278,""New"":1280,""Reason"":3}"
79782981,"{""Old"":9029,""New"":9039,""Reason"":3}"
79782981,"{""Old"":3708,""New"":3710,""Reason"":3}"
81856946,"{""Old"":1279,""New"":1281,""Reason"":3}"
81856946,"{""Old"":1291,""New"":1293,""Reason"":3}"
79782981,"{""Old"":3334,""New"":3336,""Reason"":3}"
79782981,"{""Old"":3434,""New"":3436,""Reason"":3}"
79782981,"{""Old"":3464,""New"":3466,""Reason"":3}"
79782981,"{""Old"":3332,""New"":3334,""Reason"":3}"
79782981,"{""Old"":3427,""New"":3429,""Reason"":3}"
79782981,"{""Old"":3515,""New"":3517,""Reason"":3}"
79782981,"{""Old"":3338,""New"":3340,""Reason"":3}"
37781144,"{""Old"":386,""New"":388,""Reason"":3}"
37781144,"{""Old"":219,""New"":221,""Reason"":3}"
79782981,"{""Old"":3757,""New"":3759,""Reason"":3}"
43996202,"{""Old"":421,""New"":423,""Reason"":3}"
7473273,"{""Old"":4333,""New"":4343,""Reason"":3}"
9442327,"{""Old"":121,""New"":125,""Reason"":3}"
83457219,"{""Old"":2153,""New"":2155,""Reason"":3}"
83457219,"{""Old"":2323,""New"":2325,""Reason"":3}"
43780156,"{""Old"":1972,""New"":1982,""Reason"":3}"
43780156,"{""Old"":2029,""New"":2031,""Reason"":3}"
79480736,"{""Old"":286,""New"":290,""Reason"":3}"
79480736,"{""Old"":476,""New"":478,""Reason"":3}"
43780156,"{""Old"":2949,""New"":2959,""Reason"":3}"
43780156,"{""Old"":3810,""New"":3820,""Reason"":3}"
43780156,"{""Old"":4699,""New"":4709,""Reason"":3}"
43780156,"{""Old"":10166,""New"":10176,""Reason"":3}"
43780156,"{""Old"":15621,""New"":15651,""Reason"":3}"
43780156,"{""Old"":16016,""New"":16076,""Reason"":3}"
43780156,"{""Old"":19578,""New"":19588,""Reason"":3}"
43780156,"{""Old"":20328,""New"":20338,""Reason"":3}"
43780156,"{""Old"":21483,""New"":21493,""Reason"":3}"
43780156,"{""Old"":24813,""New"":24823,""Reason"":3}"
43780156,"{""Old"":26313,""New"":26323,""Reason"":3}"
43780156,"{""Old"":27968,""New"":27988,""Reason"":3}"
43780156,"{""Old"":30378,""New"":30388,""Reason"":3}"
43780156,"{""Old"":32393,""New"":32403,""Reason"":3}"
43780156,"{""Old"":36633,""New"":36643,""Reason"":3}"
43780156,"{""Old"":37703,""New"":37723,""Reason"":3}"
83457219,"{""Old"":2122,""New"":2124,""Reason"":3}"
83319984,"{""Old"":4707,""New"":4709,""Reason"":3}"
83457219,"{""Old"":2231,""New"":2233,""Reason"":3}"
83457219,"{""Old"":2360,""New"":2362,""Reason"":3}"
83457219,"{""Old"":2102,""New"":2104,""Reason"":3}"
73660558,"{""Old"":2222,""New"":2232,""Reason"":3}"
73660558,"{""Old"":2439,""New"":2441,""Reason"":3}"
8883313,"{""Old"":1462,""New"":1464,""Reason"":3}"
8883313,"{""Old"":1480,""New"":1482,""Reason"":3}"
8883313,"{""Old"":1422,""New"":1424,""Reason"":3}"
20302898,"{""Old"":2670,""New"":2672,""Reason"":3}"
44481882,"{""Old"":652,""New"":654,""Reason"":3}"
44481882,"{""Old"":458,""New"":468,""Reason"":3}"
210993055,"{""Old"":56053,""New"":56063,""Reason"":3}"
210993055,"{""Old"":56625,""New"":56635,""Reason"":3}"
210993055,"{""Old"":56645,""New"":56655,""Reason"":3}"
210993055,"{""Old"":56707,""New"":56717,""Reason"":3}"
16303419,"{""Old"":67350,""New"":67370,""Reason"":3}"
16303419,"{""Old"":73717,""New"":73737,""Reason"":3}"
16303419,"{""Old"":74354,""New"":74384,""Reason"":3}"
13755035,"{""Old"":297,""New"":299,""Reason"":3}"
40712395,"{""Old"":1400,""New"":1402,""Reason"":3}"
208910409,"{""Old"":935,""New"":937,""Reason"":3}"
79480736,"{""Old"":681,""New"":683,""Reason"":3}"
79480736,"{""Old"":730,""New"":734,""Reason"":3}"
43780156,"{""Old"":2959,""New"":2961,""Reason"":3}"
43780156,"{""Old"":5091,""New"":5101,""Reason"":3}"
43780156,"{""Old"":7382,""New"":7392,""Reason"":3}"
43780156,"{""Old"":12805,""New"":12815,""Reason"":3}"
43780156,"{""Old"":18416,""New"":18426,""Reason"":3}"
43780156,"{""Old"":20893,""New"":20903,""Reason"":3}"
43780156,"{""Old"":24303,""New"":24313,""Reason"":3}"
43780156,"{""Old"":24583,""New"":24593,""Reason"":3}"
43780156,"{""Old"":29558,""New"":29578,""Reason"":3}"
43780156,"{""Old"":30633,""New"":30643,""Reason"":3}"
43780156,"{""Old"":33458,""New"":33478,""Reason"":3}"
43780156,"{""Old"":34678,""New"":34698,""Reason"":3}"
43780156,"{""Old"":35723,""New"":35743,""Reason"":3}"
43780156,"{""Old"":36513,""New"":36543,""Reason"":3}"
43780156,"{""Old"":36753,""New"":36763,""Reason"":3}"
43780156,"{""Old"":37403,""New"":37413,""Reason"":3}"
43780156,"{""Old"":37493,""New"":37503,""Reason"":3}"
43780156,"{""Old"":38213,""New"":38263,""Reason"":3}"
43780156,"{""Old"":39153,""New"":39163,""Reason"":3}"
43780156,"{""Old"":5261,""New"":5271,""Reason"":3}"
43780156,"{""Old"":5923,""New"":5933,""Reason"":3}"
43780156,"{""Old"":6577,""New"":6587,""Reason"":3}"
43780156,"{""Old"":9646,""New"":9656,""Reason"":3}"
43780156,"{""Old"":19126,""New"":19136,""Reason"":3}"
43780156,"{""Old"":19638,""New"":19648,""Reason"":3}"
43780156,"{""Old"":20013,""New"":20023,""Reason"":3}"
43780156,"{""Old"":20693,""New"":20703,""Reason"":3}"
43780156,"{""Old"":21783,""New"":21793,""Reason"":3}"
43780156,"{""Old"":22718,""New"":22728,""Reason"":3}"
43780156,"{""Old"":22813,""New"":22823,""Reason"":3}"
43780156,"{""Old"":24463,""New"":24473,""Reason"":3}"
43780156,"{""Old"":24523,""New"":24533,""Reason"":3}"
43780156,"{""Old"":27378,""New"":27398,""Reason"":3}"
43780156,"{""Old"":27673,""New"":27683,""Reason"":3}"
43780156,"{""Old"":29333,""New"":29363,""Reason"":3}"
43780156,"{""Old"":30653,""New"":30663,""Reason"":3}"
43780156,"{""Old"":33708,""New"":33718,""Reason"":3}"
43780156,"{""Old"":34623,""New"":34653,""Reason"":3}"
43780156,"{""Old"":37213,""New"":37233,""Reason"":3}"
43780156,"{""Old"":38063,""New"":38073,""Reason"":3}"
43780156,"{""Old"":38733,""New"":38743,""Reason"":3}"
43780156,"{""Old"":2201,""New"":2211,""Reason"":3}"
43780156,"{""Old"":21858,""New"":21868,""Reason"":3}"
43780156,"{""Old"":22293,""New"":22303,""Reason"":3}"
43780156,"{""Old"":23448,""New"":23468,""Reason"":3}"
43780156,"{""Old"":23318,""New"":23328,""Reason"":3}"
43780156,"{""Old"":24573,""New"":24583,""Reason"":3}"
43780156,"{""Old"":25083,""New"":25093,""Reason"":3}"
43780156,"{""Old"":26748,""New"":26758,""Reason"":3}"
43780156,"{""Old"":27083,""New"":27103,""Reason"":3}"
43780156,"{""Old"":28533,""New"":28543,""Reason"":3}"
43780156,"{""Old"":28513,""New"":28533,""Reason"":3}"
43780156,"{""Old"":29778,""New"":29798,""Reason"":3}"
43780156,"{""Old"":30773,""New"":30783,""Reason"":3}"
43780156,"{""Old"":31028,""New"":31038,""Reason"":3}"
43780156,"{""Old"":34148,""New"":34158,""Reason"":3}"
43780156,"{""Old"":34353,""New"":34373,""Reason"":3}"
43780156,"{""Old"":37433,""New"":37443,""Reason"":3}"
43780156,"{""Old"":4057,""New"":4067,""Reason"":3}"
43780156,"{""Old"":4406,""New"":4426,""Reason"":3}"
43780156,"{""Old"":4991,""New"":5001,""Reason"":3}"
43780156,"{""Old"":14714,""New"":14744,""Reason"":3}"
43780156,"{""Old"":15436,""New"":15446,""Reason"":3}"
43780156,"{""Old"":15981,""New"":15991,""Reason"":3}"
43780156,"{""Old"":16851,""New"":16861,""Reason"":3}"
43780156,"{""Old"":17481,""New"":17491,""Reason"":3}"
43780156,"{""Old"":18096,""New"":18106,""Reason"":3}"
43780156,"{""Old"":18611,""New"":18621,""Reason"":3}"
43780156,"{""Old"":20523,""New"":20533,""Reason"":3}"
43780156,"{""Old"":20743,""New"":20773,""Reason"":3}"
43780156,"{""Old"":22858,""New"":22878,""Reason"":3}"
43780156,"{""Old"":23798,""New"":23808,""Reason"":3}"
43780156,"{""Old"":24163,""New"":24173,""Reason"":3}"
43780156,"{""Old"":24663,""New"":24673,""Reason"":3}"
43780156,"{""Old"":25013,""New"":25033,""Reason"":3}"
43780156,"{""Old"":26008,""New"":26018,""Reason"":3}"
43780156,"{""Old"":30753,""New"":30773,""Reason"":3}"
43780156,"{""Old"":38533,""New"":38543,""Reason"":3}"
43780156,"{""Old"":39013,""New"":39023,""Reason"":3}"
43780156,"{""Old"":39513,""New"":39533,""Reason"":3}"
43780156,"{""Old"":39533,""New"":39543,""Reason"":3}"
43780156,"{""Old"":5041,""New"":5061,""Reason"":3}"
43780156,"{""Old"":7502,""New"":7512,""Reason"":3}"
43780156,"{""Old"":10036,""New"":10046,""Reason"":3}"
43780156,"{""Old"":17516,""New"":17526,""Reason"":3}"
43780156,"{""Old"":17401,""New"":17431,""Reason"":3}"
43780156,"{""Old"":20238,""New"":20248,""Reason"":3}"
43780156,"{""Old"":20653,""New"":20673,""Reason"":3}"
43780156,"{""Old"":21248,""New"":21258,""Reason"":3}"
43780156,"{""Old"":2561,""New"":2571,""Reason"":3}"
32027539,"{""Old"":983,""New"":985,""Reason"":3}"
220148822,"{""Old"":808,""New"":810,""Reason"":3}"
220148822,"{""Old"":812,""New"":814,""Reason"":3}"
80758401,"{""Old"":5342,""New"":5352,""Reason"":3}"
80758401,"{""Old"":6217,""New"":6237,""Reason"":3}"
42218918,"{""Old"":517,""New"":519,""Reason"":3}"
40247006,"{""Old"":1340,""New"":1342,""Reason"":3}"
44481882,"{""Old"":644,""New"":646,""Reason"":3}"
24608076,"{""Old"":4727,""New"":4737,""Reason"":3}"
13173590,"{""Old"":60560,""New"":60562,""Reason"":3}"
24608076,"{""Old"":4673,""New"":4683,""Reason"":3}"
24608076,"{""Old"":2990,""New"":2994,""Reason"":3}"
24608076,"{""Old"":3581,""New"":3591,""Reason"":3}"
24608076,"{""Old"":3837,""New"":3847,""Reason"":3}"
24608076,"{""Old"":3945,""New"":3955,""Reason"":3}"
24608076,"{""Old"":4039,""New"":4049,""Reason"":3}"
50681822,"{""Old"":684,""New"":686,""Reason"":3}"
67260187,"{""Old"":600,""New"":610,""Reason"":3}"
23033741,"{""Old"":353,""New"":355,""Reason"":3}"
23033741,"{""Old"":397,""New"":399,""Reason"":3}"
23033741,"{""Old"":271,""New"":273,""Reason"":3}"
85219672,"{""Old"":16783,""New"":16793,""Reason"":3}"
85219672,"{""Old"":16941,""New"":16943,""Reason"":3}"
85219672,"{""Old"":17324,""New"":17334,""Reason"":3}"
23033741,"{""Old"":119,""New"":121,""Reason"":3}"
44931151,"{""Old"":82818,""New"":82828,""Reason"":3}"
44931151,"{""Old"":83819,""New"":83829,""Reason"":3}"
44931151,"{""Old"":84155,""New"":84175,""Reason"":3}"
44663519,"{""Old"":561,""New"":567,""Reason"":3}"
44931151,"{""Old"":84335,""New"":84355,""Reason"":3}"
49831730,"{""Old"":746,""New"":748,""Reason"":3}"
64771681,"{""Old"":2549,""New"":2559,""Reason"":3}"
4980186,"{""Old"":2599,""New"":2609,""Reason"":3}"
49831730,"{""Old"":636,""New"":638,""Reason"":3}"
35875544,"{""Old"":22244,""New"":22246,""Reason"":3}"
35875544,"{""Old"":22487,""New"":22497,""Reason"":3}"
35875544,"{""Old"":22155,""New"":22157,""Reason"":3}"
35875544,"{""Old"":22623,""New"":22633,""Reason"":3}"
35875544,"{""Old"":22762,""New"":22772,""Reason"":3}"
35875544,"{""Old"":21578,""New"":21580,""Reason"":3}"
35875544,"{""Old"":21924,""New"":21926,""Reason"":3}"
11129004,"{""Old"":3683,""New"":3693,""Reason"":3}"
11129004,"{""Old"":4118,""New"":4120,""Reason"":3}"
17730425,"{""Old"":2464,""New"":2466,""Reason"":3}"
20302898,"{""Old"":2643,""New"":2645,""Reason"":3}"
70971660,"{""Old"":312,""New"":314,""Reason"":3}"
70971660,"{""Old"":298,""New"":300,""Reason"":3}"
218151732,"{""Old"":2320,""New"":2322,""Reason"":3}"
17730425,"{""Old"":2781,""New"":2791,""Reason"":3}"
17730425,"{""Old"":3088,""New"":3090,""Reason"":3}"
35847621,"{""Old"":454,""New"":456,""Reason"":3}"
208910409,"{""Old"":1135,""New"":1137,""Reason"":3}"
208910409,"{""Old"":664,""New"":666,""Reason"":3}"
73660558,"{""Old"":1651,""New"":1653,""Reason"":3}"
80758401,"{""Old"":5179,""New"":5189,""Reason"":3}"
33372137,"{""Old"":3392,""New"":3394,""Reason"":3}"
85219672,"{""Old"":15673,""New"":15675,""Reason"":3}"
85219672,"{""Old"":17411,""New"":17421,""Reason"":3}"
85219672,"{""Old"":13085,""New"":13089,""Reason"":3}"
85219672,"{""Old"":14552,""New"":14554,""Reason"":3}"
85219672,"{""Old"":14733,""New"":14735,""Reason"":3}"
85219672,"{""Old"":12883,""New"":12887,""Reason"":3}"
85219672,"{""Old"":12830,""New"":12832,""Reason"":3}"
85219672,"{""Old"":13546,""New"":13548,""Reason"":3}"
85219672,"{""Old"":13868,""New"":13872,""Reason"":3}"
50494222,"{""Old"":81437,""New"":81447,""Reason"":3}"
50494222,"{""Old"":81547,""New"":81557,""Reason"":3}"
20440680,"{""Old"":3312,""New"":3314,""Reason"":3}"
20440680,"{""Old"":3358,""New"":3360,""Reason"":3}"
49833858,"{""Old"":1582,""New"":1584,""Reason"":3}"
50494222,"{""Old"":81517,""New"":81527,""Reason"":3}"
50494222,"{""Old"":82237,""New"":82247,""Reason"":3}"
50494222,"{""Old"":82217,""New"":82227,""Reason"":3}"
50494222,"{""Old"":82347,""New"":82357,""Reason"":3}"
50494222,"{""Old"":82757,""New"":82767,""Reason"":3}"
50494222,"{""Old"":81803,""New"":81833,""Reason"":3}"
50494222,"{""Old"":82055,""New"":82065,""Reason"":3}"
50494222,"{""Old"":82147,""New"":82157,""Reason"":3}"
50494222,"{""Old"":82607,""New"":82617,""Reason"":3}"
50494222,"{""Old"":82677,""New"":82687,""Reason"":3}"
50494222,"{""Old"":81487,""New"":81497,""Reason"":3}"
50494222,"{""Old"":82737,""New"":82747,""Reason"":3}"
50494222,"{""Old"":82927,""New"":82937,""Reason"":3}"
50494222,"{""Old"":81793,""New"":81803,""Reason"":3}"
50494222,"{""Old"":82045,""New"":82055,""Reason"":3}"
47061761,"{""Old"":1119,""New"":1121,""Reason"":3}"
50494222,"{""Old"":81457,""New"":81467,""Reason"":3}"
50494222,"{""Old"":82157,""New"":82167,""Reason"":3}"
50494222,"{""Old"":82247,""New"":82257,""Reason"":3}"
50494222,"{""Old"":81427,""New"":81437,""Reason"":3}"
50494222,"{""Old"":82427,""New"":82447,""Reason"":3}"
50494222,"{""Old"":82887,""New"":82897,""Reason"":3}"
50494222,"{""Old"":82897,""New"":82907,""Reason"":3}"
50494222,"{""Old"":81995,""New"":82005,""Reason"":3}"
74426538,"{""Old"":2158,""New"":2160,""Reason"":3}"
4239086,"{""Old"":4100,""New"":4102,""Reason"":3}"
4239086,"{""Old"":3484,""New"":3486,""Reason"":3}"
209900380,"{""Old"":1379,""New"":1381,""Reason"":3}"
208910409,"{""Old"":721,""New"":723,""Reason"":3}"
208910409,"{""Old"":359,""New"":361,""Reason"":3}"
208910409,"{""Old"":535,""New"":537,""Reason"":3}"
208910409,"{""Old"":546,""New"":548,""Reason"":3}"
35875544,"{""Old"":31225,""New"":31235,""Reason"":3}"
208910409,"{""Old"":596,""New"":606,""Reason"":3}"
11296566,"{""Old"":2427,""New"":2429,""Reason"":3}"
8883313,"{""Old"":1470,""New"":1472,""Reason"":3}"
73660558,"{""Old"":2294,""New"":2296,""Reason"":3}"
32002545,"{""Old"":266,""New"":268,""Reason"":3}"
32002545,"{""Old"":348,""New"":350,""Reason"":3}"
70971660,"{""Old"":839,""New"":841,""Reason"":3}"
70971660,"{""Old"":893,""New"":897,""Reason"":3}"
41884475,"{""Old"":109,""New"":111,""Reason"":3}"
37988048,"{""Old"":1760,""New"":1762,""Reason"":3}"
53038420,"{""Old"":314,""New"":316,""Reason"":3}"
32002545,"{""Old"":518,""New"":520,""Reason"":3}"
52436180,"{""Old"":384839,""New"":384849,""Reason"":3}"
32002545,"{""Old"":322,""New"":324,""Reason"":3}"
32002545,"{""Old"":430,""New"":432,""Reason"":3}"
8673338,"{""Old"":12834,""New"":12836,""Reason"":3}"
8883313,"{""Old"":1596,""New"":1598,""Reason"":3}"
79142355,"{""Old"":994,""New"":996,""Reason"":3}"
73660558,"{""Old"":2549,""New"":2559,""Reason"":3}"
84957257,"{""Old"":16415,""New"":16417,""Reason"":3}"
84957257,"{""Old"":16693,""New"":16703,""Reason"":3}"
84957257,"{""Old"":17143,""New"":17145,""Reason"":3}"
13083476,"{""Old"":605,""New"":607,""Reason"":3}"
13083476,"{""Old"":699,""New"":701,""Reason"":3}"
33904862,"{""Old"":625,""New"":627,""Reason"":3}"
33904862,"{""Old"":637,""New"":639,""Reason"":3}"
35875544,"{""Old"":22172,""New"":22182,""Reason"":3}"
35875544,"{""Old"":22408,""New"":22418,""Reason"":3}"
28562228,"{""Old"":188,""New"":190,""Reason"":3}"
57851814,"{""Old"":676,""New"":678,""Reason"":3}"
11129004,"{""Old"":2712,""New"":2714,""Reason"":3}"
11129004,"{""Old"":2574,""New"":2584,""Reason"":3}"
210993055,"{""Old"":56041,""New"":56043,""Reason"":3}"
210993055,"{""Old"":56207,""New"":56217,""Reason"":3}"
210993055,"{""Old"":57027,""New"":57037,""Reason"":3}"
11129004,"{""Old"":2276,""New"":2278,""Reason"":3}"
11129004,"{""Old"":1827,""New"":1829,""Reason"":3}"
11129004,"{""Old"":1930,""New"":1932,""Reason"":3}"
36439403,"{""Old"":1529,""New"":1531,""Reason"":3}"
32542208,"{""Old"":139,""New"":141,""Reason"":3}"
17171480,"{""Old"":2579,""New"":2589,""Reason"":3}"
85219672,"{""Old"":16703,""New"":16713,""Reason"":3}"
85219672,"{""Old"":16821,""New"":16831,""Reason"":3}"
67260187,"{""Old"":627,""New"":629,""Reason"":3}"
86009749,"{""Old"":265,""New"":271,""Reason"":3}"
35216582,"{""Old"":28527,""New"":28537,""Reason"":3}"
35216582,"{""Old"":30183,""New"":30189,""Reason"":3}"
35216582,"{""Old"":30259,""New"":30269,""Reason"":3}"
85246118,"{""Old"":882,""New"":884,""Reason"":3}"
44481882,"{""Old"":595,""New"":597,""Reason"":3}"
69442044,"{""Old"":348,""New"":350,""Reason"":3}"
208910409,"{""Old"":973,""New"":975,""Reason"":3}"
9428992,"{""Old"":837,""New"":839,""Reason"":3}"
40712395,"{""Old"":630,""New"":632,""Reason"":3}"
40712395,"{""Old"":502,""New"":504,""Reason"":3}"
216198135,"{""Old"":334969,""New"":334979,""Reason"":3}"
216198135,"{""Old"":335714,""New"":335724,""Reason"":3}"
43780156,"{""Old"":75586,""New"":75588,""Reason"":3}"
43780156,"{""Old"":75600,""New"":75602,""Reason"":3}"
8883313,"{""Old"":1767,""New"":1771,""Reason"":3}"
79142355,"{""Old"":1016,""New"":1018,""Reason"":3}"
79142355,"{""Old"":1030,""New"":1032,""Reason"":3}"
73660558,"{""Old"":2545,""New"":2547,""Reason"":3}"
16303419,"{""Old"":72972,""New"":72982,""Reason"":3}"
16303419,"{""Old"":75209,""New"":75219,""Reason"":3}"
16303419,"{""Old"":75664,""New"":75674,""Reason"":3}"
16303419,"{""Old"":66028,""New"":66038,""Reason"":3}"
16303419,"{""Old"":66250,""New"":66260,""Reason"":3}"
16303419,"{""Old"":66800,""New"":66810,""Reason"":3}"
16303419,"{""Old"":68662,""New"":68664,""Reason"":3}"
16303419,"{""Old"":70210,""New"":70230,""Reason"":3}"
16303419,"{""Old"":72397,""New"":72417,""Reason"":3}"
16303419,"{""Old"":73969,""New"":73979,""Reason"":3}"
16303419,"{""Old"":66430,""New"":66440,""Reason"":3}"
9428992,"{""Old"":847,""New"":849,""Reason"":3}"
209900380,"{""Old"":1361,""New"":1363,""Reason"":3}"
208910409,"{""Old"":298,""New"":300,""Reason"":3}"
35875544,"{""Old"":31575,""New"":31577,""Reason"":3}"
40712395,"{""Old"":934,""New"":936,""Reason"":3}"
40712395,"{""Old"":1616,""New"":1618,""Reason"":3}"
208910409,"{""Old"":447,""New"":449,""Reason"":3}"
208910409,"{""Old"":876,""New"":878,""Reason"":3}"
43780156,"{""Old"":2281,""New"":2291,""Reason"":3}"
43780156,"{""Old"":22428,""New"":22438,""Reason"":3}"
43780156,"{""Old"":22553,""New"":22563,""Reason"":3}"
43780156,"{""Old"":23923,""New"":23943,""Reason"":3}"
43780156,"{""Old"":23848,""New"":23858,""Reason"":3}"
43780156,"{""Old"":26638,""New"":26648,""Reason"":3}"
43780156,"{""Old"":27318,""New"":27328,""Reason"":3}"
43780156,"{""Old"":33698,""New"":33708,""Reason"":3}"
43780156,"{""Old"":35518,""New"":35538,""Reason"":3}"
43780156,"{""Old"":36743,""New"":36753,""Reason"":3}"
43780156,"{""Old"":37413,""New"":37423,""Reason"":3}"
43780156,"{""Old"":37573,""New"":37593,""Reason"":3}"
43780156,"{""Old"":38293,""New"":38303,""Reason"":3}"
43780156,"{""Old"":38323,""New"":38343,""Reason"":3}"
43780156,"{""Old"":11325,""New"":11335,""Reason"":3}"
43780156,"{""Old"":12125,""New"":12135,""Reason"":3}"
43780156,"{""Old"":12510,""New"":12520,""Reason"":3}"
43780156,"{""Old"":12645,""New"":12655,""Reason"":3}"
43780156,"{""Old"":13392,""New"":13402,""Reason"":3}"
43780156,"{""Old"":18216,""New"":18226,""Reason"":3}"
43780156,"{""Old"":18426,""New"":18446,""Reason"":3}"
43780156,"{""Old"":20673,""New"":20683,""Reason"":3}"
43780156,"{""Old"":21503,""New"":21513,""Reason"":3}"
80491185,"{""Old"":4818,""New"":4820,""Reason"":3}"
27777369,"{""Old"":67015,""New"":67035,""Reason"":3}"
215520292,"{""Old"":314513,""New"":314543,""Reason"":3}"
80491185,"{""Old"":4656,""New"":4658,""Reason"":3}"
80491185,"{""Old"":4588,""New"":4590,""Reason"":3}"
70289120,"{""Old"":1981,""New"":1983,""Reason"":3}"
215520292,"{""Old"":317711,""New"":317731,""Reason"":3}"
215520292,"{""Old"":315226,""New"":315256,""Reason"":3}"
215520292,"{""Old"":317701,""New"":317711,""Reason"":3}"
215520292,"{""Old"":313900,""New"":313920,""Reason"":3}"
25599199,"{""Old"":1192,""New"":1194,""Reason"":3}"
41121780,"{""Old"":287,""New"":289,""Reason"":3}"
9442327,"{""Old"":104,""New"":106,""Reason"":3}"
47061761,"{""Old"":1431,""New"":1433,""Reason"":3}"
47061761,"{""Old"":1179,""New"":1181,""Reason"":3}"
47061761,"{""Old"":1208,""New"":1210,""Reason"":3}"
23353445,"{""Old"":566,""New"":568,""Reason"":3}"
23353445,"{""Old"":604,""New"":606,""Reason"":3}"
50494222,"{""Old"":82777,""New"":82787,""Reason"":3}"
20440680,"{""Old"":3371,""New"":3373,""Reason"":3}"
37314067,"{""Old"":398,""New"":400,""Reason"":3}"
23353445,"{""Old"":441,""New"":445,""Reason"":3}"
23353445,"{""Old"":478,""New"":480,""Reason"":3}"
23353445,"{""Old"":559,""New"":561,""Reason"":3}"
79782981,"{""Old"":4664,""New"":4666,""Reason"":3}"
79782981,"{""Old"":5214,""New"":5216,""Reason"":3}"
79782981,"{""Old"":3257,""New"":3259,""Reason"":3}"
58261482,"{""Old"":1607,""New"":1609,""Reason"":3}"
58261482,"{""Old"":1087,""New"":1089,""Reason"":3}"
6615671,"{""Old"":1050,""New"":1052,""Reason"":3}"
6615671,"{""Old"":1068,""New"":1070,""Reason"":3}"
6615671,"{""Old"":1003,""New"":1005,""Reason"":3}"
63778994,"{""Old"":364992,""New"":365012,""Reason"":3}"
63778994,"{""Old"":368172,""New"":368182,""Reason"":3}"
23305159,"{""Old"":98,""New"":100,""Reason"":3}"
23305159,"{""Old"":395,""New"":397,""Reason"":3}"
48205250,"{""Old"":4610,""New"":4612,""Reason"":3}"
46662749,"{""Old"":2068,""New"":2070,""Reason"":3}"
6149384,"{""Old"":891,""New"":893,""Reason"":3}"
4239086,"{""Old"":3394,""New"":3396,""Reason"":3}"
38095618,"{""Old"":79359,""New"":79379,""Reason"":3}"
38319980,"{""Old"":82399,""New"":82401,""Reason"":3}"
38095618,"{""Old"":79585,""New"":79595,""Reason"":3}"
46662749,"{""Old"":2111,""New"":2113,""Reason"":3}"
46662749,"{""Old"":2303,""New"":2313,""Reason"":3}"
6868129,"{""Old"":1407,""New"":1409,""Reason"":3}"
6149384,"{""Old"":900,""New"":902,""Reason"":3}"
25602497,"{""Old"":523,""New"":525,""Reason"":3}"
47061761,"{""Old"":833,""New"":835,""Reason"":3}"
47061761,"{""Old"":835,""New"":837,""Reason"":3}"
47061761,"{""Old"":1613,""New"":1623,""Reason"":3}"
47061761,"{""Old"":1798,""New"":1800,""Reason"":3}"
53645102,"{""Old"":92,""New"":94,""Reason"":3}"
208990330,"{""Old"":236,""New"":238,""Reason"":3}"
11129004,"{""Old"":2564,""New"":2574,""Reason"":3}"
62923015,"{""Old"":661,""New"":663,""Reason"":3}"
38478123,"{""Old"":292,""New"":294,""Reason"":3}"
85219672,"{""Old"":13021,""New"":13023,""Reason"":3}"
85219672,"{""Old"":14055,""New"":14057,""Reason"":3}"
85219672,"{""Old"":14061,""New"":14071,""Reason"":3}"
85219672,"{""Old"":14098,""New"":14100,""Reason"":3}"
85219672,"{""Old"":14603,""New"":14613,""Reason"":3}"
85219672,"{""Old"":15345,""New"":15355,""Reason"":3}"
85219672,"{""Old"":17501,""New"":17511,""Reason"":3}"
85219672,"{""Old"":18067,""New"":18077,""Reason"":3}"
46662749,"{""Old"":242,""New"":244,""Reason"":3}"
44481882,"{""Old"":470,""New"":472,""Reason"":3}"
35216582,"{""Old"":28603,""New"":28605,""Reason"":3}"
35216582,"{""Old"":28809,""New"":28819,""Reason"":3}"
35216582,"{""Old"":31252,""New"":31262,""Reason"":3}"
35216582,"{""Old"":31504,""New"":31514,""Reason"":3}"
84957257,"{""Old"":16125,""New"":16135,""Reason"":3}"
84957257,"{""Old"":16323,""New"":16343,""Reason"":3}"
84957257,"{""Old"":16959,""New"":16969,""Reason"":3}"
84957257,"{""Old"":17165,""New"":17175,""Reason"":3}"
208910409,"{""Old"":727,""New"":729,""Reason"":3}"
208910409,"{""Old"":725,""New"":727,""Reason"":3}"
208910409,"{""Old"":824,""New"":826,""Reason"":3}"
12006488,"{""Old"":347,""New"":349,""Reason"":3}"
16303419,"{""Old"":68307,""New"":68317,""Reason"":3}"
16303419,"{""Old"":70425,""New"":70465,""Reason"":3}"
16303419,"{""Old"":71437,""New"":71447,""Reason"":3}"
16303419,"{""Old"":72502,""New"":72522,""Reason"":3}"
40712395,"{""Old"":967,""New"":969,""Reason"":3}"
40712395,"{""Old"":1035,""New"":1037,""Reason"":3}"
43351980,"{""Old"":15316,""New"":15318,""Reason"":3}"
43351980,"{""Old"":15318,""New"":15320,""Reason"":3}"
16303419,"{""Old"":66078,""New"":66080,""Reason"":3}"
16303419,"{""Old"":76911,""New"":76951,""Reason"":3}"
81856946,"{""Old"":627,""New"":629,""Reason"":3}"
81856946,"{""Old"":845,""New"":847,""Reason"":3}"
81856946,"{""Old"":1082,""New"":1084,""Reason"":3}"
81856946,"{""Old"":1143,""New"":1153,""Reason"":3}"
17655371,"{""Old"":753,""New"":755,""Reason"":3}"
79782981,"{""Old"":3264,""New"":3266,""Reason"":3}"
81856946,"{""Old"":656,""New"":658,""Reason"":3}"
81856946,"{""Old"":676,""New"":680,""Reason"":3}"
81856946,"{""Old"":701,""New"":703,""Reason"":3}"
81856946,"{""Old"":593,""New"":595,""Reason"":3}"
81856946,"{""Old"":703,""New"":705,""Reason"":3}"
81856946,"{""Old"":734,""New"":736,""Reason"":3}"
81856946,"{""Old"":461,""New"":463,""Reason"":3}"
81856946,"{""Old"":435,""New"":445,""Reason"":3}"
81856946,"{""Old"":799,""New"":801,""Reason"":3}"
81856946,"{""Old"":834,""New"":838,""Reason"":3}"
81856946,"{""Old"":527,""New"":529,""Reason"":3}"
58261482,"{""Old"":1398,""New"":1400,""Reason"":3}"
58261482,"{""Old"":1543,""New"":1547,""Reason"":3}"
58261482,"{""Old"":1142,""New"":1144,""Reason"":3}"
58261482,"{""Old"":1182,""New"":1192,""Reason"":3}"
26480103,"{""Old"":496,""New"":498,""Reason"":3}"
79782981,"{""Old"":3372,""New"":3374,""Reason"":3}"
79782981,"{""Old"":3390,""New"":3392,""Reason"":3}"
79782981,"{""Old"":3687,""New"":3697,""Reason"":3}"
79782981,"{""Old"":8494,""New"":8504,""Reason"":3}"
79782981,"{""Old"":9224,""New"":9234,""Reason"":3}"
79782981,"{""Old"":3087,""New"":3089,""Reason"":3}"
79782981,"{""Old"":6056,""New"":6066,""Reason"":3}"
79782981,"{""Old"":6614,""New"":6624,""Reason"":3}"
79782981,"{""Old"":3535,""New"":3537,""Reason"":3}"
37781144,"{""Old"":405,""New"":407,""Reason"":3}"
79782981,"{""Old"":3376,""New"":3378,""Reason"":3}"
79782981,"{""Old"":3276,""New"":3278,""Reason"":3}"
47061761,"{""Old"":1748,""New"":1750,""Reason"":3}"
37744135,"{""Old"":28062,""New"":28064,""Reason"":3}"
37744135,"{""Old"":29254,""New"":29256,""Reason"":3}"
83788628,"{""Old"":346,""New"":348,""Reason"":3}"
83788628,"{""Old"":421,""New"":423,""Reason"":3}"
46662749,"{""Old"":2268,""New"":2278,""Reason"":3}"
27777369,"{""Old"":67214,""New"":67216,""Reason"":3}"
9442327,"{""Old"":163,""New"":165,""Reason"":3}"
9442327,"{""Old"":7,""New"":9,""Reason"":3}"
62923015,"{""Old"":2202,""New"":2204,""Reason"":3}"
70971660,"{""Old"":648,""New"":652,""Reason"":3}"
70971660,"{""Old"":900,""New"":902,""Reason"":3}"
70971660,"{""Old"":1027,""New"":1029,""Reason"":3}"
57503448,"{""Old"":271,""New"":273,""Reason"":3}"
16303419,"{""Old"":66210,""New"":66220,""Reason"":3}"
16303419,"{""Old"":66635,""New"":66645,""Reason"":3}"
16303419,"{""Old"":67395,""New"":67405,""Reason"":3}"
16303419,"{""Old"":69725,""New"":69735,""Reason"":3}"
16303419,"{""Old"":70710,""New"":70720,""Reason"":3}"
16303419,"{""Old"":75339,""New"":75369,""Reason"":3}"
43351980,"{""Old"":15462,""New"":15464,""Reason"":3}"
43351980,"{""Old"":15772,""New"":15774,""Reason"":3}"
16303419,"{""Old"":66006,""New"":66008,""Reason"":3}"
16303419,"{""Old"":70952,""New"":70962,""Reason"":3}"
38319980,"{""Old"":81934,""New"":81944,""Reason"":3}"
83940666,"{""Old"":2464,""New"":2468,""Reason"":3}"
5058136,"{""Old"":4559,""New"":4561,""Reason"":3}"
23353445,"{""Old"":561,""New"":563,""Reason"":3}"
74426538,"{""Old"":2128,""New"":2130,""Reason"":3}"
35875544,"{""Old"":31431,""New"":31433,""Reason"":3}"
35875544,"{""Old"":31437,""New"":31439,""Reason"":3}"
9428992,"{""Old"":913,""New"":915,""Reason"":3}"
73660558,"{""Old"":2507,""New"":2509,""Reason"":3}"
70971660,"{""Old"":478,""New"":480,""Reason"":3}"
11296566,"{""Old"":2415,""New"":2425,""Reason"":3}"
62923015,"{""Old"":2236,""New"":2238,""Reason"":3}"
44931151,"{""Old"":82186,""New"":82188,""Reason"":3}"
44931151,"{""Old"":82922,""New"":82924,""Reason"":3}"
44931151,"{""Old"":84185,""New"":84195,""Reason"":3}"
44931151,"{""Old"":84493,""New"":84503,""Reason"":3}"
44931151,"{""Old"":83018,""New"":83028,""Reason"":3}"
44931151,"{""Old"":83218,""New"":83228,""Reason"":3}"
44663519,"{""Old"":431,""New"":433,""Reason"":3}"
44931151,"{""Old"":82174,""New"":82178,""Reason"":3}"
44931151,"{""Old"":82190,""New"":82200,""Reason"":3}"
44931151,"{""Old"":83068,""New"":83070,""Reason"":3}"
62923015,"{""Old"":2234,""New"":2236,""Reason"":3}"
44931151,"{""Old"":84545,""New"":84547,""Reason"":3}"
44931151,"{""Old"":84505,""New"":84515,""Reason"":3}"
44931151,"{""Old"":84557,""New"":84567,""Reason"":3}"
44663519,"{""Old"":579,""New"":581,""Reason"":3}"
44931151,"{""Old"":82298,""New"":82300,""Reason"":3}"
44931151,"{""Old"":83106,""New"":83108,""Reason"":3}"
44931151,"{""Old"":83514,""New"":83524,""Reason"":3}"
44931151,"{""Old"":84115,""New"":84125,""Reason"":3}"
48056970,"{""Old"":1045,""New"":1047,""Reason"":3}"
9076256,"{""Old"":735,""New"":737,""Reason"":3}"
81856946,"{""Old"":761,""New"":763,""Reason"":3}"
63778994,"{""Old"":359661,""New"":359671,""Reason"":3}"
63778994,"{""Old"":364540,""New"":364550,""Reason"":3}"
63778994,"{""Old"":364832,""New"":364842,""Reason"":3}"
46662749,"{""Old"":2248,""New"":2250,""Reason"":3}"
63778994,"{""Old"":359631,""New"":359641,""Reason"":3}"
63778994,"{""Old"":363226,""New"":363266,""Reason"":3}"
63778994,"{""Old"":364238,""New"":364248,""Reason"":3}"
63778994,"{""Old"":364842,""New"":364852,""Reason"":3}"
63778994,"{""Old"":366822,""New"":366842,""Reason"":3}"
211423534,"{""Old"":43480,""New"":43490,""Reason"":3}"
70971660,"{""Old"":284,""New"":286,""Reason"":3}"
70971660,"{""Old"":387,""New"":389,""Reason"":3}"
84957257,"{""Old"":17335,""New"":17345,""Reason"":3}"
84957257,"{""Old"":17375,""New"":17385,""Reason"":3}"
211424840,"{""Old"":17834,""New"":17836,""Reason"":3}"
29350329,"{""Old"":131,""New"":133,""Reason"":3}"
200690715,"{""Old"":370,""New"":372,""Reason"":3}"
40712395,"{""Old"":506,""New"":510,""Reason"":3}"
208910409,"{""Old"":594,""New"":596,""Reason"":3}"
16303419,"{""Old"":73577,""New"":73597,""Reason"":3}"
16303419,"{""Old"":75199,""New"":75209,""Reason"":3}"
16303419,"{""Old"":75804,""New"":75814,""Reason"":3}"
16303419,"{""Old"":75754,""New"":75774,""Reason"":3}"
47061761,"{""Old"":1746,""New"":1748,""Reason"":3}"
47061761,"{""Old"":821,""New"":823,""Reason"":3}"
47061761,"{""Old"":1606,""New"":1608,""Reason"":3}"
47061761,"{""Old"":885,""New"":887,""Reason"":3}"
47061761,"{""Old"":921,""New"":923,""Reason"":3}"
47061761,"{""Old"":944,""New"":946,""Reason"":3}"
47061761,"{""Old"":1518,""New"":1528,""Reason"":3}"
47061761,"{""Old"":1738,""New"":1740,""Reason"":3}"
47061761,"{""Old"":1154,""New"":1164,""Reason"":3}"
44481882,"{""Old"":436,""New"":438,""Reason"":3}"
11129004,"{""Old"":1916,""New"":1918,""Reason"":3}"
210993055,"{""Old"":55811,""New"":55813,""Reason"":3}"
210993055,"{""Old"":56035,""New"":56037,""Reason"":3}"
210993055,"{""Old"":56353,""New"":56363,""Reason"":3}"
210993055,"{""Old"":56303,""New"":56313,""Reason"":3}"
210993055,"{""Old"":56395,""New"":56405,""Reason"":3}"
210993055,"{""Old"":57360,""New"":57370,""Reason"":3}"
210993055,"{""Old"":57380,""New"":57400,""Reason"":3}"
218733227,"{""Old"":973,""New"":983,""Reason"":3}"
56224846,"{""Old"":124,""New"":126,""Reason"":3}"
11129004,"{""Old"":1928,""New"":1930,""Reason"":3}"
11129004,"{""Old"":2274,""New"":2276,""Reason"":3}"
32542208,"{""Old"":118,""New"":120,""Reason"":3}"
32542208,"{""Old"":109,""New"":111,""Reason"":3}"
32542208,"{""Old"":122,""New"":124,""Reason"":3}"
208990330,"{""Old"":167,""New"":169,""Reason"":3}"
30429272,"{""Old"":3266,""New"":3268,""Reason"":3}"
80758401,"{""Old"":5648,""New"":5650,""Reason"":3}"
80758401,"{""Old"":6258,""New"":6268,""Reason"":3}"
35216582,"{""Old"":31726,""New"":31736,""Reason"":3}"
56756847,"{""Old"":58,""New"":60,""Reason"":3}"
35216582,"{""Old"":30149,""New"":30159,""Reason"":3}"
35216582,"{""Old"":28769,""New"":28779,""Reason"":3}"
35216582,"{""Old"":30127,""New"":30137,""Reason"":3}"
210993055,"{""Old"":56185,""New"":56205,""Reason"":3}"
44782814,"{""Old"":1107,""New"":1109,""Reason"":3}"
16836715,"{""Old"":121,""New"":123,""Reason"":3}"
85219672,"{""Old"":17067,""New"":17069,""Reason"":3}"
85219672,"{""Old"":17121,""New"":17131,""Reason"":3}"
85219672,"{""Old"":17370,""New"":17380,""Reason"":3}"
85219672,"{""Old"":17441,""New"":17451,""Reason"":3}"
85219672,"{""Old"":17471,""New"":17481,""Reason"":3}"
208910409,"{""Old"":674,""New"":676,""Reason"":3}"
9428992,"{""Old"":824,""New"":828,""Reason"":3}"
208910409,"{""Old"":699,""New"":701,""Reason"":3}"
208910409,"{""Old"":610,""New"":612,""Reason"":3}"
40712395,"{""Old"":1190,""New"":1192,""Reason"":3}"
208910409,"{""Old"":709,""New"":719,""Reason"":3}"
208910409,"{""Old"":943,""New"":945,""Reason"":3}"
208910409,"{""Old"":385,""New"":387,""Reason"":3}"
52436180,"{""Old"":379115,""New"":379125,""Reason"":3}"
32002545,"{""Old"":133,""New"":135,""Reason"":3}"
84957257,"{""Old"":17682,""New"":17684,""Reason"":3}"
81856946,"{""Old"":608,""New"":610,""Reason"":3}"
81856946,"{""Old"":781,""New"":791,""Reason"":3}"
58261482,"{""Old"":1276,""New"":1278,""Reason"":3}"
26480103,"{""Old"":171,""New"":173,""Reason"":3}"
26186173,"{""Old"":133,""New"":135,""Reason"":3}"
37781144,"{""Old"":409,""New"":411,""Reason"":3}"
58261482,"{""Old"":1085,""New"":1087,""Reason"":3}"
6615671,"{""Old"":1037,""New"":1039,""Reason"":3}"
79782981,"{""Old"":4658,""New"":4662,""Reason"":3}"
79782981,"{""Old"":5017,""New"":5019,""Reason"":3}"
79782981,"{""Old"":6512,""New"":6522,""Reason"":3}"
79782981,"{""Old"":6508,""New"":6510,""Reason"":3}"
79782981,"{""Old"":6830,""New"":6840,""Reason"":3}"
79782981,"{""Old"":7825,""New"":7835,""Reason"":3}"
79782981,"{""Old"":7919,""New"":7929,""Reason"":3}"
79782981,"{""Old"":5739,""New"":5759,""Reason"":3}"
79782981,"{""Old"":7375,""New"":7385,""Reason"":3}"
58261482,"{""Old"":1096,""New"":1098,""Reason"":3}"
58261482,"{""Old"":1105,""New"":1107,""Reason"":3}"
6615671,"{""Old"":1066,""New"":1068,""Reason"":3}"
58261482,"{""Old"":1221,""New"":1223,""Reason"":3}"
81856946,"{""Old"":456,""New"":458,""Reason"":3}"
81856946,"{""Old"":529,""New"":533,""Reason"":3}"
81856946,"{""Old"":745,""New"":747,""Reason"":3}"
37781144,"{""Old"":413,""New"":415,""Reason"":3}"
79782981,"{""Old"":9163,""New"":9173,""Reason"":3}"
79782981,"{""Old"":3719,""New"":3721,""Reason"":3}"
81856946,"{""Old"":654,""New"":656,""Reason"":3}"
81856946,"{""Old"":496,""New"":498,""Reason"":3}"
81856946,"{""Old"":572,""New"":574,""Reason"":3}"
81856946,"{""Old"":710,""New"":712,""Reason"":3}"
215520292,"{""Old"":312568,""New"":312588,""Reason"":3}"
48056970,"{""Old"":1121,""New"":1123,""Reason"":3}"
44510856,"{""Old"":1560,""New"":1562,""Reason"":3}"
55522266,"{""Old"":584,""New"":594,""Reason"":3}"
8873732,"{""Old"":25094,""New"":25096,""Reason"":3}"
80491185,"{""Old"":4535,""New"":4545,""Reason"":3}"
80491185,"{""Old"":4566,""New"":4568,""Reason"":3}"
80491185,"{""Old"":4814,""New"":4816,""Reason"":3}"
215520292,"{""Old"":314361,""New"":314363,""Reason"":3}"
215520292,"{""Old"":315032,""New"":315034,""Reason"":3}"
215520292,"{""Old"":315405,""New"":315435,""Reason"":3}"
215520292,"{""Old"":316664,""New"":316674,""Reason"":3}"
48056970,"{""Old"":844,""New"":846,""Reason"":3}"
46290546,"{""Old"":7732,""New"":7742,""Reason"":3}"
46290546,"{""Old"":7682,""New"":7692,""Reason"":3}"
46290546,"{""Old"":7567,""New"":7577,""Reason"":3}"
46290546,"{""Old"":7527,""New"":7537,""Reason"":3}"
43996202,"{""Old"":423,""New"":425,""Reason"":3}"
23353445,"{""Old"":457,""New"":459,""Reason"":3}"
37784995,"{""Old"":5422,""New"":5432,""Reason"":3}"
38095618,"{""Old"":79553,""New"":79563,""Reason"":3}"
12330101,"{""Old"":17279,""New"":17281,""Reason"":3}"
32002545,"{""Old"":506,""New"":508,""Reason"":3}"
17730425,"{""Old"":2599,""New"":2609,""Reason"":3}"
17730425,"{""Old"":2769,""New"":2779,""Reason"":3}"
8883313,"{""Old"":1416,""New"":1418,""Reason"":3}"
31853290,"{""Old"":49,""New"":51,""Reason"":3}"
73660558,"{""Old"":2503,""New"":2505,""Reason"":3}"
79142355,"{""Old"":952,""New"":954,""Reason"":3}"
84957257,"{""Old"":17313,""New"":17323,""Reason"":3}"
85219672,"{""Old"":15677,""New"":15681,""Reason"":3}"
85219672,"{""Old"":16001,""New"":16003,""Reason"":3}"
85219672,"{""Old"":17015,""New"":17025,""Reason"":3}"
85219672,"{""Old"":17774,""New"":17776,""Reason"":3}"
85219672,"{""Old"":17965,""New"":17975,""Reason"":3}"
85219672,"{""Old"":18161,""New"":18171,""Reason"":3}"
27236554,"{""Old"":998,""New"":1000,""Reason"":3}"
85219672,"{""Old"":12931,""New"":12933,""Reason"":3}"
85219672,"{""Old"":13416,""New"":13426,""Reason"":3}"
13186631,"{""Old"":10517,""New"":10523,""Reason"":3}"
86009749,"{""Old"":320,""New"":330,""Reason"":3}"
40247006,"{""Old"":1255,""New"":1265,""Reason"":3}"
85219672,"{""Old"":15583,""New"":15587,""Reason"":3}"
85219672,"{""Old"":17421,""New"":17431,""Reason"":3}"
24608076,"{""Old"":2697,""New"":2699,""Reason"":3}"
24608076,"{""Old"":3815,""New"":3825,""Reason"":3}"
23033741,"{""Old"":297,""New"":307,""Reason"":3}"
23033741,"{""Old"":403,""New"":405,""Reason"":3}"
10339843,"{""Old"":150,""New"":152,""Reason"":3}"
67260187,"{""Old"":596,""New"":598,""Reason"":3}"
23033741,"{""Old"":243,""New"":247,""Reason"":3}"
49831730,"{""Old"":824,""New"":834,""Reason"":3}"
49831730,"{""Old"":1022,""New"":1026,""Reason"":3}"
35875544,"{""Old"":21040,""New"":21042,""Reason"":3}"
35875544,"{""Old"":21346,""New"":21348,""Reason"":3}"
35875544,"{""Old"":21971,""New"":21981,""Reason"":3}"
38095618,"{""Old"":79085,""New"":79095,""Reason"":3}"
26453322,"{""Old"":33497,""New"":33499,""Reason"":3}"
72812605,"{""Old"":490,""New"":492,""Reason"":3}"
38095618,"{""Old"":80017,""New"":80037,""Reason"":3}"
38095618,"{""Old"":79333,""New"":79335,""Reason"":3}"
38095618,"{""Old"":79705,""New"":79707,""Reason"":3}"
38319980,"{""Old"":81104,""New"":81106,""Reason"":3}"
38319980,"{""Old"":82441,""New"":82451,""Reason"":3}"
38319980,"{""Old"":82675,""New"":82695,""Reason"":3}"
38319980,"{""Old"":81445,""New"":81447,""Reason"":3}"
38319980,"{""Old"":81892,""New"":81894,""Reason"":3}"
38319980,"{""Old"":80798,""New"":80800,""Reason"":3}"
74426538,"{""Old"":2174,""New"":2176,""Reason"":3}"
47061761,"{""Old"":1608,""New"":1610,""Reason"":3}"
47061761,"{""Old"":984,""New"":986,""Reason"":3}"
6615671,"{""Old"":1124,""New"":1126,""Reason"":3}"
81856946,"{""Old"":396,""New"":398,""Reason"":3}"
81856946,"{""Old"":473,""New"":475,""Reason"":3}"
63778994,"{""Old"":358844,""New"":358846,""Reason"":3}"
63778994,"{""Old"":359035,""New"":359037,""Reason"":3}"
63778994,"{""Old"":359245,""New"":359247,""Reason"":3}"
63778994,"{""Old"":360719,""New"":360739,""Reason"":3}"
48205250,"{""Old"":4618,""New"":4620,""Reason"":3}"
48205250,"{""Old"":4432,""New"":4434,""Reason"":3}"
48205250,"{""Old"":4552,""New"":4554,""Reason"":3}"
46662749,"{""Old"":2205,""New"":2207,""Reason"":3}"
46662749,"{""Old"":2071,""New"":2073,""Reason"":3}"
46662749,"{""Old"":2266,""New"":2268,""Reason"":3}"
46662749,"{""Old"":2252,""New"":2254,""Reason"":3}"
50681822,"{""Old"":634,""New"":636,""Reason"":3}"
15795229,"{""Old"":944,""New"":948,""Reason"":3}"
55531402,"{""Old"":923257,""New"":923259,""Reason"":3}"
35216582,"{""Old"":31302,""New"":31312,""Reason"":3}"
35216582,"{""Old"":31444,""New"":31454,""Reason"":3}"
69442044,"{""Old"":380,""New"":382,""Reason"":3}"
69442044,"{""Old"":400,""New"":402,""Reason"":3}"
46662749,"{""Old"":193,""New"":195,""Reason"":3}"
8190086,"{""Old"":198,""New"":200,""Reason"":3}"
38319980,"{""Old"":81684,""New"":81686,""Reason"":3}"
38319980,"{""Old"":81894,""New"":81904,""Reason"":3}"
38319980,"{""Old"":81260,""New"":81262,""Reason"":3}"
38319980,"{""Old"":82345,""New"":82347,""Reason"":3}"
4558571,"{""Old"":113,""New"":115,""Reason"":3}"
4239086,"{""Old"":3420,""New"":3422,""Reason"":3}"
4239086,"{""Old"":3486,""New"":3488,""Reason"":3}"
49833858,"{""Old"":1557,""New"":1559,""Reason"":3}"
49833858,"{""Old"":1584,""New"":1586,""Reason"":3}"
4239086,"{""Old"":4106,""New"":4108,""Reason"":3}"
4239086,"{""Old"":3477,""New"":3479,""Reason"":3}"
49833858,"{""Old"":1592,""New"":1594,""Reason"":3}"
4239086,"{""Old"":3804,""New"":3806,""Reason"":3}"
4239086,"{""Old"":3769,""New"":3771,""Reason"":3}"
84957257,"{""Old"":16135,""New"":16137,""Reason"":3}"
84957257,"{""Old"":16443,""New"":16453,""Reason"":3}"
84957257,"{""Old"":16773,""New"":16775,""Reason"":3}"
11296566,"{""Old"":2383,""New"":2385,""Reason"":3}"
17730425,"{""Old"":2684,""New"":2694,""Reason"":3}"
2796424,"{""Old"":5156,""New"":5158,""Reason"":3}"
74426538,"{""Old"":2160,""New"":2170,""Reason"":3}"
27777369,"{""Old"":67037,""New"":67047,""Reason"":3}"
48056970,"{""Old"":932,""New"":934,""Reason"":3}"
48056970,"{""Old"":804,""New"":814,""Reason"":3}"
44510856,"{""Old"":1528,""New"":1530,""Reason"":3}"
44510856,"{""Old"":1434,""New"":1436,""Reason"":3}"
48056970,"{""Old"":816,""New"":818,""Reason"":3}"
38746584,"{""Old"":1095,""New"":1097,""Reason"":3}"
48056970,"{""Old"":874,""New"":876,""Reason"":3}"
48056970,"{""Old"":1105,""New"":1107,""Reason"":3}"
48056970,"{""Old"":963,""New"":965,""Reason"":3}"
48056970,"{""Old"":1109,""New"":1111,""Reason"":3}"
48056970,"{""Old"":878,""New"":880,""Reason"":3}"
48056970,"{""Old"":888,""New"":890,""Reason"":3}"
48056970,"{""Old"":1029,""New"":1031,""Reason"":3}"
48056970,"{""Old"":1049,""New"":1051,""Reason"":3}"
48056970,"{""Old"":1091,""New"":1093,""Reason"":3}"
44510856,"{""Old"":1468,""New"":1470,""Reason"":3}"
44510856,"{""Old"":1482,""New"":1492,""Reason"":3}"
48056970,"{""Old"":969,""New"":971,""Reason"":3}"
44510856,"{""Old"":1466,""New"":1468,""Reason"":3}"
38746584,"{""Old"":1107,""New"":1109,""Reason"":3}"
44510856,"{""Old"":1703,""New"":1705,""Reason"":3}"
48056970,"{""Old"":996,""New"":998,""Reason"":3}"
48056970,"{""Old"":1043,""New"":1045,""Reason"":3}"
38095618,"{""Old"":78363,""New"":78365,""Reason"":3}"
38095618,"{""Old"":78639,""New"":78641,""Reason"":3}"
38095618,"{""Old"":79945,""New"":79955,""Reason"":3}"
74426538,"{""Old"":2170,""New"":2172,""Reason"":3}"
74426538,"{""Old"":2180,""New"":2182,""Reason"":3}"
4239086,"{""Old"":3610,""New"":3612,""Reason"":3}"
35216582,"{""Old"":28433,""New"":28443,""Reason"":3}"
35216582,"{""Old"":30976,""New"":30986,""Reason"":3}"
35216582,"{""Old"":31090,""New"":31100,""Reason"":3}"
46662749,"{""Old"":258,""New"":260,""Reason"":3}"
46662749,"{""Old"":284,""New"":286,""Reason"":3}"
11129004,"{""Old"":1918,""New"":1924,""Reason"":3}"
11129004,"{""Old"":2151,""New"":2155,""Reason"":3}"
210993055,"{""Old"":56447,""New"":56457,""Reason"":3}"
210993055,"{""Old"":56872,""New"":56882,""Reason"":3}"
218733227,"{""Old"":1078,""New"":1080,""Reason"":3}"
218733227,"{""Old"":1094,""New"":1104,""Reason"":3}"
13083476,"{""Old"":739,""New"":741,""Reason"":3}"
41690592,"{""Old"":461,""New"":463,""Reason"":3}"
82629288,"{""Old"":3154,""New"":3156,""Reason"":3}"
56262169,"{""Old"":87,""New"":89,""Reason"":3}"
56262169,"{""Old"":142,""New"":144,""Reason"":3}"
47061761,"{""Old"":1815,""New"":1825,""Reason"":3}"
47061761,"{""Old"":911,""New"":921,""Reason"":3}"
6615671,"{""Old"":1077,""New"":1087,""Reason"":3}"
26480103,"{""Old"":548,""New"":550,""Reason"":3}"
26480103,"{""Old"":645,""New"":647,""Reason"":3}"
58261482,"{""Old"":1211,""New"":1213,""Reason"":3}"
6615671,"{""Old"":1046,""New"":1048,""Reason"":3}"
6615671,"{""Old"":1087,""New"":1089,""Reason"":3}"
26480103,"{""Old"":633,""New"":635,""Reason"":3}"
26480103,"{""Old"":635,""New"":637,""Reason"":3}"
79782981,"{""Old"":3004,""New"":3006,""Reason"":3}"
37781144,"{""Old"":461,""New"":463,""Reason"":3}"
37781144,"{""Old"":445,""New"":447,""Reason"":3}"
79782981,"{""Old"":8934,""New"":8936,""Reason"":3}"
79782981,"{""Old"":3247,""New"":3257,""Reason"":3}"
79782981,"{""Old"":8662,""New"":8672,""Reason"":3}"
79782981,"{""Old"":8830,""New"":8840,""Reason"":3}"
79782981,"{""Old"":3701,""New"":3703,""Reason"":3}"
79782981,"{""Old"":8341,""New"":8351,""Reason"":3}"
79782981,"{""Old"":3304,""New"":3314,""Reason"":3}"
37781144,"{""Old"":229,""New"":231,""Reason"":3}"
79782981,"{""Old"":3141,""New"":3143,""Reason"":3}"
79782981,"{""Old"":5636,""New"":5638,""Reason"":3}"
79782981,"{""Old"":8144,""New"":8154,""Reason"":3}"
37744135,"{""Old"":29398,""New"":29400,""Reason"":3}"
48205250,"{""Old"":4612,""New"":4614,""Reason"":3}"
9692226,"{""Old"":1824,""New"":1826,""Reason"":3}"
9692226,"{""Old"":1844,""New"":1848,""Reason"":3}"
9692226,"{""Old"":2007,""New"":2009,""Reason"":3}"
63778994,"{""Old"":361523,""New"":361533,""Reason"":3}"
63778994,"{""Old"":363084,""New"":363094,""Reason"":3}"
63778994,"{""Old"":365167,""New"":365177,""Reason"":3}"
63778994,"{""Old"":365322,""New"":365332,""Reason"":3}"
63778994,"{""Old"":365892,""New"":365902,""Reason"":3}"
63778994,"{""Old"":366372,""New"":366382,""Reason"":3}"
63778994,"{""Old"":366217,""New"":366237,""Reason"":3}"
17576281,"{""Old"":2481,""New"":2483,""Reason"":3}"
46662749,"{""Old"":2230,""New"":2232,""Reason"":3}"
46290546,"{""Old"":7640,""New"":7650,""Reason"":3}"
9692226,"{""Old"":1952,""New"":1954,""Reason"":3}"
211423534,"{""Old"":43226,""New"":43236,""Reason"":3}"
26480103,"{""Old"":511,""New"":513,""Reason"":3}"
85219672,"{""Old"":16865,""New"":16885,""Reason"":3}"
85219672,"{""Old"":17035,""New"":17045,""Reason"":3}"
85219672,"{""Old"":17521,""New"":17531,""Reason"":3}"
85219672,"{""Old"":12998,""New"":13000,""Reason"":3}"
4472194,"{""Old"":3242,""New"":3244,""Reason"":3}"
85219672,"{""Old"":13058,""New"":13060,""Reason"":3}"
85219672,"{""Old"":14053,""New"":14055,""Reason"":3}"
85219672,"{""Old"":14152,""New"":14154,""Reason"":3}"
86009749,"{""Old"":318,""New"":320,""Reason"":3}"
4405013,"{""Old"":569,""New"":571,""Reason"":3}"
4405013,"{""Old"":599,""New"":601,""Reason"":3}"
44481882,"{""Old"":649,""New"":651,""Reason"":3}"
44481882,"{""Old"":705,""New"":715,""Reason"":3}"
73869673,"{""Old"":63,""New"":65,""Reason"":3}"
43351980,"{""Old"":15292,""New"":15302,""Reason"":3}"
43351980,"{""Old"":15429,""New"":15431,""Reason"":3}"
40712395,"{""Old"":1316,""New"":1318,""Reason"":3}"
40712395,"{""Old"":1545,""New"":1555,""Reason"":3}"
40712395,"{""Old"":1600,""New"":1602,""Reason"":3}"
43351980,"{""Old"":15548,""New"":15558,""Reason"":3}"
84957257,"{""Old"":16421,""New"":16431,""Reason"":3}"
84957257,"{""Old"":16855,""New"":16865,""Reason"":3}"
84957257,"{""Old"":17041,""New"":17043,""Reason"":3}"
205211705,"{""Old"":3112,""New"":3114,""Reason"":3}"
38749156,"{""Old"":2398,""New"":2400,""Reason"":3}"
38749156,"{""Old"":2394,""New"":2396,""Reason"":3}"
38749156,"{""Old"":6471,""New"":6481,""Reason"":3}"
79815782,"{""Old"":541,""New"":543,""Reason"":3}"
6084170,"{""Old"":8611,""New"":8615,""Reason"":3}"
38749156,"{""Old"":6319,""New"":6329,""Reason"":3}"
79815782,"{""Old"":545,""New"":547,""Reason"":3}"
205211705,"{""Old"":3238,""New"":3248,""Reason"":3}"
79782981,"{""Old"":3761,""New"":3763,""Reason"":3}"
37781144,"{""Old"":301,""New"":303,""Reason"":3}"
37781144,"{""Old"":401,""New"":403,""Reason"":3}"
37781144,"{""Old"":415,""New"":417,""Reason"":3}"
79782981,"{""Old"":5001,""New"":5003,""Reason"":3}"
79782981,"{""Old"":8194,""New"":8204,""Reason"":3}"
6615671,"{""Old"":959,""New"":961,""Reason"":3}"
6615671,"{""Old"":1056,""New"":1058,""Reason"":3}"
58261482,"{""Old"":1140,""New"":1142,""Reason"":3}"
58261482,"{""Old"":1213,""New"":1217,""Reason"":3}"
56756635,"{""Old"":3000,""New"":3002,""Reason"":3}"
79782981,"{""Old"":8684,""New"":8694,""Reason"":3}"
79782981,"{""Old"":5628,""New"":5632,""Reason"":3}"
79782981,"{""Old"":5759,""New"":5761,""Reason"":3}"
79782981,"{""Old"":6370,""New"":6380,""Reason"":3}"
79782981,"{""Old"":8284,""New"":8294,""Reason"":3}"
79782981,"{""Old"":3902,""New"":3904,""Reason"":3}"
79782981,"{""Old"":3918,""New"":3920,""Reason"":3}"
79782981,"{""Old"":7679,""New"":7689,""Reason"":3}"
37781144,"{""Old"":425,""New"":427,""Reason"":3}"
79782981,"{""Old"":8890,""New"":8892,""Reason"":3}"
6615671,"{""Old"":936,""New"":938,""Reason"":3}"
26480103,"{""Old"":662,""New"":664,""Reason"":3}"
26480103,"{""Old"":678,""New"":680,""Reason"":3}"
26480103,"{""Old"":694,""New"":696,""Reason"":3}"
46290546,"{""Old"":7650,""New"":7660,""Reason"":3}"
79782981,"{""Old"":6206,""New"":6226,""Reason"":3}"
79782981,"{""Old"":7629,""New"":7639,""Reason"":3}"
79782981,"{""Old"":8423,""New"":8425,""Reason"":3}"
79782981,"{""Old"":3150,""New"":3152,""Reason"":3}"
79782981,"{""Old"":3185,""New"":3187,""Reason"":3}"
4239086,"{""Old"":3606,""New"":3608,""Reason"":3}"
2796424,"{""Old"":5150,""New"":5152,""Reason"":3}"
15795229,"{""Old"":942,""New"":944,""Reason"":3}"
24608076,"{""Old"":3261,""New"":3281,""Reason"":3}"
24608076,"{""Old"":4263,""New"":4273,""Reason"":3}"
24608076,"{""Old"":3561,""New"":3571,""Reason"":3}"
24608076,"{""Old"":4049,""New"":4059,""Reason"":3}"
23033741,"{""Old"":201,""New"":203,""Reason"":3}"
23033741,"{""Old"":293,""New"":295,""Reason"":3}"
24608076,"{""Old"":3303,""New"":3313,""Reason"":3}"
24608076,"{""Old"":4569,""New"":4571,""Reason"":3}"
4405013,"{""Old"":601,""New"":603,""Reason"":3}"
11129004,"{""Old"":2365,""New"":2375,""Reason"":3}"
11129004,"{""Old"":2202,""New"":2208,""Reason"":3}"
64771681,"{""Old"":2579,""New"":2589,""Reason"":3}"
64771681,"{""Old"":2749,""New"":2759,""Reason"":3}"
62448257,"{""Old"":2296,""New"":2298,""Reason"":3}"
205211705,"{""Old"":3201,""New"":3203,""Reason"":3}"
49831730,"{""Old"":521,""New"":523,""Reason"":3}"
79782981,"{""Old"":3898,""New"":3900,""Reason"":3}"
79782981,"{""Old"":6458,""New"":6468,""Reason"":3}"
79782981,"{""Old"":3425,""New"":3427,""Reason"":3}"
43780156,"{""Old"":75414,""New"":75416,""Reason"":3}"
43780156,"{""Old"":75578,""New"":75580,""Reason"":3}"
17730425,"{""Old"":2694,""New"":2714,""Reason"":3}"
35847621,"{""Old"":480,""New"":482,""Reason"":3}"
79782981,"{""Old"":3550,""New"":3552,""Reason"":3}"
79782981,"{""Old"":3056,""New"":3060,""Reason"":3}"
79782981,"{""Old"":3209,""New"":3211,""Reason"":3}"
79782981,"{""Old"":8525,""New"":8535,""Reason"":3}"
79782981,"{""Old"":9173,""New"":9183,""Reason"":3}"
79782981,"{""Old"":3723,""New"":3725,""Reason"":3}"
79782981,"{""Old"":8445,""New"":8455,""Reason"":3}"
79782981,"{""Old"":3872,""New"":3874,""Reason"":3}"
79782981,"{""Old"":5622,""New"":5626,""Reason"":3}"
79782981,"{""Old"":5638,""New"":5640,""Reason"":3}"
79782981,"{""Old"":6840,""New"":6850,""Reason"":3}"
79782981,"{""Old"":7907,""New"":7909,""Reason"":3}"
79782981,"{""Old"":3895,""New"":3897,""Reason"":3}"
79782981,"{""Old"":4496,""New"":4498,""Reason"":3}"
79782981,"{""Old"":5761,""New"":5763,""Reason"":3}"
79782981,"{""Old"":6161,""New"":6171,""Reason"":3}"
79782981,"{""Old"":6468,""New"":6478,""Reason"":3}"
37781144,"{""Old"":327,""New"":329,""Reason"":3}"
37781144,"{""Old"":443,""New"":445,""Reason"":3}"
79782981,"{""Old"":3972,""New"":3974,""Reason"":3}"
79782981,"{""Old"":5368,""New"":5370,""Reason"":3}"
79782981,"{""Old"":6604,""New"":6614,""Reason"":3}"
79782981,"{""Old"":3478,""New"":3480,""Reason"":3}"
79782981,"{""Old"":8768,""New"":8778,""Reason"":3}"
79782981,"{""Old"":9073,""New"":9083,""Reason"":3}"
79782981,"{""Old"":3201,""New"":3203,""Reason"":3}"
79782981,"{""Old"":7669,""New"":7679,""Reason"":3}"
79782981,"{""Old"":7991,""New"":8011,""Reason"":3}"
79782981,"{""Old"":7981,""New"":7991,""Reason"":3}"
79782981,"{""Old"":3741,""New"":3743,""Reason"":3}"
79782981,"{""Old"":3231,""New"":3241,""Reason"":3}"
79782981,"{""Old"":2970,""New"":2972,""Reason"":3}"
79782981,"{""Old"":3105,""New"":3107,""Reason"":3}"
79782981,"{""Old"":8736,""New"":8746,""Reason"":3}"
79782981,"{""Old"":8820,""New"":8830,""Reason"":3}"
79782981,"{""Old"":7783,""New"":7793,""Reason"":3}"
79782981,"{""Old"":8214,""New"":8224,""Reason"":3}"
56756635,"{""Old"":3026,""New"":3028,""Reason"":3}"
79782981,"{""Old"":3527,""New"":3529,""Reason"":3}"
79782981,"{""Old"":3499,""New"":3501,""Reason"":3}"
79782981,"{""Old"":8361,""New"":8371,""Reason"":3}"
79782981,"{""Old"":9153,""New"":9163,""Reason"":3}"
37781144,"{""Old"":299,""New"":301,""Reason"":3}"
37781144,"{""Old"":325,""New"":327,""Reason"":3}"
37781144,"{""Old"":447,""New"":449,""Reason"":3}"
79782981,"{""Old"":5600,""New"":5610,""Reason"":3}"
79782981,"{""Old"":7417,""New"":7427,""Reason"":3}"
79782981,"{""Old"":7539,""New"":7549,""Reason"":3}"
79782981,"{""Old"":5015,""New"":5017,""Reason"":3}"
79782981,"{""Old"":5835,""New"":5837,""Reason"":3}"
79782981,"{""Old"":7509,""New"":7519,""Reason"":3}"
79782981,"{""Old"":8381,""New"":8391,""Reason"":3}"
79782981,"{""Old"":7303,""New"":7323,""Reason"":3}"
79782981,"{""Old"":7835,""New"":7845,""Reason"":3}"
79782981,"{""Old"":5862,""New"":5872,""Reason"":3}"
79782981,"{""Old"":7277,""New"":7279,""Reason"":3}"
79782981,"{""Old"":8254,""New"":8264,""Reason"":3}"
37781144,"{""Old"":297,""New"":299,""Reason"":3}"
37781144,"{""Old"":305,""New"":307,""Reason"":3}"
37781144,"{""Old"":457,""New"":459,""Reason"":3}"
37781144,"{""Old"":221,""New"":223,""Reason"":3}"
79782981,"{""Old"":3533,""New"":3535,""Reason"":3}"
37781144,"{""Old"":264,""New"":266,""Reason"":3}"
79782981,"{""Old"":5171,""New"":5177,""Reason"":3}"
79782981,"{""Old"":5598,""New"":5600,""Reason"":3}"
79782981,"{""Old"":6360,""New"":6370,""Reason"":3}"
79782981,"{""Old"":6380,""New"":6390,""Reason"":3}"
79782981,"{""Old"":7793,""New"":7803,""Reason"":3}"
79782981,"{""Old"":8124,""New"":8134,""Reason"":3}"
79782981,"{""Old"":3370,""New"":3372,""Reason"":3}"
79782981,"{""Old"":4034,""New"":4036,""Reason"":3}"
79782981,"{""Old"":5665,""New"":5667,""Reason"":3}"
79782981,"{""Old"":8011,""New"":8021,""Reason"":3}"
79782981,"{""Old"":8264,""New"":8274,""Reason"":3}"
79782981,"{""Old"":3729,""New"":3731,""Reason"":3}"
79782981,"{""Old"":8969,""New"":8979,""Reason"":3}"
79782981,"{""Old"":9132,""New"":9152,""Reason"":3}"
37781144,"{""Old"":307,""New"":309,""Reason"":3}"
79782981,"{""Old"":3444,""New"":3446,""Reason"":3}"
79782981,"{""Old"":3525,""New"":3527,""Reason"":3}"
79782981,"{""Old"":3012,""New"":3022,""Reason"":3}"
79782981,"{""Old"":3731,""New"":3741,""Reason"":3}"
79782981,"{""Old"":3891,""New"":3893,""Reason"":3}"
4239086,"{""Old"":3730,""New"":3732,""Reason"":3}"
50494222,"{""Old"":81935,""New"":81945,""Reason"":3}"
50494222,"{""Old"":82917,""New"":82927,""Reason"":3}"
50494222,"{""Old"":82015,""New"":82025,""Reason"":3}"
50494222,"{""Old"":82167,""New"":82187,""Reason"":3}"
50494222,"{""Old"":82537,""New"":82547,""Reason"":3}"
86009749,"{""Old"":446,""New"":448,""Reason"":3}"
24608076,"{""Old"":4109,""New"":4119,""Reason"":3}"
24608076,"{""Old"":4395,""New"":4405,""Reason"":3}"
298627,"{""Old"":168,""New"":170,""Reason"":3}"
40700927,"{""Old"":118,""New"":120,""Reason"":3}"
13083476,"{""Old"":683,""New"":685,""Reason"":3}"
13083476,"{""Old"":701,""New"":703,""Reason"":3}"
4980186,"{""Old"":3516,""New"":3526,""Reason"":3}"
4980186,"{""Old"":3494,""New"":3496,""Reason"":3}"
211423534,"{""Old"":43446,""New"":43448,""Reason"":3}"
25602497,"{""Old"":521,""New"":523,""Reason"":3}"
6149384,"{""Old"":913,""New"":915,""Reason"":3}"
37744135,"{""Old"":29536,""New"":29546,""Reason"":3}"
65582555,"{""Old"":104,""New"":106,""Reason"":3}"
69464352,"{""Old"":58,""New"":60,""Reason"":3}"
9442327,"{""Old"":320,""New"":322,""Reason"":3}"
13083476,"{""Old"":465,""New"":467,""Reason"":3}"
13083476,"{""Old"":497,""New"":501,""Reason"":3}"
42367164,"{""Old"":1682,""New"":1684,""Reason"":3}"
42367164,"{""Old"":2003,""New"":2005,""Reason"":3}"
42367164,"{""Old"":2031,""New"":2033,""Reason"":3}"
56262169,"{""Old"":362,""New"":364,""Reason"":3}"
35875544,"{""Old"":20487,""New"":20489,""Reason"":3}"
35875544,"{""Old"":20968,""New"":20972,""Reason"":3}"
35875544,"{""Old"":21631,""New"":21641,""Reason"":3}"
43780156,"{""Old"":75574,""New"":75578,""Reason"":3}"
43780156,"{""Old"":75590,""New"":75600,""Reason"":3}"
5003925,"{""Old"":937,""New"":941,""Reason"":3}"
52436180,"{""Old"":380270,""New"":380280,""Reason"":3}"
52436180,"{""Old"":384825,""New"":384835,""Reason"":3}"
8883313,"{""Old"":1468,""New"":1470,""Reason"":3}"
211423534,"{""Old"":42862,""New"":42892,""Reason"":3}"
211423534,"{""Old"":43076,""New"":43086,""Reason"":3}"
7378760,"{""Old"":145160,""New"":145164,""Reason"":3}"
7378760,"{""Old"":145146,""New"":145148,""Reason"":3}"
37744135,"{""Old"":29242,""New"":29244,""Reason"":3}"
37744135,"{""Old"":27729,""New"":27731,""Reason"":3}"
37744135,"{""Old"":28199,""New"":28201,""Reason"":3}"
37744135,"{""Old"":29308,""New"":29310,""Reason"":3}"
6149384,"{""Old"":887,""New"":891,""Reason"":3}"
6149384,"{""Old"":893,""New"":895,""Reason"":3}"
6149384,"{""Old"":881,""New"":883,""Reason"":3}"
202863679,"{""Old"":1270,""New"":1272,""Reason"":3}"
52436180,"{""Old"":384799,""New"":384809,""Reason"":3}"
37988048,"{""Old"":1751,""New"":1757,""Reason"":3}"
32002545,"{""Old"":354,""New"":364,""Reason"":3}"
48073539,"{""Old"":2298,""New"":2300,""Reason"":3}"
8883313,"{""Old"":1548,""New"":1550,""Reason"":3}"
8883313,"{""Old"":1775,""New"":1785,""Reason"":3}"
70971660,"{""Old"":277,""New"":279,""Reason"":3}"
13533643,"{""Old"":3672,""New"":3674,""Reason"":3}"
218151732,"{""Old"":2282,""New"":2284,""Reason"":3}"
169859,"{""Old"":8863,""New"":8865,""Reason"":3}"
169859,"{""Old"":8991,""New"":8993,""Reason"":3}"
169859,"{""Old"":9025,""New"":9027,""Reason"":3}"
202863679,"{""Old"":1268,""New"":1270,""Reason"":3}"
202863679,"{""Old"":1264,""New"":1266,""Reason"":3}"
8673338,"{""Old"":13332,""New"":13342,""Reason"":3}"
70971660,"{""Old"":712,""New"":714,""Reason"":3}"
8883313,"{""Old"":1332,""New"":1334,""Reason"":3}"
8673338,"{""Old"":12622,""New"":12624,""Reason"":3}"
70971660,"{""Old"":741,""New"":743,""Reason"":3}"
8673338,"{""Old"":13420,""New"":13422,""Reason"":3}"
8673338,"{""Old"":12468,""New"":12470,""Reason"":3}"
8673338,"{""Old"":12822,""New"":12824,""Reason"":3}"
8673338,"{""Old"":12912,""New"":12914,""Reason"":3}"
70971660,"{""Old"":314,""New"":316,""Reason"":3}"
48073539,"{""Old"":2278,""New"":2280,""Reason"":3}"
48073539,"{""Old"":2155,""New"":2157,""Reason"":3}"
48073539,"{""Old"":2203,""New"":2205,""Reason"":3}"
48073539,"{""Old"":2318,""New"":2322,""Reason"":3}"
48073539,"{""Old"":2322,""New"":2324,""Reason"":3}"
79142355,"{""Old"":1002,""New"":1004,""Reason"":3}"
71233387,"{""Old"":76,""New"":78,""Reason"":3}"
36439403,"{""Old"":1503,""New"":1513,""Reason"":3}"
7034318,"{""Old"":216,""New"":218,""Reason"":3}"
11129004,"{""Old"":2155,""New"":2165,""Reason"":3}"
73660558,"{""Old"":2533,""New"":2543,""Reason"":3}"
73660558,"{""Old"":2361,""New"":2371,""Reason"":3}"
73660558,"{""Old"":2547,""New"":2549,""Reason"":3}"
169859,"{""Old"":9069,""New"":9079,""Reason"":3}"
8883313,"{""Old"":1366,""New"":1368,""Reason"":3}"
8883313,"{""Old"":1356,""New"":1366,""Reason"":3}"
8883313,"{""Old"":1404,""New"":1406,""Reason"":3}"
52436180,"{""Old"":381872,""New"":381882,""Reason"":3}"
32002545,"{""Old"":551,""New"":553,""Reason"":3}"
32002545,"{""Old"":336,""New"":338,""Reason"":3}"
53727285,"{""Old"":584,""New"":586,""Reason"":3}"
35216582,"{""Old"":30279,""New"":30289,""Reason"":3}"
35216582,"{""Old"":31172,""New"":31182,""Reason"":3}"
80758401,"{""Old"":5498,""New"":5508,""Reason"":3}"
202176747,"{""Old"":115149,""New"":115179,""Reason"":3}"
64771681,"{""Old"":2589,""New"":2599,""Reason"":3}"
8257034,"{""Old"":3440,""New"":3442,""Reason"":3}"
35875544,"{""Old"":20628,""New"":20638,""Reason"":3}"
13083476,"{""Old"":144,""New"":146,""Reason"":3}"
13083476,"{""Old"":907,""New"":917,""Reason"":3}"
49831730,"{""Old"":884,""New"":888,""Reason"":3}"
64771681,"{""Old"":3194,""New"":3214,""Reason"":3}"
9442327,"{""Old"":308,""New"":310,""Reason"":3}"
4239086,"{""Old"":3806,""New"":3808,""Reason"":3}"
4239086,"{""Old"":3901,""New"":3903,""Reason"":3}"
4239086,"{""Old"":3608,""New"":3610,""Reason"":3}"
4239086,"{""Old"":3940,""New"":3942,""Reason"":3}"
4239086,"{""Old"":4194,""New"":4204,""Reason"":3}"
4239086,"{""Old"":3405,""New"":3407,""Reason"":3}"
38319980,"{""Old"":81682,""New"":81684,""Reason"":3}"
38319980,"{""Old"":81904,""New"":81906,""Reason"":3}"
38319980,"{""Old"":82357,""New"":82367,""Reason"":3}"
38319980,"{""Old"":82451,""New"":82461,""Reason"":3}"
71718548,"{""Old"":402,""New"":412,""Reason"":3}"
71718548,"{""Old"":418,""New"":420,""Reason"":3}"
71718548,"{""Old"":481,""New"":483,""Reason"":3}"
74426538,"{""Old"":2144,""New"":2146,""Reason"":3}"
4239086,"{""Old"":3445,""New"":3455,""Reason"":3}"
50494222,"{""Old"":82035,""New"":82045,""Reason"":3}"
50494222,"{""Old"":82117,""New"":82127,""Reason"":3}"
50494222,"{""Old"":82317,""New"":82337,""Reason"":3}"
38319980,"{""Old"":83887,""New"":83897,""Reason"":3}"
38319980,"{""Old"":84371,""New"":84381,""Reason"":3}"
2796424,"{""Old"":5172,""New"":5174,""Reason"":3}"
4239086,"{""Old"":3479,""New"":3481,""Reason"":3}"
39750047,"{""Old"":287,""New"":289,""Reason"":3}"
44851623,"{""Old"":95,""New"":97,""Reason"":3}"
31853290,"{""Old"":182,""New"":186,""Reason"":3}"
8673338,"{""Old"":12175,""New"":12177,""Reason"":3}"
8673338,"{""Old"":13068,""New"":13078,""Reason"":3}"
70971660,"{""Old"":553,""New"":555,""Reason"":3}"
70971660,"{""Old"":570,""New"":572,""Reason"":3}"
70971660,"{""Old"":867,""New"":869,""Reason"":3}"
70971660,"{""Old"":1111,""New"":1113,""Reason"":3}"
8673338,"{""Old"":12439,""New"":12443,""Reason"":3}"
8673338,"{""Old"":12698,""New"":12700,""Reason"":3}"
4980186,"{""Old"":2682,""New"":2684,""Reason"":3}"
33904862,"{""Old"":607,""New"":617,""Reason"":3}"
13083476,"{""Old"":450,""New"":452,""Reason"":3}"
39687811,"{""Old"":405,""New"":407,""Reason"":3}"
8257034,"{""Old"":3447,""New"":3449,""Reason"":3}"
56262169,"{""Old"":358,""New"":360,""Reason"":3}"
48591626,"{""Old"":1604,""New"":1606,""Reason"":3}"
49831730,"{""Old"":1106,""New"":1108,""Reason"":3}"
38749156,"{""Old"":3698,""New"":3708,""Reason"":3}"
38749156,"{""Old"":3915,""New"":3917,""Reason"":3}"
9442327,"{""Old"":542,""New"":544,""Reason"":3}"
202176747,"{""Old"":115281,""New"":115291,""Reason"":3}"
38749156,"{""Old"":304,""New"":306,""Reason"":3}"
38749156,"{""Old"":356,""New"":358,""Reason"":3}"
56262169,"{""Old"":340,""New"":342,""Reason"":3}"
25154055,"{""Old"":572,""New"":574,""Reason"":3}"
47200242,"{""Old"":7617,""New"":7619,""Reason"":3}"
6084170,"{""Old"":8565,""New"":8575,""Reason"":3}"
4980186,"{""Old"":2672,""New"":2682,""Reason"":3}"
4980186,"{""Old"":3258,""New"":3260,""Reason"":3}"
4980186,"{""Old"":3496,""New"":3506,""Reason"":3}"
4980186,"{""Old"":3618,""New"":3628,""Reason"":3}"
39687811,"{""Old"":236,""New"":238,""Reason"":3}"
42367164,"{""Old"":1592,""New"":1594,""Reason"":3}"
42367164,"{""Old"":1943,""New"":1945,""Reason"":3}"
42367164,"{""Old"":2005,""New"":2007,""Reason"":3}"
4980186,"{""Old"":2845,""New"":2847,""Reason"":3}"
42367164,"{""Old"":1342,""New"":1344,""Reason"":3}"
42367164,"{""Old"":1410,""New"":1412,""Reason"":3}"
42367164,"{""Old"":2037,""New"":2047,""Reason"":3}"
35875544,"{""Old"":22719,""New"":22721,""Reason"":3}"
39687811,"{""Old"":222,""New"":224,""Reason"":3}"
64771681,"{""Old"":1021,""New"":1023,""Reason"":3}"
64771681,"{""Old"":1178,""New"":1180,""Reason"":3}"
9442327,"{""Old"":298,""New"":308,""Reason"":3}"
64771681,"{""Old"":3214,""New"":3224,""Reason"":3}"
64771681,"{""Old"":1659,""New"":1669,""Reason"":3}"
39750047,"{""Old"":289,""New"":291,""Reason"":3}"
67835639,"{""Old"":265,""New"":267,""Reason"":3}"
8257034,"{""Old"":3199,""New"":3203,""Reason"":3}"
42367164,"{""Old"":1795,""New"":1799,""Reason"":3}"
42367164,"{""Old"":1831,""New"":1833,""Reason"":3}"
64442454,"{""Old"":4346,""New"":4378,""Reason"":3}"
11225640,"{""Old"":2082,""New"":2084,""Reason"":3}"
77154558,"{""Old"":202,""New"":204,""Reason"":3}"
64771681,"{""Old"":1367,""New"":1369,""Reason"":3}"
64771681,"{""Old"":1547,""New"":1549,""Reason"":3}"
35875544,"{""Old"":20685,""New"":20687,""Reason"":3}"
64771681,"{""Old"":2278,""New"":2280,""Reason"":3}"
64771681,"{""Old"":1064,""New"":1066,""Reason"":3}"
13083476,"{""Old"":533,""New"":535,""Reason"":3}"
13083476,"{""Old"":734,""New"":736,""Reason"":3}"
205211705,"{""Old"":3158,""New"":3160,""Reason"":3}"
35847621,"{""Old"":426,""New"":428,""Reason"":3}"
64771681,"{""Old"":3184,""New"":3194,""Reason"":3}"
64771681,"{""Old"":3152,""New"":3154,""Reason"":3}"
64771681,"{""Old"":3560,""New"":3562,""Reason"":3}"
35875544,"{""Old"":22389,""New"":22391,""Reason"":3}"
35875544,"{""Old"":22556,""New"":22566,""Reason"":3}"
4980186,"{""Old"":2506,""New"":2516,""Reason"":3}"
4980186,"{""Old"":2728,""New"":2738,""Reason"":3}"
71227328,"{""Old"":368,""New"":370,""Reason"":3}"
38749156,"{""Old"":288,""New"":290,""Reason"":3}"
42367164,"{""Old"":2109,""New"":2111,""Reason"":3}"
84490801,"{""Old"":84452,""New"":84454,""Reason"":3}"
66273046,"{""Old"":144,""New"":146,""Reason"":3}"
66273046,"{""Old"":175,""New"":177,""Reason"":3}"
64771681,"{""Old"":1609,""New"":1619,""Reason"":3}"
64771681,"{""Old"":2011,""New"":2021,""Reason"":3}"
38319980,"{""Old"":84199,""New"":84209,""Reason"":3}"
38319980,"{""Old"":82321,""New"":82323,""Reason"":3}"
38319980,"{""Old"":82501,""New"":82521,""Reason"":3}"
38319980,"{""Old"":84361,""New"":84371,""Reason"":3}"
38319980,"{""Old"":81258,""New"":81260,""Reason"":3}"
38319980,"{""Old"":81958,""New"":81968,""Reason"":3}"
38319980,"{""Old"":82012,""New"":82022,""Reason"":3}"
38319980,"{""Old"":82411,""New"":82421,""Reason"":3}"
38319980,"{""Old"":82563,""New"":82573,""Reason"":3}"
38319980,"{""Old"":83328,""New"":83338,""Reason"":3}"
38319980,"{""Old"":83450,""New"":83460,""Reason"":3}"
38319980,"{""Old"":83440,""New"":83450,""Reason"":3}"
38319980,"{""Old"":82758,""New"":82768,""Reason"":3}"
38319980,"{""Old"":82768,""New"":82778,""Reason"":3}"
38319980,"{""Old"":83050,""New"":83070,""Reason"":3}"
38319980,"{""Old"":83280,""New"":83284,""Reason"":3}"
38319980,"{""Old"":82595,""New"":82605,""Reason"":3}"
38319980,"{""Old"":84249,""New"":84259,""Reason"":3}"
205211705,"{""Old"":3108,""New"":3110,""Reason"":3}"
56262169,"{""Old"":306,""New"":310,""Reason"":3}"
64771681,"{""Old"":846,""New"":848,""Reason"":3}"
64771681,"{""Old"":990,""New"":992,""Reason"":3}"
64771681,"{""Old"":1981,""New"":1991,""Reason"":3}"
71227328,"{""Old"":387,""New"":389,""Reason"":3}"
4980186,"{""Old"":3400,""New"":3410,""Reason"":3}"
36422175,"{""Old"":657,""New"":659,""Reason"":3}"
42367164,"{""Old"":1618,""New"":1622,""Reason"":3}"
42367164,"{""Old"":1745,""New"":1747,""Reason"":3}"
42367164,"{""Old"":1753,""New"":1755,""Reason"":3}"
42367164,"{""Old"":1785,""New"":1787,""Reason"":3}"
42367164,"{""Old"":1975,""New"":1977,""Reason"":3}"
9442327,"{""Old"":327,""New"":337,""Reason"":3}"
9442327,"{""Old"":364,""New"":366,""Reason"":3}"
64771681,"{""Old"":3488,""New"":3490,""Reason"":3}"
35875544,"{""Old"":20208,""New"":20210,""Reason"":3}"
35875544,"{""Old"":20640,""New"":20650,""Reason"":3}"
35875544,"{""Old"":20721,""New"":20723,""Reason"":3}"
56262169,"{""Old"":310,""New"":312,""Reason"":3}"
205211705,"{""Old"":3138,""New"":3140,""Reason"":3}"
64771681,"{""Old"":1645,""New"":1655,""Reason"":3}"
64771681,"{""Old"":1699,""New"":1701,""Reason"":3}"
64771681,"{""Old"":2116,""New"":2126,""Reason"":3}"
64771681,"{""Old"":1529,""New"":1531,""Reason"":3}"
42367164,"{""Old"":1422,""New"":1424,""Reason"":3}"
42367164,"{""Old"":1534,""New"":1550,""Reason"":3}"
42367164,"{""Old"":1823,""New"":1825,""Reason"":3}"
35875544,"{""Old"":20356,""New"":20366,""Reason"":3}"
50416621,"{""Old"":2850,""New"":2852,""Reason"":3}"
28562228,"{""Old"":224,""New"":228,""Reason"":3}"
47200242,"{""Old"":7048,""New"":7050,""Reason"":3}"
47200242,"{""Old"":7369,""New"":7371,""Reason"":3}"
38319980,"{""Old"":84411,""New"":84421,""Reason"":3}"
38319980,"{""Old"":83907,""New"":83917,""Reason"":3}"
38319980,"{""Old"":84079,""New"":84089,""Reason"":3}"
50494222,"{""Old"":81945,""New"":81955,""Reason"":3}"
50494222,"{""Old"":82357,""New"":82367,""Reason"":3}"
35216582,"{""Old"":31536,""New"":31546,""Reason"":3}"
27777369,"{""Old"":622,""New"":632,""Reason"":3}"
7034318,"{""Old"":202,""New"":204,""Reason"":3}"
11129004,"{""Old"":2421,""New"":2423,""Reason"":3}"
44481882,"{""Old"":532,""New"":534,""Reason"":3}"
32542208,"{""Old"":120,""New"":122,""Reason"":3}"
85219672,"{""Old"":12834,""New"":12836,""Reason"":3}"
24608076,"{""Old"":3209,""New"":3219,""Reason"":3}"
24608076,"{""Old"":3675,""New"":3685,""Reason"":3}"
24608076,"{""Old"":4621,""New"":4631,""Reason"":3}"
4472194,"{""Old"":3256,""New"":3258,""Reason"":3}"
10339843,"{""Old"":99,""New"":101,""Reason"":3}"
10339843,"{""Old"":105,""New"":107,""Reason"":3}"
210993055,"{""Old"":56089,""New"":56099,""Reason"":3}"
210993055,"{""Old"":56291,""New"":56293,""Reason"":3}"
210993055,"{""Old"":56363,""New"":56373,""Reason"":3}"
208990330,"{""Old"":157,""New"":159,""Reason"":3}"
36439403,"{""Old"":1615,""New"":1617,""Reason"":3}"
56224846,"{""Old"":66,""New"":68,""Reason"":3}"
23839143,"{""Old"":389,""New"":391,""Reason"":3}"
24608076,"{""Old"":4407,""New"":4417,""Reason"":3}"
23033741,"{""Old"":345,""New"":347,""Reason"":3}"
23033741,"{""Old"":415,""New"":417,""Reason"":3}"
13173590,"{""Old"":60595,""New"":60597,""Reason"":3}"
13173590,"{""Old"":60611,""New"":60613,""Reason"":3}"
10339843,"{""Old"":168,""New"":170,""Reason"":3}"
85219672,"{""Old"":18223,""New"":18233,""Reason"":3}"
85219672,"{""Old"":15663,""New"":15673,""Reason"":3}"
85219672,"{""Old"":16809,""New"":16811,""Reason"":3}"
38478123,"{""Old"":257,""New"":259,""Reason"":3}"
50681822,"{""Old"":646,""New"":650,""Reason"":3}"
85219672,"{""Old"":12836,""New"":12838,""Reason"":3}"
85219672,"{""Old"":13558,""New"":13560,""Reason"":3}"
85219672,"{""Old"":14277,""New"":14279,""Reason"":3}"
13186631,"{""Old"":10553,""New"":10555,""Reason"":3}"
35740144,"{""Old"":54,""New"":56,""Reason"":3}"
24608076,"{""Old"":3901,""New"":3903,""Reason"":3}"
208990330,"{""Old"":134,""New"":136,""Reason"":3}"
85219672,"{""Old"":18317,""New"":18327,""Reason"":3}"
85219672,"{""Old"":12893,""New"":12895,""Reason"":3}"
32381984,"{""Old"":249,""New"":251,""Reason"":3}"
7501032,"{""Old"":211,""New"":213,""Reason"":3}"
32381984,"{""Old"":274,""New"":276,""Reason"":3}"
44481882,"{""Old"":719,""New"":721,""Reason"":3}"
35216582,"{""Old"":30293,""New"":30295,""Reason"":3}"
44481882,"{""Old"":581,""New"":583,""Reason"":3}"
11129004,"{""Old"":2584,""New"":2586,""Reason"":3}"
85219672,"{""Old"":16068,""New"":16070,""Reason"":3}"
85219672,"{""Old"":16557,""New"":16559,""Reason"":3}"
85219672,"{""Old"":16634,""New"":16636,""Reason"":3}"
50681822,"{""Old"":466,""New"":468,""Reason"":3}"
85219672,"{""Old"":13570,""New"":13572,""Reason"":3}"
85219672,"{""Old"":13826,""New"":13828,""Reason"":3}"
85219672,"{""Old"":13988,""New"":13990,""Reason"":3}"
85219672,"{""Old"":14889,""New"":14899,""Reason"":3}"
85219672,"{""Old"":12913,""New"":12915,""Reason"":3}"
24608076,"{""Old"":3591,""New"":3601,""Reason"":3}"
24608076,"{""Old"":3775,""New"":3785,""Reason"":3}"
85219672,"{""Old"":12927,""New"":12929,""Reason"":3}"
4472194,"{""Old"":3217,""New"":3223,""Reason"":3}"
24608076,"{""Old"":3755,""New"":3765,""Reason"":3}"
24608076,"{""Old"":3905,""New"":3915,""Reason"":3}"
44481882,"{""Old"":552,""New"":554,""Reason"":3}"
208990330,"{""Old"":182,""New"":184,""Reason"":3}"
210993055,"{""Old"":57119,""New"":57129,""Reason"":3}"
32027539,"{""Old"":1099,""New"":1101,""Reason"":3}"
42218918,"{""Old"":532,""New"":534,""Reason"":3}"
210993055,"{""Old"":55827,""New"":55829,""Reason"":3}"
56224846,"{""Old"":142,""New"":144,""Reason"":3}"
11129004,"{""Old"":1979,""New"":1981,""Reason"":3}"
11129004,"{""Old"":2198,""New"":2200,""Reason"":3}"
11129004,"{""Old"":2303,""New"":2305,""Reason"":3}"
11129004,"{""Old"":2562,""New"":2564,""Reason"":3}"
42218918,"{""Old"":479,""New"":481,""Reason"":3}"
55818431,"{""Old"":322,""New"":334,""Reason"":3}"
85663896,"{""Old"":183,""New"":185,""Reason"":3}"
38893932,"{""Old"":1111,""New"":1113,""Reason"":3}"
40762363,"{""Old"":840,""New"":848,""Reason"":3}"
6151149,"{""Old"":35098,""New"":35100,""Reason"":3}"
33800425,"{""Old"":724,""New"":730,""Reason"":3}"
61512242,"{""Old"":228,""New"":240,""Reason"":3}"
85219672,"{""Old"":158541,""New"":158613,""Reason"":3}"
41093570,"{""Old"":205,""New"":209,""Reason"":3}"
60169402,"{""Old"":2157,""New"":2173,""Reason"":3}"
206123773,"{""Old"":3055,""New"":3057,""Reason"":3}"
37979975,"{""Old"":21,""New"":23,""Reason"":3}"
120928636,"{""Old"":385,""New"":407,""Reason"":3}"
28866841,"{""Old"":1197,""New"":1199,""Reason"":3}"
85219672,"{""Old"":159021,""New"":159041,""Reason"":3}"
84957257,"{""Old"":29895,""New"":29897,""Reason"":3}"
120928636,"{""Old"":407,""New"":413,""Reason"":3}"
86035787,"{""Old"":1926,""New"":1932,""Reason"":3}"
13951446,"{""Old"":278,""New"":284,""Reason"":3}"
16045691,"{""Old"":11488,""New"":11490,""Reason"":3}"
11049038,"{""Old"":186,""New"":192,""Reason"":3}"
11049038,"{""Old"":183,""New"":185,""Reason"":3}"
36195039,"{""Old"":887,""New"":889,""Reason"":3}"
120928636,"{""Old"":413,""New"":415,""Reason"":3}"
80263555,"{""Old"":3682,""New"":3684,""Reason"":3}"
211765402,"{""Old"":451,""New"":453,""Reason"":3}"
81470453,"{""Old"":697,""New"":725,""Reason"":3}"
79966509,"{""Old"":1008,""New"":1012,""Reason"":3}"
206872234,"{""Old"":10051,""New"":10063,""Reason"":3}"
74293554,"{""Old"":1566,""New"":1568,""Reason"":3}"
36195039,"{""Old"":739,""New"":743,""Reason"":3}"
36195039,"{""Old"":845,""New"":857,""Reason"":3}"
13951446,"{""Old"":284,""New"":286,""Reason"":3}"
202721668,"{""Old"":683,""New"":689,""Reason"":3}"
18479295,"{""Old"":314,""New"":316,""Reason"":3}"
18479295,"{""Old"":288,""New"":314,""Reason"":3}"
45715010,"{""Old"":9964,""New"":10098,""Reason"":3}"
45715010,"{""Old"":10286,""New"":10382,""Reason"":3}"
46973434,"{""Old"":301,""New"":307,""Reason"":3}"
46973434,"{""Old"":317,""New"":319,""Reason"":3}"
11635777,"{""Old"":359,""New"":363,""Reason"":3}"
11698212,"{""Old"":323,""New"":325,""Reason"":3}"
11006597,"{""Old"":299,""New"":301,""Reason"":3}"
45331910,"{""Old"":675,""New"":677,""Reason"":3}"
18053526,"{""Old"":158,""New"":162,""Reason"":3}"
11049038,"{""Old"":168,""New"":176,""Reason"":3}"
37311632,"{""Old"":506047,""New"":509607,""Reason"":3}"
11698212,"{""Old"":425,""New"":445,""Reason"":3}"
13958114,"{""Old"":21276,""New"":21282,""Reason"":3}"
45715010,"{""Old"":9092,""New"":9132,""Reason"":3}"
45331910,"{""Old"":704,""New"":710,""Reason"":3}"
206872234,"{""Old"":10007,""New"":10019,""Reason"":3}"
121222972,"{""Old"":111,""New"":115,""Reason"":3}"
13958114,"{""Old"":21283,""New"":21285,""Reason"":3}"
11698212,"{""Old"":111,""New"":113,""Reason"":3}"
86035787,"{""Old"":1924,""New"":1926,""Reason"":3}"
206872234,"{""Old"":9986,""New"":10006,""Reason"":3}"
11006597,"{""Old"":263,""New"":269,""Reason"":3}"
11698212,"{""Old"":368,""New"":380,""Reason"":3}"
201887522,"{""Old"":355,""New"":357,""Reason"":3}"
11006597,"{""Old"":306,""New"":310,""Reason"":3}"
81470453,"{""Old"":804,""New"":822,""Reason"":3}"
85219672,"{""Old"":158613,""New"":158707,""Reason"":3}"
11296566,"{""Old"":10464,""New"":10468,""Reason"":3}"
11698212,"{""Old"":332,""New"":338,""Reason"":3}"
11698212,"{""Old"":352,""New"":358,""Reason"":3}"
11698212,"{""Old"":445,""New"":447,""Reason"":3}"
16045691,"{""Old"":11491,""New"":11497,""Reason"":3}"
11006597,"{""Old"":310,""New"":312,""Reason"":3}"
11635777,"{""Old"":363,""New"":365,""Reason"":3}"
36195039,"{""Old"":781,""New"":785,""Reason"":3}"
8654505,"{""Old"":1783,""New"":1799,""Reason"":3}"
206872234,"{""Old"":9617,""New"":9619,""Reason"":3}"
121222972,"{""Old"":130,""New"":132,""Reason"":3}"
13958114,"{""Old"":21255,""New"":21267,""Reason"":3}"
206872234,"{""Old"":9946,""New"":9948,""Reason"":3}"
11698212,"{""Old"":408,""New"":412,""Reason"":3}"
201887522,"{""Old"":351,""New"":355,""Reason"":3}"
38733101,"{""Old"":1133,""New"":1139,""Reason"":3}"
13951446,"{""Old"":286,""New"":288,""Reason"":3}"
24064804,"{""Old"":2283,""New"":2287,""Reason"":3}"
11296566,"{""Old"":10457,""New"":10463,""Reason"":3}"
58380615,"{""Old"":1977,""New"":1981,""Reason"":3}"
19928862,"{""Old"":17457,""New"":17459,""Reason"":3}"
121222972,"{""Old"":121,""New"":127,""Reason"":3}"
121222972,"{""Old"":145,""New"":153,""Reason"":3}"
206872234,"{""Old"":9877,""New"":9885,""Reason"":3}"
206872234,"{""Old"":9790,""New"":9794,""Reason"":3}"
206872234,"{""Old"":9931,""New"":9933,""Reason"":3}"
11698212,"{""Old"":240,""New"":242,""Reason"":3}"
206872234,"{""Old"":10029,""New"":10051,""Reason"":3}"
121023862,"{""Old"":854,""New"":856,""Reason"":3}"
45715010,"{""Old"":10486,""New"":10518,""Reason"":3}"
65594943,"{""Old"":9735,""New"":9751,""Reason"":3}"
11006597,"{""Old"":285,""New"":293,""Reason"":3}"
36195039,"{""Old"":765,""New"":779,""Reason"":3}"
9511124,"{""Old"":2568,""New"":2586,""Reason"":3}"
209538568,"{""Old"":19716,""New"":19726,""Reason"":3}"
10018651,"{""Old"":2507,""New"":2509,""Reason"":3}"
11296566,"{""Old"":10449,""New"":10457,""Reason"":3}"
18479295,"{""Old"":317,""New"":319,""Reason"":3}"
202721668,"{""Old"":691,""New"":695,""Reason"":3}"
7568871,"{""Old"":21116,""New"":21122,""Reason"":3}"
11698212,"{""Old"":135,""New"":145,""Reason"":3}"
58380615,"{""Old"":1817,""New"":1819,""Reason"":3}"
22035132,"{""Old"":645,""New"":651,""Reason"":3}"
36195039,"{""Old"":727,""New"":735,""Reason"":3}"
36195039,"{""Old"":865,""New"":867,""Reason"":3}"
215802134,"{""Old"":466,""New"":468,""Reason"":3}"
11698212,"{""Old"":447,""New"":455,""Reason"":3}"
212090192,"{""Old"":1964,""New"":1984,""Reason"":3}"
41093570,"{""Old"":747,""New"":749,""Reason"":3}"
19480888,"{""Old"":467,""New"":473,""Reason"":3}"
209538568,"{""Old"":19742,""New"":19750,""Reason"":3}"
13270858,"{""Old"":7853,""New"":7863,""Reason"":3}"
11049038,"{""Old"":193,""New"":195,""Reason"":3}"
42743959,"{""Old"":106983,""New"":107077,""Reason"":3}"
40762363,"{""Old"":849,""New"":863,""Reason"":3}"
206872234,"{""Old"":9576,""New"":9582,""Reason"":3}"
206872234,"{""Old"":9953,""New"":9955,""Reason"":3}"
11698212,"{""Old"":52,""New"":56,""Reason"":3}"
41093570,"{""Old"":802,""New"":820,""Reason"":3}"
23364999,"{""Old"":2938,""New"":2942,""Reason"":3}"
22035132,"{""Old"":636,""New"":640,""Reason"":3}"
9511124,"{""Old"":2688,""New"":2694,""Reason"":3}"
9511124,"{""Old"":3125,""New"":3157,""Reason"":3}"
41093570,"{""Old"":693,""New"":747,""Reason"":3}"
11698212,"{""Old"":326,""New"":328,""Reason"":3}"
211765402,"{""Old"":454,""New"":458,""Reason"":3}"
18269148,"{""Old"":811,""New"":815,""Reason"":3}"
42743959,"{""Old"":107537,""New"":112097,""Reason"":3}"
58380615,"{""Old"":2104,""New"":2106,""Reason"":3}"
58380615,"{""Old"":2057,""New"":2067,""Reason"":3}"
18269148,"{""Old"":806,""New"":808,""Reason"":3}"
18269148,"{""Old"":820,""New"":826,""Reason"":3}"
24064804,"{""Old"":2300,""New"":2304,""Reason"":3}"
11635777,"{""Old"":369,""New"":371,""Reason"":3}"
40762363,"{""Old"":879,""New"":881,""Reason"":3}"
58380615,"{""Old"":1869,""New"":1897,""Reason"":3}"
44542731,"{""Old"":66,""New"":68,""Reason"":3}"
206872234,"{""Old"":9844,""New"":9852,""Reason"":3}"
121023862,"{""Old"":840,""New"":846,""Reason"":3}"
43656083,"{""Old"":473,""New"":491,""Reason"":3}"
211765402,"{""Old"":460,""New"":462,""Reason"":3}"
19480888,"{""Old"":463,""New"":465,""Reason"":3}"
38893932,"{""Old"":1073,""New"":1095,""Reason"":3}"
12370286,"{""Old"":278,""New"":282,""Reason"":3}"
38733101,"{""Old"":1125,""New"":1131,""Reason"":3}"
11698212,"{""Old"":384,""New"":392,""Reason"":3}"
60169402,"{""Old"":2193,""New"":2195,""Reason"":3}"
202721668,"{""Old"":707,""New"":709,""Reason"":3}"
47303156,"{""Old"":7186,""New"":7188,""Reason"":3}"
16045691,"{""Old"":11497,""New"":11499,""Reason"":3}"
209538568,"{""Old"":19665,""New"":19673,""Reason"":3}"
40762363,"{""Old"":863,""New"":875,""Reason"":3}"
13951446,"{""Old"":261,""New"":265,""Reason"":3}"
23973385,"{""Old"":1449,""New"":1461,""Reason"":3}"
18269148,"{""Old"":816,""New"":820,""Reason"":3}"
13270858,"{""Old"":7820,""New"":7832,""Reason"":3}"
22538228,"{""Old"":752,""New"":756,""Reason"":3}"
209538568,"{""Old"":19726,""New"":19742,""Reason"":3}"
122113568,"{""Old"":32,""New"":38,""Reason"":3}"
43973432,"{""Old"":2748,""New"":2764,""Reason"":3}"
45331910,"{""Old"":679,""New"":697,""Reason"":3}"
40572960,"{""Old"":2634,""New"":2652,""Reason"":3}"
69139439,"{""Old"":77,""New"":79,""Reason"":3}"
11698212,"{""Old"":80,""New"":82,""Reason"":3}"
218819964,"{""Old"":1715,""New"":1721,""Reason"":3}"
61277138,"{""Old"":1154,""New"":1172,""Reason"":3}"
209538568,"{""Old"":19710,""New"":19716,""Reason"":3}"
201981039,"{""Old"":829,""New"":831,""Reason"":3}"
76226595,"{""Old"":8873,""New"":8875,""Reason"":3}"
215412086,"{""Old"":3000,""New"":3002,""Reason"":3}"
43694202,"{""Old"":107552,""New"":107568,""Reason"":3}"
11698212,"{""Old"":340,""New"":346,""Reason"":3}"
86227742,"{""Old"":18786,""New"":18788,""Reason"":3}"
212033613,"{""Old"":1973,""New"":1987,""Reason"":3}"
58380615,"{""Old"":1801,""New"":1817,""Reason"":3}"
38893932,"{""Old"":616,""New"":626,""Reason"":3}"
38893932,"{""Old"":672,""New"":716,""Reason"":3}"
36195039,"{""Old"":751,""New"":755,""Reason"":3}"
43973432,"{""Old"":2537,""New"":2553,""Reason"":3}"
38893932,"{""Old"":831,""New"":853,""Reason"":3}"
38893932,"{""Old"":134,""New"":136,""Reason"":3}"
22035132,"{""Old"":617,""New"":623,""Reason"":3}"
19196936,"{""Old"":40,""New"":42,""Reason"":3}"
62211123,"{""Old"":26848,""New"":26858,""Reason"":3}"
216143452,"{""Old"":3508,""New"":3516,""Reason"":3}"
21431723,"{""Old"":1551,""New"":1577,""Reason"":3}"
21431723,"{""Old"":1578,""New"":1590,""Reason"":3}"
55818431,"{""Old"":320,""New"":322,""Reason"":3}"
43973432,"{""Old"":2640,""New"":2650,""Reason"":3}"
121222972,"{""Old"":75,""New"":77,""Reason"":3}"
11006597,"{""Old"":312,""New"":328,""Reason"":3}"
7617429,"{""Old"":82,""New"":96,""Reason"":3}"
23748897,"{""Old"":6652,""New"":6654,""Reason"":3}"
31837805,"{""Old"":2012,""New"":2024,""Reason"":3}"
76221677,"{""Old"":1119,""New"":1121,""Reason"":3}"
20897667,"{""Old"":72,""New"":74,""Reason"":3}"
70388674,"{""Old"":766,""New"":768,""Reason"":3}"
45331910,"{""Old"":698,""New"":702,""Reason"":3}"
76221677,"{""Old"":1104,""New"":1112,""Reason"":3}"
73869673,"{""Old"":708,""New"":712,""Reason"":3}"
208577966,"{""Old"":1987,""New"":1989,""Reason"":3}"
38893932,"{""Old"":873,""New"":879,""Reason"":3}"
212090192,"{""Old"":1984,""New"":1986,""Reason"":3}"
37789811,"{""Old"":1527,""New"":1537,""Reason"":3}"
121222972,"{""Old"":127,""New"":129,""Reason"":3}"
86227742,"{""Old"":18757,""New"":18759,""Reason"":3}"
218469411,"{""Old"":647,""New"":655,""Reason"":3}"
60169402,"{""Old"":2329,""New"":2365,""Reason"":3}"
74293554,"{""Old"":1556,""New"":1566,""Reason"":3}"
41093570,"{""Old"":830,""New"":834,""Reason"":3}"
43973432,"{""Old"":2605,""New"":2615,""Reason"":3}"
77262801,"{""Old"":15,""New"":17,""Reason"":3}"
61277138,"{""Old"":1228,""New"":1230,""Reason"":3}"
20897667,"{""Old"":82,""New"":84,""Reason"":3}"
88626866,"{""Old"":1548,""New"":1574,""Reason"":3}"
11698212,"{""Old"":64,""New"":66,""Reason"":3}"
81470453,"{""Old"":883,""New"":927,""Reason"":3}"
27234163,"{""Old"":3641,""New"":3643,""Reason"":3}"
22035132,"{""Old"":605,""New"":607,""Reason"":3}"
22035132,"{""Old"":611,""New"":615,""Reason"":3}"
202721668,"{""Old"":704,""New"":706,""Reason"":3}"
22035132,"{""Old"":607,""New"":611,""Reason"":3}"
62211123,"{""Old"":26806,""New"":26814,""Reason"":3}"
60169402,"{""Old"":2381,""New"":2395,""Reason"":3}"
218469411,"{""Old"":675,""New"":679,""Reason"":3}"
81827083,"{""Old"":172485,""New"":172493,""Reason"":3}"
18269148,"{""Old"":809,""New"":811,""Reason"":3}"
43973432,"{""Old"":2400,""New"":2402,""Reason"":3}"
43973432,"{""Old"":2720,""New"":2728,""Reason"":3}"
27234163,"{""Old"":3658,""New"":3668,""Reason"":3}"
87942066,"{""Old"":366,""New"":368,""Reason"":3}"
60169402,"{""Old"":2421,""New"":2425,""Reason"":3}"
206872234,"{""Old"":9974,""New"":9986,""Reason"":3}"
209538568,"{""Old"":19688,""New"":19690,""Reason"":3}"
9511124,"{""Old"":2627,""New"":2641,""Reason"":3}"
58716315,"{""Old"":317,""New"":321,""Reason"":3}"
61277138,"{""Old"":1233,""New"":1243,""Reason"":3}"
7651372,"{""Old"":2175,""New"":2229,""Reason"":3}"
7617429,"{""Old"":102,""New"":110,""Reason"":3}"
55818431,"{""Old"":311,""New"":319,""Reason"":3}"
60169402,"{""Old"":2407,""New"":2411,""Reason"":3}"
60781881,"{""Old"":702,""New"":704,""Reason"":3}"
57017014,"{""Old"":694,""New"":700,""Reason"":3}"
201981039,"{""Old"":831,""New"":841,""Reason"":3}"
28359591,"{""Old"":2223,""New"":2227,""Reason"":3}"
7617429,"{""Old"":61,""New"":63,""Reason"":3}"
27234163,"{""Old"":3680,""New"":3690,""Reason"":3}"
206872234,"{""Old"":9737,""New"":9765,""Reason"":3}"
206872234,"{""Old"":9935,""New"":9941,""Reason"":3}"
206872234,"{""Old"":9669,""New"":9681,""Reason"":3}"
55818431,"{""Old"":296,""New"":304,""Reason"":3}"
12735607,"{""Old"":27706,""New"":27710,""Reason"":3}"
38893932,"{""Old"":716,""New"":744,""Reason"":3}"
38893932,"{""Old"":919,""New"":951,""Reason"":3}"
7617429,"{""Old"":97,""New"":99,""Reason"":3}"
85219672,"{""Old"":159041,""New"":159071,""Reason"":3}"
43973432,"{""Old"":2686,""New"":2690,""Reason"":3}"
18269148,"{""Old"":792,""New"":794,""Reason"":3}"
201981039,"{""Old"":790,""New"":802,""Reason"":3}"
58380615,"{""Old"":1897,""New"":1907,""Reason"":3}"
22035132,"{""Old"":590,""New"":604,""Reason"":3}"
19480888,"{""Old"":455,""New"":461,""Reason"":3}"
81470453,"{""Old"":880,""New"":882,""Reason"":3}"
40572960,"{""Old"":2595,""New"":2629,""Reason"":3}"
206123773,"{""Old"":3077,""New"":3091,""Reason"":3}"
61277138,"{""Old"":1380,""New"":1386,""Reason"":3}"
38893932,"{""Old"":1095,""New"":1107,""Reason"":3}"
43973432,"{""Old"":2664,""New"":2686,""Reason"":3}"
27096446,"{""Old"":1067,""New"":1071,""Reason"":3}"
7897828,"{""Old"":10867,""New"":10869,""Reason"":3}"
66363979,"{""Old"":66,""New"":68,""Reason"":3}"
81470453,"{""Old"":853,""New"":867,""Reason"":3}"
211765402,"{""Old"":432,""New"":444,""Reason"":3}"
23364999,"{""Old"":2944,""New"":2946,""Reason"":3}"
121222972,"{""Old"":94,""New"":104,""Reason"":3}"
7196041,"{""Old"":1331,""New"":1333,""Reason"":3}"
211230900,"{""Old"":1097,""New"":1105,""Reason"":3}"
7617429,"{""Old"":64,""New"":68,""Reason"":3}"
11635777,"{""Old"":337,""New"":351,""Reason"":3}"
38893932,"{""Old"":644,""New"":672,""Reason"":3}"
19981811,"{""Old"":447467,""New"":447475,""Reason"":3}"
43973432,"{""Old"":2651,""New"":2655,""Reason"":3}"
22538228,"{""Old"":757,""New"":761,""Reason"":3}"
206123773,"{""Old"":2953,""New"":2967,""Reason"":3}"
79966509,"{""Old"":1014,""New"":1020,""Reason"":3}"
18479295,"{""Old"":265,""New"":277,""Reason"":3}"
213342663,"{""Old"":408,""New"":410,""Reason"":3}"
76226595,"{""Old"":8853,""New"":8867,""Reason"":3}"
28866841,"{""Old"":1175,""New"":1183,""Reason"":3}"
86227742,"{""Old"":18754,""New"":18756,""Reason"":3}"
209538568,"{""Old"":19581,""New"":19619,""Reason"":3}"
206872234,"{""Old"":9910,""New"":9930,""Reason"":3}"
7568871,"{""Old"":21122,""New"":21126,""Reason"":3}"
31419709,"{""Old"":27,""New"":29,""Reason"":3}"
43973432,"{""Old"":2508,""New"":2512,""Reason"":3}"
41093570,"{""Old"":180,""New"":192,""Reason"":3}"
41093570,"{""Old"":834,""New"":842,""Reason"":3}"
61277138,"{""Old"":1206,""New"":1210,""Reason"":3}"
61277138,"{""Old"":1274,""New"":1288,""Reason"":3}"
73869673,"{""Old"":705,""New"":707,""Reason"":3}"
21431723,"{""Old"":1591,""New"":1597,""Reason"":3}"
31558571,"{""Old"":3423,""New"":3427,""Reason"":3}"
11698212,"{""Old"":61,""New"":63,""Reason"":3}"
9511124,"{""Old"":3190,""New"":3196,""Reason"":3}"
38893932,"{""Old"":251,""New"":265,""Reason"":3}"
38893932,"{""Old"":448,""New"":466,""Reason"":3}"
36195039,"{""Old"":893,""New"":899,""Reason"":3}"
60781881,"{""Old"":715,""New"":721,""Reason"":3}"
41093570,"{""Old"":782,""New"":802,""Reason"":3}"
26654885,"{""Old"":352,""New"":354,""Reason"":3}"
7617429,"{""Old"":73,""New"":75,""Reason"":3}"
44961939,"{""Old"":2300,""New"":2312,""Reason"":3}"
20002466,"{""Old"":71,""New"":73,""Reason"":3}"
41093570,"{""Old"":763,""New"":781,""Reason"":3}"
80263555,"{""Old"":3706,""New"":3724,""Reason"":3}"
36195039,"{""Old"":858,""New"":864,""Reason"":3}"
36195039,"{""Old"":877,""New"":881,""Reason"":3}"
22035132,"{""Old"":630,""New"":636,""Reason"":3}"
11698212,"{""Old"":360,""New"":366,""Reason"":3}"
11698212,"{""Old"":402,""New"":404,""Reason"":3}"
26903208,"{""Old"":4564,""New"":4568,""Reason"":3}"
36195039,"{""Old"":803,""New"":811,""Reason"":3}"
201981039,"{""Old"":808,""New"":810,""Reason"":3}"
42743959,"{""Old"":107427,""New"":107537,""Reason"":3}"
86227742,"{""Old"":18772,""New"":18774,""Reason"":3}"
61277138,"{""Old"":1243,""New"":1261,""Reason"":3}"
61277138,"{""Old"":1437,""New"":1449,""Reason"":3}"
58380615,"{""Old"":1797,""New"":1801,""Reason"":3}"
81470453,"{""Old"":786,""New"":790,""Reason"":3}"
37311632,"{""Old"":505000,""New"":505174,""Reason"":3}"
19480888,"{""Old"":444,""New"":448,""Reason"":3}"
53950953,"{""Old"":2170,""New"":2184,""Reason"":3}"
11698212,"{""Old"":243,""New"":259,""Reason"":3}"
85219672,"{""Old"":158797,""New"":158859,""Reason"":3}"
85219672,"{""Old"":158949,""New"":158989,""Reason"":3}"
80263555,"{""Old"":3768,""New"":3772,""Reason"":3}"
61277138,"{""Old"":1222,""New"":1228,""Reason"":3}"
52645449,"{""Old"":321,""New"":327,""Reason"":3}"
37279442,"{""Old"":28956,""New"":28966,""Reason"":3}"
218469411,"{""Old"":655,""New"":661,""Reason"":3}"
206123773,"{""Old"":3057,""New"":3077,""Reason"":3}"
23973385,"{""Old"":1463,""New"":1491,""Reason"":3}"
45715010,"{""Old"":9563,""New"":9637,""Reason"":3}"
201981039,"{""Old"":819,""New"":829,""Reason"":3}"
45715010,"{""Old"":8468,""New"":8504,""Reason"":3}"
42746753,"{""Old"":2833,""New"":2839,""Reason"":3}"
11698212,"{""Old"":177,""New"":179,""Reason"":3}"
46675978,"{""Old"":203,""New"":215,""Reason"":3}"
41093570,"{""Old"":302,""New"":306,""Reason"":3}"
60169402,"{""Old"":2417,""New"":2421,""Reason"":3}"
11698212,"{""Old"":172,""New"":176,""Reason"":3}"
81498402,"{""Old"":517,""New"":519,""Reason"":3}"
27096446,"{""Old"":1072,""New"":1074,""Reason"":3}"
43694202,"{""Old"":107367,""New"":107377,""Reason"":3}"
86227742,"{""Old"":18760,""New"":18762,""Reason"":3}"
22538228,"{""Old"":716,""New"":720,""Reason"":3}"
45715010,"{""Old"":9280,""New"":9326,""Reason"":3}"
209538568,"{""Old"":19708,""New"":19710,""Reason"":3}"
60169402,"{""Old"":2411,""New"":2415,""Reason"":3}"
60169402,"{""Old"":2295,""New"":2303,""Reason"":3}"
37789811,"{""Old"":1501,""New"":1505,""Reason"":3}"
11698212,"{""Old"":161,""New"":163,""Reason"":3}"
80263555,"{""Old"":3772,""New"":3776,""Reason"":3}"
31419709,"{""Old"":39,""New"":41,""Reason"":3}"
61277138,"{""Old"":1261,""New"":1263,""Reason"":3}"
33125710,"{""Old"":16,""New"":18,""Reason"":3}"
39038951,"{""Old"":14933,""New"":14939,""Reason"":3}"
11698212,"{""Old"":119,""New"":133,""Reason"":3}"
58716315,"{""Old"":321,""New"":327,""Reason"":3}"
31331145,"{""Old"":1235,""New"":1237,""Reason"":3}"
61277138,"{""Old"":1413,""New"":1437,""Reason"":3}"
38893932,"{""Old"":578,""New"":592,""Reason"":3}"
9511124,"{""Old"":3160,""New"":3190,""Reason"":3}"
81470453,"{""Old"":927,""New"":929,""Reason"":3}"
45715010,"{""Old"":9915,""New"":9949,""Reason"":3}"
31331145,"{""Old"":1203,""New"":1217,""Reason"":3}"
37279442,"{""Old"":28966,""New"":28968,""Reason"":3}"
209523409,"{""Old"":669,""New"":673,""Reason"":3}"
33800425,"{""Old"":487,""New"":489,""Reason"":3}"
80263555,"{""Old"":3746,""New"":3760,""Reason"":3}"
41093570,"{""Old"":277,""New"":287,""Reason"":3}"
41093570,"{""Old"":360,""New"":372,""Reason"":3}"
11698212,"{""Old"":232,""New"":234,""Reason"":3}"
61277138,"{""Old"":1305,""New"":1331,""Reason"":3}"
11698212,"{""Old"":216,""New"":218,""Reason"":3}"
46675978,"{""Old"":221,""New"":223,""Reason"":3}"
9597825,"{""Old"":19545,""New"":21593,""Reason"":3}"
31331145,"{""Old"":1237,""New"":1239,""Reason"":3}"
60169402,"{""Old"":2130,""New"":2142,""Reason"":3}"
20002466,"{""Old"":73,""New"":75,""Reason"":3}"
41093570,"{""Old"":820,""New"":824,""Reason"":3}"
9511124,"{""Old"":2965,""New"":3001,""Reason"":3}"
60169402,"{""Old"":2267,""New"":2285,""Reason"":3}"
23973385,"{""Old"":1461,""New"":1463,""Reason"":3}"
7617429,"{""Old"":35,""New"":43,""Reason"":3}"
55818431,"{""Old"":276,""New"":294,""Reason"":3}"
41093570,"{""Old"":546,""New"":610,""Reason"":3}"
9511124,"{""Old"":2813,""New"":2857,""Reason"":3}"
41093570,"{""Old"":489,""New"":531,""Reason"":3}"
41093570,"{""Old"":824,""New"":830,""Reason"":3}"
60781881,"{""Old"":706,""New"":714,""Reason"":3}"
206123773,"{""Old"":2967,""New"":2991,""Reason"":3}"
37311632,"{""Old"":503754,""New"":503774,""Reason"":3}"
36195039,"{""Old"":796,""New"":800,""Reason"":3}"
52607239,"{""Old"":3771,""New"":3773,""Reason"":3}"
11698212,"{""Old"":263,""New"":265,""Reason"":3}"
31558571,"{""Old"":3428,""New"":3432,""Reason"":3}"
206123773,"{""Old"":3025,""New"":3055,""Reason"":3}"
11698212,"{""Old"":278,""New"":292,""Reason"":3}"
84957257,"{""Old"":28191,""New"":28215,""Reason"":3}"
37837221,"{""Old"":333,""New"":337,""Reason"":3}"
70388674,"{""Old"":752,""New"":760,""Reason"":3}"
7568871,"{""Old"":21101,""New"":21107,""Reason"":3}"
7568871,"{""Old"":21112,""New"":21116,""Reason"":3}"
45715010,"{""Old"":10608,""New"":10610,""Reason"":3}"
31331145,"{""Old"":1243,""New"":1255,""Reason"":3}"
41093570,"{""Old"":417,""New"":441,""Reason"":3}"
9511124,"{""Old"":3017,""New"":3031,""Reason"":3}"
9511124,"{""Old"":2867,""New"":2901,""Reason"":3}"
41093570,"{""Old"":842,""New"":844,""Reason"":3}"
85493557,"{""Old"":0,""New"":4,""Reason"":3}"
27096446,"{""Old"":1055,""New"":1059,""Reason"":3}"
38893932,"{""Old"":551,""New"":559,""Reason"":3}"
61277138,"{""Old"":1347,""New"":1359,""Reason"":3}"
81470453,"{""Old"":790,""New"":796,""Reason"":3}"
37789811,"{""Old"":1487,""New"":1491,""Reason"":3}"
57017014,"{""Old"":707,""New"":711,""Reason"":3}"
37789811,"{""Old"":1545,""New"":1557,""Reason"":3}"
37311632,"{""Old"":505374,""New"":505630,""Reason"":3}"
36195039,"{""Old"":745,""New"":749,""Reason"":3}"
4792891,"{""Old"":2006,""New"":2022,""Reason"":3}"
52825449,"{""Old"":9724,""New"":10420,""Reason"":3}"
45715010,"{""Old"":10394,""New"":10406,""Reason"":3}"
28866841,"{""Old"":1184,""New"":1188,""Reason"":3}"
23973385,"{""Old"":1446,""New"":1448,""Reason"":3}"
64442454,"{""Old"":16961,""New"":16967,""Reason"":3}"
11698212,"{""Old"":68,""New"":74,""Reason"":3}"
11006597,"{""Old"":272,""New"":282,""Reason"":3}"
37789811,"{""Old"":1538,""New"":1544,""Reason"":3}"
31331145,"{""Old"":1195,""New"":1203,""Reason"":3}"
45715010,"{""Old"":9359,""New"":9419,""Reason"":3}"
11698212,"{""Old"":158,""New"":160,""Reason"":3}"
11698212,"{""Old"":296,""New"":298,""Reason"":3}"
58380615,"{""Old"":2092,""New"":2100,""Reason"":3}"
206872234,"{""Old"":9731,""New"":9737,""Reason"":3}"
41093570,"{""Old"":611,""New"":653,""Reason"":3}"
41093570,"{""Old"":653,""New"":687,""Reason"":3}"
37311632,"{""Old"":510342,""New"":510364,""Reason"":3}"
201981039,"{""Old"":785,""New"":789,""Reason"":3}"
28359591,"{""Old"":2199,""New"":2215,""Reason"":3}"
28359591,"{""Old"":2229,""New"":2249,""Reason"":3}"
58380615,"{""Old"":1769,""New"":1771,""Reason"":3}"
38893932,"{""Old"":778,""New"":796,""Reason"":3}"
45715010,"{""Old"":9132,""New"":9216,""Reason"":3}"
80263555,"{""Old"":3542,""New"":3566,""Reason"":3}"
73869673,"{""Old"":683,""New"":691,""Reason"":3}"
43973432,"{""Old"":2693,""New"":2707,""Reason"":3}"
38613945,"{""Old"":1045,""New"":1053,""Reason"":3}"
38613945,"{""Old"":1027,""New"":1037,""Reason"":3}"
27096446,"{""Old"":1040,""New"":1052,""Reason"":3}"
6921102,"{""Old"":2025,""New"":2037,""Reason"":3}"
38893932,"{""Old"":378,""New"":402,""Reason"":3}"
43973432,"{""Old"":2578,""New"":2580,""Reason"":3}"
62211123,"{""Old"":26814,""New"":26818,""Reason"":3}"
37311632,"{""Old"":511066,""New"":511264,""Reason"":3}"
37311632,"{""Old"":510157,""New"":510167,""Reason"":3}"
76221677,"{""Old"":1127,""New"":1133,""Reason"":3}"
76221677,"{""Old"":1122,""New"":1126,""Reason"":3}"
209523409,"{""Old"":673,""New"":675,""Reason"":3}"
121222972,"{""Old"":140,""New"":144,""Reason"":3}"
41093570,"{""Old"":749,""New"":753,""Reason"":3}"
60169402,"{""Old"":2231,""New"":2235,""Reason"":3}"
24064804,"{""Old"":2329,""New"":2335,""Reason"":3}"
19928862,"{""Old"":17447,""New"":17453,""Reason"":3}"
27234163,"{""Old"":3690,""New"":3694,""Reason"":3}"
88626866,"{""Old"":1582,""New"":1590,""Reason"":3}"
52825449,"{""Old"":9617,""New"":9701,""Reason"":3}"
81498402,"{""Old"":522,""New"":532,""Reason"":3}"
9511124,"{""Old"":2784,""New"":2800,""Reason"":3}"
45715010,"{""Old"":10256,""New"":10286,""Reason"":3}"
19928862,"{""Old"":17453,""New"":17457,""Reason"":3}"
73869673,"{""Old"":717,""New"":721,""Reason"":3}"
9511124,"{""Old"":2605,""New"":2615,""Reason"":3}"
9511124,"{""Old"":2861,""New"":2863,""Reason"":3}"
60169402,"{""Old"":2147,""New"":2151,""Reason"":3}"
209538568,"{""Old"":19690,""New"":19702,""Reason"":3}"
9511124,"{""Old"":3196,""New"":3226,""Reason"":3}"
38893932,"{""Old"":298,""New"":328,""Reason"":3}"
33800425,"{""Old"":475,""New"":477,""Reason"":3}"
80263555,"{""Old"":3493,""New"":3497,""Reason"":3}"
8654505,"{""Old"":1808,""New"":1816,""Reason"":3}"
9511124,"{""Old"":2725,""New"":2761,""Reason"":3}"
212466458,"{""Old"":534,""New"":536,""Reason"":3}"
42743959,"{""Old"":106191,""New"":106333,""Reason"":3}"
23257706,"{""Old"":1357,""New"":1373,""Reason"":3}"
9511124,"{""Old"":2549,""New"":2555,""Reason"":3}"
43694202,"{""Old"":107718,""New"":107730,""Reason"":3}"
66363979,"{""Old"":70,""New"":78,""Reason"":3}"
69139439,"{""Old"":72,""New"":74,""Reason"":3}"
41093570,"{""Old"":102,""New"":104,""Reason"":3}"
57017014,"{""Old"":703,""New"":707,""Reason"":3}"
45715010,"{""Old"":9216,""New"":9280,""Reason"":3}"
36195039,"{""Old"":692,""New"":704,""Reason"":3}"
48240869,"{""Old"":29,""New"":31,""Reason"":3}"
36195039,"{""Old"":706,""New"":714,""Reason"":3}"
209538568,"{""Old"":19702,""New"":19708,""Reason"":3}"
9511124,"{""Old"":2914,""New"":2930,""Reason"":3}"
81470453,"{""Old"":769,""New"":773,""Reason"":3}"
13270858,"{""Old"":7832,""New"":7834,""Reason"":3}"
38893932,"{""Old"":899,""New"":915,""Reason"":3}"
45715010,"{""Old"":8504,""New"":8508,""Reason"":3}"
58716315,"{""Old"":328,""New"":332,""Reason"":3}"
60169402,"{""Old"":2287,""New"":2289,""Reason"":3}"
4792891,"{""Old"":1933,""New"":1935,""Reason"":3}"
209523409,"{""Old"":675,""New"":685,""Reason"":3}"
41093570,"{""Old"":227,""New"":263,""Reason"":3}"
58380615,"{""Old"":1965,""New"":1975,""Reason"":3}"
22035132,"{""Old"":651,""New"":653,""Reason"":3}"
60169402,"{""Old"":2303,""New"":2317,""Reason"":3}"
66363979,"{""Old"":79,""New"":83,""Reason"":3}"
36195039,"{""Old"":818,""New"":822,""Reason"":3}"
38893932,"{""Old"":1001,""New"":1021,""Reason"":3}"
4792891,"{""Old"":1940,""New"":1982,""Reason"":3}"
58380615,"{""Old"":1785,""New"":1789,""Reason"":3}"
6921102,"{""Old"":2048,""New"":2062,""Reason"":3}"
38893932,"{""Old"":1051,""New"":1073,""Reason"":3}"
11698212,"{""Old"":181,""New"":183,""Reason"":3}"
26654885,"{""Old"":338,""New"":348,""Reason"":3}"
31331145,"{""Old"":1239,""New"":1243,""Reason"":3}"
87641637,"{""Old"":1016,""New"":1036,""Reason"":3}"
33800425,"{""Old"":730,""New"":734,""Reason"":3}"
31558571,"{""Old"":3419,""New"":3423,""Reason"":3}"
40762363,"{""Old"":875,""New"":879,""Reason"":3}"
73869673,"{""Old"":712,""New"":714,""Reason"":3}"
80263555,"{""Old"":3688,""New"":3700,""Reason"":3}"
37311632,"{""Old"":510908,""New"":511016,""Reason"":3}"
37311632,"{""Old"":510781,""New"":510883,""Reason"":3}"
18479295,"{""Old"":259,""New"":263,""Reason"":3}"
87942066,"{""Old"":364,""New"":366,""Reason"":3}"
11698212,"{""Old"":200,""New"":214,""Reason"":3}"
61250279,"{""Old"":948,""New"":952,""Reason"":3}"
19928862,"{""Old"":17427,""New"":17447,""Reason"":3}"
45715010,"{""Old"":10552,""New"":10562,""Reason"":3}"
37311632,"{""Old"":504549,""New"":504675,""Reason"":3}"
81470453,"{""Old"":753,""New"":759,""Reason"":3}"
9662358,"{""Old"":624,""New"":630,""Reason"":3}"
86227742,"{""Old"":18767,""New"":18771,""Reason"":3}"
46675978,"{""Old"":191,""New"":195,""Reason"":3}"
61277138,"{""Old"":1331,""New"":1335,""Reason"":3}"
9511124,"{""Old"":2616,""New"":2626,""Reason"":3}"
23748897,"{""Old"":6655,""New"":6667,""Reason"":3}"
80263555,"{""Old"":3644,""New"":3672,""Reason"":3}"
87942066,"{""Old"":357,""New"":359,""Reason"":3}"
37311632,"{""Old"":510564,""New"":510576,""Reason"":3}"
36195039,"{""Old"":868,""New"":872,""Reason"":3}"
86227742,"{""Old"":18776,""New"":18778,""Reason"":3}"
31331145,"{""Old"":1189,""New"":1195,""Reason"":3}"
45715010,"{""Old"":10382,""New"":10394,""Reason"":3}"
218469411,"{""Old"":661,""New"":675,""Reason"":3}"
37311632,"{""Old"":505730,""New"":505972,""Reason"":3}"
43973432,"{""Old"":2370,""New"":2374,""Reason"":3}"
4792891,"{""Old"":1837,""New"":1921,""Reason"":3}"
76226595,"{""Old"":8869,""New"":8873,""Reason"":3}"
11698212,"{""Old"":392,""New"":396,""Reason"":3}"
218819964,"{""Old"":1721,""New"":1731,""Reason"":3}"
33800425,"{""Old"":700,""New"":720,""Reason"":3}"
79966509,"{""Old"":1028,""New"":1030,""Reason"":3}"
3871154,"{""Old"":6015,""New"":6019,""Reason"":3}"
86227742,"{""Old"":18780,""New"":18784,""Reason"":3}"
9979043,"{""Old"":522,""New"":526,""Reason"":3}"
81470453,"{""Old"":761,""New"":765,""Reason"":3}"
37789811,"{""Old"":1473,""New"":1481,""Reason"":3}"
36195039,"{""Old"":899,""New"":911,""Reason"":3}"
81470453,"{""Old"":850,""New"":852,""Reason"":3}"
43973432,"{""Old"":2764,""New"":2766,""Reason"":3}"
37789811,"{""Old"":1514,""New"":1524,""Reason"":3}"
215412086,"{""Old"":3002,""New"":3012,""Reason"":3}"
9657846,"{""Old"":31,""New"":33,""Reason"":3}"
60169402,"{""Old"":2199,""New"":2219,""Reason"":3}"
53950953,"{""Old"":2198,""New"":2200,""Reason"":3}"
38893932,"{""Old"":1113,""New"":1125,""Reason"":3}"
61277138,"{""Old"":1203,""New"":1205,""Reason"":3}"
61277138,"{""Old"":1183,""New"":1185,""Reason"":3}"
43973432,"{""Old"":2737,""New"":2741,""Reason"":3}"
37837221,"{""Old"":343,""New"":347,""Reason"":3}"
85219672,"{""Old"":159009,""New"":159021,""Reason"":3}"
2516657,"{""Old"":707,""New"":709,""Reason"":3}"
23257706,"{""Old"":1377,""New"":1387,""Reason"":3}"
85219672,"{""Old"":158989,""New"":159009,""Reason"":3}"
12370286,"{""Old"":261,""New"":263,""Reason"":3}"
58380615,"{""Old"":1932,""New"":1940,""Reason"":3}"
26654885,"{""Old"":321,""New"":331,""Reason"":3}"
9511124,"{""Old"":3031,""New"":3089,""Reason"":3}"
9511124,"{""Old"":2528,""New"":2534,""Reason"":3}"
23364999,"{""Old"":2942,""New"":2944,""Reason"":3}"
211765402,"{""Old"":410,""New"":414,""Reason"":3}"
43973432,"{""Old"":2427,""New"":2433,""Reason"":3}"
85663896,"{""Old"":208,""New"":212,""Reason"":3}"
46973434,"{""Old"":320,""New"":322,""Reason"":3}"
39038951,"{""Old"":14962,""New"":14964,""Reason"":3}"
41093570,"{""Old"":687,""New"":693,""Reason"":3}"
60781881,"{""Old"":727,""New"":731,""Reason"":3}"
60169402,"{""Old"":2151,""New"":2157,""Reason"":3}"
9511124,"{""Old"":3226,""New"":3228,""Reason"":3}"
23308512,"{""Old"":2490,""New"":2496,""Reason"":3}"
39038951,"{""Old"":14958,""New"":14962,""Reason"":3}"
60169402,"{""Old"":2257,""New"":2267,""Reason"":3}"
33800425,"{""Old"":747,""New"":749,""Reason"":3}"
9979043,"{""Old"":526,""New"":544,""Reason"":3}"
80263555,"{""Old"":3764,""New"":3768,""Reason"":3}"
37311632,"{""Old"":503949,""New"":503979,""Reason"":3}"
209538568,"{""Old"":19633,""New"":19655,""Reason"":3}"
43973432,"{""Old"":2733,""New"":2735,""Reason"":3}"
80263555,"{""Old"":3589,""New"":3601,""Reason"":3}"
46675978,"{""Old"":219,""New"":221,""Reason"":3}"
43973432,"{""Old"":2716,""New"":2720,""Reason"":3}"
13270858,"{""Old"":7835,""New"":7853,""Reason"":3}"
31837805,"{""Old"":1998,""New"":2012,""Reason"":3}"
20002466,"{""Old"":66,""New"":68,""Reason"":3}"
9511124,"{""Old"":2480,""New"":2490,""Reason"":3}"
18841126,"{""Old"":50454,""New"":50456,""Reason"":3}"
9511124,"{""Old"":3103,""New"":3111,""Reason"":3}"
4792891,"{""Old"":2002,""New"":2006,""Reason"":3}"
43694202,"{""Old"":107730,""New"":107742,""Reason"":3}"
9511124,"{""Old"":2663,""New"":2687,""Reason"":3}"
64442454,"{""Old"":16951,""New"":16959,""Reason"":3}"
27234163,"{""Old"":3668,""New"":3680,""Reason"":3}"
209523409,"{""Old"":664,""New"":668,""Reason"":3}"
11698212,"{""Old"":304,""New"":322,""Reason"":3}"
28866841,"{""Old"":1190,""New"":1196,""Reason"":3}"
206872234,"{""Old"":9582,""New"":9586,""Reason"":3}"
37837221,"{""Old"":348,""New"":350,""Reason"":3}"
37311632,"{""Old"":504204,""New"":504274,""Reason"":3}"
31837805,"{""Old"":2024,""New"":2026,""Reason"":3}"
41093570,"{""Old"":759,""New"":763,""Reason"":3}"
58716315,"{""Old"":306,""New"":308,""Reason"":3}"
58380615,"{""Old"":1775,""New"":1781,""Reason"":3}"
208577966,"{""Old"":1990,""New"":1992,""Reason"":3}"
4792891,"{""Old"":1987,""New"":2001,""Reason"":3}"
57327304,"{""Old"":182,""New"":190,""Reason"":3}"
38893932,"{""Old"":182,""New"":192,""Reason"":3}"
61277138,"{""Old"":1388,""New"":1402,""Reason"":3}"
80263555,"{""Old"":3613,""New"":3637,""Reason"":3}"
201981039,"{""Old"":812,""New"":816,""Reason"":3}"
66363979,"{""Old"":48,""New"":52,""Reason"":3}"
37311632,"{""Old"":510701,""New"":510731,""Reason"":3}"
80263555,"{""Old"":3470,""New"":3484,""Reason"":3}"
80263555,"{""Old"":3760,""New"":3764,""Reason"":3}"
43694202,"{""Old"":107792,""New"":109418,""Reason"":3}"
52825449,"{""Old"":9706,""New"":9716,""Reason"":3}"
211765402,"{""Old"":416,""New"":430,""Reason"":3}"
41093570,"{""Old"":142,""New"":148,""Reason"":3}"
218469411,"{""Old"":611,""New"":633,""Reason"":3}"
37837221,"{""Old"":352,""New"":362,""Reason"":3}"
85663896,"{""Old"":196,""New"":198,""Reason"":3}"
81470453,"{""Old"":828,""New"":838,""Reason"":3}"
37789811,"{""Old"":1492,""New"":1494,""Reason"":3}"
41093570,"{""Old"":753,""New"":759,""Reason"":3}"
63913556,"{""Old"":91,""New"":93,""Reason"":3}"
29035701,"{""Old"":4301,""New"":4311,""Reason"":3}"
85663896,"{""Old"":192,""New"":194,""Reason"":3}"
40572960,"{""Old"":2652,""New"":2654,""Reason"":3}"
23748897,"{""Old"":6644,""New"":6652,""Reason"":3}"
209538568,"{""Old"":19655,""New"":19665,""Reason"":3}"
45715010,"{""Old"":10562,""New"":10574,""Reason"":3}"
85219672,"{""Old"":158707,""New"":158797,""Reason"":3}"
33800425,"{""Old"":561,""New"":575,""Reason"":3}"
85219672,"{""Old"":158859,""New"":158949,""Reason"":3}"
80263555,"{""Old"":3381,""New"":3415,""Reason"":3}"
80263555,"{""Old"":3724,""New"":3746,""Reason"":3}"
6561284,"{""Old"":3566,""New"":3568,""Reason"":3}"
70971660,"{""Old"":3302,""New"":3312,""Reason"":3}"
35494962,"{""Old"":37595,""New"":37597,""Reason"":3}"
61512242,"{""Old"":219,""New"":227,""Reason"":3}"
80263555,"{""Old"":3447,""New"":3461,""Reason"":3}"
80263555,"{""Old"":3506,""New"":3538,""Reason"":3}"
25764590,"{""Old"":1690,""New"":1696,""Reason"":3}"
7473273,"{""Old"":220259,""New"":220263,""Reason"":3}"
66363979,"{""Old"":57,""New"":59,""Reason"":3}"
87641637,"{""Old"":1037,""New"":1045,""Reason"":3}"
33800425,"{""Old"":736,""New"":742,""Reason"":3}"
7617429,"{""Old"":33,""New"":35,""Reason"":3}"
24064804,"{""Old"":2319,""New"":2329,""Reason"":3}"
84957257,"{""Old"":28215,""New"":29817,""Reason"":3}"
36195039,"{""Old"":831,""New"":839,""Reason"":3}"
218473333,"{""Old"":1154,""New"":1156,""Reason"":3}"
81470453,"{""Old"":729,""New"":743,""Reason"":3}"
8654505,"{""Old"":1803,""New"":1807,""Reason"":3}"
6561284,"{""Old"":3568,""New"":3570,""Reason"":3}"
64442454,"{""Old"":16959,""New"":16961,""Reason"":3}"
84957257,"{""Old"":28173,""New"":28191,""Reason"":3}"
73869673,"{""Old"":714,""New"":716,""Reason"":3}"
45715010,"{""Old"":10446,""New"":10486,""Reason"":3}"
43973432,"{""Old"":2707,""New"":2711,""Reason"":3}"
45715010,"{""Old"":8683,""New"":8685,""Reason"":3}"
45715010,"{""Old"":9036,""New"":9092,""Reason"":3}"
37311632,"{""Old"":511314,""New"":511354,""Reason"":3}"
76226595,"{""Old"":8875,""New"":8877,""Reason"":3}"
45715010,"{""Old"":10406,""New"":10446,""Reason"":3}"
206872234,"{""Old"":9948,""New"":9950,""Reason"":3}"
88626866,"{""Old"":1527,""New"":1535,""Reason"":3}"
38893932,"{""Old"":164,""New"":180,""Reason"":3}"
38893932,"{""Old"":1037,""New"":1041,""Reason"":3}"
37864112,"{""Old"":20,""New"":28,""Reason"":3}"
76221677,"{""Old"":1093,""New"":1101,""Reason"":3}"
33800425,"{""Old"":491,""New"":501,""Reason"":3}"
37136412,"{""Old"":30,""New"":42,""Reason"":3}"
73869673,"{""Old"":701,""New"":703,""Reason"":3}"
88626866,"{""Old"":1590,""New"":1602,""Reason"":3}"
9979043,"{""Old"":511,""New"":519,""Reason"":3}"
37789811,"{""Old"":1498,""New"":1500,""Reason"":3}"
7617429,"{""Old"":20,""New"":22,""Reason"":3}"
37864112,"{""Old"":42,""New"":44,""Reason"":3}"
37789811,"{""Old"":1568,""New"":1594,""Reason"":3}"
52645449,"{""Old"":294,""New"":296,""Reason"":3}"
33800425,"{""Old"":720,""New"":722,""Reason"":3}"
11698212,"{""Old"":151,""New"":155,""Reason"":3}"
45715010,"{""Old"":8341,""New"":8343,""Reason"":3}"
86035787,"{""Old"":1922,""New"":1924,""Reason"":3}"
24064804,"{""Old"":2278,""New"":2282,""Reason"":3}"
24064804,"{""Old"":2296,""New"":2300,""Reason"":3}"
38893932,"{""Old"":952,""New"":990,""Reason"":3}"
52645449,"{""Old"":309,""New"":321,""Reason"":3}"
38893932,"{""Old"":231,""New"":251,""Reason"":3}"
38893932,"{""Old"":404,""New"":434,""Reason"":3}"
7617429,"{""Old"":46,""New"":52,""Reason"":3}"
35494962,"{""Old"":37546,""New"":37548,""Reason"":3}"
22538228,"{""Old"":728,""New"":752,""Reason"":3}"
33800425,"{""Old"":722,""New"":724,""Reason"":3}"
38893932,"{""Old"":1107,""New"":1111,""Reason"":3}"
57327304,"{""Old"":192,""New"":194,""Reason"":3}"
22538228,"{""Old"":762,""New"":764,""Reason"":3}"
216143452,"{""Old"":3496,""New"":3498,""Reason"":3}"
37837221,"{""Old"":363,""New"":365,""Reason"":3}"
39038951,"{""Old"":14943,""New"":14953,""Reason"":3}"
39038951,"{""Old"":14955,""New"":14957,""Reason"":3}"
9662358,"{""Old"":634,""New"":636,""Reason"":3}"
69139439,"{""Old"":80,""New"":86,""Reason"":3}"
60169402,"{""Old"":2241,""New"":2249,""Reason"":3}"
38893932,"{""Old"":796,""New"":816,""Reason"":3}"
45715010,"{""Old"":8985,""New"":9011,""Reason"":3}"
216143452,"{""Old"":3498,""New"":3508,""Reason"":3}"
33800425,"{""Old"":743,""New"":747,""Reason"":3}"
38893932,"{""Old"":434,""New"":448,""Reason"":3}"
87641637,"{""Old"":1002,""New"":1014,""Reason"":3}"
60169402,"{""Old"":2289,""New"":2295,""Reason"":3}"
33800425,"{""Old"":749,""New"":751,""Reason"":3}"
45715010,"{""Old"":9650,""New"":9842,""Reason"":3}"
61277138,"{""Old"":1293,""New"":1297,""Reason"":3}"
52825449,"{""Old"":9565,""New"":9607,""Reason"":3}"
45715010,"{""Old"":10120,""New"":10210,""Reason"":3}"
9076256,"{""Old"":11635,""New"":11637,""Reason"":3}"
31331145,"{""Old"":1217,""New"":1235,""Reason"":3}"
38893932,"{""Old"":120,""New"":122,""Reason"":3}"
38893932,"{""Old"":486,""New"":528,""Reason"":3}"
38893932,"{""Old"":853,""New"":867,""Reason"":3}"
45715010,"{""Old"":10210,""New"":10256,""Reason"":3}"
45715010,"{""Old"":10518,""New"":10542,""Reason"":3}"
61277138,"{""Old"":1366,""New"":1372,""Reason"":3}"
53950953,"{""Old"":2196,""New"":2198,""Reason"":3}"
45715010,"{""Old"":9853,""New"":9885,""Reason"":3}"
45715010,"{""Old"":9452,""New"":9556,""Reason"":3}"
45715010,"{""Old"":10542,""New"":10552,""Reason"":3}"
45715010,"{""Old"":9326,""New"":9350,""Reason"":3}"
45715010,"{""Old"":10574,""New"":10608,""Reason"":3}"
24265128,"{""Old"":434,""New"":436,""Reason"":3}"
24265128,"{""Old"":453,""New"":467,""Reason"":3}"
25764590,"{""Old"":2489,""New"":2493,""Reason"":3}"
23520972,"{""Old"":1706,""New"":1716,""Reason"":3}"
24265128,"{""Old"":449,""New"":453,""Reason"":3}"
25764590,"{""Old"":2428,""New"":2430,""Reason"":3}"
73114123,"{""Old"":448,""New"":452,""Reason"":3}"
46626552,"{""Old"":945,""New"":947,""Reason"":3}"
25764590,"{""Old"":2439,""New"":2445,""Reason"":3}"
29043898,"{""Old"":896,""New"":928,""Reason"":3}"
25764590,"{""Old"":2493,""New"":2499,""Reason"":3}"
25764590,"{""Old"":2505,""New"":2509,""Reason"":3}"
40907713,"{""Old"":229,""New"":231,""Reason"":3}"
73114123,"{""Old"":461,""New"":471,""Reason"":3}"
43206005,"{""Old"":1891,""New"":1897,""Reason"":3}"
41837604,"{""Old"":526,""New"":530,""Reason"":3}"
24265128,"{""Old"":361,""New"":363,""Reason"":3}"
40907713,"{""Old"":213,""New"":221,""Reason"":3}"
29043898,"{""Old"":958,""New"":968,""Reason"":3}"
25764590,"{""Old"":2399,""New"":2409,""Reason"":3}"
25764590,"{""Old"":2555,""New"":2559,""Reason"":3}"
25764590,"{""Old"":2524,""New"":2526,""Reason"":3}"
25764590,"{""Old"":2537,""New"":2541,""Reason"":3}"
25764590,"{""Old"":2460,""New"":2462,""Reason"":3}"
29043898,"{""Old"":809,""New"":821,""Reason"":3}"
25764590,"{""Old"":2487,""New"":2489,""Reason"":3}"
25764590,"{""Old"":2469,""New"":2483,""Reason"":3}"
41837604,"{""Old"":509,""New"":517,""Reason"":3}"
23936740,"{""Old"":73,""New"":75,""Reason"":3}"
23936740,"{""Old"":92,""New"":98,""Reason"":3}"
41837604,"{""Old"":302,""New"":320,""Reason"":3}"
41837604,"{""Old"":330,""New"":340,""Reason"":3}"
23936740,"{""Old"":84,""New"":88,""Reason"":3}"
43206005,"{""Old"":1792,""New"":1800,""Reason"":3}"
41837604,"{""Old"":218,""New"":244,""Reason"":3}"
29043898,"{""Old"":928,""New"":958,""Reason"":3}"
23936740,"{""Old"":101,""New"":103,""Reason"":3}"
35757699,"{""Old"":1812,""New"":1816,""Reason"":3}"
41837604,"{""Old"":560,""New"":568,""Reason"":3}"
23936740,"{""Old"":114,""New"":120,""Reason"":3}"
73114123,"{""Old"":456,""New"":458,""Reason"":3}"
43206005,"{""Old"":1781,""New"":1783,""Reason"":3}"
73114123,"{""Old"":435,""New"":445,""Reason"":3}"
41837604,"{""Old"":421,""New"":445,""Reason"":3}"
41837604,"{""Old"":532,""New"":548,""Reason"":3}"
25764590,"{""Old"":2500,""New"":2504,""Reason"":3}"
38510184,"{""Old"":490,""New"":504,""Reason"":3}"
38510184,"{""Old"":282,""New"":292,""Reason"":3}"
23936740,"{""Old"":123,""New"":129,""Reason"":3}"
29043898,"{""Old"":792,""New"":796,""Reason"":3}"
29043898,"{""Old"":854,""New"":896,""Reason"":3}"
23936740,"{""Old"":319,""New"":323,""Reason"":3}"
30715919,"{""Old"":3565,""New"":3575,""Reason"":3}"
73604891,"{""Old"":34937,""New"":34945,""Reason"":3}"
25764590,"{""Old"":2446,""New"":2450,""Reason"":3}"
43206005,"{""Old"":1832,""New"":1834,""Reason"":3}"
35757699,"{""Old"":1817,""New"":1821,""Reason"":3}"
25689358,"{""Old"":1385,""New"":1387,""Reason"":3}"
3956815,"{""Old"":603,""New"":619,""Reason"":3}"
43206005,"{""Old"":1841,""New"":1853,""Reason"":3}"
3956815,"{""Old"":1013,""New"":1027,""Reason"":3}"
298627,"{""Old"":860,""New"":862,""Reason"":3}"
25764590,"{""Old"":2520,""New"":2522,""Reason"":3}"
25764590,"{""Old"":2572,""New"":2576,""Reason"":3}"
6151149,"{""Old"":50950,""New"":50952,""Reason"":3}"
46235249,"{""Old"":10920,""New"":10930,""Reason"":3}"
3956815,"{""Old"":1107,""New"":1109,""Reason"":3}"
41837604,"{""Old"":580,""New"":584,""Reason"":3}"
25764590,"{""Old"":2546,""New"":2552,""Reason"":3}"
25764590,"{""Old"":2564,""New"":2570,""Reason"":3}"
23936740,"{""Old"":199,""New"":201,""Reason"":3}"
23936740,"{""Old"":266,""New"":284,""Reason"":3}"
30715919,"{""Old"":3557,""New"":3559,""Reason"":3}"
43206005,"{""Old"":1824,""New"":1830,""Reason"":3}"
3956815,"{""Old"":1123,""New"":1135,""Reason"":3}"
35614947,"{""Old"":1035,""New"":1041,""Reason"":3}"
50898340,"{""Old"":145,""New"":149,""Reason"":3}"
41837604,"{""Old"":256,""New"":266,""Reason"":3}"
37623137,"{""Old"":2357,""New"":2363,""Reason"":3}"
30715919,"{""Old"":3577,""New"":3581,""Reason"":3}"
7473273,"{""Old"":271329,""New"":271369,""Reason"":3}"
38510184,"{""Old"":392,""New"":402,""Reason"":3}"
36439403,"{""Old"":4324,""New"":4328,""Reason"":3}"
25764590,"{""Old"":2483,""New"":2487,""Reason"":3}"
35757699,"{""Old"":1808,""New"":1810,""Reason"":3}"
40506099,"{""Old"":2185,""New"":2205,""Reason"":3}"
23936740,"{""Old"":207,""New"":213,""Reason"":3}"
23936740,"{""Old"":224,""New"":228,""Reason"":3}"
23936740,"{""Old"":146,""New"":148,""Reason"":3}"
23936740,"{""Old"":131,""New"":133,""Reason"":3}"
38510184,"{""Old"":1076,""New"":1086,""Reason"":3}"
23936740,"{""Old"":288,""New"":292,""Reason"":3}"
35614947,"{""Old"":1046,""New"":1060,""Reason"":3}"
25764590,"{""Old"":2527,""New"":2529,""Reason"":3}"
3956815,"{""Old"":985,""New"":1003,""Reason"":3}"
298627,"{""Old"":844,""New"":854,""Reason"":3}"
23936740,"{""Old"":247,""New"":253,""Reason"":3}"
71227328,"{""Old"":853,""New"":855,""Reason"":3}"
41837604,"{""Old"":286,""New"":288,""Reason"":3}"
42280415,"{""Old"":18150,""New"":18172,""Reason"":3}"
41837604,"{""Old"":497,""New"":503,""Reason"":3}"
41837604,"{""Old"":548,""New"":558,""Reason"":3}"
8654000,"{""Old"":9957,""New"":9967,""Reason"":3}"
38510184,"{""Old"":64,""New"":66,""Reason"":3}"
3956815,"{""Old"":694,""New"":700,""Reason"":3}"
347550,"{""Old"":324,""New"":326,""Reason"":3}"
38510184,"{""Old"":520,""New"":524,""Reason"":3}"
38009531,"{""Old"":301,""New"":319,""Reason"":3}"
38009531,"{""Old"":331,""New"":339,""Reason"":3}"
42280415,"{""Old"":21252,""New"":21442,""Reason"":3}"
29043898,"{""Old"":968,""New"":980,""Reason"":3}"
23936740,"{""Old"":176,""New"":180,""Reason"":3}"
298627,"{""Old"":854,""New"":860,""Reason"":3}"
38510184,"{""Old"":81,""New"":89,""Reason"":3}"
38510184,"{""Old"":1054,""New"":1076,""Reason"":3}"
25824113,"{""Old"":133,""New"":135,""Reason"":3}"
38510184,"{""Old"":1028,""New"":1052,""Reason"":3}"
25824113,"{""Old"":135,""New"":137,""Reason"":3}"
50898340,"{""Old"":139,""New"":145,""Reason"":3}"
41837604,"{""Old"":605,""New"":613,""Reason"":3}"
3956815,"{""Old"":903,""New"":923,""Reason"":3}"
38510184,"{""Old"":270,""New"":274,""Reason"":3}"
38510184,"{""Old"":462,""New"":470,""Reason"":3}"
44911961,"{""Old"":480,""New"":494,""Reason"":3}"
3956815,"{""Old"":399,""New"":403,""Reason"":3}"
73114123,"{""Old"":459,""New"":461,""Reason"":3}"
23936740,"{""Old"":166,""New"":174,""Reason"":3}"
38510184,"{""Old"":996,""New"":1020,""Reason"":3}"
38510184,"{""Old"":354,""New"":358,""Reason"":3}"
38510184,"{""Old"":233,""New"":241,""Reason"":3}"
38009531,"{""Old"":341,""New"":349,""Reason"":3}"
71316689,"{""Old"":1108,""New"":1116,""Reason"":3}"
71316689,"{""Old"":1204,""New"":1212,""Reason"":3}"
73531147,"{""Old"":4019,""New"":4035,""Reason"":3}"
3956815,"{""Old"":1161,""New"":1173,""Reason"":3}"
38393689,"{""Old"":932,""New"":934,""Reason"":3}"
41837604,"{""Old"":483,""New"":487,""Reason"":3}"
41837604,"{""Old"":268,""New"":284,""Reason"":3}"
73114123,"{""Old"":431,""New"":435,""Reason"":3}"
43165304,"{""Old"":317,""New"":319,""Reason"":3}"
3956815,"{""Old"":816,""New"":828,""Reason"":3}"
43206005,"{""Old"":1804,""New"":1822,""Reason"":3}"
24265128,"{""Old"":343,""New"":349,""Reason"":3}"
44911961,"{""Old"":497,""New"":503,""Reason"":3}"
42280415,"{""Old"":19057,""New"":19157,""Reason"":3}"
73227580,"{""Old"":548,""New"":556,""Reason"":3}"
37428602,"{""Old"":14217,""New"":14219,""Reason"":3}"
43206005,"{""Old"":1905,""New"":1913,""Reason"":3}"
36439403,"{""Old"":4291,""New"":4303,""Reason"":3}"
37623137,"{""Old"":2363,""New"":2367,""Reason"":3}"
7473273,"{""Old"":272860,""New"":273020,""Reason"":3}"
298627,"{""Old"":792,""New"":832,""Reason"":3}"
46235249,"{""Old"":10690,""New"":10720,""Reason"":3}"
46626552,"{""Old"":914,""New"":916,""Reason"":3}"
73869673,"{""Old"":829,""New"":837,""Reason"":3}"
38510184,"{""Old"":882,""New"":898,""Reason"":3}"
42280415,"{""Old"":19874,""New"":20018,""Reason"":3}"
25764590,"{""Old"":2466,""New"":2468,""Reason"":3}"
7473273,"{""Old"":272660,""New"":272810,""Reason"":3}"
298627,"{""Old"":864,""New"":866,""Reason"":3}"
38510184,"{""Old"":362,""New"":374,""Reason"":3}"
25764590,"{""Old"":2452,""New"":2454,""Reason"":3}"
41837604,"{""Old"":349,""New"":353,""Reason"":3}"
41837604,"{""Old"":618,""New"":634,""Reason"":3}"
42280415,"{""Old"":18117,""New"":18147,""Reason"":3}"
38393689,"{""Old"":908,""New"":912,""Reason"":3}"
38510184,"{""Old"":536,""New"":546,""Reason"":3}"
44132356,"{""Old"":1377,""New"":1379,""Reason"":3}"
44274821,"{""Old"":376,""New"":382,""Reason"":3}"
7473273,"{""Old"":272550,""New"":272610,""Reason"":3}"
46235249,"{""Old"":10930,""New"":10932,""Reason"":3}"
7473273,"{""Old"":273830,""New"":273940,""Reason"":3}"
8654000,"{""Old"":9938,""New"":9950,""Reason"":3}"
48194534,"{""Old"":1885,""New"":1931,""Reason"":3}"
46626552,"{""Old"":924,""New"":926,""Reason"":3}"
38510184,"{""Old"":570,""New"":604,""Reason"":3}"
6151149,"{""Old"":51027,""New"":51945,""Reason"":3}"
46235249,"{""Old"":10858,""New"":10868,""Reason"":3}"
23936740,"{""Old"":214,""New"":218,""Reason"":3}"
46702317,"{""Old"":296,""New"":302,""Reason"":3}"
3956815,"{""Old"":1232,""New"":1266,""Reason"":3}"
38510184,"{""Old"":407,""New"":419,""Reason"":3}"
46626552,"{""Old"":911,""New"":913,""Reason"":3}"
46039930,"{""Old"":462,""New"":472,""Reason"":3}"
40506099,"{""Old"":2169,""New"":2185,""Reason"":3}"
42280415,"{""Old"":20479,""New"":20523,""Reason"":3}"
3614397,"{""Old"":1644,""New"":1646,""Reason"":3}"
25764590,"{""Old"":2579,""New"":2583,""Reason"":3}"
44132356,"{""Old"":1345,""New"":1367,""Reason"":3}"
298627,"{""Old"":832,""New"":844,""Reason"":3}"
73227580,"{""Old"":562,""New"":564,""Reason"":3}"
50719208,"{""Old"":368,""New"":370,""Reason"":3}"
3956815,"{""Old"":1288,""New"":1298,""Reason"":3}"
38510184,"{""Old"":192,""New"":206,""Reason"":3}"
25764590,"{""Old"":2433,""New"":2439,""Reason"":3}"
38510184,"{""Old"":172,""New"":176,""Reason"":3}"
38510184,"{""Old"":944,""New"":984,""Reason"":3}"
3956815,"{""Old"":390,""New"":396,""Reason"":3}"
25689358,"{""Old"":1387,""New"":1399,""Reason"":3}"
48194534,"{""Old"":2003,""New"":2009,""Reason"":3}"
347550,"{""Old"":350,""New"":352,""Reason"":3}"
7473273,"{""Old"":273070,""New"":273190,""Reason"":3}"
8654000,"{""Old"":10051,""New"":10081,""Reason"":3}"
44911961,"{""Old"":471,""New"":477,""Reason"":3}"
44911961,"{""Old"":535,""New"":537,""Reason"":3}"
7162798,"{""Old"":134,""New"":136,""Reason"":3}"
38510184,"{""Old"":504,""New"":516,""Reason"":3}"
38510184,"{""Old"":664,""New"":696,""Reason"":3}"
3956815,"{""Old"":396,""New"":398,""Reason"":3}"
42280415,"{""Old"":18186,""New"":18236,""Reason"":3}"
48253581,"{""Old"":1379,""New"":1383,""Reason"":3}"
48087688,"{""Old"":1161,""New"":1163,""Reason"":3}"
38510184,"{""Old"":428,""New"":458,""Reason"":3}"
71316689,"{""Old"":1141,""New"":1143,""Reason"":3}"
7162798,"{""Old"":111,""New"":115,""Reason"":3}"
38510184,"{""Old"":297,""New"":309,""Reason"":3}"
48194534,"{""Old"":1943,""New"":2003,""Reason"":3}"
46614851,"{""Old"":3306,""New"":3310,""Reason"":3}"
42280415,"{""Old"":20803,""New"":20857,""Reason"":3}"
30715919,"{""Old"":3584,""New"":3586,""Reason"":3}"
48194534,"{""Old"":1658,""New"":1678,""Reason"":3}"
38510184,"{""Old"":151,""New"":155,""Reason"":3}"
46626552,"{""Old"":894,""New"":906,""Reason"":3}"
25739034,"{""Old"":508,""New"":512,""Reason"":3}"
73227580,"{""Old"":556,""New"":560,""Reason"":3}"
41338112,"{""Old"":4335,""New"":4337,""Reason"":3}"
38068549,"{""Old"":88,""New"":92,""Reason"":3}"
46235249,"{""Old"":10525,""New"":10545,""Reason"":3}"
46235249,"{""Old"":10512,""New"":10522,""Reason"":3}"
43206005,"{""Old"":1918,""New"":1920,""Reason"":3}"
52008256,"{""Old"":109,""New"":113,""Reason"":3}"
7473273,"{""Old"":271786,""New"":271826,""Reason"":3}"
7975782,"{""Old"":341,""New"":349,""Reason"":3}"
38393689,"{""Old"":934,""New"":936,""Reason"":3}"
38393689,"{""Old"":928,""New"":932,""Reason"":3}"
44147935,"{""Old"":10059,""New"":10061,""Reason"":3}"
50719208,"{""Old"":334,""New"":338,""Reason"":3}"
23936740,"{""Old"":111,""New"":113,""Reason"":3}"
43206005,"{""Old"":1914,""New"":1916,""Reason"":3}"
42280415,"{""Old"":21192,""New"":21252,""Reason"":3}"
43206005,"{""Old"":1855,""New"":1875,""Reason"":3}"
35614947,"{""Old"":1043,""New"":1045,""Reason"":3}"
3956815,"{""Old"":750,""New"":766,""Reason"":3}"
7473273,"{""Old"":272233,""New"":272253,""Reason"":3}"
7473273,"{""Old"":274150,""New"":274170,""Reason"":3}"
25689358,"{""Old"":1381,""New"":1383,""Reason"":3}"
23599062,"{""Old"":753,""New"":755,""Reason"":3}"
46235249,"{""Old"":10739,""New"":10769,""Reason"":3}"
5003925,"{""Old"":3803,""New"":3805,""Reason"":3}"
3956815,"{""Old"":1027,""New"":1049,""Reason"":3}"
38510184,"{""Old"":1086,""New"":1098,""Reason"":3}"
38510184,"{""Old"":721,""New"":727,""Reason"":3}"
23936740,"{""Old"":232,""New"":236,""Reason"":3}"
347550,"{""Old"":338,""New"":350,""Reason"":3}"
3956815,"{""Old"":1073,""New"":1099,""Reason"":3}"
50719208,"{""Old"":274,""New"":290,""Reason"":3}"
29043898,"{""Old"":845,""New"":851,""Reason"":3}"
3956815,"{""Old"":973,""New"":985,""Reason"":3}"
42321766,"{""Old"":119,""New"":121,""Reason"":3}"
48200005,"{""Old"":5740,""New"":5742,""Reason"":3}"
71316689,"{""Old"":1143,""New"":1155,""Reason"":3}"
41837604,"{""Old"":372,""New"":380,""Reason"":3}"
50719208,"{""Old"":399,""New"":401,""Reason"":3}"
38393689,"{""Old"":914,""New"":926,""Reason"":3}"
44911961,"{""Old"":424,""New"":426,""Reason"":3}"
42280415,"{""Old"":21552,""New"":21572,""Reason"":3}"
47342250,"{""Old"":159,""New"":161,""Reason"":3}"
3956815,"{""Old"":1111,""New"":1121,""Reason"":3}"
36439403,"{""Old"":4286,""New"":4290,""Reason"":3}"
7975782,"{""Old"":331,""New"":333,""Reason"":3}"
44911961,"{""Old"":324,""New"":338,""Reason"":3}"
44911961,"{""Old"":455,""New"":461,""Reason"":3}"
4558571,"{""Old"":1378,""New"":1384,""Reason"":3}"
23936740,"{""Old"":140,""New"":142,""Reason"":3}"
3956815,"{""Old"":1009,""New"":1013,""Reason"":3}"
41837604,"{""Old"":453,""New"":479,""Reason"":3}"
50719208,"{""Old"":323,""New"":329,""Reason"":3}"
3614397,"{""Old"":1637,""New"":1643,""Reason"":3}"
42280415,"{""Old"":21662,""New"":21702,""Reason"":3}"
42280415,"{""Old"":21702,""New"":21762,""Reason"":3}"
42280415,"{""Old"":19565,""New"":19803,""Reason"":3}"
8654000,"{""Old"":10039,""New"":10051,""Reason"":3}"
42321766,"{""Old"":99,""New"":105,""Reason"":3}"
46702317,"{""Old"":278,""New"":296,""Reason"":3}"
41837604,"{""Old"":584,""New"":602,""Reason"":3}"
46235249,"{""Old"":10868,""New"":10890,""Reason"":3}"
38393689,"{""Old"":872,""New"":878,""Reason"":3}"
23599062,"{""Old"":733,""New"":743,""Reason"":3}"
23936740,"{""Old"":157,""New"":165,""Reason"":3}"
38510184,"{""Old"":264,""New"":270,""Reason"":3}"
43206005,"{""Old"":1877,""New"":1889,""Reason"":3}"
7473273,"{""Old"":273940,""New"":274040,""Reason"":3}"
38510184,"{""Old"":322,""New"":346,""Reason"":3}"
71337322,"{""Old"":1047,""New"":1067,""Reason"":3}"
46626552,"{""Old"":927,""New"":933,""Reason"":3}"
44132356,"{""Old"":1367,""New"":1377,""Reason"":3}"
48194534,"{""Old"":2009,""New"":2033,""Reason"":3}"
48087688,"{""Old"":1165,""New"":1177,""Reason"":3}"
46235249,"{""Old"":10635,""New"":10645,""Reason"":3}"
46235249,"{""Old"":10890,""New"":10920,""Reason"":3}"
5003925,"{""Old"":3525,""New"":3529,""Reason"":3}"
44911961,"{""Old"":426,""New"":444,""Reason"":3}"
48194534,"{""Old"":1820,""New"":1860,""Reason"":3}"
48482613,"{""Old"":141,""New"":145,""Reason"":3}"
40934163,"{""Old"":16973,""New"":20417,""Reason"":3}"
38510184,"{""Old"":379,""New"":383,""Reason"":3}"
7473273,"{""Old"":273650,""New"":273780,""Reason"":3}"
45331910,"{""Old"":957,""New"":961,""Reason"":3}"
73114123,"{""Old"":453,""New"":455,""Reason"":3}"
8654000,"{""Old"":10081,""New"":10101,""Reason"":3}"
38510184,"{""Old"":125,""New"":127,""Reason"":3}"
25764590,"{""Old"":2415,""New"":2427,""Reason"":3}"
41837604,"{""Old"":200,""New"":202,""Reason"":3}"
6151149,"{""Old"":52144,""New"":52148,""Reason"":3}"
38510184,"{""Old"":46,""New"":50,""Reason"":3}"
50406467,"{""Old"":243,""New"":247,""Reason"":3}"
44911961,"{""Old"":510,""New"":532,""Reason"":3}"
44911961,"{""Old"":538,""New"":540,""Reason"":3}"
67075963,"{""Old"":326,""New"":330,""Reason"":3}"
41338112,"{""Old"":4333,""New"":4335,""Reason"":3}"
8302676,"{""Old"":21273,""New"":21279,""Reason"":3}"
45331910,"{""Old"":802,""New"":804,""Reason"":3}"
42280415,"{""Old"":20018,""New"":20078,""Reason"":3}"
25739034,"{""Old"":502,""New"":508,""Reason"":3}"
37304274,"{""Old"":386,""New"":402,""Reason"":3}"
30715919,"{""Old"":3551,""New"":3557,""Reason"":3}"
46626552,"{""Old"":933,""New"":943,""Reason"":3}"
3956815,"{""Old"":1230,""New"":1232,""Reason"":3}"
23936740,"{""Old"":219,""New"":221,""Reason"":3}"
38393689,"{""Old"":860,""New"":866,""Reason"":3}"
71316689,"{""Old"":1216,""New"":1220,""Reason"":3}"
3956815,"{""Old"":1210,""New"":1220,""Reason"":3}"
6151149,"{""Old"":50946,""New"":50950,""Reason"":3}"
3956815,"{""Old"":1142,""New"":1158,""Reason"":3}"
44911961,"{""Old"":394,""New"":406,""Reason"":3}"
38068549,"{""Old"":81,""New"":83,""Reason"":3}"
42280415,"{""Old"":20244,""New"":20304,""Reason"":3}"
5003925,"{""Old"":3766,""New"":3768,""Reason"":3}"
38510184,"{""Old"":107,""New"":121,""Reason"":3}"
71316689,"{""Old"":1057,""New"":1089,""Reason"":3}"
7162798,"{""Old"":125,""New"":127,""Reason"":3}"
7975782,"{""Old"":352,""New"":354,""Reason"":3}"
44289284,"{""Old"":152,""New"":158,""Reason"":3}"
41837604,"{""Old"":186,""New"":194,""Reason"":3}"
5003925,"{""Old"":3899,""New"":3919,""Reason"":3}"
46614851,"{""Old"":3327,""New"":3329,""Reason"":3}"
71159796,"{""Old"":847,""New"":853,""Reason"":3}"
7162798,"{""Old"":131,""New"":133,""Reason"":3}"
41837604,"{""Old"":210,""New"":214,""Reason"":3}"
46235249,"{""Old"":10548,""New"":10578,""Reason"":3}"
38510184,"{""Old"":629,""New"":639,""Reason"":3}"
46626552,"{""Old"":906,""New"":910,""Reason"":3}"
25764590,"{""Old"":2395,""New"":2399,""Reason"":3}"
7473273,"{""Old"":271129,""New"":271279,""Reason"":3}"
46614851,"{""Old"":3322,""New"":3324,""Reason"":3}"
50719208,"{""Old"":303,""New"":305,""Reason"":3}"
23936740,"{""Old"":261,""New"":263,""Reason"":3}"
36439403,"{""Old"":4309,""New"":4321,""Reason"":3}"
298627,"{""Old"":862,""New"":864,""Reason"":3}"
44911961,"{""Old"":348,""New"":356,""Reason"":3}"
7473273,"{""Old"":272410,""New"":272450,""Reason"":3}"
48087688,"{""Old"":1178,""New"":1186,""Reason"":3}"
42683131,"{""Old"":587,""New"":591,""Reason"":3}"
40934163,"{""Old"":14962,""New"":14970,""Reason"":3}"
50719208,"{""Old"":389,""New"":397,""Reason"":3}"
7975782,"{""Old"":328,""New"":330,""Reason"":3}"
67075963,"{""Old"":319,""New"":325,""Reason"":3}"
38510184,"{""Old"":251,""New"":259,""Reason"":3}"
44911961,"{""Old"":367,""New"":389,""Reason"":3}"
5003925,"{""Old"":3869,""New"":3879,""Reason"":3}"
42280415,"{""Old"":21572,""New"":21662,""Reason"":3}"
48956693,"{""Old"":1917,""New"":1919,""Reason"":3}"
37304274,"{""Old"":346,""New"":350,""Reason"":3}"
44289284,"{""Old"":136,""New"":150,""Reason"":3}"
38510184,"{""Old"":777,""New"":807,""Reason"":3}"
38510184,"{""Old"":923,""New"":943,""Reason"":3}"
7473273,"{""Old"":274170,""New"":274220,""Reason"":3}"
48200005,"{""Old"":5728,""New"":5740,""Reason"":3}"
45331910,"{""Old"":809,""New"":817,""Reason"":3}"
42725901,"{""Old"":5,""New"":7,""Reason"":3}"
71337322,"{""Old"":1042,""New"":1044,""Reason"":3}"
38393689,"{""Old"":879,""New"":881,""Reason"":3}"
42280415,"{""Old"":21922,""New"":21952,""Reason"":3}"
7975782,"{""Old"":355,""New"":359,""Reason"":3}"
5003925,"{""Old"":3879,""New"":3889,""Reason"":3}"
42280415,"{""Old"":20573,""New"":20703,""Reason"":3}"
5926847,"{""Old"":1111,""New"":1141,""Reason"":3}"
73578276,"{""Old"":1225,""New"":1229,""Reason"":3}"
3614397,"{""Old"":1677,""New"":1679,""Reason"":3}"
49021064,"{""Old"":2430,""New"":2440,""Reason"":3}"
8654000,"{""Old"":9970,""New"":9982,""Reason"":3}"
71316689,"{""Old"":1212,""New"":1216,""Reason"":3}"
7473273,"{""Old"":274070,""New"":274100,""Reason"":3}"
41837604,"{""Old"":391,""New"":393,""Reason"":3}"
73578276,"{""Old"":1215,""New"":1219,""Reason"":3}"
42280415,"{""Old"":20192,""New"":20244,""Reason"":3}"
42280415,"{""Old"":19828,""New"":19874,""Reason"":3}"
71316689,"{""Old"":1159,""New"":1175,""Reason"":3}"
71316689,"{""Old"":1123,""New"":1141,""Reason"":3}"
38510184,"{""Old"":93,""New"":99,""Reason"":3}"
38009531,"{""Old"":327,""New"":329,""Reason"":3}"
46235249,"{""Old"":10818,""New"":10848,""Reason"":3}"
73978539,"{""Old"":386,""New"":390,""Reason"":3}"
6151149,"{""Old"":51945,""New"":51947,""Reason"":3}"
45331910,"{""Old"":1045,""New"":1047,""Reason"":3}"
38068549,"{""Old"":99,""New"":103,""Reason"":3}"
35614947,"{""Old"":1067,""New"":1069,""Reason"":3}"
7473273,"{""Old"":274100,""New"":274150,""Reason"":3}"
44274821,"{""Old"":374,""New"":376,""Reason"":3}"
41837604,"{""Old"":614,""New"":618,""Reason"":3}"
46235249,"{""Old"":10848,""New"":10858,""Reason"":3}"
45331910,"{""Old"":1102,""New"":1104,""Reason"":3}"
47342250,"{""Old"":161,""New"":165,""Reason"":3}"
45331910,"{""Old"":890,""New"":904,""Reason"":3}"
45331910,"{""Old"":1048,""New"":1052,""Reason"":3}"
38510184,"{""Old"":550,""New"":554,""Reason"":3}"
30715919,"{""Old"":3536,""New"":3550,""Reason"":3}"
7473273,"{""Old"":270819,""New"":270909,""Reason"":3}"
7473273,"{""Old"":271646,""New"":271736,""Reason"":3}"
3956815,"{""Old"":1049,""New"":1073,""Reason"":3}"
73604891,"{""Old"":34958,""New"":34964,""Reason"":3}"
3614397,"{""Old"":1655,""New"":1665,""Reason"":3}"
41837604,"{""Old"":398,""New"":408,""Reason"":3}"
5003925,"{""Old"":3779,""New"":3801,""Reason"":3}"
7473273,"{""Old"":272315,""New"":272335,""Reason"":3}"
6151149,"{""Old"":50940,""New"":50946,""Reason"":3}"
73978539,"{""Old"":362,""New"":372,""Reason"":3}"
24265128,"{""Old"":394,""New"":408,""Reason"":3}"
43206005,"{""Old"":1830,""New"":1832,""Reason"":3}"
7473273,"{""Old"":273240,""New"":273260,""Reason"":3}"
23936740,"{""Old"":294,""New"":314,""Reason"":3}"
73227580,"{""Old"":569,""New"":575,""Reason"":3}"
45331910,"{""Old"":1091,""New"":1093,""Reason"":3}"
38068549,"{""Old"":103,""New"":105,""Reason"":3}"
46235249,"{""Old"":10808,""New"":10818,""Reason"":3}"
3956815,"{""Old"":1220,""New"":1230,""Reason"":3}"
73054770,"{""Old"":76,""New"":78,""Reason"":3}"
42321766,"{""Old"":112,""New"":114,""Reason"":3}"
50898340,"{""Old"":150,""New"":152,""Reason"":3}"
50719208,"{""Old"":267,""New"":273,""Reason"":3}"
42280415,"{""Old"":18860,""New"":18982,""Reason"":3}"
44147935,"{""Old"":10023,""New"":10047,""Reason"":3}"
38393689,"{""Old"":882,""New"":906,""Reason"":3}"
5003925,"{""Old"":3674,""New"":3702,""Reason"":3}"
50719208,"{""Old"":370,""New"":374,""Reason"":3}"
73578276,"{""Old"":1223,""New"":1225,""Reason"":3}"
6151149,"{""Old"":52129,""New"":52131,""Reason"":3}"
7162798,"{""Old"":117,""New"":119,""Reason"":3}"
3956815,"{""Old"":1003,""New"":1009,""Reason"":3}"
73604891,"{""Old"":34965,""New"":34967,""Reason"":3}"
38598166,"{""Old"":54,""New"":56,""Reason"":3}"
41837604,"{""Old"":570,""New"":572,""Reason"":3}"
347550,"{""Old"":326,""New"":330,""Reason"":3}"
347550,"{""Old"":330,""New"":338,""Reason"":3}"
48194534,"{""Old"":1683,""New"":1705,""Reason"":3}"
71316689,"{""Old"":1185,""New"":1199,""Reason"":3}"
8654000,"{""Old"":9997,""New"":10039,""Reason"":3}"
8654000,"{""Old"":9984,""New"":9996,""Reason"":3}"
75652359,"{""Old"":462,""New"":466,""Reason"":3}"
3956815,"{""Old"":1266,""New"":1288,""Reason"":3}"
7473273,"{""Old"":273310,""New"":273350,""Reason"":3}"
73537218,"{""Old"":204,""New"":210,""Reason"":3}"
7473273,"{""Old"":272255,""New"":272315,""Reason"":3}"
8654000,"{""Old"":10101,""New"":10105,""Reason"":3}"
7473273,"{""Old"":273425,""New"":273575,""Reason"":3}"
7473273,"{""Old"":272091,""New"":272181,""Reason"":3}"
7473273,"{""Old"":274040,""New"":274070,""Reason"":3}"
3956815,"{""Old"":1177,""New"":1199,""Reason"":3}"
42280415,"{""Old"":21882,""New"":21902,""Reason"":3}"
48194534,"{""Old"":1931,""New"":1943,""Reason"":3}"
5003925,"{""Old"":3537,""New"":3551,""Reason"":3}"
42280415,"{""Old"":20882,""New"":21012,""Reason"":3}"
23599062,"{""Old"":755,""New"":761,""Reason"":3}"
7473273,"{""Old"":271876,""New"":272016,""Reason"":3}"
7473273,"{""Old"":273780,""New"":273830,""Reason"":3}"
40934163,"{""Old"":14971,""New"":14979,""Reason"":3}"
45331910,"{""Old"":835,""New"":847,""Reason"":3}"
48528618,"{""Old"":2610,""New"":2616,""Reason"":3}"
73227580,"{""Old"":560,""New"":562,""Reason"":3}"
40572960,"{""Old"":2853,""New"":2857,""Reason"":3}"
42683131,"{""Old"":561,""New"":563,""Reason"":3}"
71227328,"{""Old"":855,""New"":859,""Reason"":3}"
48073539,"{""Old"":4125,""New"":4137,""Reason"":3}"
73869673,"{""Old"":814,""New"":820,""Reason"":3}"
7473273,"{""Old"":271419,""New"":271571,""Reason"":3}"
7473273,"{""Old"":272181,""New"":272231,""Reason"":3}"
7473273,"{""Old"":270959,""New"":271079,""Reason"":3}"
35757699,"{""Old"":1796,""New"":1800,""Reason"":3}"
44289284,"{""Old"":159,""New"":167,""Reason"":3}"
41338112,"{""Old"":4303,""New"":4327,""Reason"":3}"
48482613,"{""Old"":139,""New"":141,""Reason"":3}"
45331910,"{""Old"":831,""New"":833,""Reason"":3}"
40934163,"{""Old"":16783,""New"":16973,""Reason"":3}"
45331910,"{""Old"":988,""New"":992,""Reason"":3}"
50719208,"{""Old"":313,""New"":317,""Reason"":3}"
46235249,"{""Old"":10722,""New"":10732,""Reason"":3}"
46235249,"{""Old"":10652,""New"":10686,""Reason"":3}"
50719208,"{""Old"":344,""New"":352,""Reason"":3}"
41338112,"{""Old"":4337,""New"":4339,""Reason"":3}"
3614397,"{""Old"":1669,""New"":1677,""Reason"":3}"
42280415,"{""Old"":20078,""New"":20172,""Reason"":3}"
42280415,"{""Old"":21062,""New"":21142,""Reason"":3}"
46235249,"{""Old"":10588,""New"":10632,""Reason"":3}"
46235249,"{""Old"":10773,""New"":10807,""Reason"":3}"
5926847,"{""Old"":1104,""New"":1106,""Reason"":3}"
73578276,"{""Old"":1205,""New"":1209,""Reason"":3}"
42280415,"{""Old"":21762,""New"":21882,""Reason"":3}"
50719208,"{""Old"":319,""New"":321,""Reason"":3}"
45331910,"{""Old"":1010,""New"":1020,""Reason"":3}"
50898340,"{""Old"":133,""New"":135,""Reason"":3}"
5003925,"{""Old"":3889,""New"":3899,""Reason"":3}"
42280415,"{""Old"":18636,""New"":18760,""Reason"":3}"
5003925,"{""Old"":3509,""New"":3521,""Reason"":3}"
47342250,"{""Old"":148,""New"":154,""Reason"":3}"
38068549,"{""Old"":93,""New"":97,""Reason"":3}"
5003925,"{""Old"":3552,""New"":3558,""Reason"":3}"
50719208,"{""Old"":331,""New"":333,""Reason"":3}"
5003925,"{""Old"":3655,""New"":3671,""Reason"":3}"
43165304,"{""Old"":320,""New"":326,""Reason"":3}"
5003925,"{""Old"":3708,""New"":3724,""Reason"":3}"
5003925,"{""Old"":3805,""New"":3869,""Reason"":3}"
50719208,"{""Old"":378,""New"":382,""Reason"":3}"
42280415,"{""Old"":21902,""New"":21922,""Reason"":3}"
5003925,"{""Old"":3569,""New"":3591,""Reason"":3}"
5003925,"{""Old"":3768,""New"":3778,""Reason"":3}"
5003925,"{""Old"":3599,""New"":3645,""Reason"":3}"
42280415,"{""Old"":20172,""New"":20192,""Reason"":3}"
42280415,"{""Old"":21467,""New"":21527,""Reason"":3}"
50719208,"{""Old"":354,""New"":366,""Reason"":3}"
5003925,"{""Old"":3729,""New"":3765,""Reason"":3}"
48956693,"{""Old"":1919,""New"":1929,""Reason"":3}"
42280415,"{""Old"":19257,""New"":19365,""Reason"":3}"
42280415,"{""Old"":21952,""New"":22012,""Reason"":3}"
45331910,"{""Old"":1081,""New"":1087,""Reason"":3}"
45331910,"{""Old"":905,""New"":911,""Reason"":3}"
45331910,"{""Old"":821,""New"":823,""Reason"":3}"
40934163,"{""Old"":15531,""New"":15537,""Reason"":3}"
45331910,"{""Old"":964,""New"":970,""Reason"":3}"
48528618,"{""Old"":2602,""New"":2610,""Reason"":3}"
45331910,"{""Old"":1032,""New"":1038,""Reason"":3}"
45331910,"{""Old"":864,""New"":868,""Reason"":3}"
46810726,"{""Old"":2713,""New"":2715,""Reason"":3}"
45331910,"{""Old"":870,""New"":882,""Reason"":3}"
48253581,"{""Old"":1392,""New"":1394,""Reason"":3}"
45331910,"{""Old"":1068,""New"":1072,""Reason"":3}"
46810726,"{""Old"":2698,""New"":2708,""Reason"":3}"
37304274,"{""Old"":403,""New"":407,""Reason"":3}"
45331910,"{""Old"":919,""New"":929,""Reason"":3}"
45331910,"{""Old"":951,""New"":955,""Reason"":3}"
45331910,"{""Old"":994,""New"":1008,""Reason"":3}"
45331910,"{""Old"":1025,""New"":1031,""Reason"":3}"
45331910,"{""Old"":1093,""New"":1101,""Reason"":3}"
47480486,"{""Old"":4853,""New"":4869,""Reason"":3}"
25689358,"{""Old"":1406,""New"":1408,""Reason"":3}"
73227580,"{""Old"":576,""New"":580,""Reason"":3}"
45331910,"{""Old"":972,""New"":980,""Reason"":3}"
45331910,"{""Old"":818,""New"":820,""Reason"":3}"
4984657,"{""Old"":8048,""New"":8074,""Reason"":3}"
50898340,"{""Old"":135,""New"":139,""Reason"":3}"
40934163,"{""Old"":14979,""New"":14981,""Reason"":3}"
45331910,"{""Old"":935,""New"":949,""Reason"":3}"
73544911,"{""Old"":2636,""New"":2638,""Reason"":3}"
47342250,"{""Old"":155,""New"":159,""Reason"":3}"
50898340,"{""Old"":130,""New"":132,""Reason"":3}"
46810726,"{""Old"":2715,""New"":2719,""Reason"":3}"
4984657,"{""Old"":8015,""New"":8019,""Reason"":3}"
37304274,"{""Old"":354,""New"":356,""Reason"":3}"
37304274,"{""Old"":356,""New"":372,""Reason"":3}"
42683131,"{""Old"":571,""New"":579,""Reason"":3}"
45331910,"{""Old"":1020,""New"":1024,""Reason"":3}"
45331910,"{""Old"":1054,""New"":1064,""Reason"":3}"
45331910,"{""Old"":1109,""New"":1111,""Reason"":3}"
25689358,"{""Old"":1408,""New"":1414,""Reason"":3}"
47295112,"{""Old"":433,""New"":441,""Reason"":3}"
4984657,"{""Old"":8020,""New"":8028,""Reason"":3}"
47543186,"{""Old"":14,""New"":16,""Reason"":3}"
4984657,"{""Old"":7998,""New"":8004,""Reason"":3}"
4984657,"{""Old"":8430,""New"":9634,""Reason"":3}"
45331910,"{""Old"":859,""New"":863,""Reason"":3}"
45331910,"{""Old"":827,""New"":829,""Reason"":3}"
42683131,"{""Old"":582,""New"":586,""Reason"":3}"
45331910,"{""Old"":912,""New"":916,""Reason"":3}"
71159796,"{""Old"":864,""New"":866,""Reason"":3}"
37304274,"{""Old"":380,""New"":384,""Reason"":3}"
40934163,"{""Old"":16717,""New"":16783,""Reason"":3}"
48253581,"{""Old"":1388,""New"":1392,""Reason"":3}"
40934163,"{""Old"":16112,""New"":16192,""Reason"":3}"
45331910,"{""Old"":823,""New"":825,""Reason"":3}"
73227580,"{""Old"":536,""New"":544,""Reason"":3}"
73227580,"{""Old"":524,""New"":528,""Reason"":3}"
73227580,"{""Old"":544,""New"":546,""Reason"":3}"
48482613,"{""Old"":145,""New"":147,""Reason"":3}"
4984657,"{""Old"":8322,""New"":8330,""Reason"":3}"
4984657,"{""Old"":8274,""New"":8322,""Reason"":3}"
75652359,"{""Old"":454,""New"":460,""Reason"":3}"
25739034,"{""Old"":496,""New"":502,""Reason"":3}"
48073539,"{""Old"":4152,""New"":4164,""Reason"":3}"
48073539,"{""Old"":4164,""New"":4170,""Reason"":3}"
4984657,"{""Old"":8040,""New"":8048,""Reason"":3}"
48073539,"{""Old"":4145,""New"":4151,""Reason"":3}"
47480486,"{""Old"":4878,""New"":4882,""Reason"":3}"
48200005,"{""Old"":5714,""New"":5718,""Reason"":3}"
9877941,"{""Old"":446,""New"":448,""Reason"":3}"
83676575,"{""Old"":2788,""New"":2798,""Reason"":3}"
83676575,"{""Old"":3070,""New"":3080,""Reason"":3}"
83676575,"{""Old"":3164,""New"":3174,""Reason"":3}"
32116408,"{""Old"":144,""New"":146,""Reason"":3}"
209900380,"{""Old"":50,""New"":52,""Reason"":3}"
17676293,"{""Old"":17636,""New"":17638,""Reason"":3}"
17676293,"{""Old"":17626,""New"":17628,""Reason"":3}"
17676293,"{""Old"":18735,""New"":18755,""Reason"":3}"
17676293,"{""Old"":19280,""New"":19282,""Reason"":3}"
17676293,"{""Old"":19827,""New"":19837,""Reason"":3}"
17676293,"{""Old"":19811,""New"":19813,""Reason"":3}"
17676293,"{""Old"":20544,""New"":20554,""Reason"":3}"
17676293,"{""Old"":20865,""New"":20875,""Reason"":3}"
17676293,"{""Old"":23640,""New"":23650,""Reason"":3}"
17676293,"{""Old"":25113,""New"":25123,""Reason"":3}"
17676293,"{""Old"":25229,""New"":25239,""Reason"":3}"
24064804,"{""Old"":465,""New"":467,""Reason"":3}"
46235249,"{""Old"":792,""New"":794,""Reason"":3}"
208577966,"{""Old"":820,""New"":822,""Reason"":3}"
37623137,"{""Old"":151,""New"":153,""Reason"":3}"
23520972,"{""Old"":301,""New"":303,""Reason"":3}"
37623137,"{""Old"":233,""New"":235,""Reason"":3}"
67836518,"{""Old"":268,""New"":270,""Reason"":3}"
54937851,"{""Old"":3731,""New"":3733,""Reason"":3}"
4829598,"{""Old"":1300,""New"":1310,""Reason"":3}"
2968081,"{""Old"":986,""New"":988,""Reason"":3}"
2968081,"{""Old"":999,""New"":1001,""Reason"":3}"
4829598,"{""Old"":1396,""New"":1406,""Reason"":3}"
23245080,"{""Old"":217,""New"":219,""Reason"":3}"
23245080,"{""Old"":290,""New"":292,""Reason"":3}"
37962654,"{""Old"":1247,""New"":1249,""Reason"":3}"
43365752,"{""Old"":1481,""New"":1483,""Reason"":3}"
44961939,"{""Old"":743,""New"":745,""Reason"":3}"
44961939,"{""Old"":761,""New"":763,""Reason"":3}"
44961939,"{""Old"":622,""New"":624,""Reason"":3}"
44961939,"{""Old"":630,""New"":634,""Reason"":3}"
44961939,"{""Old"":698,""New"":708,""Reason"":3}"
80312485,"{""Old"":6120,""New"":6130,""Reason"":3}"
80312485,"{""Old"":6190,""New"":6200,""Reason"":3}"
80312485,"{""Old"":6814,""New"":6824,""Reason"":3}"
80312485,"{""Old"":3726,""New"":3736,""Reason"":3}"
80312485,"{""Old"":4188,""New"":4198,""Reason"":3}"
80312485,"{""Old"":4118,""New"":4128,""Reason"":3}"
80312485,"{""Old"":4268,""New"":4288,""Reason"":3}"
80312485,"{""Old"":4863,""New"":4873,""Reason"":3}"
80312485,"{""Old"":4893,""New"":4903,""Reason"":3}"
80312485,"{""Old"":6080,""New"":6090,""Reason"":3}"
80312485,"{""Old"":5760,""New"":5770,""Reason"":3}"
80312485,"{""Old"":3836,""New"":3846,""Reason"":3}"
80312485,"{""Old"":4408,""New"":4418,""Reason"":3}"
80312485,"{""Old"":4903,""New"":4913,""Reason"":3}"
80312485,"{""Old"":5710,""New"":5720,""Reason"":3}"
80312485,"{""Old"":5750,""New"":5760,""Reason"":3}"
80312485,"{""Old"":5880,""New"":5890,""Reason"":3}"
80312485,"{""Old"":6200,""New"":6210,""Reason"":3}"
80312485,"{""Old"":4448,""New"":4458,""Reason"":3}"
80312485,"{""Old"":6774,""New"":6784,""Reason"":3}"
80312485,"{""Old"":4158,""New"":4178,""Reason"":3}"
80312485,"{""Old"":6280,""New"":6290,""Reason"":3}"
80312485,"{""Old"":6370,""New"":6380,""Reason"":3}"
28916716,"{""Old"":924,""New"":926,""Reason"":3}"
28916716,"{""Old"":1227,""New"":1229,""Reason"":3}"
44961939,"{""Old"":752,""New"":754,""Reason"":3}"
80312485,"{""Old"":3866,""New"":3876,""Reason"":3}"
80312485,"{""Old"":4692,""New"":4702,""Reason"":3}"
80312485,"{""Old"":5415,""New"":5425,""Reason"":3}"
24993885,"{""Old"":222,""New"":224,""Reason"":3}"
82844475,"{""Old"":355,""New"":365,""Reason"":3}"
6028420,"{""Old"":299,""New"":301,""Reason"":3}"
55921654,"{""Old"":1163,""New"":1165,""Reason"":3}"
55921654,"{""Old"":1167,""New"":1177,""Reason"":3}"
59231397,"{""Old"":2766,""New"":2786,""Reason"":3}"
59231397,"{""Old"":3072,""New"":3082,""Reason"":3}"
59231397,"{""Old"":2350,""New"":2360,""Reason"":3}"
59231397,"{""Old"":3852,""New"":3862,""Reason"":3}"
67836518,"{""Old"":2417,""New"":2427,""Reason"":3}"
55921654,"{""Old"":1440,""New"":1442,""Reason"":3}"
55921654,"{""Old"":1478,""New"":1480,""Reason"":3}"
208577966,"{""Old"":665,""New"":667,""Reason"":3}"
46235249,"{""Old"":822,""New"":824,""Reason"":3}"
80758401,"{""Old"":4495,""New"":4505,""Reason"":3}"
70289120,"{""Old"":1008,""New"":1010,""Reason"":3}"
8744861,"{""Old"":341,""New"":343,""Reason"":3}"
7378760,"{""Old"":36933,""New"":36953,""Reason"":3}"
7378760,"{""Old"":37535,""New"":37545,""Reason"":3}"
7378760,"{""Old"":37779,""New"":37789,""Reason"":3}"
73660558,"{""Old"":967,""New"":971,""Reason"":3}"
80312485,"{""Old"":4843,""New"":4863,""Reason"":3}"
80312485,"{""Old"":5790,""New"":5800,""Reason"":3}"
80312485,"{""Old"":6682,""New"":6692,""Reason"":3}"
80312485,"{""Old"":6692,""New"":6702,""Reason"":3}"
80312485,"{""Old"":4128,""New"":4148,""Reason"":3}"
80312485,"{""Old"":3796,""New"":3806,""Reason"":3}"
80312485,"{""Old"":4028,""New"":4038,""Reason"":3}"
80312485,"{""Old"":4228,""New"":4248,""Reason"":3}"
80312485,"{""Old"":4943,""New"":4953,""Reason"":3}"
80312485,"{""Old"":5730,""New"":5740,""Reason"":3}"
202176747,"{""Old"":95451,""New"":95453,""Reason"":3}"
43365752,"{""Old"":1440,""New"":1442,""Reason"":3}"
44961939,"{""Old"":757,""New"":759,""Reason"":3}"
4829598,"{""Old"":1661,""New"":1671,""Reason"":3}"
63583576,"{""Old"":163,""New"":165,""Reason"":3}"
54937851,"{""Old"":3663,""New"":3673,""Reason"":3}"
54937851,"{""Old"":3739,""New"":3743,""Reason"":3}"
46235249,"{""Old"":824,""New"":826,""Reason"":3}"
37250473,"{""Old"":936,""New"":938,""Reason"":3}"
37250473,"{""Old"":904,""New"":906,""Reason"":3}"
80758401,"{""Old"":4373,""New"":4383,""Reason"":3}"
37250473,"{""Old"":942,""New"":944,""Reason"":3}"
80758401,"{""Old"":4555,""New"":4565,""Reason"":3}"
202176747,"{""Old"":35152,""New"":35154,""Reason"":3}"
74426538,"{""Old"":567,""New"":569,""Reason"":3}"
4829598,"{""Old"":1508,""New"":1510,""Reason"":3}"
4829598,"{""Old"":1643,""New"":1645,""Reason"":3}"
2968081,"{""Old"":1036,""New"":1038,""Reason"":3}"
75730356,"{""Old"":337,""New"":339,""Reason"":3}"
75730356,"{""Old"":364,""New"":366,""Reason"":3}"
75730356,"{""Old"":401,""New"":403,""Reason"":3}"
9084499,"{""Old"":134,""New"":136,""Reason"":3}"
13173590,"{""Old"":44628,""New"":44630,""Reason"":3}"
75730356,"{""Old"":477,""New"":479,""Reason"":3}"
75730356,"{""Old"":480,""New"":490,""Reason"":3}"
80312485,"{""Old"":4610,""New"":4630,""Reason"":3}"
80312485,"{""Old"":6160,""New"":6170,""Reason"":3}"
80312485,"{""Old"":6250,""New"":6260,""Reason"":3}"
80312485,"{""Old"":6410,""New"":6420,""Reason"":3}"
8302676,"{""Old"":1423,""New"":1433,""Reason"":3}"
202176747,"{""Old"":36101,""New"":36111,""Reason"":3}"
202176747,"{""Old"":36399,""New"":36419,""Reason"":3}"
80758401,"{""Old"":4403,""New"":4413,""Reason"":3}"
80758401,"{""Old"":4525,""New"":4535,""Reason"":3}"
8744861,"{""Old"":395,""New"":397,""Reason"":3}"
8744861,"{""Old"":448,""New"":452,""Reason"":3}"
55531402,"{""Old"":409872,""New"":409882,""Reason"":3}"
212325782,"{""Old"":5960,""New"":5970,""Reason"":3}"
212325782,"{""Old"":6051,""New"":6061,""Reason"":3}"
44961939,"{""Old"":498,""New"":500,""Reason"":3}"
87587816,"{""Old"":481,""New"":485,""Reason"":3}"
16319032,"{""Old"":410,""New"":412,""Reason"":3}"
2968081,"{""Old"":1546,""New"":1556,""Reason"":3}"
38752325,"{""Old"":900,""New"":902,""Reason"":3}"
120956657,"{""Old"":345,""New"":347,""Reason"":3}"
83319984,"{""Old"":2805,""New"":2815,""Reason"":3}"
23245080,"{""Old"":123,""New"":125,""Reason"":3}"
23245080,"{""Old"":314,""New"":316,""Reason"":3}"
202176747,"{""Old"":6022,""New"":6032,""Reason"":3}"
202176747,"{""Old"":5870,""New"":5880,""Reason"":3}"
205159799,"{""Old"":154,""New"":156,""Reason"":3}"
73588812,"{""Old"":1249,""New"":1251,""Reason"":3}"
7378760,"{""Old"":34955,""New"":34957,""Reason"":3}"
7378760,"{""Old"":35363,""New"":35373,""Reason"":3}"
7378760,"{""Old"":37455,""New"":37465,""Reason"":3}"
31017119,"{""Old"":157,""New"":159,""Reason"":3}"
169859,"{""Old"":363,""New"":365,""Reason"":3}"
7378760,"{""Old"":34735,""New"":34737,""Reason"":3}"
7378760,"{""Old"":35017,""New"":35019,""Reason"":3}"
46419793,"{""Old"":41,""New"":43,""Reason"":3}"
13245861,"{""Old"":410,""New"":412,""Reason"":3}"
13245861,"{""Old"":468,""New"":470,""Reason"":3}"
13245861,"{""Old"":381,""New"":383,""Reason"":3}"
46419793,"{""Old"":181,""New"":183,""Reason"":3}"
13245861,"{""Old"":407,""New"":409,""Reason"":3}"
80744637,"{""Old"":66907,""New"":66917,""Reason"":3}"
80744637,"{""Old"":66979,""New"":66989,""Reason"":3}"
80744637,"{""Old"":66999,""New"":67001,""Reason"":3}"
85246118,"{""Old"":647,""New"":649,""Reason"":3}"
80744637,"{""Old"":66519,""New"":66529,""Reason"":3}"
80744637,"{""Old"":66721,""New"":66731,""Reason"":3}"
80744637,"{""Old"":65573,""New"":65577,""Reason"":3}"
80744637,"{""Old"":65701,""New"":65721,""Reason"":3}"
48205250,"{""Old"":1333,""New"":1335,""Reason"":3}"
80758401,"{""Old"":4485,""New"":4495,""Reason"":3}"
48205250,"{""Old"":1022,""New"":1024,""Reason"":3}"
83319984,"{""Old"":1392,""New"":1394,""Reason"":3}"
32116408,"{""Old"":77,""New"":79,""Reason"":3}"
20302898,"{""Old"":1787,""New"":1789,""Reason"":3}"
20302898,"{""Old"":1796,""New"":1800,""Reason"":3}"
83319984,"{""Old"":1429,""New"":1439,""Reason"":3}"
83319984,"{""Old"":2174,""New"":2176,""Reason"":3}"
83319984,"{""Old"":3211,""New"":3221,""Reason"":3}"
83319984,"{""Old"":2887,""New"":2897,""Reason"":3}"
120956657,"{""Old"":2427,""New"":2429,""Reason"":3}"
120956657,"{""Old"":2449,""New"":2451,""Reason"":3}"
80742310,"{""Old"":192,""New"":194,""Reason"":3}"
55531402,"{""Old"":411642,""New"":411652,""Reason"":3}"
31776438,"{""Old"":19,""New"":21,""Reason"":3}"
80141190,"{""Old"":395,""New"":397,""Reason"":3}"
25799691,"{""Old"":1265,""New"":1267,""Reason"":3}"
2968081,"{""Old"":644,""New"":646,""Reason"":3}"
2968081,"{""Old"":930,""New"":940,""Reason"":3}"
32281739,"{""Old"":752,""New"":754,""Reason"":3}"
2968081,"{""Old"":1780,""New"":1790,""Reason"":3}"
19981811,"{""Old"":29371,""New"":29373,""Reason"":3}"
19981811,"{""Old"":29892,""New"":29902,""Reason"":3}"
19981811,"{""Old"":31177,""New"":31179,""Reason"":3}"
19981811,"{""Old"":30883,""New"":30885,""Reason"":3}"
7378760,"{""Old"":34665,""New"":34675,""Reason"":3}"
7378760,"{""Old"":36217,""New"":36237,""Reason"":3}"
7378760,"{""Old"":37415,""New"":37425,""Reason"":3}"
83319984,"{""Old"":1887,""New"":1889,""Reason"":3}"
83319984,"{""Old"":2102,""New"":2104,""Reason"":3}"
83319984,"{""Old"":2513,""New"":2515,""Reason"":3}"
83319984,"{""Old"":3029,""New"":3039,""Reason"":3}"
83319984,"{""Old"":3039,""New"":3049,""Reason"":3}"
87587816,"{""Old"":429,""New"":433,""Reason"":3}"
63583576,"{""Old"":103,""New"":105,""Reason"":3}"
80141190,"{""Old"":403,""New"":405,""Reason"":3}"
80141190,"{""Old"":501,""New"":505,""Reason"":3}"
80141190,"{""Old"":480,""New"":482,""Reason"":3}"
25859661,"{""Old"":61,""New"":63,""Reason"":3}"
48550785,"{""Old"":1129,""New"":1131,""Reason"":3}"
2982116,"{""Old"":139,""New"":141,""Reason"":3}"
25799691,"{""Old"":1356,""New"":1358,""Reason"":3}"
44961939,"{""Old"":492,""New"":494,""Reason"":3}"
55531402,"{""Old"":171636,""New"":171638,""Reason"":3}"
55531402,"{""Old"":171638,""New"":171648,""Reason"":3}"
55531402,"{""Old"":172059,""New"":172079,""Reason"":3}"
55531402,"{""Old"":172907,""New"":172917,""Reason"":3}"
55531402,"{""Old"":173952,""New"":173972,""Reason"":3}"
55531402,"{""Old"":174332,""New"":174352,""Reason"":3}"
55531402,"{""Old"":177148,""New"":177158,""Reason"":3}"
55531402,"{""Old"":178997,""New"":179007,""Reason"":3}"
67836518,"{""Old"":2337,""New"":2347,""Reason"":3}"
20746522,"{""Old"":2002,""New"":2004,""Reason"":3}"
82844475,"{""Old"":286,""New"":288,""Reason"":3}"
57366251,"{""Old"":3641,""New"":3643,""Reason"":3}"
57366251,"{""Old"":3648,""New"":3652,""Reason"":3}"
73660558,"{""Old"":1147,""New"":1149,""Reason"":3}"
48201103,"{""Old"":386,""New"":388,""Reason"":3}"
48201103,"{""Old"":457,""New"":459,""Reason"":3}"
50191697,"{""Old"":809,""New"":811,""Reason"":3}"
73660558,"{""Old"":1110,""New"":1114,""Reason"":3}"
35936585,"{""Old"":46043,""New"":46045,""Reason"":3}"
37789811,"{""Old"":162,""New"":164,""Reason"":3}"
82844475,"{""Old"":80,""New"":82,""Reason"":3}"
59231397,"{""Old"":1256,""New"":1258,""Reason"":3}"
59231397,"{""Old"":1316,""New"":1326,""Reason"":3}"
59231397,"{""Old"":1444,""New"":1454,""Reason"":3}"
59231397,"{""Old"":1865,""New"":1867,""Reason"":3}"
59231397,"{""Old"":3062,""New"":3072,""Reason"":3}"
55921654,"{""Old"":1142,""New"":1144,""Reason"":3}"
55921654,"{""Old"":1308,""New"":1310,""Reason"":3}"
53727285,"{""Old"":438,""New"":440,""Reason"":3}"
53727285,"{""Old"":480,""New"":482,""Reason"":3}"
85239241,"{""Old"":6583,""New"":6585,""Reason"":3}"
67836518,"{""Old"":2485,""New"":2495,""Reason"":3}"
67836518,"{""Old"":2638,""New"":2640,""Reason"":3}"
68764292,"{""Old"":176,""New"":178,""Reason"":3}"
120308116,"{""Old"":418,""New"":420,""Reason"":3}"
120308116,"{""Old"":432,""New"":434,""Reason"":3}"
83319984,"{""Old"":1544,""New"":1546,""Reason"":3}"
83319984,"{""Old"":1747,""New"":1749,""Reason"":3}"
83319984,"{""Old"":1398,""New"":1400,""Reason"":3}"
83319984,"{""Old"":1893,""New"":1895,""Reason"":3}"
83319984,"{""Old"":2145,""New"":2147,""Reason"":3}"
83319984,"{""Old"":2687,""New"":2697,""Reason"":3}"
83319984,"{""Old"":1427,""New"":1429,""Reason"":3}"
9658942,"{""Old"":14324,""New"":14326,""Reason"":3}"
83319984,"{""Old"":1861,""New"":1871,""Reason"":3}"
83319984,"{""Old"":2845,""New"":2847,""Reason"":3}"
83319984,"{""Old"":2929,""New"":2939,""Reason"":3}"
83319984,"{""Old"":1871,""New"":1873,""Reason"":3}"
83319984,"{""Old"":2092,""New"":2102,""Reason"":3}"
83319984,"{""Old"":2795,""New"":2805,""Reason"":3}"
83319984,"{""Old"":3221,""New"":3223,""Reason"":3}"
4472194,"{""Old"":2128,""New"":2130,""Reason"":3}"
9658942,"{""Old"":14060,""New"":14062,""Reason"":3}"
83319984,"{""Old"":2825,""New"":2835,""Reason"":3}"
83319984,"{""Old"":2867,""New"":2877,""Reason"":3}"
54937851,"{""Old"":8632,""New"":8634,""Reason"":3}"
54937851,"{""Old"":8525,""New"":8527,""Reason"":3}"
43365752,"{""Old"":1475,""New"":1477,""Reason"":3}"
80312485,"{""Old"":4753,""New"":4763,""Reason"":3}"
80312485,"{""Old"":5228,""New"":5238,""Reason"":3}"
80312485,"{""Old"":6550,""New"":6560,""Reason"":3}"
80312485,"{""Old"":6672,""New"":6682,""Reason"":3}"
43365752,"{""Old"":1430,""New"":1440,""Reason"":3}"
7378760,"{""Old"":36993,""New"":37003,""Reason"":3}"
7378760,"{""Old"":34645,""New"":34655,""Reason"":3}"
80758401,"{""Old"":4435,""New"":4445,""Reason"":3}"
80758401,"{""Old"":4455,""New"":4465,""Reason"":3}"
85246118,"{""Old"":643,""New"":645,""Reason"":3}"
80744637,"{""Old"":65451,""New"":65453,""Reason"":3}"
80744637,"{""Old"":65483,""New"":65493,""Reason"":3}"
80744637,"{""Old"":65631,""New"":65661,""Reason"":3}"
8744861,"{""Old"":222,""New"":224,""Reason"":3}"
8744861,"{""Old"":213,""New"":215,""Reason"":3}"
80744637,"{""Old"":65921,""New"":65931,""Reason"":3}"
80744637,"{""Old"":66701,""New"":66711,""Reason"":3}"
48205250,"{""Old"":622,""New"":624,""Reason"":3}"
8744861,"{""Old"":403,""New"":405,""Reason"":3}"
48205250,"{""Old"":926,""New"":928,""Reason"":3}"
48205250,"{""Old"":1355,""New"":1359,""Reason"":3}"
48205250,"{""Old"":1349,""New"":1351,""Reason"":3}"
63583576,"{""Old"":73,""New"":75,""Reason"":3}"
4829598,"{""Old"":1611,""New"":1613,""Reason"":3}"
4829598,"{""Old"":1639,""New"":1641,""Reason"":3}"
2968081,"{""Old"":1320,""New"":1322,""Reason"":3}"
80744637,"{""Old"":65821,""New"":65831,""Reason"":3}"
80744637,"{""Old"":66661,""New"":66671,""Reason"":3}"
80744637,"{""Old"":66619,""New"":66621,""Reason"":3}"
80744637,"{""Old"":66803,""New"":66805,""Reason"":3}"
80744637,"{""Old"":66499,""New"":66509,""Reason"":3}"
80744637,"{""Old"":67055,""New"":67065,""Reason"":3}"
80744637,"{""Old"":65361,""New"":65371,""Reason"":3}"
80744637,"{""Old"":65609,""New"":65619,""Reason"":3}"
80744637,"{""Old"":66477,""New"":66487,""Reason"":3}"
80744637,"{""Old"":66539,""New"":66549,""Reason"":3}"
80744637,"{""Old"":66753,""New"":66773,""Reason"":3}"
48205250,"{""Old"":1069,""New"":1071,""Reason"":3}"
80758401,"{""Old"":4109,""New"":4119,""Reason"":3}"
80758401,"{""Old"":3801,""New"":3803,""Reason"":3}"
80758401,"{""Old"":4201,""New"":4203,""Reason"":3}"
80758401,"{""Old"":4169,""New"":4171,""Reason"":3}"
80758401,"{""Old"":4030,""New"":4040,""Reason"":3}"
80744637,"{""Old"":66475,""New"":66477,""Reason"":3}"
85246118,"{""Old"":652,""New"":654,""Reason"":3}"
63583576,"{""Old"":206,""New"":208,""Reason"":3}"
2968081,"{""Old"":1416,""New"":1418,""Reason"":3}"
24064804,"{""Old"":636,""New"":638,""Reason"":3}"
2968081,"{""Old"":1283,""New"":1285,""Reason"":3}"
2968081,"{""Old"":1734,""New"":1736,""Reason"":3}"
218920888,"{""Old"":60,""New"":62,""Reason"":3}"
32281739,"{""Old"":348,""New"":350,""Reason"":3}"
83676575,"{""Old"":3080,""New"":3090,""Reason"":3}"
82785902,"{""Old"":45725,""New"":45727,""Reason"":3}"
67260187,"{""Old"":271,""New"":273,""Reason"":3}"
82785902,"{""Old"":45504,""New"":45506,""Reason"":3}"
55531402,"{""Old"":410187,""New"":410197,""Reason"":3}"
55531402,"{""Old"":410102,""New"":410112,""Reason"":3}"
67260187,"{""Old"":124,""New"":126,""Reason"":3}"
80744637,"{""Old"":65731,""New"":65741,""Reason"":3}"
80744637,"{""Old"":65871,""New"":65881,""Reason"":3}"
80744637,"{""Old"":66408,""New"":66410,""Reason"":3}"
80744637,"{""Old"":66887,""New"":66897,""Reason"":3}"
80744637,"{""Old"":65811,""New"":65821,""Reason"":3}"
80744637,"{""Old"":66815,""New"":66817,""Reason"":3}"
11380910,"{""Old"":502,""New"":504,""Reason"":3}"
80758401,"{""Old"":4203,""New"":4205,""Reason"":3}"
80758401,"{""Old"":3825,""New"":3827,""Reason"":3}"
80744637,"{""Old"":65349,""New"":65359,""Reason"":3}"
80744637,"{""Old"":65463,""New"":65473,""Reason"":3}"
8744861,"{""Old"":500,""New"":502,""Reason"":3}"
8744861,"{""Old"":430,""New"":434,""Reason"":3}"
48205250,"{""Old"":837,""New"":839,""Reason"":3}"
48205250,"{""Old"":848,""New"":850,""Reason"":3}"
48205250,"{""Old"":618,""New"":620,""Reason"":3}"
8744861,"{""Old"":302,""New"":312,""Reason"":3}"
48205250,"{""Old"":749,""New"":759,""Reason"":3}"
48205250,"{""Old"":779,""New"":781,""Reason"":3}"
48205250,"{""Old"":1341,""New"":1343,""Reason"":3}"
80758401,"{""Old"":4299,""New"":4309,""Reason"":3}"
80758401,"{""Old"":3827,""New"":3837,""Reason"":3}"
80758401,"{""Old"":4341,""New"":4351,""Reason"":3}"
63799212,"{""Old"":4298,""New"":4302,""Reason"":3}"
63799212,"{""Old"":5098,""New"":5100,""Reason"":3}"
63799212,"{""Old"":5364,""New"":5374,""Reason"":3}"
63799212,"{""Old"":4876,""New"":4878,""Reason"":3}"
63799212,"{""Old"":5094,""New"":5096,""Reason"":3}"
6667137,"{""Old"":92,""New"":94,""Reason"":3}"
51765158,"{""Old"":1114,""New"":1116,""Reason"":3}"
9254415,"{""Old"":3051,""New"":3061,""Reason"":3}"
19981811,"{""Old"":30754,""New"":30756,""Reason"":3}"
19981811,"{""Old"":31179,""New"":31189,""Reason"":3}"
32281739,"{""Old"":406,""New"":408,""Reason"":3}"
32281739,"{""Old"":567,""New"":569,""Reason"":3}"
43589700,"{""Old"":8,""New"":10,""Reason"":3}"
46419793,"{""Old"":158,""New"":168,""Reason"":3}"
51765158,"{""Old"":1090,""New"":1092,""Reason"":3}"
51765158,"{""Old"":1066,""New"":1068,""Reason"":3}"
83319984,"{""Old"":2114,""New"":2116,""Reason"":3}"
83319984,"{""Old"":2389,""New"":2399,""Reason"":3}"
83319984,"{""Old"":2519,""New"":2521,""Reason"":3}"
9658942,"{""Old"":14072,""New"":14074,""Reason"":3}"
9658942,"{""Old"":14286,""New"":14288,""Reason"":3}"
32116408,"{""Old"":166,""New"":170,""Reason"":3}"
83319984,"{""Old"":1859,""New"":1861,""Reason"":3}"
83319984,"{""Old"":1877,""New"":1887,""Reason"":3}"
83319984,"{""Old"":2104,""New"":2114,""Reason"":3}"
83319984,"{""Old"":2939,""New"":2949,""Reason"":3}"
83319984,"{""Old"":3223,""New"":3233,""Reason"":3}"
9658942,"{""Old"":14336,""New"":14346,""Reason"":3}"
17676293,"{""Old"":18681,""New"":18691,""Reason"":3}"
17676293,"{""Old"":19234,""New"":19236,""Reason"":3}"
17676293,"{""Old"":19356,""New"":19366,""Reason"":3}"
17676293,"{""Old"":19302,""New"":19312,""Reason"":3}"
17676293,"{""Old"":19769,""New"":19779,""Reason"":3}"
17676293,"{""Old"":21480,""New"":21482,""Reason"":3}"
17676293,"{""Old"":22148,""New"":22158,""Reason"":3}"
17676293,"{""Old"":23018,""New"":23028,""Reason"":3}"
17676293,"{""Old"":25063,""New"":25083,""Reason"":3}"
83319984,"{""Old"":1546,""New"":1548,""Reason"":3}"
9658942,"{""Old"":13954,""New"":13956,""Reason"":3}"
87587816,"{""Old"":455,""New"":457,""Reason"":3}"
49825474,"{""Old"":535,""New"":537,""Reason"":3}"
55531402,"{""Old"":171533,""New"":171535,""Reason"":3}"
55531402,"{""Old"":174292,""New"":174312,""Reason"":3}"
55531402,"{""Old"":178712,""New"":178732,""Reason"":3}"
43365752,"{""Old"":832,""New"":834,""Reason"":3}"
55921654,"{""Old"":1277,""New"":1279,""Reason"":3}"
49825474,"{""Old"":382,""New"":384,""Reason"":3}"
43365752,"{""Old"":812,""New"":814,""Reason"":3}"
53318306,"{""Old"":105,""New"":107,""Reason"":3}"
84278309,"{""Old"":71,""New"":73,""Reason"":3}"
55921654,"{""Old"":987,""New"":989,""Reason"":3}"
55921654,"{""Old"":1577,""New"":1579,""Reason"":3}"
43365752,"{""Old"":783,""New"":785,""Reason"":3}"
55921654,"{""Old"":1340,""New"":1342,""Reason"":3}"
55921654,"{""Old"":1206,""New"":1216,""Reason"":3}"
59231397,"{""Old"":1211,""New"":1213,""Reason"":3}"
59231397,"{""Old"":1412,""New"":1414,""Reason"":3}"
7378760,"{""Old"":36973,""New"":36983,""Reason"":3}"
7378760,"{""Old"":37245,""New"":37255,""Reason"":3}"
31017119,"{""Old"":165,""New"":167,""Reason"":3}"
7378760,"{""Old"":36411,""New"":36421,""Reason"":3}"
31553938,"{""Old"":188,""New"":190,""Reason"":3}"
31553938,"{""Old"":155,""New"":157,""Reason"":3}"
120956657,"{""Old"":2455,""New"":2465,""Reason"":3}"
20302898,"{""Old"":1817,""New"":1821,""Reason"":3}"
37621689,"{""Old"":550,""New"":552,""Reason"":3}"
37621689,"{""Old"":547,""New"":549,""Reason"":3}"
37621689,"{""Old"":583,""New"":585,""Reason"":3}"
25799691,"{""Old"":1340,""New"":1350,""Reason"":3}"
51765158,"{""Old"":1130,""New"":1132,""Reason"":3}"
51765158,"{""Old"":1168,""New"":1170,""Reason"":3}"
46419793,"{""Old"":98,""New"":100,""Reason"":3}"
46419793,"{""Old"":119,""New"":121,""Reason"":3}"
46419793,"{""Old"":357,""New"":359,""Reason"":3}"
63799212,"{""Old"":4595,""New"":4599,""Reason"":3}"
63799212,"{""Old"":5074,""New"":5076,""Reason"":3}"
63799212,"{""Old"":5104,""New"":5114,""Reason"":3}"
63799212,"{""Old"":4946,""New"":4948,""Reason"":3}"
39038951,"{""Old"":686,""New"":688,""Reason"":3}"
22023288,"{""Old"":182,""New"":184,""Reason"":3}"
22023288,"{""Old"":1659,""New"":1669,""Reason"":3}"
22023288,"{""Old"":3257,""New"":3267,""Reason"":3}"
22023288,"{""Old"":3657,""New"":3667,""Reason"":3}"
55531402,"{""Old"":412879,""New"":412889,""Reason"":3}"
55531402,"{""Old"":385381,""New"":385411,""Reason"":3}"
55531402,"{""Old"":385776,""New"":385786,""Reason"":3}"
55531402,"{""Old"":388849,""New"":388859,""Reason"":3}"
55531402,"{""Old"":390049,""New"":390059,""Reason"":3}"
55531402,"{""Old"":390489,""New"":390509,""Reason"":3}"
55531402,"{""Old"":391461,""New"":391481,""Reason"":3}"
55531402,"{""Old"":397025,""New"":397035,""Reason"":3}"
55531402,"{""Old"":397875,""New"":397885,""Reason"":3}"
55531402,"{""Old"":399010,""New"":399020,""Reason"":3}"
67260187,"{""Old"":359,""New"":361,""Reason"":3}"
4405710,"{""Old"":646,""New"":648,""Reason"":3}"
7378760,"{""Old"":36207,""New"":36217,""Reason"":3}"
7378760,"{""Old"":36773,""New"":36783,""Reason"":3}"
7378760,"{""Old"":35247,""New"":35249,""Reason"":3}"
7378760,"{""Old"":36953,""New"":36963,""Reason"":3}"
51765158,"{""Old"":1116,""New"":1118,""Reason"":3}"
46419793,"{""Old"":111,""New"":113,""Reason"":3}"
73588812,"{""Old"":1308,""New"":1318,""Reason"":3}"
41314505,"{""Old"":292,""New"":294,""Reason"":3}"
71538718,"{""Old"":51,""New"":53,""Reason"":3}"
36439403,"{""Old"":613,""New"":615,""Reason"":3}"
43060407,"{""Old"":17838,""New"":17840,""Reason"":3}"
82629288,"{""Old"":548,""New"":550,""Reason"":3}"
74426538,"{""Old"":990,""New"":992,""Reason"":3}"
36439403,"{""Old"":609,""New"":611,""Reason"":3}"
78174244,"{""Old"":1055,""New"":1057,""Reason"":3}"
78174244,"{""Old"":1254,""New"":1256,""Reason"":3}"
78174244,"{""Old"":1194,""New"":1196,""Reason"":3}"
78174244,"{""Old"":1226,""New"":1228,""Reason"":3}"
78174244,"{""Old"":1274,""New"":1276,""Reason"":3}"
73588812,"{""Old"":1296,""New"":1298,""Reason"":3}"
11534557,"{""Old"":297722,""New"":297732,""Reason"":3}"
49825474,"{""Old"":388,""New"":390,""Reason"":3}"
82844475,"{""Old"":154,""New"":156,""Reason"":3}"
87587816,"{""Old"":494,""New"":496,""Reason"":3}"
8654000,"{""Old"":4489,""New"":4499,""Reason"":3}"
120956657,"{""Old"":297,""New"":299,""Reason"":3}"
87587816,"{""Old"":452,""New"":454,""Reason"":3}"
4472194,"{""Old"":2087,""New"":2089,""Reason"":3}"
17398189,"{""Old"":400,""New"":402,""Reason"":3}"
17398189,"{""Old"":437,""New"":439,""Reason"":3}"
82844475,"{""Old"":300,""New"":302,""Reason"":3}"
82844475,"{""Old"":387,""New"":397,""Reason"":3}"
17398189,"{""Old"":434,""New"":436,""Reason"":3}"
12301610,"{""Old"":926,""New"":928,""Reason"":3}"
82844475,"{""Old"":371,""New"":373,""Reason"":3}"
82844475,"{""Old"":381,""New"":383,""Reason"":3}"
82844475,"{""Old"":385,""New"":387,""Reason"":3}"
63583576,"{""Old"":176,""New"":178,""Reason"":3}"
4829598,"{""Old"":1392,""New"":1394,""Reason"":3}"
63583576,"{""Old"":315,""New"":317,""Reason"":3}"
12301610,"{""Old"":2627,""New"":2631,""Reason"":3}"
18220669,"{""Old"":1892,""New"":1894,""Reason"":3}"
2982116,"{""Old"":124,""New"":134,""Reason"":3}"
11106826,"{""Old"":94,""New"":96,""Reason"":3}"
11106826,"{""Old"":102,""New"":104,""Reason"":3}"
218610415,"{""Old"":231,""New"":233,""Reason"":3}"
80742310,"{""Old"":132,""New"":134,""Reason"":3}"
8654000,"{""Old"":4170,""New"":4172,""Reason"":3}"
8654000,"{""Old"":5182,""New"":5192,""Reason"":3}"
63082603,"{""Old"":1216,""New"":1218,""Reason"":3}"
11106826,"{""Old"":76,""New"":78,""Reason"":3}"
4829598,"{""Old"":1491,""New"":1493,""Reason"":3}"
8654000,"{""Old"":5351,""New"":5361,""Reason"":3}"
8654000,"{""Old"":5553,""New"":5563,""Reason"":3}"
8654000,"{""Old"":5914,""New"":5924,""Reason"":3}"
8654000,"{""Old"":4594,""New"":4604,""Reason"":3}"
8654000,"{""Old"":5361,""New"":5371,""Reason"":3}"
8654000,"{""Old"":4886,""New"":4896,""Reason"":3}"
8654000,"{""Old"":5297,""New"":5307,""Reason"":3}"
8654000,"{""Old"":5944,""New"":5954,""Reason"":3}"
120956657,"{""Old"":2303,""New"":2313,""Reason"":3}"
8654000,"{""Old"":5054,""New"":5058,""Reason"":3}"
8654000,"{""Old"":5436,""New"":5446,""Reason"":3}"
8654000,"{""Old"":5964,""New"":5974,""Reason"":3}"
63583576,"{""Old"":288,""New"":290,""Reason"":3}"
7378760,"{""Old"":36159,""New"":36161,""Reason"":3}"
7378760,"{""Old"":36601,""New"":36611,""Reason"":3}"
7378760,"{""Old"":37205,""New"":37215,""Reason"":3}"
7378760,"{""Old"":37435,""New"":37445,""Reason"":3}"
7378760,"{""Old"":37425,""New"":37435,""Reason"":3}"
12301610,"{""Old"":940,""New"":942,""Reason"":3}"
19013130,"{""Old"":356,""New"":358,""Reason"":3}"
46419793,"{""Old"":326,""New"":328,""Reason"":3}"
51765158,"{""Old"":1214,""New"":1216,""Reason"":3}"
46419793,"{""Old"":77,""New"":79,""Reason"":3}"
46419793,"{""Old"":71,""New"":73,""Reason"":3}"
81192725,"{""Old"":301,""New"":303,""Reason"":3}"
46419793,"{""Old"":420,""New"":422,""Reason"":3}"
51765158,"{""Old"":1218,""New"":1220,""Reason"":3}"
51765158,"{""Old"":1248,""New"":1252,""Reason"":3}"
51765158,"{""Old"":1174,""New"":1176,""Reason"":3}"
51765158,"{""Old"":1230,""New"":1232,""Reason"":3}"
11521893,"{""Old"":504,""New"":506,""Reason"":3}"
80141190,"{""Old"":336,""New"":338,""Reason"":3}"
2982116,"{""Old"":146,""New"":148,""Reason"":3}"
49825474,"{""Old"":2361,""New"":2363,""Reason"":3}"
49825474,"{""Old"":2720,""New"":2722,""Reason"":3}"
83880780,"{""Old"":291,""New"":301,""Reason"":3}"
83880780,"{""Old"":390,""New"":392,""Reason"":3}"
4405710,"{""Old"":757,""New"":759,""Reason"":3}"
2982116,"{""Old"":103,""New"":105,""Reason"":3}"
2982116,"{""Old"":120,""New"":122,""Reason"":3}"
50416621,"{""Old"":208,""New"":210,""Reason"":3}"
83880780,"{""Old"":270,""New"":272,""Reason"":3}"
7378760,"{""Old"":34715,""New"":34725,""Reason"":3}"
7378760,"{""Old"":35155,""New"":35165,""Reason"":3}"
7378760,"{""Old"":35135,""New"":35155,""Reason"":3}"
7378760,"{""Old"":35393,""New"":35403,""Reason"":3}"
55531402,"{""Old"":171732,""New"":171752,""Reason"":3}"
55531402,"{""Old"":171880,""New"":171882,""Reason"":3}"
55531402,"{""Old"":173488,""New"":173508,""Reason"":3}"
55531402,"{""Old"":174112,""New"":174122,""Reason"":3}"
55531402,"{""Old"":174558,""New"":174568,""Reason"":3}"
55531402,"{""Old"":174509,""New"":174519,""Reason"":3}"
55531402,"{""Old"":177158,""New"":177168,""Reason"":3}"
55531402,"{""Old"":177900,""New"":177920,""Reason"":3}"
55531402,"{""Old"":182515,""New"":182535,""Reason"":3}"
55531402,"{""Old"":182505,""New"":182515,""Reason"":3}"
55531402,"{""Old"":173572,""New"":173592,""Reason"":3}"
55531402,"{""Old"":173548,""New"":173550,""Reason"":3}"
55531402,"{""Old"":174923,""New"":174933,""Reason"":3}"
55531402,"{""Old"":176583,""New"":176593,""Reason"":3}"
55531402,"{""Old"":179552,""New"":179562,""Reason"":3}"
82629288,"{""Old"":450,""New"":452,""Reason"":3}"
73588812,"{""Old"":1247,""New"":1249,""Reason"":3}"
36439403,"{""Old"":594,""New"":596,""Reason"":3}"
73588812,"{""Old"":1339,""New"":1341,""Reason"":3}"
73588812,"{""Old"":1367,""New"":1369,""Reason"":3}"
73588812,"{""Old"":1378,""New"":1380,""Reason"":3}"
79702191,"{""Old"":429,""New"":431,""Reason"":3}"
36439403,"{""Old"":607,""New"":609,""Reason"":3}"
82629288,"{""Old"":438,""New"":440,""Reason"":3}"
82629288,"{""Old"":446,""New"":448,""Reason"":3}"
38743885,"{""Old"":387,""New"":389,""Reason"":3}"
218920888,"{""Old"":83,""New"":85,""Reason"":3}"
8654000,"{""Old"":3935,""New"":3937,""Reason"":3}"
8654000,"{""Old"":5456,""New"":5466,""Reason"":3}"
8654000,"{""Old"":5750,""New"":5760,""Reason"":3}"
8654000,"{""Old"":5718,""New"":5720,""Reason"":3}"
8654000,"{""Old"":5740,""New"":5750,""Reason"":3}"
49825474,"{""Old"":379,""New"":381,""Reason"":3}"
18436020,"{""Old"":228,""New"":230,""Reason"":3}"
11534557,"{""Old"":304372,""New"":304382,""Reason"":3}"
55531402,"{""Old"":170574,""New"":170576,""Reason"":3}"
55531402,"{""Old"":172587,""New"":172607,""Reason"":3}"
55531402,"{""Old"":173286,""New"":173296,""Reason"":3}"
55531402,"{""Old"":174668,""New"":174678,""Reason"":3}"
55531402,"{""Old"":177890,""New"":177900,""Reason"":3}"
55531402,"{""Old"":179794,""New"":179804,""Reason"":3}"
55531402,"{""Old"":172767,""New"":172777,""Reason"":3}"
55531402,"{""Old"":174593,""New"":174603,""Reason"":3}"
55531402,"{""Old"":174698,""New"":174708,""Reason"":3}"
55531402,"{""Old"":177368,""New"":177388,""Reason"":3}"
55531402,"{""Old"":180229,""New"":180239,""Reason"":3}"
55531402,"{""Old"":181739,""New"":181749,""Reason"":3}"
55531402,"{""Old"":171044,""New"":171046,""Reason"":3}"
55531402,"{""Old"":172607,""New"":172627,""Reason"":3}"
55531402,"{""Old"":173468,""New"":173478,""Reason"":3}"
55531402,"{""Old"":177413,""New"":177423,""Reason"":3}"
55531402,"{""Old"":177263,""New"":177273,""Reason"":3}"
55531402,"{""Old"":179739,""New"":179759,""Reason"":3}"
55531402,"{""Old"":180529,""New"":180539,""Reason"":3}"
55531402,"{""Old"":171283,""New"":171285,""Reason"":3}"
55531402,"{""Old"":176603,""New"":176613,""Reason"":3}"
55531402,"{""Old"":177850,""New"":177860,""Reason"":3}"
55531402,"{""Old"":173877,""New"":173887,""Reason"":3}"
55531402,"{""Old"":181454,""New"":181484,""Reason"":3}"
18436020,"{""Old"":226,""New"":228,""Reason"":3}"
55921654,"{""Old"":1384,""New"":1386,""Reason"":3}"
55921654,"{""Old"":1377,""New"":1379,""Reason"":3}"
55921654,"{""Old"":1401,""New"":1403,""Reason"":3}"
55531402,"{""Old"":177650,""New"":177660,""Reason"":3}"
55531402,"{""Old"":180384,""New"":180394,""Reason"":3}"
55531402,"{""Old"":182620,""New"":182640,""Reason"":3}"
11534557,"{""Old"":303704,""New"":303706,""Reason"":3}"
11534557,"{""Old"":304434,""New"":304444,""Reason"":3}"
19535546,"{""Old"":1444,""New"":1450,""Reason"":3}"
19535546,"{""Old"":1579,""New"":1583,""Reason"":3}"
19535546,"{""Old"":1609,""New"":1611,""Reason"":3}"
63799212,"{""Old"":4983,""New"":4985,""Reason"":3}"
46419793,"{""Old"":344,""New"":346,""Reason"":3}"
55531402,"{""Old"":174519,""New"":174529,""Reason"":3}"
55531402,"{""Old"":175659,""New"":175661,""Reason"":3}"
55531402,"{""Old"":177338,""New"":177348,""Reason"":3}"
55531402,"{""Old"":179292,""New"":179312,""Reason"":3}"
55531402,"{""Old"":179587,""New"":179597,""Reason"":3}"
55531402,"{""Old"":181419,""New"":181429,""Reason"":3}"
46235249,"{""Old"":1621,""New"":1623,""Reason"":3}"
46235249,"{""Old"":1645,""New"":1655,""Reason"":3}"
12346315,"{""Old"":4199,""New"":4201,""Reason"":3}"
11534557,"{""Old"":303698,""New"":303700,""Reason"":3}"
58140678,"{""Old"":1266,""New"":1270,""Reason"":3}"
59231397,"{""Old"":1094,""New"":1096,""Reason"":3}"
49825474,"{""Old"":390,""New"":392,""Reason"":3}"
12346315,"{""Old"":4137,""New"":4139,""Reason"":3}"
55921654,"{""Old"":1616,""New"":1618,""Reason"":3}"
55921654,"{""Old"":1138,""New"":1140,""Reason"":3}"
84278309,"{""Old"":73,""New"":75,""Reason"":3}"
37966732,"{""Old"":158,""New"":160,""Reason"":3}"
9877941,"{""Old"":129,""New"":131,""Reason"":3}"
55921654,"{""Old"":1040,""New"":1042,""Reason"":3}"
55921654,"{""Old"":1027,""New"":1029,""Reason"":3}"
59231397,"{""Old"":910,""New"":912,""Reason"":3}"
55531402,"{""Old"":176201,""New"":176211,""Reason"":3}"
55531402,"{""Old"":176116,""New"":176126,""Reason"":3}"
55531402,"{""Old"":176863,""New"":176883,""Reason"":3}"
55531402,"{""Old"":177985,""New"":177995,""Reason"":3}"
55531402,"{""Old"":180029,""New"":180039,""Reason"":3}"
55531402,"{""Old"":181514,""New"":181544,""Reason"":3}"
55531402,"{""Old"":182148,""New"":182158,""Reason"":3}"
55531402,"{""Old"":176211,""New"":176221,""Reason"":3}"
55531402,"{""Old"":177223,""New"":177233,""Reason"":3}"
55531402,"{""Old"":179037,""New"":179067,""Reason"":3}"
55531402,"{""Old"":180614,""New"":180624,""Reason"":3}"
55531402,"{""Old"":173097,""New"":173107,""Reason"":3}"
55531402,"{""Old"":173237,""New"":173239,""Reason"":3}"
55531402,"{""Old"":174733,""New"":174763,""Reason"":3}"
55531402,"{""Old"":176723,""New"":176753,""Reason"":3}"
55531402,"{""Old"":176713,""New"":176723,""Reason"":3}"
55531402,"{""Old"":177273,""New"":177293,""Reason"":3}"
55531402,"{""Old"":178210,""New"":178220,""Reason"":3}"
55531402,"{""Old"":179112,""New"":179122,""Reason"":3}"
55531402,"{""Old"":182168,""New"":182198,""Reason"":3}"
55531402,"{""Old"":175230,""New"":175240,""Reason"":3}"
55531402,"{""Old"":176471,""New"":176481,""Reason"":3}"
55531402,"{""Old"":177695,""New"":177725,""Reason"":3}"
55531402,"{""Old"":178742,""New"":178752,""Reason"":3}"
55531402,"{""Old"":179507,""New"":179517,""Reason"":3}"
55531402,"{""Old"":179924,""New"":179944,""Reason"":3}"
55531402,"{""Old"":181609,""New"":181619,""Reason"":3}"
55531402,"{""Old"":171121,""New"":171123,""Reason"":3}"
55531402,"{""Old"":171150,""New"":171152,""Reason"":3}"
55531402,"{""Old"":173227,""New"":173237,""Reason"":3}"
55531402,"{""Old"":173702,""New"":173712,""Reason"":3}"
55531402,"{""Old"":174903,""New"":174923,""Reason"":3}"
55531402,"{""Old"":177033,""New"":177043,""Reason"":3}"
55531402,"{""Old"":180109,""New"":180119,""Reason"":3}"
55921654,"{""Old"":946,""New"":950,""Reason"":3}"
55921654,"{""Old"":907,""New"":909,""Reason"":3}"
55921654,"{""Old"":1099,""New"":1101,""Reason"":3}"
12346315,"{""Old"":4163,""New"":4165,""Reason"":3}"
55531402,"{""Old"":173296,""New"":173316,""Reason"":3}"
55531402,"{""Old"":174678,""New"":174688,""Reason"":3}"
55531402,"{""Old"":174953,""New"":174955,""Reason"":3}"
55531402,"{""Old"":176126,""New"":176136,""Reason"":3}"
55531402,"{""Old"":179312,""New"":179322,""Reason"":3}"
55531402,"{""Old"":179804,""New"":179824,""Reason"":3}"
55531402,"{""Old"":181574,""New"":181584,""Reason"":3}"
55531402,"{""Old"":182570,""New"":182590,""Reason"":3}"
55531402,"{""Old"":178265,""New"":178275,""Reason"":3}"
11534557,"{""Old"":298076,""New"":298086,""Reason"":3}"
11534557,"{""Old"":298766,""New"":298796,""Reason"":3}"
78174244,"{""Old"":1301,""New"":1303,""Reason"":3}"
78174244,"{""Old"":1321,""New"":1323,""Reason"":3}"
78174244,"{""Old"":1020,""New"":1030,""Reason"":3}"
4867326,"{""Old"":213,""New"":215,""Reason"":3}"
4867326,"{""Old"":275,""New"":277,""Reason"":3}"
79702191,"{""Old"":445,""New"":447,""Reason"":3}"
79702191,"{""Old"":497,""New"":499,""Reason"":3}"
74572602,"{""Old"":3129,""New"":3131,""Reason"":3}"
55921654,"{""Old"":1194,""New"":1196,""Reason"":3}"
59231397,"{""Old"":1244,""New"":1246,""Reason"":3}"
55921654,"{""Old"":1404,""New"":1406,""Reason"":3}"
55921654,"{""Old"":1224,""New"":1226,""Reason"":3}"
55921654,"{""Old"":1408,""New"":1410,""Reason"":3}"
55921654,"{""Old"":1059,""New"":1061,""Reason"":3}"
55921654,"{""Old"":1120,""New"":1122,""Reason"":3}"
55921654,"{""Old"":939,""New"":941,""Reason"":3}"
80742310,"{""Old"":113,""New"":115,""Reason"":3}"
80742310,"{""Old"":151,""New"":153,""Reason"":3}"
8654000,"{""Old"":5060,""New"":5070,""Reason"":3}"
8654000,"{""Old"":5511,""New"":5521,""Reason"":3}"
120956657,"{""Old"":2439,""New"":2449,""Reason"":3}"
8654000,"{""Old"":4309,""New"":4319,""Reason"":3}"
8654000,"{""Old"":4435,""New"":4445,""Reason"":3}"
8654000,"{""Old"":4604,""New"":4606,""Reason"":3}"
12301610,"{""Old"":2487,""New"":2489,""Reason"":3}"
2982116,"{""Old"":118,""New"":120,""Reason"":3}"
50416621,"{""Old"":127,""New"":129,""Reason"":3}"
12301610,"{""Old"":845,""New"":847,""Reason"":3}"
12301610,"{""Old"":936,""New"":938,""Reason"":3}"
12301610,"{""Old"":960,""New"":962,""Reason"":3}"
59231397,"{""Old"":904,""New"":906,""Reason"":3}"
59231397,"{""Old"":1201,""New"":1211,""Reason"":3}"
120308116,"{""Old"":438,""New"":440,""Reason"":3}"
55921654,"{""Old"":1460,""New"":1462,""Reason"":3}"
59231397,"{""Old"":1614,""New"":1624,""Reason"":3}"
59231397,"{""Old"":2060,""New"":2080,""Reason"":3}"
59231397,"{""Old"":2958,""New"":2968,""Reason"":3}"
59231397,"{""Old"":4360,""New"":4370,""Reason"":3}"
59231397,"{""Old"":2746,""New"":2756,""Reason"":3}"
59231397,"{""Old"":4370,""New"":4380,""Reason"":3}"
55921654,"{""Old"":926,""New"":928,""Reason"":3}"
123245731,"{""Old"":9741,""New"":9761,""Reason"":3}"
59231397,"{""Old"":3483,""New"":3493,""Reason"":3}"
59231397,"{""Old"":1624,""New"":1626,""Reason"":3}"
59231397,"{""Old"":2516,""New"":2518,""Reason"":3}"
59231397,"{""Old"":1326,""New"":1328,""Reason"":3}"
59231397,"{""Old"":1334,""New"":1344,""Reason"":3}"
55921654,"{""Old"":1076,""New"":1086,""Reason"":3}"
211423534,"{""Old"":22794,""New"":22796,""Reason"":3}"
38743885,"{""Old"":389,""New"":391,""Reason"":3}"
78174244,"{""Old"":1092,""New"":1102,""Reason"":3}"
78174244,"{""Old"":1219,""New"":1221,""Reason"":3}"
4867326,"{""Old"":292,""New"":296,""Reason"":3}"
41314505,"{""Old"":253,""New"":259,""Reason"":3}"
78174244,"{""Old"":1192,""New"":1194,""Reason"":3}"
78174244,"{""Old"":1217,""New"":1219,""Reason"":3}"
55921654,"{""Old"":1417,""New"":1419,""Reason"":3}"
12301610,"{""Old"":914,""New"":916,""Reason"":3}"
12301610,"{""Old"":930,""New"":932,""Reason"":3}"
12301610,"{""Old"":946,""New"":956,""Reason"":3}"
59231397,"{""Old"":900,""New"":902,""Reason"":3}"
59231397,"{""Old"":1260,""New"":1262,""Reason"":3}"
59231397,"{""Old"":1398,""New"":1400,""Reason"":3}"
59231397,"{""Old"":2080,""New"":2090,""Reason"":3}"
59231397,"{""Old"":2726,""New"":2746,""Reason"":3}"
59231397,"{""Old"":3942,""New"":3944,""Reason"":3}"
59231397,"{""Old"":2119,""New"":2129,""Reason"":3}"
59231397,"{""Old"":2320,""New"":2330,""Reason"":3}"
59231397,"{""Old"":3966,""New"":3968,""Reason"":3}"
12301610,"{""Old"":918,""New"":920,""Reason"":3}"
43365752,"{""Old"":855,""New"":857,""Reason"":3}"
26388823,"{""Old"":372,""New"":374,""Reason"":3}"
80692993,"{""Old"":1134,""New"":1136,""Reason"":3}"
79702191,"{""Old"":335,""New"":337,""Reason"":3}"
79702191,"{""Old"":380,""New"":382,""Reason"":3}"
82629288,"{""Old"":508,""New"":510,""Reason"":3}"
51765158,"{""Old"":1162,""New"":1164,""Reason"":3}"
51765158,"{""Old"":1224,""New"":1226,""Reason"":3}"
46419793,"{""Old"":305,""New"":307,""Reason"":3}"
80742310,"{""Old"":671,""New"":673,""Reason"":3}"
56305413,"{""Old"":2240,""New"":2242,""Reason"":3}"
56305413,"{""Old"":2622,""New"":2624,""Reason"":3}"
56305413,"{""Old"":2606,""New"":2616,""Reason"":3}"
56305413,"{""Old"":2924,""New"":2926,""Reason"":3}"
81192725,"{""Old"":208,""New"":210,""Reason"":3}"
46419793,"{""Old"":434,""New"":436,""Reason"":3}"
51765158,"{""Old"":1220,""New"":1222,""Reason"":3}"
63799212,"{""Old"":4644,""New"":4654,""Reason"":3}"
63799212,"{""Old"":5554,""New"":5556,""Reason"":3}"
80141190,"{""Old"":499,""New"":501,""Reason"":3}"
80141190,"{""Old"":436,""New"":438,""Reason"":3}"
37399438,"{""Old"":746,""New"":748,""Reason"":3}"
80141190,"{""Old"":368,""New"":370,""Reason"":3}"
37399438,"{""Old"":762,""New"":764,""Reason"":3}"
80141190,"{""Old"":505,""New"":507,""Reason"":3}"
80141190,"{""Old"":298,""New"":300,""Reason"":3}"
80141190,"{""Old"":375,""New"":377,""Reason"":3}"
82785902,"{""Old"":46016,""New"":46026,""Reason"":3}"
38319980,"{""Old"":6193,""New"":6203,""Reason"":3}"
2982116,"{""Old"":111,""New"":113,""Reason"":3}"
83880780,"{""Old"":312,""New"":314,""Reason"":3}"
83880780,"{""Old"":328,""New"":330,""Reason"":3}"
67260187,"{""Old"":275,""New"":277,""Reason"":3}"
55531402,"{""Old"":389747,""New"":389767,""Reason"":3}"
55531402,"{""Old"":390299,""New"":390319,""Reason"":3}"
55531402,"{""Old"":391656,""New"":391666,""Reason"":3}"
55531402,"{""Old"":398244,""New"":398254,""Reason"":3}"
55531402,"{""Old"":399630,""New"":399640,""Reason"":3}"
55531402,"{""Old"":407230,""New"":407240,""Reason"":3}"
55531402,"{""Old"":406953,""New"":406973,""Reason"":3}"
55531402,"{""Old"":409527,""New"":409537,""Reason"":3}"
55531402,"{""Old"":387445,""New"":387475,""Reason"":3}"
55531402,"{""Old"":387932,""New"":387942,""Reason"":3}"
55531402,"{""Old"":389131,""New"":389151,""Reason"":3}"
49825474,"{""Old"":2622,""New"":2624,""Reason"":3}"
44961939,"{""Old"":513,""New"":515,""Reason"":3}"
52990199,"{""Old"":876,""New"":880,""Reason"":3}"
31776438,"{""Old"":246,""New"":256,""Reason"":3}"
26388823,"{""Old"":368,""New"":370,""Reason"":3}"
9877941,"{""Old"":132,""New"":134,""Reason"":3}"
59231397,"{""Old"":987,""New"":989,""Reason"":3}"
12301610,"{""Old"":836,""New"":840,""Reason"":3}"
12301610,"{""Old"":908,""New"":912,""Reason"":3}"
55921654,"{""Old"":1047,""New"":1049,""Reason"":3}"
53727285,"{""Old"":476,""New"":478,""Reason"":3}"
19535546,"{""Old"":1104,""New"":1106,""Reason"":3}"
63799212,"{""Old"":5842,""New"":5852,""Reason"":3}"
63799212,"{""Old"":8877,""New"":8887,""Reason"":3}"
63799212,"{""Old"":10284,""New"":10286,""Reason"":3}"
63799212,"{""Old"":10503,""New"":10513,""Reason"":3}"
63799212,"{""Old"":11732,""New"":11742,""Reason"":3}"
63799212,"{""Old"":11872,""New"":11882,""Reason"":3}"
63799212,"{""Old"":12741,""New"":12751,""Reason"":3}"
63799212,"{""Old"":13433,""New"":13443,""Reason"":3}"
63799212,"{""Old"":13473,""New"":13475,""Reason"":3}"
19535546,"{""Old"":1155,""New"":1165,""Reason"":3}"
19535546,"{""Old"":1499,""New"":1501,""Reason"":3}"
19535546,"{""Old"":1106,""New"":1108,""Reason"":3}"
19535546,"{""Old"":1140,""New"":1142,""Reason"":3}"
55531402,"{""Old"":803735,""New"":803745,""Reason"":3}"
40671256,"{""Old"":1618,""New"":1620,""Reason"":3}"
40671256,"{""Old"":1330,""New"":1332,""Reason"":3}"
55531402,"{""Old"":806677,""New"":806687,""Reason"":3}"
13186631,"{""Old"":1471,""New"":1473,""Reason"":3}"
12301610,"{""Old"":956,""New"":958,""Reason"":3}"
13603777,"{""Old"":533,""New"":535,""Reason"":3}"
59231397,"{""Old"":1007,""New"":1009,""Reason"":3}"
59231397,"{""Old"":1199,""New"":1201,""Reason"":3}"
59231397,"{""Old"":908,""New"":910,""Reason"":3}"
59231397,"{""Old"":1442,""New"":1444,""Reason"":3}"
59231397,"{""Old"":993,""New"":995,""Reason"":3}"
59231397,"{""Old"":2588,""New"":2598,""Reason"":3}"
59231397,"{""Old"":3882,""New"":3892,""Reason"":3}"
59231397,"{""Old"":1867,""New"":1869,""Reason"":3}"
59231397,"{""Old"":3792,""New"":3802,""Reason"":3}"
59231397,"{""Old"":2612,""New"":2622,""Reason"":3}"
59231397,"{""Old"":3495,""New"":3505,""Reason"":3}"
59231397,"{""Old"":3970,""New"":3980,""Reason"":3}"
59231397,"{""Old"":2236,""New"":2246,""Reason"":3}"
8159597,"{""Old"":2382,""New"":2392,""Reason"":3}"
8159597,"{""Old"":2528,""New"":2538,""Reason"":3}"
8159597,"{""Old"":4936,""New"":4946,""Reason"":3}"
8159597,"{""Old"":5096,""New"":5106,""Reason"":3}"
8159597,"{""Old"":5148,""New"":5158,""Reason"":3}"
8159597,"{""Old"":591,""New"":593,""Reason"":3}"
8159597,"{""Old"":899,""New"":901,""Reason"":3}"
8159597,"{""Old"":1987,""New"":1997,""Reason"":3}"
55531402,"{""Old"":802778,""New"":802788,""Reason"":3}"
55531402,"{""Old"":806452,""New"":806462,""Reason"":3}"
55531402,"{""Old"":802913,""New"":802923,""Reason"":3}"
55531402,"{""Old"":803460,""New"":803500,""Reason"":3}"
55531402,"{""Old"":804475,""New"":804495,""Reason"":3}"
55531402,"{""Old"":806057,""New"":806077,""Reason"":3}"
55531402,"{""Old"":804770,""New"":804800,""Reason"":3}"
55531402,"{""Old"":805777,""New"":805797,""Reason"":3}"
55531402,"{""Old"":802411,""New"":802421,""Reason"":3}"
55531402,"{""Old"":803855,""New"":803865,""Reason"":3}"
51765158,"{""Old"":1238,""New"":1240,""Reason"":3}"
8763321,"{""Old"":1476,""New"":1486,""Reason"":3}"
23053094,"{""Old"":1116,""New"":1118,""Reason"":3}"
46419793,"{""Old"":153,""New"":155,""Reason"":3}"
46419793,"{""Old"":366,""New"":368,""Reason"":3}"
81192725,"{""Old"":313,""New"":315,""Reason"":3}"
81192725,"{""Old"":311,""New"":313,""Reason"":3}"
37399438,"{""Old"":782,""New"":784,""Reason"":3}"
80141190,"{""Old"":507,""New"":517,""Reason"":3}"
25799691,"{""Old"":1254,""New"":1256,""Reason"":3}"
52990199,"{""Old"":1074,""New"":1076,""Reason"":3}"
52990199,"{""Old"":1311,""New"":1321,""Reason"":3}"
8654000,"{""Old"":3968,""New"":3970,""Reason"":3}"
8654000,"{""Old"":4148,""New"":4150,""Reason"":3}"
8654000,"{""Old"":4319,""New"":4323,""Reason"":3}"
8654000,"{""Old"":4429,""New"":4435,""Reason"":3}"
8654000,"{""Old"":4479,""New"":4481,""Reason"":3}"
8654000,"{""Old"":4562,""New"":4564,""Reason"":3}"
8654000,"{""Old"":4574,""New"":4584,""Reason"":3}"
8654000,"{""Old"":5052,""New"":5054,""Reason"":3}"
30429272,"{""Old"":2562,""New"":2564,""Reason"":3}"
8159597,"{""Old"":1773,""New"":1775,""Reason"":3}"
30429272,"{""Old"":2548,""New"":2550,""Reason"":3}"
8159597,"{""Old"":2392,""New"":2402,""Reason"":3}"
8159597,"{""Old"":3128,""New"":3138,""Reason"":3}"
8159597,"{""Old"":4119,""New"":4129,""Reason"":3}"
8151531,"{""Old"":10660,""New"":10664,""Reason"":3}"
8159597,"{""Old"":92,""New"":94,""Reason"":3}"
8654000,"{""Old"":3966,""New"":3968,""Reason"":3}"
8654000,"{""Old"":4445,""New"":4447,""Reason"":3}"
42723630,"{""Old"":46238,""New"":46242,""Reason"":3}"
49825474,"{""Old"":2607,""New"":2609,""Reason"":3}"
72885434,"{""Old"":99,""New"":101,""Reason"":3}"
83676575,"{""Old"":3090,""New"":3100,""Reason"":3}"
38319980,"{""Old"":6153,""New"":6163,""Reason"":3}"
38319980,"{""Old"":6224,""New"":6244,""Reason"":3}"
83880780,"{""Old"":381,""New"":383,""Reason"":3}"
52990199,"{""Old"":1150,""New"":1152,""Reason"":3}"
37399438,"{""Old"":861,""New"":863,""Reason"":3}"
67260187,"{""Old"":81,""New"":83,""Reason"":3}"
55531402,"{""Old"":803275,""New"":803285,""Reason"":3}"
55531402,"{""Old"":803510,""New"":803530,""Reason"":3}"
55531402,"{""Old"":805510,""New"":805512,""Reason"":3}"
40671256,"{""Old"":1608,""New"":1610,""Reason"":3}"
75730356,"{""Old"":161,""New"":163,""Reason"":3}"
45310161,"{""Old"":79,""New"":81,""Reason"":3}"
55531402,"{""Old"":801951,""New"":801961,""Reason"":3}"
55531402,"{""Old"":804800,""New"":804820,""Reason"":3}"
55531402,"{""Old"":804565,""New"":804585,""Reason"":3}"
55531402,"{""Old"":804840,""New"":804880,""Reason"":3}"
55531402,"{""Old"":805577,""New"":805597,""Reason"":3}"
55531402,"{""Old"":805737,""New"":805777,""Reason"":3}"
55531402,"{""Old"":806267,""New"":806287,""Reason"":3}"
55531402,"{""Old"":803985,""New"":803995,""Reason"":3}"
55531402,"{""Old"":805110,""New"":805120,""Reason"":3}"
55531402,"{""Old"":805937,""New"":805947,""Reason"":3}"
55531402,"{""Old"":806197,""New"":806207,""Reason"":3}"
55531402,"{""Old"":806612,""New"":806622,""Reason"":3}"
55531402,"{""Old"":794288,""New"":794298,""Reason"":3}"
55531402,"{""Old"":795596,""New"":795598,""Reason"":3}"
55531402,"{""Old"":795972,""New"":795982,""Reason"":3}"
55531402,"{""Old"":797233,""New"":797263,""Reason"":3}"
55531402,"{""Old"":799017,""New"":799037,""Reason"":3}"
55531402,"{""Old"":798987,""New"":799017,""Reason"":3}"
55531402,"{""Old"":800346,""New"":800348,""Reason"":3}"
55531402,"{""Old"":801771,""New"":801781,""Reason"":3}"
55531402,"{""Old"":794149,""New"":794151,""Reason"":3}"
55531402,"{""Old"":799851,""New"":799871,""Reason"":3}"
63799212,"{""Old"":7057,""New"":7059,""Reason"":3}"
63799212,"{""Old"":8855,""New"":8865,""Reason"":3}"
63799212,"{""Old"":9233,""New"":9235,""Reason"":3}"
63799212,"{""Old"":10641,""New"":10651,""Reason"":3}"
63799212,"{""Old"":13990,""New"":14000,""Reason"":3}"
63799212,"{""Old"":13363,""New"":13373,""Reason"":3}"
63799212,"{""Old"":13833,""New"":13843,""Reason"":3}"
63799212,"{""Old"":6767,""New"":6787,""Reason"":3}"
63799212,"{""Old"":7189,""New"":7199,""Reason"":3}"
63799212,"{""Old"":8526,""New"":8536,""Reason"":3}"
63799212,"{""Old"":9539,""New"":9549,""Reason"":3}"
63799212,"{""Old"":10274,""New"":10284,""Reason"":3}"
63799212,"{""Old"":10672,""New"":10682,""Reason"":3}"
63799212,"{""Old"":11007,""New"":11017,""Reason"":3}"
63799212,"{""Old"":11127,""New"":11137,""Reason"":3}"
63799212,"{""Old"":13843,""New"":13853,""Reason"":3}"
63799212,"{""Old"":6670,""New"":6680,""Reason"":3}"
63799212,"{""Old"":8491,""New"":8501,""Reason"":3}"
63799212,"{""Old"":9864,""New"":9874,""Reason"":3}"
63799212,"{""Old"":10089,""New"":10099,""Reason"":3}"
63799212,"{""Old"":11037,""New"":11057,""Reason"":3}"
63799212,"{""Old"":12861,""New"":12891,""Reason"":3}"
63799212,"{""Old"":13567,""New"":13577,""Reason"":3}"
63799212,"{""Old"":5468,""New"":5478,""Reason"":3}"
63799212,"{""Old"":5884,""New"":5894,""Reason"":3}"
63799212,"{""Old"":5904,""New"":5914,""Reason"":3}"
63799212,"{""Old"":8387,""New"":8397,""Reason"":3}"
63799212,"{""Old"":8322,""New"":8332,""Reason"":3}"
63799212,"{""Old"":10579,""New"":10589,""Reason"":3}"
63799212,"{""Old"":10725,""New"":10735,""Reason"":3}"
63799212,"{""Old"":11097,""New"":11107,""Reason"":3}"
63799212,"{""Old"":12022,""New"":12032,""Reason"":3}"
63799212,"{""Old"":13505,""New"":13515,""Reason"":3}"
63799212,"{""Old"":13793,""New"":13803,""Reason"":3}"
63799212,"{""Old"":13900,""New"":13910,""Reason"":3}"
63799212,"{""Old"":13920,""New"":13930,""Reason"":3}"
63799212,"{""Old"":14020,""New"":14030,""Reason"":3}"
63799212,"{""Old"":10219,""New"":10229,""Reason"":3}"
63799212,"{""Old"":7599,""New"":7609,""Reason"":3}"
63799212,"{""Old"":9131,""New"":9151,""Reason"":3}"
63799212,"{""Old"":9509,""New"":9519,""Reason"":3}"
63799212,"{""Old"":10069,""New"":10079,""Reason"":3}"
63799212,"{""Old"":13251,""New"":13261,""Reason"":3}"
62439790,"{""Old"":1345,""New"":1347,""Reason"":3}"
4867326,"{""Old"":300,""New"":302,""Reason"":3}"
78174244,"{""Old"":1118,""New"":1120,""Reason"":3}"
78174244,"{""Old"":1246,""New"":1248,""Reason"":3}"
19535546,"{""Old"":1442,""New"":1444,""Reason"":3}"
19535546,"{""Old"":1404,""New"":1406,""Reason"":3}"
63799212,"{""Old"":8651,""New"":8653,""Reason"":3}"
63799212,"{""Old"":5812,""New"":5822,""Reason"":3}"
63799212,"{""Old"":5914,""New"":5924,""Reason"":3}"
52385318,"{""Old"":864,""New"":866,""Reason"":3}"
66718790,"{""Old"":5949,""New"":5959,""Reason"":3}"
56305413,"{""Old"":2626,""New"":2636,""Reason"":3}"
56305413,"{""Old"":3278,""New"":3288,""Reason"":3}"
46419793,"{""Old"":410,""New"":412,""Reason"":3}"
63799212,"{""Old"":8202,""New"":8212,""Reason"":3}"
63799212,"{""Old"":11117,""New"":11127,""Reason"":3}"
63799212,"{""Old"":13773,""New"":13783,""Reason"":3}"
52385318,"{""Old"":768,""New"":778,""Reason"":3}"
63799212,"{""Old"":5464,""New"":5466,""Reason"":3}"
63799212,"{""Old"":6088,""New"":6098,""Reason"":3}"
63799212,"{""Old"":7651,""New"":7661,""Reason"":3}"
63799212,"{""Old"":8753,""New"":8763,""Reason"":3}"
63799212,"{""Old"":9191,""New"":9201,""Reason"":3}"
63799212,"{""Old"":12711,""New"":12731,""Reason"":3}"
63799212,"{""Old"":13151,""New"":13161,""Reason"":3}"
63799212,"{""Old"":13241,""New"":13251,""Reason"":3}"
63799212,"{""Old"":11077,""New"":11087,""Reason"":3}"
63799212,"{""Old"":13081,""New"":13091,""Reason"":3}"
63799212,"{""Old"":6897,""New"":6907,""Reason"":3}"
63799212,"{""Old"":7084,""New"":7094,""Reason"":3}"
63799212,"{""Old"":7231,""New"":7241,""Reason"":3}"
63799212,"{""Old"":8775,""New"":8785,""Reason"":3}"
63799212,"{""Old"":8449,""New"":8469,""Reason"":3}"
63799212,"{""Old"":5936,""New"":5946,""Reason"":3}"
63799212,"{""Old"":5506,""New"":5526,""Reason"":3}"
63799212,"{""Old"":5802,""New"":5812,""Reason"":3}"
63799212,"{""Old"":6018,""New"":6028,""Reason"":3}"
63799212,"{""Old"":5444,""New"":5446,""Reason"":3}"
63799212,"{""Old"":5408,""New"":5418,""Reason"":3}"
44361334,"{""Old"":147,""New"":149,""Reason"":3}"
52990199,"{""Old"":864,""New"":866,""Reason"":3}"
52990199,"{""Old"":1101,""New"":1103,""Reason"":3}"
52990199,"{""Old"":1297,""New"":1299,""Reason"":3}"
52990199,"{""Old"":860,""New"":864,""Reason"":3}"
37621689,"{""Old"":545,""New"":547,""Reason"":3}"
52990199,"{""Old"":1146,""New"":1148,""Reason"":3}"
52990199,"{""Old"":1218,""New"":1220,""Reason"":3}"
37621689,"{""Old"":574,""New"":576,""Reason"":3}"
18220669,"{""Old"":1884,""New"":1886,""Reason"":3}"
62439790,"{""Old"":1382,""New"":1384,""Reason"":3}"
62439790,"{""Old"":1495,""New"":1497,""Reason"":3}"
79702191,"{""Old"":396,""New"":398,""Reason"":3}"
45310161,"{""Old"":90,""New"":94,""Reason"":3}"
45310161,"{""Old"":119,""New"":121,""Reason"":3}"
55531402,"{""Old"":794967,""New"":794977,""Reason"":3}"
55531402,"{""Old"":801871,""New"":801891,""Reason"":3}"
55531402,"{""Old"":804465,""New"":804475,""Reason"":3}"
55531402,"{""Old"":803650,""New"":803660,""Reason"":3}"
55531402,"{""Old"":803900,""New"":803910,""Reason"":3}"
55531402,"{""Old"":804530,""New"":804540,""Reason"":3}"
55531402,"{""Old"":805455,""New"":805465,""Reason"":3}"
40671256,"{""Old"":1368,""New"":1370,""Reason"":3}"
40671256,"{""Old"":1528,""New"":1532,""Reason"":3}"
40671256,"{""Old"":1596,""New"":1598,""Reason"":3}"
75730356,"{""Old"":408,""New"":412,""Reason"":3}"
23053094,"{""Old"":1017,""New"":1019,""Reason"":3}"
63799212,"{""Old"":14070,""New"":14080,""Reason"":3}"
63799212,"{""Old"":6907,""New"":6917,""Reason"":3}"
63799212,"{""Old"":8653,""New"":8673,""Reason"":3}"
63799212,"{""Old"":9659,""New"":9689,""Reason"":3}"
63799212,"{""Old"":9924,""New"":9934,""Reason"":3}"
63799212,"{""Old"":10351,""New"":10361,""Reason"":3}"
63799212,"{""Old"":10481,""New"":10491,""Reason"":3}"
63799212,"{""Old"":13641,""New"":13651,""Reason"":3}"
63799212,"{""Old"":6660,""New"":6670,""Reason"":3}"
63799212,"{""Old"":7731,""New"":7751,""Reason"":3}"
63799212,"{""Old"":8561,""New"":8571,""Reason"":3}"
63799212,"{""Old"":8967,""New"":8987,""Reason"":3}"
63799212,"{""Old"":9067,""New"":9077,""Reason"":3}"
63799212,"{""Old"":9027,""New"":9037,""Reason"":3}"
63799212,"{""Old"":12499,""New"":12509,""Reason"":3}"
63799212,"{""Old"":13763,""New"":13773,""Reason"":3}"
63799212,"{""Old"":7022,""New"":7032,""Reason"":3}"
63799212,"{""Old"":8397,""New"":8407,""Reason"":3}"
63799212,"{""Old"":13131,""New"":13141,""Reason"":3}"
63799212,"{""Old"":9619,""New"":9629,""Reason"":3}"
63799212,"{""Old"":11027,""New"":11037,""Reason"":3}"
63799212,"{""Old"":11742,""New"":11752,""Reason"":3}"
63799212,"{""Old"":13463,""New"":13473,""Reason"":3}"
52385318,"{""Old"":790,""New"":792,""Reason"":3}"
63799212,"{""Old"":8825,""New"":8835,""Reason"":3}"
63799212,"{""Old"":8865,""New"":8867,""Reason"":3}"
63799212,"{""Old"":9559,""New"":9569,""Reason"":3}"
63799212,"{""Old"":9549,""New"":9559,""Reason"":3}"
63799212,"{""Old"":13121,""New"":13131,""Reason"":3}"
63799212,"{""Old"":13423,""New"":13433,""Reason"":3}"
63799212,"{""Old"":13617,""New"":13627,""Reason"":3}"
63799212,"{""Old"":13693,""New"":13703,""Reason"":3}"
63799212,"{""Old"":13870,""New"":13880,""Reason"":3}"
40671256,"{""Old"":1526,""New"":1528,""Reason"":3}"
40671256,"{""Old"":1616,""New"":1618,""Reason"":3}"
40671256,"{""Old"":1296,""New"":1306,""Reason"":3}"
40671256,"{""Old"":1345,""New"":1347,""Reason"":3}"
40671256,"{""Old"":1415,""New"":1417,""Reason"":3}"
13186631,"{""Old"":1589,""New"":1591,""Reason"":3}"
45310161,"{""Old"":106,""New"":108,""Reason"":3}"
40671256,"{""Old"":1370,""New"":1372,""Reason"":3}"
40671256,"{""Old"":1413,""New"":1415,""Reason"":3}"
40671256,"{""Old"":1407,""New"":1411,""Reason"":3}"
40671256,"{""Old"":1353,""New"":1355,""Reason"":3}"
56305413,"{""Old"":3070,""New"":3074,""Reason"":3}"
9084499,"{""Old"":165,""New"":167,""Reason"":3}"
76395205,"{""Old"":426,""New"":428,""Reason"":3}"
8159597,"{""Old"":1249,""New"":1251,""Reason"":3}"
40824286,"{""Old"":2517,""New"":2519,""Reason"":3}"
51765158,"{""Old"":1180,""New"":1182,""Reason"":3}"
8763321,"{""Old"":1486,""New"":1488,""Reason"":3}"
56305413,"{""Old"":2745,""New"":2747,""Reason"":3}"
46419793,"{""Old"":402,""New"":404,""Reason"":3}"
81192725,"{""Old"":297,""New"":299,""Reason"":3}"
73588812,"{""Old"":1825,""New"":1827,""Reason"":3}"
73588812,"{""Old"":978,""New"":980,""Reason"":3}"
73588812,"{""Old"":1207,""New"":1209,""Reason"":3}"
63799212,"{""Old"":8427,""New"":8437,""Reason"":3}"
63799212,"{""Old"":9979,""New"":9989,""Reason"":3}"
63799212,"{""Old"":13453,""New"":13463,""Reason"":3}"
52385318,"{""Old"":585,""New"":587,""Reason"":3}"
52385318,"{""Old"":702,""New"":704,""Reason"":3}"
52385318,"{""Old"":844,""New"":864,""Reason"":3}"
19535546,"{""Old"":1754,""New"":1756,""Reason"":3}"
19535546,"{""Old"":1675,""New"":1677,""Reason"":3}"
19535546,"{""Old"":1551,""New"":1553,""Reason"":3}"
19535546,"{""Old"":1585,""New"":1587,""Reason"":3}"
63799212,"{""Old"":5946,""New"":5956,""Reason"":3}"
40671256,"{""Old"":1427,""New"":1429,""Reason"":3}"
40671256,"{""Old"":1481,""New"":1483,""Reason"":3}"
40671256,"{""Old"":1702,""New"":1712,""Reason"":3}"
40671256,"{""Old"":1978,""New"":1980,""Reason"":3}"
40671256,"{""Old"":2042,""New"":2044,""Reason"":3}"
40671256,"{""Old"":2106,""New"":2108,""Reason"":3}"
40671256,"{""Old"":1773,""New"":1775,""Reason"":3}"
50416621,"{""Old"":490,""New"":492,""Reason"":3}"
53898758,"{""Old"":3484,""New"":3486,""Reason"":3}"
82785902,"{""Old"":45980,""New"":45990,""Reason"":3}"
82785902,"{""Old"":46004,""New"":46014,""Reason"":3}"
55531402,"{""Old"":391086,""New"":391096,""Reason"":3}"
55531402,"{""Old"":390826,""New"":390836,""Reason"":3}"
55531402,"{""Old"":394554,""New"":394556,""Reason"":3}"
55531402,"{""Old"":398309,""New"":398319,""Reason"":3}"
55531402,"{""Old"":398421,""New"":398441,""Reason"":3}"
55531402,"{""Old"":401412,""New"":401422,""Reason"":3}"
55531402,"{""Old"":404163,""New"":404173,""Reason"":3}"
55531402,"{""Old"":403943,""New"":403963,""Reason"":3}"
55531402,"{""Old"":405708,""New"":405718,""Reason"":3}"
55531402,"{""Old"":385963,""New"":385973,""Reason"":3}"
55531402,"{""Old"":387023,""New"":387033,""Reason"":3}"
31776438,"{""Old"":263,""New"":265,""Reason"":3}"
67260187,"{""Old"":273,""New"":275,""Reason"":3}"
55531402,"{""Old"":386703,""New"":386713,""Reason"":3}"
55531402,"{""Old"":387323,""New"":387353,""Reason"":3}"
55531402,"{""Old"":390836,""New"":390866,""Reason"":3}"
55531402,"{""Old"":394361,""New"":394363,""Reason"":3}"
55531402,"{""Old"":394980,""New"":394990,""Reason"":3}"
55531402,"{""Old"":395254,""New"":395264,""Reason"":3}"
55531402,"{""Old"":397609,""New"":397619,""Reason"":3}"
55531402,"{""Old"":398107,""New"":398117,""Reason"":3}"
55531402,"{""Old"":401847,""New"":401857,""Reason"":3}"
55531402,"{""Old"":405418,""New"":405428,""Reason"":3}"
55531402,"{""Old"":406183,""New"":406193,""Reason"":3}"
55531402,"{""Old"":406693,""New"":406703,""Reason"":3}"
55531402,"{""Old"":386258,""New"":386268,""Reason"":3}"
55531402,"{""Old"":389322,""New"":389332,""Reason"":3}"
55531402,"{""Old"":389442,""New"":389472,""Reason"":3}"
55531402,"{""Old"":394548,""New"":394554,""Reason"":3}"
55531402,"{""Old"":405258,""New"":405278,""Reason"":3}"
55531402,"{""Old"":408255,""New"":408265,""Reason"":3}"
55531402,"{""Old"":408810,""New"":408820,""Reason"":3}"
49825474,"{""Old"":2174,""New"":2184,""Reason"":3}"
82785902,"{""Old"":45496,""New"":45500,""Reason"":3}"
82785902,"{""Old"":45522,""New"":45524,""Reason"":3}"
82785902,"{""Old"":45651,""New"":45653,""Reason"":3}"
82785902,"{""Old"":46028,""New"":46030,""Reason"":3}"
82785902,"{""Old"":46267,""New"":46277,""Reason"":3}"
82785902,"{""Old"":46426,""New"":46428,""Reason"":3}"
55531402,"{""Old"":395500,""New"":395510,""Reason"":3}"
55531402,"{""Old"":395450,""New"":395480,""Reason"":3}"
55531402,"{""Old"":397090,""New"":397092,""Reason"":3}"
55531402,"{""Old"":398846,""New"":398856,""Reason"":3}"
55531402,"{""Old"":399205,""New"":399215,""Reason"":3}"
55531402,"{""Old"":400406,""New"":400416,""Reason"":3}"
55531402,"{""Old"":402686,""New"":402706,""Reason"":3}"
55531402,"{""Old"":404093,""New"":404103,""Reason"":3}"
55531402,"{""Old"":403933,""New"":403943,""Reason"":3}"
55531402,"{""Old"":407038,""New"":407048,""Reason"":3}"
55531402,"{""Old"":407028,""New"":407038,""Reason"":3}"
55531402,"{""Old"":408845,""New"":408855,""Reason"":3}"
55531402,"{""Old"":409110,""New"":409120,""Reason"":3}"
31776438,"{""Old"":244,""New"":246,""Reason"":3}"
67260187,"{""Old"":56,""New"":58,""Reason"":3}"
67260187,"{""Old"":233,""New"":235,""Reason"":3}"
55531402,"{""Old"":409300,""New"":409310,""Reason"":3}"
55531402,"{""Old"":409697,""New"":409707,""Reason"":3}"
55531402,"{""Old"":387228,""New"":387248,""Reason"":3}"
55531402,"{""Old"":387797,""New"":387807,""Reason"":3}"
55531402,"{""Old"":388364,""New"":388394,""Reason"":3}"
55531402,"{""Old"":394738,""New"":394758,""Reason"":3}"
55531402,"{""Old"":395289,""New"":395291,""Reason"":3}"
55531402,"{""Old"":396890,""New"":396910,""Reason"":3}"
55531402,"{""Old"":401732,""New"":401752,""Reason"":3}"
55531402,"{""Old"":384477,""New"":385271,""Reason"":3}"
55531402,"{""Old"":385511,""New"":385521,""Reason"":3}"
55531402,"{""Old"":386758,""New"":386788,""Reason"":3}"
55531402,"{""Old"":392336,""New"":392346,""Reason"":3}"
55531402,"{""Old"":394595,""New"":394597,""Reason"":3}"
55531402,"{""Old"":394945,""New"":394955,""Reason"":3}"
55531402,"{""Old"":401177,""New"":401187,""Reason"":3}"
55531402,"{""Old"":403066,""New"":403076,""Reason"":3}"
55531402,"{""Old"":404368,""New"":404378,""Reason"":3}"
55531402,"{""Old"":409472,""New"":409482,""Reason"":3}"
55531402,"{""Old"":385521,""New"":385531,""Reason"":3}"
55531402,"{""Old"":386378,""New"":386388,""Reason"":3}"
55531402,"{""Old"":387078,""New"":387118,""Reason"":3}"
55531402,"{""Old"":387218,""New"":387228,""Reason"":3}"
55531402,"{""Old"":391726,""New"":391736,""Reason"":3}"
55531402,"{""Old"":392571,""New"":392581,""Reason"":3}"
55531402,"{""Old"":394614,""New"":394616,""Reason"":3}"
55531402,"{""Old"":394772,""New"":394782,""Reason"":3}"
55531402,"{""Old"":397197,""New"":397207,""Reason"":3}"
55531402,"{""Old"":397776,""New"":397786,""Reason"":3}"
55531402,"{""Old"":398516,""New"":398546,""Reason"":3}"
55531402,"{""Old"":401207,""New"":401247,""Reason"":3}"
55531402,"{""Old"":403611,""New"":403613,""Reason"":3}"
55531402,"{""Old"":404228,""New"":404238,""Reason"":3}"
55531402,"{""Old"":408970,""New"":408980,""Reason"":3}"
55531402,"{""Old"":409440,""New"":409460,""Reason"":3}"
48352269,"{""Old"":3048,""New"":3058,""Reason"":3}"
55531402,"{""Old"":389627,""New"":389637,""Reason"":3}"
55531402,"{""Old"":397654,""New"":397664,""Reason"":3}"
55531402,"{""Old"":398766,""New"":398776,""Reason"":3}"
55531402,"{""Old"":399675,""New"":399695,""Reason"":3}"
55531402,"{""Old"":402576,""New"":402606,""Reason"":3}"
55531402,"{""Old"":403743,""New"":403753,""Reason"":3}"
55531402,"{""Old"":405868,""New"":405878,""Reason"":3}"
55531402,"{""Old"":408150,""New"":408160,""Reason"":3}"
55531402,"{""Old"":386328,""New"":386348,""Reason"":3}"
82785902,"{""Old"":45705,""New"":45707,""Reason"":3}"
55531402,"{""Old"":387625,""New"":387635,""Reason"":3}"
55531402,"{""Old"":388042,""New"":388062,""Reason"":3}"
55531402,"{""Old"":388404,""New"":388424,""Reason"":3}"
55531402,"{""Old"":390761,""New"":390781,""Reason"":3}"
55531402,"{""Old"":392241,""New"":392251,""Reason"":3}"
55531402,"{""Old"":394568,""New"":394570,""Reason"":3}"
55531402,"{""Old"":395480,""New"":395490,""Reason"":3}"
55531402,"{""Old"":401582,""New"":401592,""Reason"":3}"
55531402,"{""Old"":404783,""New"":404793,""Reason"":3}"
46419793,"{""Old"":228,""New"":230,""Reason"":3}"
46419793,"{""Old"":297,""New"":299,""Reason"":3}"
56305413,"{""Old"":2269,""New"":2271,""Reason"":3}"
40671256,"{""Old"":1479,""New"":1481,""Reason"":3}"
23053094,"{""Old"":1034,""New"":1044,""Reason"":3}"
45310161,"{""Old"":141,""New"":143,""Reason"":3}"
55531402,"{""Old"":798420,""New"":798430,""Reason"":3}"
6084170,"{""Old"":524,""New"":526,""Reason"":3}"
6084170,"{""Old"":530,""New"":532,""Reason"":3}"
66718790,"{""Old"":3026,""New"":3036,""Reason"":3}"
45310161,"{""Old"":128,""New"":130,""Reason"":3}"
35936585,"{""Old"":27117,""New"":27119,""Reason"":3}"
209520756,"{""Old"":3041,""New"":3043,""Reason"":3}"
74426538,"{""Old"":962,""New"":964,""Reason"":3}"
13735029,"{""Old"":165,""New"":167,""Reason"":3}"
8159597,"{""Old"":5208,""New"":5218,""Reason"":3}"
8159597,"{""Old"":2796,""New"":2806,""Reason"":3}"
8159597,"{""Old"":577,""New"":587,""Reason"":3}"
8159597,"{""Old"":1235,""New"":1237,""Reason"":3}"
8159597,"{""Old"":3941,""New"":3951,""Reason"":3}"
8151531,"{""Old"":9889,""New"":9891,""Reason"":3}"
8151531,"{""Old"":10599,""New"":10601,""Reason"":3}"
8151531,"{""Old"":10862,""New"":10864,""Reason"":3}"
8159597,"{""Old"":954,""New"":964,""Reason"":3}"
8159597,"{""Old"":1771,""New"":1773,""Reason"":3}"
8159597,"{""Old"":2542,""New"":2552,""Reason"":3}"
8159597,"{""Old"":3813,""New"":3823,""Reason"":3}"
8159597,"{""Old"":4003,""New"":4013,""Reason"":3}"
8159597,"{""Old"":1247,""New"":1249,""Reason"":3}"
8159597,"{""Old"":2866,""New"":2868,""Reason"":3}"
8159597,"{""Old"":1153,""New"":1155,""Reason"":3}"
8159597,"{""Old"":1659,""New"":1669,""Reason"":3}"
8159597,"{""Old"":1739,""New"":1741,""Reason"":3}"
8159597,"{""Old"":2322,""New"":2332,""Reason"":3}"
8159597,"{""Old"":2856,""New"":2866,""Reason"":3}"
8151531,"{""Old"":10068,""New"":10070,""Reason"":3}"
8151531,"{""Old"":10554,""New"":10556,""Reason"":3}"
8151531,"{""Old"":11087,""New"":11089,""Reason"":3}"
8159597,"{""Old"":132,""New"":134,""Reason"":3}"
8159597,"{""Old"":4926,""New"":4936,""Reason"":3}"
8151531,"{""Old"":10267,""New"":10269,""Reason"":3}"
8151531,"{""Old"":10614,""New"":10616,""Reason"":3}"
8151531,"{""Old"":10700,""New"":10702,""Reason"":3}"
8151531,"{""Old"":10796,""New"":10798,""Reason"":3}"
8159597,"{""Old"":3823,""New"":3833,""Reason"":3}"
43959427,"{""Old"":3821,""New"":3823,""Reason"":3}"
8159597,"{""Old"":2954,""New"":2964,""Reason"":3}"
8151531,"{""Old"":9905,""New"":9907,""Reason"":3}"
8151531,"{""Old"":9935,""New"":9937,""Reason"":3}"
8151531,"{""Old"":10372,""New"":10374,""Reason"":3}"
8151531,"{""Old"":10441,""New"":10443,""Reason"":3}"
8151531,"{""Old"":10449,""New"":10459,""Reason"":3}"
8151531,"{""Old"":10567,""New"":10569,""Reason"":3}"
62310563,"{""Old"":111,""New"":113,""Reason"":3}"
49825474,"{""Old"":1977,""New"":1979,""Reason"":3}"
49825474,"{""Old"":1975,""New"":1977,""Reason"":3}"
55531402,"{""Old"":385441,""New"":385451,""Reason"":3}"
55531402,"{""Old"":389186,""New"":389216,""Reason"":3}"
55531402,"{""Old"":392446,""New"":392456,""Reason"":3}"
55531402,"{""Old"":394519,""New"":394521,""Reason"":3}"
55531402,"{""Old"":396259,""New"":396269,""Reason"":3}"
55531402,"{""Old"":396501,""New"":396503,""Reason"":3}"
55531402,"{""Old"":398891,""New"":398893,""Reason"":3}"
55531402,"{""Old"":401892,""New"":401902,""Reason"":3}"
55531402,"{""Old"":409000,""New"":409010,""Reason"":3}"
55531402,"{""Old"":409762,""New"":409772,""Reason"":3}"
55531402,"{""Old"":385983,""New"":385993,""Reason"":3}"
55531402,"{""Old"":390816,""New"":390826,""Reason"":3}"
55531402,"{""Old"":396411,""New"":396421,""Reason"":3}"
55531402,"{""Old"":398691,""New"":398701,""Reason"":3}"
55531402,"{""Old"":399448,""New"":399478,""Reason"":3}"
55531402,"{""Old"":400551,""New"":400561,""Reason"":3}"
55531402,"{""Old"":408525,""New"":408535,""Reason"":3}"
55531402,"{""Old"":408925,""New"":408935,""Reason"":3}"
55531402,"{""Old"":390721,""New"":390731,""Reason"":3}"
55531402,"{""Old"":397324,""New"":397344,""Reason"":3}"
55531402,"{""Old"":398274,""New"":398284,""Reason"":3}"
55531402,"{""Old"":400506,""New"":400516,""Reason"":3}"
55531402,"{""Old"":403036,""New"":403046,""Reason"":3}"
55531402,"{""Old"":403381,""New"":403391,""Reason"":3}"
55531402,"{""Old"":403546,""New"":403576,""Reason"":3}"
55531402,"{""Old"":405558,""New"":405578,""Reason"":3}"
55531402,"{""Old"":408935,""New"":408945,""Reason"":3}"
55531402,"{""Old"":385786,""New"":385796,""Reason"":3}"
55531402,"{""Old"":387635,""New"":387645,""Reason"":3}"
55531402,"{""Old"":387680,""New"":387690,""Reason"":3}"
82785902,"{""Old"":48076,""New"":48078,""Reason"":3}"
82785902,"{""Old"":49549,""New"":49579,""Reason"":3}"
82785902,"{""Old"":50510,""New"":50520,""Reason"":3}"
82785902,"{""Old"":50630,""New"":50650,""Reason"":3}"
65594943,"{""Old"":118,""New"":120,""Reason"":3}"
55531402,"{""Old"":390364,""New"":390384,""Reason"":3}"
55531402,"{""Old"":392511,""New"":392541,""Reason"":3}"
55531402,"{""Old"":396329,""New"":396339,""Reason"":3}"
55531402,"{""Old"":396610,""New"":396620,""Reason"":3}"
55531402,"{""Old"":399321,""New"":399341,""Reason"":3}"
55531402,"{""Old"":400101,""New"":400121,""Reason"":3}"
55531402,"{""Old"":400761,""New"":400781,""Reason"":3}"
55531402,"{""Old"":401902,""New"":401912,""Reason"":3}"
82785902,"{""Old"":46652,""New"":46662,""Reason"":3}"
80312485,"{""Old"":4570,""New"":4580,""Reason"":3}"
80312485,"{""Old"":4913,""New"":4933,""Reason"":3}"
80312485,"{""Old"":6210,""New"":6220,""Reason"":3}"
80312485,"{""Old"":6804,""New"":6814,""Reason"":3}"
24993885,"{""Old"":200,""New"":202,""Reason"":3}"
44961939,"{""Old"":626,""New"":628,""Reason"":3}"
80312485,"{""Old"":4388,""New"":4398,""Reason"":3}"
80312485,"{""Old"":6894,""New"":6904,""Reason"":3}"
80312485,"{""Old"":4498,""New"":4508,""Reason"":3}"
80312485,"{""Old"":6240,""New"":6250,""Reason"":3}"
80312485,"{""Old"":6480,""New"":6490,""Reason"":3}"
23245080,"{""Old"":455,""New"":465,""Reason"":3}"
23245080,"{""Old"":517,""New"":527,""Reason"":3}"
23245080,"{""Old"":515,""New"":517,""Reason"":3}"
80312485,"{""Old"":3958,""New"":3968,""Reason"":3}"
80312485,"{""Old"":4298,""New"":4308,""Reason"":3}"
80312485,"{""Old"":4338,""New"":4348,""Reason"":3}"
80312485,"{""Old"":6030,""New"":6040,""Reason"":3}"
80312485,"{""Old"":4630,""New"":4640,""Reason"":3}"
80312485,"{""Old"":6140,""New"":6150,""Reason"":3}"
8302676,"{""Old"":2665,""New"":2667,""Reason"":3}"
17205050,"{""Old"":638,""New"":640,""Reason"":3}"
10241303,"{""Old"":235,""New"":237,""Reason"":3}"
4829598,"{""Old"":1565,""New"":1567,""Reason"":3}"
4829598,"{""Old"":1562,""New"":1564,""Reason"":3}"
4829598,"{""Old"":1442,""New"":1452,""Reason"":3}"
4829598,"{""Old"":1530,""New"":1550,""Reason"":3}"
8744861,"{""Old"":498,""New"":500,""Reason"":3}"
48205250,"{""Old"":1126,""New"":1128,""Reason"":3}"
48205250,"{""Old"":941,""New"":945,""Reason"":3}"
8744861,"{""Old"":489,""New"":491,""Reason"":3}"
48205250,"{""Old"":1136,""New"":1138,""Reason"":3}"
37250473,"{""Old"":968,""New"":970,""Reason"":3}"
4200722,"{""Old"":20174,""New"":20176,""Reason"":3}"
31558571,"{""Old"":273,""New"":275,""Reason"":3}"
4829598,"{""Old"":1267,""New"":1269,""Reason"":3}"
19981811,"{""Old"":29870,""New"":29872,""Reason"":3}"
16391114,"{""Old"":54,""New"":56,""Reason"":3}"
57366251,"{""Old"":3468,""New"":3470,""Reason"":3}"
57366251,"{""Old"":3628,""New"":3630,""Reason"":3}"
209520756,"{""Old"":3021,""New"":3023,""Reason"":3}"
209520756,"{""Old"":3007,""New"":3009,""Reason"":3}"
57366251,"{""Old"":3545,""New"":3547,""Reason"":3}"
22023288,"{""Old"":1276,""New"":1278,""Reason"":3}"
22023288,"{""Old"":2843,""New"":2853,""Reason"":3}"
22023288,"{""Old"":3769,""New"":3771,""Reason"":3}"
22023288,"{""Old"":820,""New"":824,""Reason"":3}"
22023288,"{""Old"":1825,""New"":1835,""Reason"":3}"
22023288,"{""Old"":3367,""New"":3377,""Reason"":3}"
82844475,"{""Old"":84,""New"":86,""Reason"":3}"
82844475,"{""Old"":338,""New"":340,""Reason"":3}"
84223984,"{""Old"":407,""New"":409,""Reason"":3}"
82844475,"{""Old"":49,""New"":51,""Reason"":3}"
82844475,"{""Old"":51,""New"":53,""Reason"":3}"
82844475,"{""Old"":96,""New"":98,""Reason"":3}"
82844475,"{""Old"":128,""New"":130,""Reason"":3}"
55921654,"{""Old"":1488,""New"":1490,""Reason"":3}"
43365752,"{""Old"":793,""New"":795,""Reason"":3}"
55921654,"{""Old"":928,""New"":930,""Reason"":3}"
55921654,"{""Old"":962,""New"":964,""Reason"":3}"
59231397,"{""Old"":3389,""New"":3399,""Reason"":3}"
59231397,"{""Old"":3902,""New"":3912,""Reason"":3}"
59231397,"{""Old"":3968,""New"":3970,""Reason"":3}"
59231397,"{""Old"":1879,""New"":1881,""Reason"":3}"
59231397,"{""Old"":1843,""New"":1845,""Reason"":3}"
59231397,"{""Old"":3284,""New"":3304,""Reason"":3}"
59231397,"{""Old"":3187,""New"":3189,""Reason"":3}"
55921654,"{""Old"":1579,""New"":1589,""Reason"":3}"
13603777,"{""Old"":548,""New"":550,""Reason"":3}"
55921654,"{""Old"":1410,""New"":1412,""Reason"":3}"
59231397,"{""Old"":2427,""New"":2429,""Reason"":3}"
59231397,"{""Old"":2649,""New"":2659,""Reason"":3}"
59231397,"{""Old"":2716,""New"":2726,""Reason"":3}"
59231397,"{""Old"":4390,""New"":4400,""Reason"":3}"
55921654,"{""Old"":981,""New"":983,""Reason"":3}"
55921654,"{""Old"":1480,""New"":1482,""Reason"":3}"
11534557,"{""Old"":299736,""New"":299766,""Reason"":3}"
11534557,"{""Old"":300328,""New"":300368,""Reason"":3}"
299630,"{""Old"":1881,""New"":1891,""Reason"":3}"
13735029,"{""Old"":190,""New"":192,""Reason"":3}"
209520756,"{""Old"":3061,""New"":3063,""Reason"":3}"
202176747,"{""Old"":6122,""New"":6132,""Reason"":3}"
202176747,"{""Old"":5992,""New"":6002,""Reason"":3}"
4200722,"{""Old"":20180,""New"":20182,""Reason"":3}"
48205250,"{""Old"":1132,""New"":1136,""Reason"":3}"
48205250,"{""Old"":900,""New"":902,""Reason"":3}"
48205250,"{""Old"":1144,""New"":1146,""Reason"":3}"
48205250,"{""Old"":1184,""New"":1186,""Reason"":3}"
8744861,"{""Old"":423,""New"":425,""Reason"":3}"
202176747,"{""Old"":35961,""New"":35981,""Reason"":3}"
202176747,"{""Old"":36267,""New"":36287,""Reason"":3}"
44961939,"{""Old"":712,""New"":714,""Reason"":3}"
44961939,"{""Old"":624,""New"":626,""Reason"":3}"
202176747,"{""Old"":95457,""New"":95459,""Reason"":3}"
37962654,"{""Old"":1065,""New"":1067,""Reason"":3}"
44961939,"{""Old"":686,""New"":688,""Reason"":3}"
2968081,"{""Old"":1709,""New"":1711,""Reason"":3}"
2968081,"{""Old"":1772,""New"":1776,""Reason"":3}"
2968081,"{""Old"":1618,""New"":1620,""Reason"":3}"
4829598,"{""Old"":1673,""New"":1683,""Reason"":3}"
2968081,"{""Old"":1303,""New"":1305,""Reason"":3}"
46419793,"{""Old"":275,""New"":277,""Reason"":3}"
6667137,"{""Old"":94,""New"":96,""Reason"":3}"
13245861,"{""Old"":386,""New"":388,""Reason"":3}"
13245861,"{""Old"":421,""New"":423,""Reason"":3}"
31776438,"{""Old"":104,""New"":106,""Reason"":3}"
82785902,"{""Old"":48563,""New"":48573,""Reason"":3}"
82785902,"{""Old"":49320,""New"":49330,""Reason"":3}"
82785902,"{""Old"":49729,""New"":49739,""Reason"":3}"
55531402,"{""Old"":411412,""New"":411422,""Reason"":3}"
25799691,"{""Old"":1280,""New"":1282,""Reason"":3}"
80141190,"{""Old"":359,""New"":361,""Reason"":3}"
80141190,"{""Old"":363,""New"":365,""Reason"":3}"
212325782,"{""Old"":6011,""New"":6021,""Reason"":3}"
212325782,"{""Old"":6093,""New"":6103,""Reason"":3}"
4915991,"{""Old"":14623,""New"":14625,""Reason"":3}"
25799691,"{""Old"":1335,""New"":1337,""Reason"":3}"
55531402,"{""Old"":411352,""New"":411382,""Reason"":3}"
55531402,"{""Old"":411687,""New"":411697,""Reason"":3}"
55531402,"{""Old"":410012,""New"":410022,""Reason"":3}"
55531402,"{""Old"":409927,""New"":409947,""Reason"":3}"
55531402,"{""Old"":410282,""New"":410292,""Reason"":3}"
55531402,"{""Old"":412032,""New"":412042,""Reason"":3}"
50416621,"{""Old"":114,""New"":116,""Reason"":3}"
82785902,"{""Old"":49939,""New"":49941,""Reason"":3}"
82785902,"{""Old"":50003,""New"":50005,""Reason"":3}"
82785902,"{""Old"":50620,""New"":50630,""Reason"":3}"
55531402,"{""Old"":412477,""New"":412487,""Reason"":3}"
55531402,"{""Old"":412849,""New"":412879,""Reason"":3}"
82785902,"{""Old"":48072,""New"":48074,""Reason"":3}"
82785902,"{""Old"":48472,""New"":48482,""Reason"":3}"
82785902,"{""Old"":50311,""New"":50321,""Reason"":3}"
82785902,"{""Old"":51605,""New"":51615,""Reason"":3}"
82785902,"{""Old"":51835,""New"":51845,""Reason"":3}"
12301610,"{""Old"":2565,""New"":2567,""Reason"":3}"
202176747,"{""Old"":34774,""New"":34776,""Reason"":3}"
202176747,"{""Old"":36287,""New"":36297,""Reason"":3}"
202176747,"{""Old"":36429,""New"":36459,""Reason"":3}"
80758401,"{""Old"":4415,""New"":4425,""Reason"":3}"
80758401,"{""Old"":4587,""New"":4597,""Reason"":3}"
48205250,"{""Old"":894,""New"":896,""Reason"":3}"
48205250,"{""Old"":1065,""New"":1067,""Reason"":3}"
48205250,"{""Old"":1112,""New"":1114,""Reason"":3}"
48205250,"{""Old"":1236,""New"":1238,""Reason"":3}"
48205250,"{""Old"":1124,""New"":1126,""Reason"":3}"
48205250,"{""Old"":928,""New"":930,""Reason"":3}"
48205250,"{""Old"":1303,""New"":1305,""Reason"":3}"
48205250,"{""Old"":898,""New"":900,""Reason"":3}"
48205250,"{""Old"":978,""New"":980,""Reason"":3}"
46419793,"{""Old"":214,""New"":216,""Reason"":3}"
23328793,"{""Old"":1010,""New"":1020,""Reason"":3}"
57366251,"{""Old"":3531,""New"":3533,""Reason"":3}"
57366251,"{""Old"":3708,""New"":3710,""Reason"":3}"
23364999,"{""Old"":1314,""New"":1316,""Reason"":3}"
209520756,"{""Old"":2959,""New"":2961,""Reason"":3}"
209520756,"{""Old"":3051,""New"":3053,""Reason"":3}"
46419793,"{""Old"":266,""New"":268,""Reason"":3}"
63799212,"{""Old"":5096,""New"":5098,""Reason"":3}"
63799212,"{""Old"":4822,""New"":4824,""Reason"":3}"
44361334,"{""Old"":1149,""New"":1151,""Reason"":3}"
80742310,"{""Old"":203,""New"":205,""Reason"":3}"
80742310,"{""Old"":184,""New"":186,""Reason"":3}"
120956657,"{""Old"":155,""New"":157,""Reason"":3}"
120956657,"{""Old"":167,""New"":169,""Reason"":3}"
83319984,"{""Old"":2531,""New"":2541,""Reason"":3}"
83319984,"{""Old"":2643,""New"":2653,""Reason"":3}"
83319984,"{""Old"":3055,""New"":3065,""Reason"":3}"
83319984,"{""Old"":3068,""New"":3078,""Reason"":3}"
83319984,"{""Old"":2068,""New"":2070,""Reason"":3}"
83319984,"{""Old"":2176,""New"":2178,""Reason"":3}"
83319984,"{""Old"":2515,""New"":2517,""Reason"":3}"
73588812,"{""Old"":1459,""New"":1461,""Reason"":3}"
9658942,"{""Old"":14282,""New"":14284,""Reason"":3}"
83319984,"{""Old"":1645,""New"":1647,""Reason"":3}"
83319984,"{""Old"":1396,""New"":1398,""Reason"":3}"
83319984,"{""Old"":2230,""New"":2232,""Reason"":3}"
17676293,"{""Old"":24084,""New"":24086,""Reason"":3}"
17676293,"{""Old"":25764,""New"":25774,""Reason"":3}"
83319984,"{""Old"":1643,""New"":1645,""Reason"":3}"
80744637,"{""Old"":65323,""New"":65325,""Reason"":3}"
80758401,"{""Old"":4425,""New"":4435,""Reason"":3}"
80758401,"{""Old"":3851,""New"":3853,""Reason"":3}"
80758401,"{""Old"":4099,""New"":4109,""Reason"":3}"
80758401,"{""Old"":4577,""New"":4587,""Reason"":3}"
48205250,"{""Old"":945,""New"":947,""Reason"":3}"
48205250,"{""Old"":1138,""New"":1140,""Reason"":3}"
48205250,"{""Old"":1191,""New"":1193,""Reason"":3}"
48205250,"{""Old"":658,""New"":660,""Reason"":3}"
48205250,"{""Old"":1345,""New"":1349,""Reason"":3}"
80758401,"{""Old"":4393,""New"":4403,""Reason"":3}"
80744637,"{""Old"":65831,""New"":65841,""Reason"":3}"
80744637,"{""Old"":66969,""New"":66979,""Reason"":3}"
202176747,"{""Old"":36163,""New"":36183,""Reason"":3}"
202176747,"{""Old"":36091,""New"":36101,""Reason"":3}"
202176747,"{""Old"":36805,""New"":36815,""Reason"":3}"
80744637,"{""Old"":66867,""New"":66877,""Reason"":3}"
80744637,"{""Old"":65587,""New"":65589,""Reason"":3}"
80744637,"{""Old"":66509,""New"":66519,""Reason"":3}"
80744637,"{""Old"":66817,""New"":66827,""Reason"":3}"
80744637,"{""Old"":66917,""New"":66919,""Reason"":3}"
48205250,"{""Old"":1052,""New"":1054,""Reason"":3}"
80758401,"{""Old"":3592,""New"":3602,""Reason"":3}"
80758401,"{""Old"":3602,""New"":3674,""Reason"":3}"
80758401,"{""Old"":4010,""New"":4020,""Reason"":3}"
80758401,"{""Old"":4129,""New"":4139,""Reason"":3}"
12301610,"{""Old"":2476,""New"":2478,""Reason"":3}"
83676575,"{""Old"":3174,""New"":3184,""Reason"":3}"
55531402,"{""Old"":410602,""New"":410622,""Reason"":3}"
55531402,"{""Old"":386893,""New"":386903,""Reason"":3}"
55531402,"{""Old"":395112,""New"":395122,""Reason"":3}"
55531402,"{""Old"":397379,""New"":397389,""Reason"":3}"
55531402,"{""Old"":399817,""New"":399827,""Reason"":3}"
55531402,"{""Old"":401827,""New"":401847,""Reason"":3}"
55531402,"{""Old"":402354,""New"":402364,""Reason"":3}"
55531402,"{""Old"":403788,""New"":403798,""Reason"":3}"
55531402,"{""Old"":405323,""New"":405353,""Reason"":3}"
55531402,"{""Old"":406853,""New"":406863,""Reason"":3}"
55531402,"{""Old"":406778,""New"":406788,""Reason"":3}"
55531402,"{""Old"":409470,""New"":409472,""Reason"":3}"
67260187,"{""Old"":338,""New"":340,""Reason"":3}"
4405710,"{""Old"":761,""New"":771,""Reason"":3}"
82785902,"{""Old"":45729,""New"":45739,""Reason"":3}"
55531402,"{""Old"":411392,""New"":411412,""Reason"":3}"
55531402,"{""Old"":413000,""New"":413010,""Reason"":3}"
55531402,"{""Old"":413172,""New"":413192,""Reason"":3}"
21250520,"{""Old"":205,""New"":207,""Reason"":3}"
48201103,"{""Old"":425,""New"":427,""Reason"":3}"
48201103,"{""Old"":378,""New"":380,""Reason"":3}"
50191697,"{""Old"":803,""New"":807,""Reason"":3}"
32281739,"{""Old"":330,""New"":334,""Reason"":3}"
9254415,"{""Old"":3009,""New"":3019,""Reason"":3}"
19535546,"{""Old"":367,""New"":369,""Reason"":3}"
63799212,"{""Old"":4603,""New"":4605,""Reason"":3}"
63799212,"{""Old"":4880,""New"":4884,""Reason"":3}"
63799212,"{""Old"":5494,""New"":5496,""Reason"":3}"
63799212,"{""Old"":5556,""New"":5566,""Reason"":3}"
4915991,"{""Old"":14621,""New"":14623,""Reason"":3}"
18436020,"{""Old"":668,""New"":670,""Reason"":3}"
18220669,"{""Old"":1898,""New"":1900,""Reason"":3}"
12301610,"{""Old"":2653,""New"":2655,""Reason"":3}"
83676575,"{""Old"":3102,""New"":3112,""Reason"":3}"
55531402,"{""Old"":411767,""New"":411777,""Reason"":3}"
82785902,"{""Old"":50322,""New"":50332,""Reason"":3}"
82785902,"{""Old"":50685,""New"":50695,""Reason"":3}"
82785902,"{""Old"":49238,""New"":49248,""Reason"":3}"
82785902,"{""Old"":50802,""New"":50812,""Reason"":3}"
82785902,"{""Old"":51513,""New"":51523,""Reason"":3}"
82785902,"{""Old"":51815,""New"":51825,""Reason"":3}"
55531402,"{""Old"":411147,""New"":411157,""Reason"":3}"
82785902,"{""Old"":49929,""New"":49939,""Reason"":3}"
82785902,"{""Old"":49909,""New"":49919,""Reason"":3}"
82785902,"{""Old"":51543,""New"":51563,""Reason"":3}"
55531402,"{""Old"":410897,""New"":410907,""Reason"":3}"
55531402,"{""Old"":411447,""New"":411457,""Reason"":3}"
55531402,"{""Old"":387555,""New"":387595,""Reason"":3}"
55531402,"{""Old"":391451,""New"":391461,""Reason"":3}"
55531402,"{""Old"":392316,""New"":392336,""Reason"":3}"
55531402,"{""Old"":392096,""New"":392106,""Reason"":3}"
55531402,"{""Old"":392591,""New"":392601,""Reason"":3}"
55531402,"{""Old"":394610,""New"":394614,""Reason"":3}"
55531402,"{""Old"":394604,""New"":394606,""Reason"":3}"
55531402,"{""Old"":397806,""New"":397808,""Reason"":3}"
55531402,"{""Old"":401046,""New"":401048,""Reason"":3}"
55531402,"{""Old"":405783,""New"":405793,""Reason"":3}"
55531402,"{""Old"":406318,""New"":406328,""Reason"":3}"
55531402,"{""Old"":406898,""New"":406908,""Reason"":3}"
80742310,"{""Old"":179,""New"":181,""Reason"":3}"
83319984,"{""Old"":1637,""New"":1639,""Reason"":3}"
87587816,"{""Old"":479,""New"":481,""Reason"":3}"
80742310,"{""Old"":177,""New"":179,""Reason"":3}"
80744637,"{""Old"":65941,""New"":65951,""Reason"":3}"
80744637,"{""Old"":65453,""New"":65463,""Reason"":3}"
80744637,"{""Old"":65619,""New"":65621,""Reason"":3}"
80744637,"{""Old"":65751,""New"":65761,""Reason"":3}"
80744637,"{""Old"":66773,""New"":66783,""Reason"":3}"
48205250,"{""Old"":571,""New"":581,""Reason"":3}"
48205250,"{""Old"":592,""New"":594,""Reason"":3}"
8744861,"{""Old"":216,""New"":218,""Reason"":3}"
80758401,"{""Old"":4311,""New"":4341,""Reason"":3}"
80758401,"{""Old"":4297,""New"":4299,""Reason"":3}"
80758401,"{""Old"":4247,""New"":4257,""Reason"":3}"
80758401,"{""Old"":4361,""New"":4363,""Reason"":3}"
80744637,"{""Old"":66487,""New"":66497,""Reason"":3}"
9254415,"{""Old"":2999,""New"":3009,""Reason"":3}"
9254415,"{""Old"":3433,""New"":3443,""Reason"":3}"
4829598,"{""Old"":1376,""New"":1386,""Reason"":3}"
9254415,"{""Old"":3381,""New"":3391,""Reason"":3}"
9254415,"{""Old"":3421,""New"":3431,""Reason"":3}"
9254415,"{""Old"":3485,""New"":3487,""Reason"":3}"
50191697,"{""Old"":815,""New"":825,""Reason"":3}"
80312485,"{""Old"":4973,""New"":4983,""Reason"":3}"
80312485,"{""Old"":6390,""New"":6400,""Reason"":3}"
48201103,"{""Old"":405,""New"":407,""Reason"":3}"
48201103,"{""Old"":455,""New"":457,""Reason"":3}"
80312485,"{""Old"":6572,""New"":6592,""Reason"":3}"
48201103,"{""Old"":438,""New"":440,""Reason"":3}"
33641525,"{""Old"":8089,""New"":8091,""Reason"":3}"
200004383,"{""Old"":2083,""New"":2085,""Reason"":3}"
120956657,"{""Old"":251,""New"":253,""Reason"":3}"
4472194,"{""Old"":2122,""New"":2124,""Reason"":3}"
4472194,"{""Old"":2132,""New"":2136,""Reason"":3}"
83319984,"{""Old"":2751,""New"":2753,""Reason"":3}"
9658942,"{""Old"":14068,""New"":14070,""Reason"":3}"
83319984,"{""Old"":1376,""New"":1378,""Reason"":3}"
83319984,"{""Old"":1441,""New"":1451,""Reason"":3}"
83319984,"{""Old"":2517,""New"":2519,""Reason"":3}"
120956657,"{""Old"":263,""New"":265,""Reason"":3}"
8654000,"{""Old"":5080,""New"":5090,""Reason"":3}"
15692128,"{""Old"":195,""New"":197,""Reason"":3}"
55921654,"{""Old"":895,""New"":905,""Reason"":3}"
84278309,"{""Old"":58,""New"":60,""Reason"":3}"
299630,"{""Old"":2699,""New"":2701,""Reason"":3}"
58140678,"{""Old"":1307,""New"":1309,""Reason"":3}"
49825474,"{""Old"":469,""New"":471,""Reason"":3}"
299630,"{""Old"":3331,""New"":3333,""Reason"":3}"
299630,"{""Old"":3601,""New"":3603,""Reason"":3}"
55531402,"{""Old"":172967,""New"":172977,""Reason"":3}"
55531402,"{""Old"":173241,""New"":173251,""Reason"":3}"
55531402,"{""Old"":174007,""New"":174017,""Reason"":3}"
55531402,"{""Old"":176331,""New"":176341,""Reason"":3}"
55531402,"{""Old"":179332,""New"":179352,""Reason"":3}"
55531402,"{""Old"":181859,""New"":181861,""Reason"":3}"
55531402,"{""Old"":173972,""New"":173982,""Reason"":3}"
55531402,"{""Old"":176051,""New"":176061,""Reason"":3}"
55531402,"{""Old"":176928,""New"":176948,""Reason"":3}"
55531402,"{""Old"":178872,""New"":178892,""Reason"":3}"
55531402,"{""Old"":179974,""New"":179984,""Reason"":3}"
55531402,"{""Old"":181906,""New"":181916,""Reason"":3}"
48205250,"{""Old"":841,""New"":843,""Reason"":3}"
80744637,"{""Old"":65381,""New"":65391,""Reason"":3}"
48205250,"{""Old"":1251,""New"":1253,""Reason"":3}"
48205250,"{""Old"":1040,""New"":1042,""Reason"":3}"
48205250,"{""Old"":1140,""New"":1144,""Reason"":3}"
8744861,"{""Old"":357,""New"":359,""Reason"":3}"
48205250,"{""Old"":629,""New"":631,""Reason"":3}"
80744637,"{""Old"":65851,""New"":65861,""Reason"":3}"
80744637,"{""Old"":66208,""New"":66218,""Reason"":3}"
80744637,"{""Old"":67001,""New"":67003,""Reason"":3}"
202176747,"{""Old"":34466,""New"":34468,""Reason"":3}"
202176747,"{""Old"":36111,""New"":36113,""Reason"":3}"
37621689,"{""Old"":578,""New"":580,""Reason"":3}"
22023288,"{""Old"":1557,""New"":1567,""Reason"":3}"
37399438,"{""Old"":731,""New"":733,""Reason"":3}"
80141190,"{""Old"":541,""New"":543,""Reason"":3}"
37399438,"{""Old"":810,""New"":812,""Reason"":3}"
80141190,"{""Old"":315,""New"":317,""Reason"":3}"
31776438,"{""Old"":541,""New"":543,""Reason"":3}"
36439403,"{""Old"":854,""New"":856,""Reason"":3}"
83676575,"{""Old"":2798,""New"":2808,""Reason"":3}"
12301610,"{""Old"":2568,""New"":2578,""Reason"":3}"
37621689,"{""Old"":555,""New"":557,""Reason"":3}"
37621689,"{""Old"":543,""New"":545,""Reason"":3}"
19535546,"{""Old"":354,""New"":356,""Reason"":3}"
45939459,"{""Old"":122,""New"":124,""Reason"":3}"
46419793,"{""Old"":66,""New"":68,""Reason"":3}"
59586093,"{""Old"":55,""New"":57,""Reason"":3}"
81192725,"{""Old"":288,""New"":290,""Reason"":3}"
51765158,"{""Old"":1108,""New"":1110,""Reason"":3}"
13173590,"{""Old"":44505,""New"":44509,""Reason"":3}"
33641525,"{""Old"":8172,""New"":8174,""Reason"":3}"
48201103,"{""Old"":399,""New"":401,""Reason"":3}"
43365752,"{""Old"":1408,""New"":1410,""Reason"":3}"
43365752,"{""Old"":1461,""New"":1463,""Reason"":3}"
73531147,"{""Old"":1176,""New"":1178,""Reason"":3}"
31553938,"{""Old"":192,""New"":194,""Reason"":3}"
2968081,"{""Old"":1286,""New"":1288,""Reason"":3}"
2968081,"{""Old"":1700,""New"":1702,""Reason"":3}"
2968081,"{""Old"":1376,""New"":1378,""Reason"":3}"
59231397,"{""Old"":1250,""New"":1252,""Reason"":3}"
59231397,"{""Old"":1426,""New"":1428,""Reason"":3}"
59231397,"{""Old"":1456,""New"":1466,""Reason"":3}"
59231397,"{""Old"":1106,""New"":1116,""Reason"":3}"
59231397,"{""Old"":1246,""New"":1248,""Reason"":3}"
53318306,"{""Old"":103,""New"":105,""Reason"":3}"
59231397,"{""Old"":1466,""New"":1476,""Reason"":3}"
54937851,"{""Old"":8463,""New"":8465,""Reason"":3}"
14735155,"{""Old"":1174,""New"":1176,""Reason"":3}"
74572602,"{""Old"":3127,""New"":3129,""Reason"":3}"
67836518,"{""Old"":2592,""New"":2602,""Reason"":3}"
54937851,"{""Old"":8527,""New"":8529,""Reason"":3}"
73588812,"{""Old"":1236,""New"":1238,""Reason"":3}"
73588812,"{""Old"":1238,""New"":1240,""Reason"":3}"
73588812,"{""Old"":1451,""New"":1453,""Reason"":3}"
211423534,"{""Old"":22943,""New"":22947,""Reason"":3}"
62439790,"{""Old"":1435,""New"":1437,""Reason"":3}"
62439790,"{""Old"":1465,""New"":1467,""Reason"":3}"
211423534,"{""Old"":22908,""New"":22910,""Reason"":3}"
43060407,"{""Old"":17836,""New"":17838,""Reason"":3}"
49825474,"{""Old"":2732,""New"":2734,""Reason"":3}"
52990199,"{""Old"":1140,""New"":1142,""Reason"":3}"
36439403,"{""Old"":872,""New"":882,""Reason"":3}"
37399438,"{""Old"":760,""New"":762,""Reason"":3}"
80141190,"{""Old"":370,""New"":372,""Reason"":3}"
70367218,"{""Old"":133,""New"":135,""Reason"":3}"
51765158,"{""Old"":1136,""New"":1138,""Reason"":3}"
63799212,"{""Old"":5190,""New"":5192,""Reason"":3}"
63799212,"{""Old"":4917,""New"":4919,""Reason"":3}"
63799212,"{""Old"":5552,""New"":5554,""Reason"":3}"
7378760,"{""Old"":34737,""New"":34747,""Reason"":3}"
7378760,"{""Old"":35693,""New"":35713,""Reason"":3}"
7378760,"{""Old"":36297,""New"":36307,""Reason"":3}"
7378760,"{""Old"":36713,""New"":36733,""Reason"":3}"
7378760,"{""Old"":36873,""New"":36883,""Reason"":3}"
7378760,"{""Old"":37033,""New"":37053,""Reason"":3}"
7378760,"{""Old"":35007,""New"":35017,""Reason"":3}"
7378760,"{""Old"":36077,""New"":36087,""Reason"":3}"
7378760,"{""Old"":37515,""New"":37525,""Reason"":3}"
7378760,"{""Old"":37597,""New"":37607,""Reason"":3}"
63583576,"{""Old"":90,""New"":92,""Reason"":3}"
57366251,"{""Old"":3686,""New"":3690,""Reason"":3}"
78174244,"{""Old"":1168,""New"":1178,""Reason"":3}"
78174244,"{""Old"":1182,""New"":1192,""Reason"":3}"
78174244,"{""Old"":1305,""New"":1307,""Reason"":3}"
62439790,"{""Old"":1429,""New"":1431,""Reason"":3}"
78174244,"{""Old"":1307,""New"":1309,""Reason"":3}"
78174244,"{""Old"":1149,""New"":1151,""Reason"":3}"
78174244,"{""Old"":1230,""New"":1232,""Reason"":3}"
79702191,"{""Old"":501,""New"":503,""Reason"":3}"
44961939,"{""Old"":465,""New"":467,""Reason"":3}"
82785902,"{""Old"":48780,""New"":48790,""Reason"":3}"
82785902,"{""Old"":51433,""New"":51443,""Reason"":3}"
31776438,"{""Old"":295,""New"":297,""Reason"":3}"
83880780,"{""Old"":274,""New"":276,""Reason"":3}"
44361334,"{""Old"":156,""New"":158,""Reason"":3}"
8159597,"{""Old"":140,""New"":142,""Reason"":3}"
8654000,"{""Old"":5070,""New"":5080,""Reason"":3}"
8654000,"{""Old"":5446,""New"":5456,""Reason"":3}"
8654000,"{""Old"":5595,""New"":5605,""Reason"":3}"
8654000,"{""Old"":5708,""New"":5718,""Reason"":3}"
8654000,"{""Old"":5824,""New"":5826,""Reason"":3}"
46235249,"{""Old"":1630,""New"":1632,""Reason"":3}"
12346315,"{""Old"":4109,""New"":4119,""Reason"":3}"
12346315,"{""Old"":4159,""New"":4161,""Reason"":3}"
55921654,"{""Old"":864,""New"":866,""Reason"":3}"
55921654,"{""Old"":1279,""New"":1289,""Reason"":3}"
12301610,"{""Old"":920,""New"":922,""Reason"":3}"
12301610,"{""Old"":964,""New"":966,""Reason"":3}"
12301610,"{""Old"":886,""New"":888,""Reason"":3}"
59231397,"{""Old"":1242,""New"":1244,""Reason"":3}"
59231397,"{""Old"":1358,""New"":1360,""Reason"":3}"
55531402,"{""Old"":171281,""New"":171283,""Reason"":3}"
55531402,"{""Old"":176221,""New"":176241,""Reason"":3}"
55531402,"{""Old"":178360,""New"":178370,""Reason"":3}"
55531402,"{""Old"":178295,""New"":178315,""Reason"":3}"
55531402,"{""Old"":179642,""New"":179652,""Reason"":3}"
55531402,"{""Old"":180954,""New"":180964,""Reason"":3}"
55531402,"{""Old"":182103,""New"":182113,""Reason"":3}"
55531402,"{""Old"":177243,""New"":177253,""Reason"":3}"
55531402,"{""Old"":177975,""New"":177985,""Reason"":3}"
55531402,"{""Old"":178470,""New"":178490,""Reason"":3}"
55531402,"{""Old"":181249,""New"":181259,""Reason"":3}"
51765158,"{""Old"":1096,""New"":1098,""Reason"":3}"
51765158,"{""Old"":1092,""New"":1094,""Reason"":3}"
63799212,"{""Old"":5374,""New"":5376,""Reason"":3}"
63799212,"{""Old"":7445,""New"":7447,""Reason"":3}"
63799212,"{""Old"":8332,""New"":8342,""Reason"":3}"
63799212,"{""Old"":10815,""New"":10835,""Reason"":3}"
63799212,"{""Old"":13333,""New"":13343,""Reason"":3}"
52385318,"{""Old"":518,""New"":520,""Reason"":3}"
63799212,"{""Old"":4354,""New"":4356,""Reason"":3}"
63799212,"{""Old"":4433,""New"":4435,""Reason"":3}"
63799212,"{""Old"":4890,""New"":4892,""Reason"":3}"
63799212,"{""Old"":4607,""New"":4617,""Reason"":3}"
63799212,"{""Old"":4795,""New"":4797,""Reason"":3}"
63799212,"{""Old"":5116,""New"":5126,""Reason"":3}"
63799212,"{""Old"":5486,""New"":5490,""Reason"":3}"
63799212,"{""Old"":4437,""New"":4439,""Reason"":3}"
63799212,"{""Old"":4439,""New"":4441,""Reason"":3}"
19535546,"{""Old"":1182,""New"":1184,""Reason"":3}"
19535546,"{""Old"":1690,""New"":1692,""Reason"":3}"
23245682,"{""Old"":1075,""New"":1077,""Reason"":3}"
19535546,"{""Old"":1416,""New"":1418,""Reason"":3}"
211423534,"{""Old"":22949,""New"":22951,""Reason"":3}"
79702191,"{""Old"":339,""New"":341,""Reason"":3}"
79702191,"{""Old"":405,""New"":407,""Reason"":3}"
79702191,"{""Old"":343,""New"":345,""Reason"":3}"
82629288,"{""Old"":283,""New"":285,""Reason"":3}"
4472194,"{""Old"":2116,""New"":2118,""Reason"":3}"
4472194,"{""Old"":2114,""New"":2116,""Reason"":3}"
63583576,"{""Old"":354,""New"":356,""Reason"":3}"
31017119,"{""Old"":172,""New"":174,""Reason"":3}"
2968081,"{""Old"":570,""New"":580,""Reason"":3}"
7378760,"{""Old"":35333,""New"":35343,""Reason"":3}"
7378760,"{""Old"":36651,""New"":36653,""Reason"":3}"
7378760,"{""Old"":37445,""New"":37455,""Reason"":3}"
19535546,"{""Old"":1297,""New"":1307,""Reason"":3}"
19535546,"{""Old"":1491,""New"":1493,""Reason"":3}"
19535546,"{""Old"":1699,""New"":1701,""Reason"":3}"
19005457,"{""Old"":3570,""New"":3580,""Reason"":3}"
40671256,"{""Old"":1600,""New"":1602,""Reason"":3}"
55531402,"{""Old"":804720,""New"":804770,""Reason"":3}"
55531402,"{""Old"":805250,""New"":805260,""Reason"":3}"
55531402,"{""Old"":806002,""New"":806012,""Reason"":3}"
55531402,"{""Old"":806187,""New"":806197,""Reason"":3}"
37279442,"{""Old"":10271,""New"":10273,""Reason"":3}"
37279442,"{""Old"":10561,""New"":10563,""Reason"":3}"
59231397,"{""Old"":1086,""New"":1088,""Reason"":3}"
59231397,"{""Old"":1197,""New"":1199,""Reason"":3}"
59231397,"{""Old"":1440,""New"":1442,""Reason"":3}"
84278309,"{""Old"":148,""New"":150,""Reason"":3}"
55531402,"{""Old"":171123,""New"":171125,""Reason"":3}"
55531402,"{""Old"":174037,""New"":174057,""Reason"":3}"
55531402,"{""Old"":176171,""New"":176181,""Reason"":3}"
55531402,"{""Old"":179322,""New"":179332,""Reason"":3}"
55531402,"{""Old"":170936,""New"":170938,""Reason"":3}"
55531402,"{""Old"":171368,""New"":171378,""Reason"":3}"
55531402,"{""Old"":175010,""New"":175020,""Reason"":3}"
55531402,"{""Old"":175135,""New"":175165,""Reason"":3}"
55531402,"{""Old"":181269,""New"":181279,""Reason"":3}"
63583576,"{""Old"":291,""New"":301,""Reason"":3}"
63583576,"{""Old"":365,""New"":367,""Reason"":3}"
63583576,"{""Old"":233,""New"":235,""Reason"":3}"
11106826,"{""Old"":92,""New"":94,""Reason"":3}"
20555835,"{""Old"":95,""New"":97,""Reason"":3}"
74426538,"{""Old"":554,""New"":556,""Reason"":3}"
49825474,"{""Old"":2350,""New"":2352,""Reason"":3}"
49825474,"{""Old"":2646,""New"":2648,""Reason"":3}"
55531402,"{""Old"":410517,""New"":410527,""Reason"":3}"
82785902,"{""Old"":48864,""New"":48884,""Reason"":3}"
25799691,"{""Old"":1352,""New"":1354,""Reason"":3}"
53123610,"{""Old"":1,""New"":3,""Reason"":3}"
11106826,"{""Old"":104,""New"":106,""Reason"":3}"
218610415,"{""Old"":233,""New"":235,""Reason"":3}"
218610415,"{""Old"":243,""New"":245,""Reason"":3}"
63583576,"{""Old"":178,""New"":182,""Reason"":3}"
63583576,"{""Old"":369,""New"":371,""Reason"":3}"
218610415,"{""Old"":221,""New"":223,""Reason"":3}"
218610415,"{""Old"":257,""New"":259,""Reason"":3}"
218610415,"{""Old"":239,""New"":241,""Reason"":3}"
218610415,"{""Old"":219,""New"":221,""Reason"":3}"
19750058,"{""Old"":17,""New"":19,""Reason"":3}"
4472194,"{""Old"":2130,""New"":2132,""Reason"":3}"
4472194,"{""Old"":2093,""New"":2095,""Reason"":3}"
4472194,"{""Old"":2118,""New"":2120,""Reason"":3}"
8654000,"{""Old"":4144,""New"":4146,""Reason"":3}"
8654000,"{""Old"":4168,""New"":4170,""Reason"":3}"
8654000,"{""Old"":4896,""New"":4898,""Reason"":3}"
8654000,"{""Old"":4142,""New"":4144,""Reason"":3}"
120956657,"{""Old"":331,""New"":341,""Reason"":3}"
63799212,"{""Old"":4793,""New"":4795,""Reason"":3}"
63799212,"{""Old"":9569,""New"":9579,""Reason"":3}"
63799212,"{""Old"":10361,""New"":10371,""Reason"":3}"
63799212,"{""Old"":12489,""New"":12499,""Reason"":3}"
63799212,"{""Old"":9037,""New"":9047,""Reason"":3}"
63799212,"{""Old"":9223,""New"":9233,""Reason"":3}"
63799212,"{""Old"":5394,""New"":5396,""Reason"":3}"
63799212,"{""Old"":5536,""New"":5538,""Reason"":3}"
63799212,"{""Old"":5100,""New"":5104,""Reason"":3}"
63583576,"{""Old"":381,""New"":385,""Reason"":3}"
63583576,"{""Old"":161,""New"":163,""Reason"":3}"
63583576,"{""Old"":274,""New"":276,""Reason"":3}"
63583576,"{""Old"":321,""New"":323,""Reason"":3}"
63583576,"{""Old"":319,""New"":321,""Reason"":3}"
63583576,"{""Old"":363,""New"":365,""Reason"":3}"
63583576,"{""Old"":359,""New"":361,""Reason"":3}"
63583576,"{""Old"":195,""New"":197,""Reason"":3}"
63583576,"{""Old"":268,""New"":270,""Reason"":3}"
63583576,"{""Old"":309,""New"":311,""Reason"":3}"
63583576,"{""Old"":367,""New"":369,""Reason"":3}"
18220669,"{""Old"":1886,""New"":1888,""Reason"":3}"
31776438,"{""Old"":122,""New"":124,""Reason"":3}"
55531402,"{""Old"":386983,""New"":386993,""Reason"":3}"
55531402,"{""Old"":386928,""New"":386938,""Reason"":3}"
55531402,"{""Old"":387787,""New"":387797,""Reason"":3}"
55531402,"{""Old"":389247,""New"":389267,""Reason"":3}"
55531402,"{""Old"":390731,""New"":390741,""Reason"":3}"
55531402,"{""Old"":400014,""New"":400016,""Reason"":3}"
55531402,"{""Old"":402224,""New"":402234,""Reason"":3}"
55531402,"{""Old"":403913,""New"":403933,""Reason"":3}"
55531402,"{""Old"":404413,""New"":404423,""Reason"":3}"
55531402,"{""Old"":406228,""New"":406238,""Reason"":3}"
55531402,"{""Old"":405993,""New"":406023,""Reason"":3}"
25799691,"{""Old"":1306,""New"":1308,""Reason"":3}"
13603777,"{""Old"":528,""New"":530,""Reason"":3}"
299630,"{""Old"":1859,""New"":1861,""Reason"":3}"
299630,"{""Old"":2673,""New"":2677,""Reason"":3}"
12346315,"{""Old"":4141,""New"":4143,""Reason"":3}"
55531402,"{""Old"":171944,""New"":171954,""Reason"":3}"
55531402,"{""Old"":172577,""New"":172587,""Reason"":3}"
55531402,"{""Old"":180484,""New"":180494,""Reason"":3}"
12301610,"{""Old"":840,""New"":842,""Reason"":3}"
12301610,"{""Old"":916,""New"":918,""Reason"":3}"
63583576,"{""Old"":408,""New"":410,""Reason"":3}"
38752325,"{""Old"":906,""New"":908,""Reason"":3}"
7378760,"{""Old"":35083,""New"":35103,""Reason"":3}"
7378760,"{""Old"":36027,""New"":36047,""Reason"":3}"
63583576,"{""Old"":270,""New"":272,""Reason"":3}"
63583576,"{""Old"":276,""New"":278,""Reason"":3}"
7378760,"{""Old"":37869,""New"":37879,""Reason"":3}"
43365752,"{""Old"":814,""New"":816,""Reason"":3}"
84278309,"{""Old"":60,""New"":62,""Reason"":3}"
55921654,"{""Old"":1072,""New"":1074,""Reason"":3}"
84278309,"{""Old"":44,""New"":46,""Reason"":3}"
55531402,"{""Old"":172331,""New"":172333,""Reason"":3}"
55531402,"{""Old"":173239,""New"":173241,""Reason"":3}"
55531402,"{""Old"":173712,""New"":173722,""Reason"":3}"
55531402,"{""Old"":174955,""New"":174985,""Reason"":3}"
55531402,"{""Old"":178405,""New"":178415,""Reason"":3}"
55531402,"{""Old"":179407,""New"":179417,""Reason"":3}"
11534557,"{""Old"":300678,""New"":300680,""Reason"":3}"
11534557,"{""Old"":303272,""New"":303274,""Reason"":3}"
11534557,"{""Old"":303486,""New"":303488,""Reason"":3}"
11534557,"{""Old"":303927,""New"":303937,""Reason"":3}"
59231397,"{""Old"":995,""New"":997,""Reason"":3}"
59231397,"{""Old"":1454,""New"":1456,""Reason"":3}"
59231397,"{""Old"":1486,""New"":1496,""Reason"":3}"
55531402,"{""Old"":171459,""New"":171461,""Reason"":3}"
55531402,"{""Old"":174387,""New"":174389,""Reason"":3}"
55531402,"{""Old"":177043,""New"":177053,""Reason"":3}"
55531402,"{""Old"":179497,""New"":179507,""Reason"":3}"
11534557,"{""Old"":300468,""New"":300478,""Reason"":3}"
11534557,"{""Old"":298561,""New"":298571,""Reason"":3}"
11534557,"{""Old"":298826,""New"":298846,""Reason"":3}"
11534557,"{""Old"":299286,""New"":299296,""Reason"":3}"
38743885,"{""Old"":355,""New"":357,""Reason"":3}"
78174244,"{""Old"":1145,""New"":1147,""Reason"":3}"
41314505,"{""Old"":288,""New"":290,""Reason"":3}"
8654000,"{""Old"":5331,""New"":5341,""Reason"":3}"
15692128,"{""Old"":215,""New"":217,""Reason"":3}"
8654000,"{""Old"":4126,""New"":4128,""Reason"":3}"
8654000,"{""Old"":4584,""New"":4594,""Reason"":3}"
8654000,"{""Old"":4658,""New"":4660,""Reason"":3}"
8654000,"{""Old"":4130,""New"":4132,""Reason"":3}"
8654000,"{""Old"":4307,""New"":4309,""Reason"":3}"
8654000,"{""Old"":4552,""New"":4554,""Reason"":3}"
8654000,"{""Old"":6004,""New"":6014,""Reason"":3}"
2982116,"{""Old"":97,""New"":99,""Reason"":3}"
55531402,"{""Old"":386413,""New"":386433,""Reason"":3}"
55531402,"{""Old"":388062,""New"":388072,""Reason"":3}"
55531402,"{""Old"":392011,""New"":392021,""Reason"":3}"
55531402,"{""Old"":392681,""New"":392701,""Reason"":3}"
55531402,"{""Old"":399195,""New"":399205,""Reason"":3}"
55531402,"{""Old"":402836,""New"":402856,""Reason"":3}"
55531402,"{""Old"":404993,""New"":405003,""Reason"":3}"
55531402,"{""Old"":405728,""New"":405758,""Reason"":3}"
55531402,"{""Old"":409507,""New"":409517,""Reason"":3}"
67260187,"{""Old"":280,""New"":290,""Reason"":3}"
67260187,"{""Old"":293,""New"":295,""Reason"":3}"
67260187,"{""Old"":153,""New"":155,""Reason"":3}"
4405710,"{""Old"":640,""New"":642,""Reason"":3}"
67260187,"{""Old"":303,""New"":305,""Reason"":3}"
67260187,"{""Old"":346,""New"":348,""Reason"":3}"
55531402,"{""Old"":409992,""New"":410012,""Reason"":3}"
55531402,"{""Old"":411022,""New"":411062,""Reason"":3}"
55531402,"{""Old"":410887,""New"":410897,""Reason"":3}"
11534557,"{""Old"":298796,""New"":298826,""Reason"":3}"
11534557,"{""Old"":300940,""New"":300950,""Reason"":3}"
11534557,"{""Old"":303775,""New"":303785,""Reason"":3}"
49825474,"{""Old"":483,""New"":485,""Reason"":3}"
55531402,"{""Old"":172321,""New"":172331,""Reason"":3}"
55531402,"{""Old"":173276,""New"":173286,""Reason"":3}"
55531402,"{""Old"":173602,""New"":173632,""Reason"":3}"
55531402,"{""Old"":174057,""New"":174067,""Reason"":3}"
55531402,"{""Old"":175796,""New"":175836,""Reason"":3}"
55531402,"{""Old"":176396,""New"":176406,""Reason"":3}"
55531402,"{""Old"":177253,""New"":177263,""Reason"":3}"
55531402,"{""Old"":178667,""New"":178677,""Reason"":3}"
55531402,"{""Old"":179397,""New"":179407,""Reason"":3}"
55531402,"{""Old"":181359,""New"":181369,""Reason"":3}"
55531402,"{""Old"":181804,""New"":181814,""Reason"":3}"
59231397,"{""Old"":1845,""New"":1855,""Reason"":3}"
59231397,"{""Old"":3954,""New"":3956,""Reason"":3}"
59231397,"{""Old"":4280,""New"":4290,""Reason"":3}"
59231397,"{""Old"":4300,""New"":4310,""Reason"":3}"
59231397,"{""Old"":4380,""New"":4390,""Reason"":3}"
55531402,"{""Old"":171685,""New"":171705,""Reason"":3}"
55531402,"{""Old"":172747,""New"":172757,""Reason"":3}"
55531402,"{""Old"":174067,""New"":174077,""Reason"":3}"
55531402,"{""Old"":175385,""New"":175395,""Reason"":3}"
55531402,"{""Old"":177965,""New"":177975,""Reason"":3}"
55531402,"{""Old"":178817,""New"":178827,""Reason"":3}"
55531402,"{""Old"":182438,""New"":182440,""Reason"":3}"
59231397,"{""Old"":1588,""New"":1598,""Reason"":3}"
59231397,"{""Old"":3439,""New"":3449,""Reason"":3}"
120308116,"{""Old"":434,""New"":436,""Reason"":3}"
59231397,"{""Old"":3685,""New"":3695,""Reason"":3}"
55921654,"{""Old"":979,""New"":981,""Reason"":3}"
12301610,"{""Old"":922,""New"":924,""Reason"":3}"
123245731,"{""Old"":9725,""New"":9735,""Reason"":3}"
49825474,"{""Old"":386,""New"":388,""Reason"":3}"
55921654,"{""Old"":1199,""New"":1201,""Reason"":3}"
80141190,"{""Old"":422,""New"":424,""Reason"":3}"
80141190,"{""Old"":424,""New"":428,""Reason"":3}"
80141190,"{""Old"":329,""New"":331,""Reason"":3}"
37399438,"{""Old"":749,""New"":753,""Reason"":3}"
80141190,"{""Old"":517,""New"":519,""Reason"":3}"
17676293,"{""Old"":28589,""New"":28591,""Reason"":3}"
17676293,"{""Old"":28609,""New"":28611,""Reason"":3}"
55531402,"{""Old"":412909,""New"":412919,""Reason"":3}"
80141190,"{""Old"":304,""New"":306,""Reason"":3}"
83880780,"{""Old"":248,""New"":250,""Reason"":3}"
49825474,"{""Old"":2287,""New"":2289,""Reason"":3}"
49825474,"{""Old"":2436,""New"":2446,""Reason"":3}"
82785902,"{""Old"":45508,""New"":45512,""Reason"":3}"
82785902,"{""Old"":46523,""New"":46533,""Reason"":3}"
82785902,"{""Old"":46620,""New"":46622,""Reason"":3}"
82629288,"{""Old"":291,""New"":293,""Reason"":3}"
74426538,"{""Old"":964,""New"":966,""Reason"":3}"
74426538,"{""Old"":972,""New"":974,""Reason"":3}"
78174244,"{""Old"":1158,""New"":1160,""Reason"":3}"
78174244,"{""Old"":1114,""New"":1116,""Reason"":3}"
78174244,"{""Old"":1152,""New"":1154,""Reason"":3}"
78174244,"{""Old"":1258,""New"":1268,""Reason"":3}"
82629288,"{""Old"":560,""New"":562,""Reason"":3}"
82629288,"{""Old"":287,""New"":289,""Reason"":3}"
82629288,"{""Old"":440,""New"":442,""Reason"":3}"
4867326,"{""Old"":201,""New"":203,""Reason"":3}"
73588812,"{""Old"":1371,""New"":1373,""Reason"":3}"
73588812,"{""Old"":1392,""New"":1402,""Reason"":3}"
82629288,"{""Old"":326,""New"":328,""Reason"":3}"
82629288,"{""Old"":442,""New"":446,""Reason"":3}"
8654000,"{""Old"":4465,""New"":4475,""Reason"":3}"
8654000,"{""Old"":5563,""New"":5573,""Reason"":3}"
8654000,"{""Old"":5861,""New"":5871,""Reason"":3}"
8654000,"{""Old"":3970,""New"":3974,""Reason"":3}"
8654000,"{""Old"":4900,""New"":4910,""Reason"":3}"
15692128,"{""Old"":201,""New"":203,""Reason"":3}"
8654000,"{""Old"":4425,""New"":4427,""Reason"":3}"
8654000,"{""Old"":4554,""New"":4556,""Reason"":3}"
8654000,"{""Old"":5100,""New"":5102,""Reason"":3}"
8654000,"{""Old"":5583,""New"":5593,""Reason"":3}"
8654000,"{""Old"":5841,""New"":5851,""Reason"":3}"
8654000,"{""Old"":5491,""New"":5501,""Reason"":3}"
8654000,"{""Old"":4297,""New"":4299,""Reason"":3}"
8654000,"{""Old"":5341,""New"":5351,""Reason"":3}"
8654000,"{""Old"":5531,""New"":5551,""Reason"":3}"
8654000,"{""Old"":5762,""New"":5772,""Reason"":3}"
56305413,"{""Old"":2409,""New"":2411,""Reason"":3}"
56305413,"{""Old"":2679,""New"":2681,""Reason"":3}"
56305413,"{""Old"":2869,""New"":2871,""Reason"":3}"
56305413,"{""Old"":3068,""New"":3070,""Reason"":3}"
63799212,"{""Old"":7251,""New"":7261,""Reason"":3}"
63799212,"{""Old"":8040,""New"":8060,""Reason"":3}"
63799212,"{""Old"":10079,""New"":10089,""Reason"":3}"
63799212,"{""Old"":10331,""New"":10341,""Reason"":3}"
63799212,"{""Old"":10652,""New"":10662,""Reason"":3}"
63799212,"{""Old"":10630,""New"":10640,""Reason"":3}"
63799212,"{""Old"":11427,""New"":11437,""Reason"":3}"
19535546,"{""Old"":1354,""New"":1356,""Reason"":3}"
24208183,"{""Old"":104,""New"":106,""Reason"":3}"
66718790,"{""Old"":2920,""New"":2930,""Reason"":3}"
19535546,"{""Old"":1340,""New"":1342,""Reason"":3}"
66718790,"{""Old"":5969,""New"":5971,""Reason"":3}"
19535546,"{""Old"":1168,""New"":1170,""Reason"":3}"
24208183,"{""Old"":87,""New"":89,""Reason"":3}"
19535546,"{""Old"":1132,""New"":1134,""Reason"":3}"
26627671,"{""Old"":33,""New"":35,""Reason"":3}"
51765158,"{""Old"":1170,""New"":1174,""Reason"":3}"
46419793,"{""Old"":324,""New"":326,""Reason"":3}"
55531402,"{""Old"":806207,""New"":806217,""Reason"":3}"
55531402,"{""Old"":803800,""New"":803810,""Reason"":3}"
37279442,"{""Old"":10493,""New"":10495,""Reason"":3}"
75730356,"{""Old"":323,""New"":325,""Reason"":3}"
75730356,"{""Old"":519,""New"":521,""Reason"":3}"
40671256,"{""Old"":1660,""New"":1662,""Reason"":3}"
40671256,"{""Old"":1668,""New"":1670,""Reason"":3}"
63799212,"{""Old"":5720,""New"":5722,""Reason"":3}"
63799212,"{""Old"":5956,""New"":5958,""Reason"":3}"
63799212,"{""Old"":6927,""New"":6937,""Reason"":3}"
63799212,"{""Old"":8112,""New"":8122,""Reason"":3}"
63799212,"{""Old"":10865,""New"":10875,""Reason"":3}"
63799212,"{""Old"":12259,""New"":12269,""Reason"":3}"
63799212,"{""Old"":12429,""New"":12439,""Reason"":3}"
63799212,"{""Old"":13111,""New"":13121,""Reason"":3}"
63799212,"{""Old"":13271,""New"":13281,""Reason"":3}"
63799212,"{""Old"":13311,""New"":13313,""Reason"":3}"
63799212,"{""Old"":13940,""New"":13950,""Reason"":3}"
63799212,"{""Old"":9689,""New"":9699,""Reason"":3}"
63799212,"{""Old"":11447,""New"":11457,""Reason"":3}"
63799212,"{""Old"":13527,""New"":13537,""Reason"":3}"
63799212,"{""Old"":13661,""New"":13671,""Reason"":3}"
63799212,"{""Old"":6732,""New"":6742,""Reason"":3}"
19535546,"{""Old"":1683,""New"":1685,""Reason"":3}"
24208183,"{""Old"":98,""New"":100,""Reason"":3}"
19535546,"{""Old"":1612,""New"":1614,""Reason"":3}"
19535546,"{""Old"":1512,""New"":1516,""Reason"":3}"
41314505,"{""Old"":261,""New"":263,""Reason"":3}"
78174244,"{""Old"":1244,""New"":1246,""Reason"":3}"
83880780,"{""Old"":413,""New"":415,""Reason"":3}"
5732467,"{""Old"":753,""New"":763,""Reason"":3}"
52990199,"{""Old"":1039,""New"":1041,""Reason"":3}"
4915991,"{""Old"":14689,""New"":14691,""Reason"":3}"
80141190,"{""Old"":823,""New"":833,""Reason"":3}"
67260187,"{""Old"":102,""New"":104,""Reason"":3}"
67260187,"{""Old"":147,""New"":149,""Reason"":3}"
39485735,"{""Old"":347,""New"":349,""Reason"":3}"
39485735,"{""Old"":377,""New"":379,""Reason"":3}"
72885434,"{""Old"":87,""New"":89,""Reason"":3}"
37399438,"{""Old"":841,""New"":843,""Reason"":3}"
80141190,"{""Old"":446,""New"":448,""Reason"":3}"
80141190,"{""Old"":484,""New"":486,""Reason"":3}"
37399438,"{""Old"":764,""New"":774,""Reason"":3}"
82785902,"{""Old"":46291,""New"":46301,""Reason"":3}"
82785902,"{""Old"":46373,""New"":46383,""Reason"":3}"
55531402,"{""Old"":386003,""New"":386023,""Reason"":3}"
55531402,"{""Old"":386123,""New"":386143,""Reason"":3}"
55531402,"{""Old"":389497,""New"":389507,""Reason"":3}"
55531402,"{""Old"":390619,""New"":390629,""Reason"":3}"
55531402,"{""Old"":394606,""New"":394610,""Reason"":3}"
55531402,"{""Old"":397474,""New"":397494,""Reason"":3}"
55531402,"{""Old"":400386,""New"":400396,""Reason"":3}"
67260187,"{""Old"":215,""New"":217,""Reason"":3}"
67260187,"{""Old"":143,""New"":145,""Reason"":3}"
67260187,"{""Old"":184,""New"":186,""Reason"":3}"
55531402,"{""Old"":410662,""New"":410682,""Reason"":3}"
4405710,"{""Old"":697,""New"":699,""Reason"":3}"
80141190,"{""Old"":557,""New"":559,""Reason"":3}"
37399438,"{""Old"":744,""New"":746,""Reason"":3}"
53727285,"{""Old"":444,""New"":446,""Reason"":3}"
43365752,"{""Old"":766,""New"":772,""Reason"":3}"
43365752,"{""Old"":785,""New"":789,""Reason"":3}"
55921654,"{""Old"":943,""New"":945,""Reason"":3}"
55921654,"{""Old"":1140,""New"":1142,""Reason"":3}"
55921654,"{""Old"":1297,""New"":1301,""Reason"":3}"
59231397,"{""Old"":898,""New"":900,""Reason"":3}"
59231397,"{""Old"":1287,""New"":1289,""Reason"":3}"
12301610,"{""Old"":902,""New"":904,""Reason"":3}"
55921654,"{""Old"":1599,""New"":1601,""Reason"":3}"
55921654,"{""Old"":1449,""New"":1451,""Reason"":3}"
55921654,"{""Old"":955,""New"":957,""Reason"":3}"
71538718,"{""Old"":42,""New"":44,""Reason"":3}"
62439790,"{""Old"":1340,""New"":1342,""Reason"":3}"
204450309,"{""Old"":61,""New"":63,""Reason"":3}"
62439790,"{""Old"":1366,""New"":1376,""Reason"":3}"
62439790,"{""Old"":1422,""New"":1424,""Reason"":3}"
8159597,"{""Old"":150,""New"":154,""Reason"":3}"
80742310,"{""Old"":201,""New"":203,""Reason"":3}"
120956657,"{""Old"":2257,""New"":2267,""Reason"":3}"
8654000,"{""Old"":4134,""New"":4136,""Reason"":3}"
8654000,"{""Old"":5172,""New"":5182,""Reason"":3}"
8654000,"{""Old"":5426,""New"":5436,""Reason"":3}"
120956657,"{""Old"":148,""New"":150,""Reason"":3}"
120956657,"{""Old"":208,""New"":210,""Reason"":3}"
80742310,"{""Old"":122,""New"":124,""Reason"":3}"
8159597,"{""Old"":595,""New"":597,""Reason"":3}"
8159597,"{""Old"":773,""New"":775,""Reason"":3}"
8159597,"{""Old"":950,""New"":952,""Reason"":3}"
8159597,"{""Old"":3781,""New"":3791,""Reason"":3}"
8159597,"{""Old"":3849,""New"":3859,""Reason"":3}"
80742310,"{""Old"":93,""New"":97,""Reason"":3}"
8654000,"{""Old"":4936,""New"":4956,""Reason"":3}"
120956657,"{""Old"":261,""New"":263,""Reason"":3}"
120956657,"{""Old"":272,""New"":274,""Reason"":3}"
120956657,"{""Old"":347,""New"":349,""Reason"":3}"
67260187,"{""Old"":49,""New"":51,""Reason"":3}"
4405710,"{""Old"":699,""New"":701,""Reason"":3}"
67260187,"{""Old"":203,""New"":205,""Reason"":3}"
82785902,"{""Old"":45520,""New"":45522,""Reason"":3}"
80141190,"{""Old"":482,""New"":484,""Reason"":3}"
37621689,"{""Old"":572,""New"":574,""Reason"":3}"
80141190,"{""Old"":561,""New"":563,""Reason"":3}"
80141190,"{""Old"":655,""New"":659,""Reason"":3}"
64516532,"{""Old"":17,""New"":19,""Reason"":3}"
83880780,"{""Old"":259,""New"":261,""Reason"":3}"
83880780,"{""Old"":363,""New"":365,""Reason"":3}"
31776438,"{""Old"":293,""New"":295,""Reason"":3}"
65594943,"{""Old"":116,""New"":118,""Reason"":3}"
50416621,"{""Old"":478,""New"":480,""Reason"":3}"
53898758,"{""Old"":3498,""New"":3500,""Reason"":3}"
82785902,"{""Old"":46343,""New"":46353,""Reason"":3}"
55531402,"{""Old"":410962,""New"":410972,""Reason"":3}"
55531402,"{""Old"":411467,""New"":411477,""Reason"":3}"
31776438,"{""Old"":237,""New"":239,""Reason"":3}"
4405710,"{""Old"":679,""New"":681,""Reason"":3}"
4405710,"{""Old"":728,""New"":730,""Reason"":3}"
55531402,"{""Old"":412122,""New"":412142,""Reason"":3}"
55531402,"{""Old"":412752,""New"":412772,""Reason"":3}"
55531402,"{""Old"":413081,""New"":413091,""Reason"":3}"
49825474,"{""Old"":2027,""New"":2029,""Reason"":3}"
55531402,"{""Old"":802643,""New"":802673,""Reason"":3}"
55531402,"{""Old"":804930,""New"":804940,""Reason"":3}"
55531402,"{""Old"":802036,""New"":802076,""Reason"":3}"
55531402,"{""Old"":802873,""New"":802883,""Reason"":3}"
55531402,"{""Old"":804420,""New"":804440,""Reason"":3}"
55531402,"{""Old"":806642,""New"":806652,""Reason"":3}"
23839143,"{""Old"":272,""New"":274,""Reason"":3}"
40671256,"{""Old"":1662,""New"":1664,""Reason"":3}"
40671256,"{""Old"":1306,""New"":1310,""Reason"":3}"
40671256,"{""Old"":1624,""New"":1626,""Reason"":3}"
37279442,"{""Old"":10495,""New"":10497,""Reason"":3}"
37279442,"{""Old"":10487,""New"":10489,""Reason"":3}"
75730356,"{""Old"":156,""New"":158,""Reason"":3}"
40671256,"{""Old"":1337,""New"":1339,""Reason"":3}"
40671256,"{""Old"":1602,""New"":1604,""Reason"":3}"
40671256,"{""Old"":1277,""New"":1281,""Reason"":3}"
40671256,"{""Old"":1493,""New"":1503,""Reason"":3}"
40671256,"{""Old"":1547,""New"":1549,""Reason"":3}"
40671256,"{""Old"":1698,""New"":1700,""Reason"":3}"
13186631,"{""Old"":1649,""New"":1659,""Reason"":3}"
55531402,"{""Old"":805522,""New"":805532,""Reason"":3}"
13186631,"{""Old"":1591,""New"":1593,""Reason"":3}"
63799212,"{""Old"":6008,""New"":6018,""Reason"":3}"
63799212,"{""Old"":12389,""New"":12399,""Reason"":3}"
63799212,"{""Old"":7629,""New"":7639,""Reason"":3}"
63799212,"{""Old"":6068,""New"":6078,""Reason"":3}"
63799212,"{""Old"":9579,""New"":9589,""Reason"":3}"
63799212,"{""Old"":9759,""New"":9769,""Reason"":3}"
63799212,"{""Old"":10411,""New"":10431,""Reason"":3}"
63799212,"{""Old"":12591,""New"":12601,""Reason"":3}"
63799212,"{""Old"":5448,""New"":5458,""Reason"":3}"
63799212,"{""Old"":5732,""New"":5742,""Reason"":3}"
63799212,"{""Old"":5968,""New"":5978,""Reason"":3}"
52385318,"{""Old"":880,""New"":900,""Reason"":3}"
63799212,"{""Old"":5526,""New"":5536,""Reason"":3}"
63799212,"{""Old"":5616,""New"":5636,""Reason"":3}"
63799212,"{""Old"":6917,""New"":6927,""Reason"":3}"
63799212,"{""Old"":10311,""New"":10321,""Reason"":3}"
63799212,"{""Old"":13587,""New"":13597,""Reason"":3}"
63799212,"{""Old"":9109,""New"":9119,""Reason"":3}"
63799212,"{""Old"":9489,""New"":9499,""Reason"":3}"
63799212,"{""Old"":10590,""New"":10600,""Reason"":3}"
63799212,"{""Old"":12561,""New"":12591,""Reason"":3}"
63799212,"{""Old"":6580,""New"":6590,""Reason"":3}"
63799212,"{""Old"":7459,""New"":7469,""Reason"":3}"
63799212,"{""Old"":7751,""New"":7753,""Reason"":3}"
63799212,"{""Old"":9017,""New"":9027,""Reason"":3}"
63799212,"{""Old"":9245,""New"":9255,""Reason"":3}"
63799212,"{""Old"":9151,""New"":9161,""Reason"":3}"
63799212,"{""Old"":9312,""New"":9322,""Reason"":3}"
63799212,"{""Old"":9824,""New"":9834,""Reason"":3}"
63799212,"{""Old"":10451,""New"":10481,""Reason"":3}"
63799212,"{""Old"":13161,""New"":13171,""Reason"":3}"
63799212,"{""Old"":13475,""New"":13485,""Reason"":3}"
63799212,"{""Old"":13880,""New"":13890,""Reason"":3}"
12301610,"{""Old"":856,""New"":866,""Reason"":3}"
13603777,"{""Old"":556,""New"":558,""Reason"":3}"
84278309,"{""Old"":49,""New"":51,""Reason"":3}"
84278309,"{""Old"":66,""New"":68,""Reason"":3}"
84278309,"{""Old"":69,""New"":71,""Reason"":3}"
43365752,"{""Old"":800,""New"":810,""Reason"":3}"
55921654,"{""Old"":1484,""New"":1486,""Reason"":3}"
12301610,"{""Old"":832,""New"":836,""Reason"":3}"
123245731,"{""Old"":9784,""New"":9794,""Reason"":3}"
55921654,"{""Old"":958,""New"":960,""Reason"":3}"
55921654,"{""Old"":1022,""New"":1024,""Reason"":3}"
55921654,"{""Old"":1104,""New"":1114,""Reason"":3}"
55921654,"{""Old"":1239,""New"":1241,""Reason"":3}"
55921654,"{""Old"":1329,""New"":1331,""Reason"":3}"
43365752,"{""Old"":781,""New"":783,""Reason"":3}"
55921654,"{""Old"":1188,""New"":1190,""Reason"":3}"
55921654,"{""Old"":905,""New"":907,""Reason"":3}"
53727285,"{""Old"":442,""New"":444,""Reason"":3}"
55921654,"{""Old"":1001,""New"":1011,""Reason"":3}"
55921654,"{""Old"":1254,""New"":1256,""Reason"":3}"
55921654,"{""Old"":1274,""New"":1276,""Reason"":3}"
79702191,"{""Old"":464,""New"":466,""Reason"":3}"
79702191,"{""Old"":374,""New"":376,""Reason"":3}"
4867326,"{""Old"":241,""New"":243,""Reason"":3}"
79702191,"{""Old"":322,""New"":324,""Reason"":3}"
79702191,"{""Old"":378,""New"":380,""Reason"":3}"
79702191,"{""Old"":304,""New"":306,""Reason"":3}"
79702191,"{""Old"":398,""New"":400,""Reason"":3}"
79702191,"{""Old"":443,""New"":445,""Reason"":3}"
79702191,"{""Old"":462,""New"":464,""Reason"":3}"
82629288,"{""Old"":328,""New"":330,""Reason"":3}"
82629288,"{""Old"":448,""New"":450,""Reason"":3}"
73588812,"{""Old"":948,""New"":950,""Reason"":3}"
74426538,"{""Old"":976,""New"":978,""Reason"":3}"
4867326,"{""Old"":203,""New"":205,""Reason"":3}"
4867326,"{""Old"":233,""New"":235,""Reason"":3}"
78174244,"{""Old"":1286,""New"":1288,""Reason"":3}"
74426538,"{""Old"":968,""New"":972,""Reason"":3}"
78174244,"{""Old"":1126,""New"":1128,""Reason"":3}"
78174244,"{""Old"":1292,""New"":1294,""Reason"":3}"
24208183,"{""Old"":100,""New"":102,""Reason"":3}"
24208183,"{""Old"":90,""New"":92,""Reason"":3}"
19535546,"{""Old"":1487,""New"":1489,""Reason"":3}"
63799212,"{""Old"":6949,""New"":6951,""Reason"":3}"
63799212,"{""Old"":10391,""New"":10401,""Reason"":3}"
63799212,"{""Old"":10705,""New"":10715,""Reason"":3}"
63799212,"{""Old"":11087,""New"":11097,""Reason"":3}"
63799212,"{""Old"":12621,""New"":12631,""Reason"":3}"
63799212,"{""Old"":13011,""New"":13021,""Reason"":3}"
63799212,"{""Old"":13547,""New"":13557,""Reason"":3}"
63799212,"{""Old"":5418,""New"":5438,""Reason"":3}"
63799212,"{""Old"":5862,""New"":5864,""Reason"":3}"
63799212,"{""Old"":8090,""New"":8100,""Reason"":3}"
63799212,"{""Old"":11722,""New"":11732,""Reason"":3}"
63799212,"{""Old"":12921,""New"":12951,""Reason"":3}"
63799212,"{""Old"":13313,""New"":13333,""Reason"":3}"
63799212,"{""Old"":13651,""New"":13661,""Reason"":3}"
40671256,"{""Old"":1388,""New"":1390,""Reason"":3}"
19005457,"{""Old"":3560,""New"":3562,""Reason"":3}"
19535546,"{""Old"":1386,""New"":1388,""Reason"":3}"
19535546,"{""Old"":1594,""New"":1596,""Reason"":3}"
19535546,"{""Old"":1118,""New"":1120,""Reason"":3}"
66718790,"{""Old"":5947,""New"":5949,""Reason"":3}"
24208183,"{""Old"":114,""New"":116,""Reason"":3}"
19535546,"{""Old"":1138,""New"":1140,""Reason"":3}"
52385318,"{""Old"":700,""New"":702,""Reason"":3}"
52385318,"{""Old"":704,""New"":706,""Reason"":3}"
52385318,"{""Old"":900,""New"":902,""Reason"":3}"
63799212,"{""Old"":5646,""New"":5656,""Reason"":3}"
63799212,"{""Old"":5894,""New"":5904,""Reason"":3}"
63799212,"{""Old"":9769,""New"":9779,""Reason"":3}"
63799212,"{""Old"":10897,""New"":10907,""Reason"":3}"
63799212,"{""Old"":11957,""New"":11967,""Reason"":3}"
63799212,"{""Old"":13343,""New"":13363,""Reason"":3}"
63799212,"{""Old"":13577,""New"":13587,""Reason"":3}"
63799212,"{""Old"":14040,""New"":14050,""Reason"":3}"
63799212,"{""Old"":8437,""New"":8439,""Reason"":3}"
63799212,"{""Old"":9779,""New"":9799,""Reason"":3}"
63799212,"{""Old"":10745,""New"":10765,""Reason"":3}"
63799212,"{""Old"":12147,""New"":12157,""Reason"":3}"
63799212,"{""Old"":12951,""New"":12961,""Reason"":3}"
63799212,"{""Old"":8673,""New"":8693,""Reason"":3}"
63799212,"{""Old"":9265,""New"":9275,""Reason"":3}"
52385318,"{""Old"":552,""New"":554,""Reason"":3}"
63799212,"{""Old"":5612,""New"":5614,""Reason"":3}"
63799212,"{""Old"":10682,""New"":10692,""Reason"":3}"
63799212,"{""Old"":13021,""New"":13031,""Reason"":3}"
63799212,"{""Old"":7589,""New"":7599,""Reason"":3}"
63799212,"{""Old"":8479,""New"":8481,""Reason"":3}"
46419793,"{""Old"":438,""New"":440,""Reason"":3}"
46419793,"{""Old"":397,""New"":399,""Reason"":3}"
4915991,"{""Old"":14609,""New"":14619,""Reason"":3}"
80141190,"{""Old"":428,""New"":430,""Reason"":3}"
80141190,"{""Old"":348,""New"":350,""Reason"":3}"
80141190,"{""Old"":390,""New"":392,""Reason"":3}"
80141190,"{""Old"":420,""New"":422,""Reason"":3}"
42080759,"{""Old"":10,""New"":12,""Reason"":3}"
55531402,"{""Old"":396102,""New"":396112,""Reason"":3}"
55531402,"{""Old"":396421,""New"":396441,""Reason"":3}"
55531402,"{""Old"":397796,""New"":397806,""Reason"":3}"
55531402,"{""Old"":400926,""New"":400936,""Reason"":3}"
55531402,"{""Old"":402856,""New"":402866,""Reason"":3}"
55531402,"{""Old"":403156,""New"":403186,""Reason"":3}"
55531402,"{""Old"":403016,""New"":403026,""Reason"":3}"
55531402,"{""Old"":404183,""New"":404203,""Reason"":3}"
55531402,"{""Old"":406263,""New"":406273,""Reason"":3}"
55531402,"{""Old"":408590,""New"":408610,""Reason"":3}"
55531402,"{""Old"":385616,""New"":385626,""Reason"":3}"
55531402,"{""Old"":385731,""New"":385751,""Reason"":3}"
55531402,"{""Old"":386853,""New"":386863,""Reason"":3}"
55531402,"{""Old"":389267,""New"":389277,""Reason"":3}"
55531402,"{""Old"":389422,""New"":389432,""Reason"":3}"
55531402,"{""Old"":409320,""New"":409330,""Reason"":3}"
55531402,"{""Old"":386588,""New"":386598,""Reason"":3}"
55531402,"{""Old"":391791,""New"":391811,""Reason"":3}"
55531402,"{""Old"":396700,""New"":396710,""Reason"":3}"
55531402,"{""Old"":398711,""New"":398721,""Reason"":3}"
55531402,"{""Old"":405188,""New"":405198,""Reason"":3}"
55531402,"{""Old"":405623,""New"":405633,""Reason"":3}"
55531402,"{""Old"":407935,""New"":407945,""Reason"":3}"
55531402,"{""Old"":407985,""New"":408005,""Reason"":3}"
67260187,"{""Old"":156,""New"":158,""Reason"":3}"
82785902,"{""Old"":46180,""New"":46190,""Reason"":3}"
55531402,"{""Old"":388022,""New"":388042,""Reason"":3}"
55531402,"{""Old"":389647,""New"":389657,""Reason"":3}"
55531402,"{""Old"":389939,""New"":389969,""Reason"":3}"
55531402,"{""Old"":394545,""New"":394547,""Reason"":3}"
55531402,"{""Old"":398052,""New"":398062,""Reason"":3}"
55531402,"{""Old"":398701,""New"":398711,""Reason"":3}"
55531402,"{""Old"":399428,""New"":399448,""Reason"":3}"
55531402,"{""Old"":400206,""New"":400236,""Reason"":3}"
55531402,"{""Old"":400696,""New"":400716,""Reason"":3}"
55531402,"{""Old"":402706,""New"":402726,""Reason"":3}"
55531402,"{""Old"":405353,""New"":405363,""Reason"":3}"
55531402,"{""Old"":405643,""New"":405653,""Reason"":3}"
55531402,"{""Old"":405983,""New"":405993,""Reason"":3}"
55531402,"{""Old"":406833,""New"":406853,""Reason"":3}"
55531402,"{""Old"":408290,""New"":408300,""Reason"":3}"
55531402,"{""Old"":408800,""New"":408810,""Reason"":3}"
55531402,"{""Old"":409215,""New"":409255,""Reason"":3}"
55531402,"{""Old"":409205,""New"":409215,""Reason"":3}"
55531402,"{""Old"":409185,""New"":409205,""Reason"":3}"
55531402,"{""Old"":385906,""New"":385916,""Reason"":3}"
55531402,"{""Old"":386178,""New"":386198,""Reason"":3}"
55531402,"{""Old"":387248,""New"":387268,""Reason"":3}"
55531402,"{""Old"":390589,""New"":390599,""Reason"":3}"
55531402,"{""Old"":391121,""New"":391151,""Reason"":3}"
55531402,"{""Old"":392636,""New"":392646,""Reason"":3}"
55531402,"{""Old"":399872,""New"":399892,""Reason"":3}"
55531402,"{""Old"":405793,""New"":405813,""Reason"":3}"
55531402,"{""Old"":408440,""New"":408460,""Reason"":3}"
55531402,"{""Old"":385281,""New"":385311,""Reason"":3}"
55531402,"{""Old"":388449,""New"":388459,""Reason"":3}"
55531402,"{""Old"":389809,""New"":389819,""Reason"":3}"
55531402,"{""Old"":392671,""New"":392681,""Reason"":3}"
55531402,"{""Old"":399000,""New"":399010,""Reason"":3}"
55531402,"{""Old"":404793,""New"":404833,""Reason"":3}"
55531402,"{""Old"":406513,""New"":406543,""Reason"":3}"
55531402,"{""Old"":407113,""New"":407123,""Reason"":3}"
206872234,"{""Old"":285,""New"":287,""Reason"":3}"
2982116,"{""Old"":95,""New"":97,""Reason"":3}"
49825474,"{""Old"":2059,""New"":2061,""Reason"":3}"
67260187,"{""Old"":134,""New"":136,""Reason"":3}"
82785902,"{""Old"":46568,""New"":46578,""Reason"":3}"
49825474,"{""Old"":2321,""New"":2323,""Reason"":3}"
49825474,"{""Old"":2734,""New"":2736,""Reason"":3}"
30429272,"{""Old"":2628,""New"":2630,""Reason"":3}"
8151531,"{""Old"":9903,""New"":9905,""Reason"":3}"
8151531,"{""Old"":10971,""New"":10981,""Reason"":3}"
8159597,"{""Old"":4469,""New"":4471,""Reason"":3}"
8151531,"{""Old"":10642,""New"":10644,""Reason"":3}"
40824286,"{""Old"":2521,""New"":2523,""Reason"":3}"
8654000,"{""Old"":4138,""New"":4140,""Reason"":3}"
8654000,"{""Old"":5851,""New"":5861,""Reason"":3}"
80742310,"{""Old"":166,""New"":168,""Reason"":3}"
8654000,"{""Old"":5416,""New"":5426,""Reason"":3}"
8654000,"{""Old"":5954,""New"":5964,""Reason"":3}"
8654000,"{""Old"":5831,""New"":5841,""Reason"":3}"
8654000,"{""Old"":5894,""New"":5904,""Reason"":3}"
8654000,"{""Old"":5593,""New"":5595,""Reason"":3}"
8654000,"{""Old"":4922,""New"":4926,""Reason"":3}"
8654000,"{""Old"":4140,""New"":4142,""Reason"":3}"
8654000,"{""Old"":4158,""New"":4168,""Reason"":3}"
8654000,"{""Old"":5994,""New"":6004,""Reason"":3}"
46220970,"{""Old"":281,""New"":283,""Reason"":3}"
8159597,"{""Old"":587,""New"":589,""Reason"":3}"
8159597,"{""Old"":1597,""New"":1607,""Reason"":3}"
8159597,"{""Old"":4834,""New"":4844,""Reason"":3}"
8151531,"{""Old"":10712,""New"":10714,""Reason"":3}"
8151531,"{""Old"":10959,""New"":10961,""Reason"":3}"
8151531,"{""Old"":11061,""New"":11063,""Reason"":3}"
8151531,"{""Old"":10127,""New"":10129,""Reason"":3}"
8159597,"{""Old"":5016,""New"":5026,""Reason"":3}"
8151531,"{""Old"":10079,""New"":10081,""Reason"":3}"
8151531,"{""Old"":10286,""New"":10296,""Reason"":3}"
8151531,"{""Old"":10395,""New"":10397,""Reason"":3}"
8151531,"{""Old"":10474,""New"":10476,""Reason"":3}"
8151531,"{""Old"":10582,""New"":10584,""Reason"":3}"
8151531,"{""Old"":10698,""New"":10700,""Reason"":3}"
8159597,"{""Old"":3138,""New"":3148,""Reason"":3}"
8159597,"{""Old"":3416,""New"":3426,""Reason"":3}"
46220970,"{""Old"":283,""New"":285,""Reason"":3}"
8159597,"{""Old"":1673,""New"":1677,""Reason"":3}"
8159597,"{""Old"":2994,""New"":3004,""Reason"":3}"
8159597,"{""Old"":3973,""New"":3983,""Reason"":3}"
8159597,"{""Old"":4035,""New"":4037,""Reason"":3}"
8654000,"{""Old"":3974,""New"":3976,""Reason"":3}"
8654000,"{""Old"":4299,""New"":4301,""Reason"":3}"
8654000,"{""Old"":4447,""New"":4451,""Reason"":3}"
67260187,"{""Old"":51,""New"":53,""Reason"":3}"
67260187,"{""Old"":261,""New"":271,""Reason"":3}"
82785902,"{""Old"":46622,""New"":46632,""Reason"":3}"
82785902,"{""Old"":46642,""New"":46652,""Reason"":3}"
55531402,"{""Old"":390214,""New"":390234,""Reason"":3}"
55531402,"{""Old"":391356,""New"":391386,""Reason"":3}"
55531402,"{""Old"":392826,""New"":392836,""Reason"":3}"
55531402,"{""Old"":394526,""New"":394528,""Reason"":3}"
55531402,"{""Old"":395952,""New"":395972,""Reason"":3}"
55531402,"{""Old"":396319,""New"":396329,""Reason"":3}"
55531402,"{""Old"":398881,""New"":398891,""Reason"":3}"
55531402,"{""Old"":399282,""New"":399284,""Reason"":3}"
55531402,"{""Old"":400496,""New"":400506,""Reason"":3}"
55531402,"{""Old"":402986,""New"":402996,""Reason"":3}"
55531402,"{""Old"":405548,""New"":405558,""Reason"":3}"
55531402,"{""Old"":405908,""New"":405938,""Reason"":3}"
55531402,"{""Old"":406598,""New"":406608,""Reason"":3}"
55531402,"{""Old"":407755,""New"":407765,""Reason"":3}"
67260187,"{""Old"":178,""New"":180,""Reason"":3}"
55531402,"{""Old"":385501,""New"":385511,""Reason"":3}"
55531402,"{""Old"":388644,""New"":388654,""Reason"":3}"
55531402,"{""Old"":389026,""New"":389036,""Reason"":3}"
55531402,"{""Old"":397162,""New"":397172,""Reason"":3}"
55531402,"{""Old"":399120,""New"":399130,""Reason"":3}"
55531402,"{""Old"":399341,""New"":399351,""Reason"":3}"
55531402,"{""Old"":405653,""New"":405663,""Reason"":3}"
55531402,"{""Old"":408210,""New"":408220,""Reason"":3}"
4405710,"{""Old"":638,""New"":640,""Reason"":3}"
4405710,"{""Old"":701,""New"":703,""Reason"":3}"
55531402,"{""Old"":390609,""New"":390619,""Reason"":3}"
55531402,"{""Old"":391216,""New"":391226,""Reason"":3}"
55531402,"{""Old"":391636,""New"":391656,""Reason"":3}"
55531402,"{""Old"":395652,""New"":395662,""Reason"":3}"
55531402,"{""Old"":403266,""New"":403286,""Reason"":3}"
55531402,"{""Old"":403723,""New"":403743,""Reason"":3}"
55531402,"{""Old"":405463,""New"":405473,""Reason"":3}"
55531402,"{""Old"":409395,""New"":409405,""Reason"":3}"
55531402,"{""Old"":386623,""New"":386633,""Reason"":3}"
82785902,"{""Old"":45492,""New"":45496,""Reason"":3}"
48352269,"{""Old"":3038,""New"":3048,""Reason"":3}"
55531402,"{""Old"":385651,""New"":385661,""Reason"":3}"
55531402,"{""Old"":387138,""New"":387148,""Reason"":3}"
55531402,"{""Old"":390781,""New"":390791,""Reason"":3}"
55531402,"{""Old"":402816,""New"":402836,""Reason"":3}"
55531402,"{""Old"":408610,""New"":408620,""Reason"":3}"
55531402,"{""Old"":388879,""New"":388889,""Reason"":3}"
55531402,"{""Old"":394307,""New"":394309,""Reason"":3}"
55531402,"{""Old"":396247,""New"":396249,""Reason"":3}"
55531402,"{""Old"":397015,""New"":397025,""Reason"":3}"
55531402,"{""Old"":397853,""New"":397855,""Reason"":3}"
55531402,"{""Old"":398556,""New"":398566,""Reason"":3}"
55531402,"{""Old"":400616,""New"":400626,""Reason"":3}"
55531402,"{""Old"":402259,""New"":402279,""Reason"":3}"
55531402,"{""Old"":402646,""New"":402656,""Reason"":3}"
55531402,"{""Old"":402464,""New"":402484,""Reason"":3}"
55531402,"{""Old"":407188,""New"":407208,""Reason"":3}"
55531402,"{""Old"":407123,""New"":407143,""Reason"":3}"
55531402,"{""Old"":407565,""New"":407585,""Reason"":3}"
78174244,"{""Old"":1303,""New"":1305,""Reason"":3}"
73588812,"{""Old"":1712,""New"":1714,""Reason"":3}"
73588812,"{""Old"":974,""New"":978,""Reason"":3}"
36439403,"{""Old"":511,""New"":513,""Reason"":3}"
73588812,"{""Old"":1650,""New"":1652,""Reason"":3}"
74426538,"{""Old"":992,""New"":994,""Reason"":3}"
8654000,"{""Old"":4475,""New"":4477,""Reason"":3}"
8654000,"{""Old"":4870,""New"":4872,""Reason"":3}"
8654000,"{""Old"":4477,""New"":4479,""Reason"":3}"
8654000,"{""Old"":4660,""New"":4670,""Reason"":3}"
55921654,"{""Old"":283,""New"":285,""Reason"":3}"
8159597,"{""Old"":1259,""New"":1269,""Reason"":3}"
8159597,"{""Old"":1257,""New"":1259,""Reason"":3}"
8159597,"{""Old"":1345,""New"":1355,""Reason"":3}"
8159597,"{""Old"":2426,""New"":2436,""Reason"":3}"
8159597,"{""Old"":3286,""New"":3306,""Reason"":3}"
8159597,"{""Old"":3801,""New"":3803,""Reason"":3}"
8151531,"{""Old"":10027,""New"":10029,""Reason"":3}"
8151531,"{""Old"":10674,""New"":10676,""Reason"":3}"
8151531,"{""Old"":10672,""New"":10674,""Reason"":3}"
8159597,"{""Old"":1677,""New"":1687,""Reason"":3}"
8159597,"{""Old"":1775,""New"":1785,""Reason"":3}"
8151531,"{""Old"":11005,""New"":11007,""Reason"":3}"
8159597,"{""Old"":2350,""New"":2360,""Reason"":3}"
8159597,"{""Old"":2726,""New"":2736,""Reason"":3}"
15692128,"{""Old"":203,""New"":213,""Reason"":3}"
20302898,"{""Old"":1835,""New"":1837,""Reason"":3}"
8151531,"{""Old"":10233,""New"":10235,""Reason"":3}"
8151531,"{""Old"":10557,""New"":10561,""Reason"":3}"
8151531,"{""Old"":10692,""New"":10694,""Reason"":3}"
8159597,"{""Old"":1157,""New"":1167,""Reason"":3}"
8159597,"{""Old"":2756,""New"":2766,""Reason"":3}"
8159597,"{""Old"":3268,""New"":3278,""Reason"":3}"
8159597,"{""Old"":4069,""New"":4079,""Reason"":3}"
8159597,"{""Old"":1177,""New"":1179,""Reason"":3}"
8159597,"{""Old"":3983,""New"":3993,""Reason"":3}"
8159597,"{""Old"":1621,""New"":1623,""Reason"":3}"
8159597,"{""Old"":2302,""New"":2312,""Reason"":3}"
8159597,"{""Old"":2370,""New"":2380,""Reason"":3}"
8159597,"{""Old"":3054,""New"":3056,""Reason"":3}"
8159597,"{""Old"":3881,""New"":3891,""Reason"":3}"
30429272,"{""Old"":2564,""New"":2566,""Reason"":3}"
40671256,"{""Old"":1816,""New"":1818,""Reason"":3}"
19535546,"{""Old"":1337,""New"":1339,""Reason"":3}"
66718790,"{""Old"":5959,""New"":5969,""Reason"":3}"
66718790,"{""Old"":4268,""New"":4278,""Reason"":3}"
52385318,"{""Old"":529,""New"":531,""Reason"":3}"
63799212,"{""Old"":5614,""New"":5616,""Reason"":3}"
63799212,"{""Old"":4171,""New"":4173,""Reason"":3}"
52385318,"{""Old"":554,""New"":556,""Reason"":3}"
63799212,"{""Old"":5792,""New"":5802,""Reason"":3}"
63799212,"{""Old"":5998,""New"":6008,""Reason"":3}"
63799212,"{""Old"":6220,""New"":6230,""Reason"":3}"
63799212,"{""Old"":11017,""New"":11027,""Reason"":3}"
63799212,"{""Old"":13485,""New"":13495,""Reason"":3}"
63799212,"{""Old"":7199,""New"":7201,""Reason"":3}"
56866711,"{""Old"":2389,""New"":2391,""Reason"":3}"
19535546,"{""Old"":1501,""New"":1511,""Reason"":3}"
56305413,"{""Old"":2501,""New"":2503,""Reason"":3}"
56305413,"{""Old"":2828,""New"":2838,""Reason"":3}"
56305413,"{""Old"":2314,""New"":2316,""Reason"":3}"
56305413,"{""Old"":2594,""New"":2604,""Reason"":3}"
56305413,"{""Old"":2620,""New"":2622,""Reason"":3}"
56305413,"{""Old"":3204,""New"":3206,""Reason"":3}"
81192725,"{""Old"":307,""New"":309,""Reason"":3}"
56305413,"{""Old"":2499,""New"":2501,""Reason"":3}"
56305413,"{""Old"":2671,""New"":2673,""Reason"":3}"
13245861,"{""Old"":405,""New"":407,""Reason"":3}"
76395205,"{""Old"":438,""New"":442,""Reason"":3}"
56305413,"{""Old"":2842,""New"":2844,""Reason"":3}"
19535546,"{""Old"":1389,""New"":1391,""Reason"":3}"
19535546,"{""Old"":1453,""New"":1463,""Reason"":3}"
75730356,"{""Old"":252,""New"":254,""Reason"":3}"
56305413,"{""Old"":3168,""New"":3178,""Reason"":3}"
46419793,"{""Old"":453,""New"":455,""Reason"":3}"
56305413,"{""Old"":3131,""New"":3141,""Reason"":3}"
46419793,"{""Old"":332,""New"":342,""Reason"":3}"
51765158,"{""Old"":1128,""New"":1130,""Reason"":3}"
70373765,"{""Old"":260,""New"":262,""Reason"":3}"
75730356,"{""Old"":206,""New"":208,""Reason"":3}"
67260187,"{""Old"":191,""New"":193,""Reason"":3}"
55531402,"{""Old"":390289,""New"":390299,""Reason"":3}"
55531402,"{""Old"":394280,""New"":394282,""Reason"":3}"
55531402,"{""Old"":394684,""New"":394694,""Reason"":3}"
55531402,"{""Old"":394990,""New"":395000,""Reason"":3}"
55531402,"{""Old"":395490,""New"":395500,""Reason"":3}"
55531402,"{""Old"":398591,""New"":398601,""Reason"":3}"
55531402,"{""Old"":398646,""New"":398666,""Reason"":3}"
55531402,"{""Old"":399695,""New"":399705,""Reason"":3}"
55531402,"{""Old"":401937,""New"":401939,""Reason"":3}"
55531402,"{""Old"":402189,""New"":402199,""Reason"":3}"
55531402,"{""Old"":385661,""New"":385671,""Reason"":3}"
55531402,"{""Old"":386788,""New"":386808,""Reason"":3}"
55531402,"{""Old"":388394,""New"":388404,""Reason"":3}"
55531402,"{""Old"":399286,""New"":399296,""Reason"":3}"
55531402,"{""Old"":401722,""New"":401732,""Reason"":3}"
55531402,"{""Old"":402996,""New"":403006,""Reason"":3}"
55531402,"{""Old"":403798,""New"":403808,""Reason"":3}"
55531402,"{""Old"":405603,""New"":405623,""Reason"":3}"
55531402,"{""Old"":408570,""New"":408580,""Reason"":3}"
55531402,"{""Old"":408695,""New"":408715,""Reason"":3}"
82785902,"{""Old"":45707,""New"":45709,""Reason"":3}"
82785902,"{""Old"":45960,""New"":45970,""Reason"":3}"
82785902,"{""Old"":46265,""New"":46267,""Reason"":3}"
82785902,"{""Old"":46289,""New"":46291,""Reason"":3}"
82785902,"{""Old"":46478,""New"":46488,""Reason"":3}"
44361334,"{""Old"":139,""New"":141,""Reason"":3}"
212325782,"{""Old"":6071,""New"":6081,""Reason"":3}"
55531402,"{""Old"":409727,""New"":409737,""Reason"":3}"
67260187,"{""Old"":21,""New"":23,""Reason"":3}"
67260187,"{""Old"":217,""New"":221,""Reason"":3}"
55531402,"{""Old"":387615,""New"":387625,""Reason"":3}"
55531402,"{""Old"":388152,""New"":388162,""Reason"":3}"
55531402,"{""Old"":389216,""New"":389218,""Reason"":3}"
55531402,"{""Old"":392846,""New"":392856,""Reason"":3}"
55531402,"{""Old"":395423,""New"":395425,""Reason"":3}"
55531402,"{""Old"":397035,""New"":397045,""Reason"":3}"
55531402,"{""Old"":397711,""New"":397741,""Reason"":3}"
55531402,"{""Old"":398546,""New"":398556,""Reason"":3}"
55531402,"{""Old"":398963,""New"":398965,""Reason"":3}"
55531402,"{""Old"":400396,""New"":400406,""Reason"":3}"
55531402,"{""Old"":400916,""New"":400926,""Reason"":3}"
55531402,"{""Old"":400816,""New"":400836,""Reason"":3}"
55531402,"{""Old"":405223,""New"":405233,""Reason"":3}"
55531402,"{""Old"":407670,""New"":407680,""Reason"":3}"
55531402,"{""Old"":407965,""New"":407985,""Reason"":3}"
55531402,"{""Old"":409827,""New"":409837,""Reason"":3}"
55531402,"{""Old"":386993,""New"":387013,""Reason"":3}"
55531402,"{""Old"":388634,""New"":388644,""Reason"":3}"
55531402,"{""Old"":390159,""New"":390169,""Reason"":3}"
55531402,"{""Old"":395403,""New"":395423,""Reason"":3}"
55531402,"{""Old"":396710,""New"":396720,""Reason"":3}"
55531402,"{""Old"":396910,""New"":396920,""Reason"":3}"
55531402,"{""Old"":396880,""New"":396890,""Reason"":3}"
55531402,"{""Old"":399272,""New"":399282,""Reason"":3}"
55531402,"{""Old"":400056,""New"":400066,""Reason"":3}"
55531402,"{""Old"":402556,""New"":402566,""Reason"":3}"
55531402,"{""Old"":407103,""New"":407113,""Reason"":3}"
63799212,"{""Old"":6680,""New"":6682,""Reason"":3}"
63799212,"{""Old"":9007,""New"":9017,""Reason"":3}"
63799212,"{""Old"":9087,""New"":9089,""Reason"":3}"
63799212,"{""Old"":10229,""New"":10239,""Reason"":3}"
63799212,"{""Old"":10371,""New"":10391,""Reason"":3}"
63799212,"{""Old"":9099,""New"":9109,""Reason"":3}"
63799212,"{""Old"":9459,""New"":9469,""Reason"":3}"
63799212,"{""Old"":12529,""New"":12539,""Reason"":3}"
63799212,"{""Old"":13515,""New"":13517,""Reason"":3}"
63799212,"{""Old"":13890,""New"":13900,""Reason"":3}"
63799212,"{""Old"":5396,""New"":5406,""Reason"":3}"
63799212,"{""Old"":13031,""New"":13041,""Reason"":3}"
63799212,"{""Old"":7241,""New"":7251,""Reason"":3}"
63799212,"{""Old"":7457,""New"":7459,""Reason"":3}"
63799212,"{""Old"":7696,""New"":7706,""Reason"":3}"
63799212,"{""Old"":8835,""New"":8845,""Reason"":3}"
63799212,"{""Old"":9119,""New"":9121,""Reason"":3}"
63799212,"{""Old"":6787,""New"":6797,""Reason"":3}"
63799212,"{""Old"":8867,""New"":8877,""Reason"":3}"
63799212,"{""Old"":9171,""New"":9191,""Reason"":3}"
63799212,"{""Old"":12369,""New"":12389,""Reason"":3}"
52385318,"{""Old"":647,""New"":657,""Reason"":3}"
63799212,"{""Old"":5440,""New"":5444,""Reason"":3}"
63799212,"{""Old"":5390,""New"":5392,""Reason"":3}"
63799212,"{""Old"":5988,""New"":5998,""Reason"":3}"
55531402,"{""Old"":796177,""New"":796187,""Reason"":3}"
55531402,"{""Old"":798400,""New"":798420,""Reason"":3}"
55531402,"{""Old"":799217,""New"":799219,""Reason"":3}"
55531402,"{""Old"":794616,""New"":794626,""Reason"":3}"
55531402,"{""Old"":800460,""New"":800470,""Reason"":3}"
55531402,"{""Old"":801499,""New"":801509,""Reason"":3}"
55531402,"{""Old"":799329,""New"":799339,""Reason"":3}"
55531402,"{""Old"":799596,""New"":799606,""Reason"":3}"
55531402,"{""Old"":801015,""New"":801035,""Reason"":3}"
55531402,"{""Old"":796769,""New"":796779,""Reason"":3}"
55531402,"{""Old"":794084,""New"":794104,""Reason"":3}"
55531402,"{""Old"":795069,""New"":795089,""Reason"":3}"
55531402,"{""Old"":795474,""New"":795494,""Reason"":3}"
55531402,"{""Old"":795747,""New"":795777,""Reason"":3}"
55531402,"{""Old"":796604,""New"":796624,""Reason"":3}"
55531402,"{""Old"":801299,""New"":801309,""Reason"":3}"
40671256,"{""Old"":1312,""New"":1314,""Reason"":3}"
40671256,"{""Old"":1324,""New"":1326,""Reason"":3}"
40671256,"{""Old"":1693,""New"":1695,""Reason"":3}"
63799212,"{""Old"":10019,""New"":10049,""Reason"":3}"
63799212,"{""Old"":10855,""New"":10865,""Reason"":3}"
63799212,"{""Old"":5666,""New"":5686,""Reason"":3}"
63799212,"{""Old"":6461,""New"":6463,""Reason"":3}"
63799212,"{""Old"":10692,""New"":10694,""Reason"":3}"
63799212,"{""Old"":12631,""New"":12641,""Reason"":3}"
63799212,"{""Old"":12731,""New"":12741,""Reason"":3}"
63799212,"{""Old"":13181,""New"":13201,""Reason"":3}"
63799212,"{""Old"":8763,""New"":8773,""Reason"":3}"
63799212,"{""Old"":9047,""New"":9067,""Reason"":3}"
63799212,"{""Old"":10917,""New"":10927,""Reason"":3}"
63799212,"{""Old"":12519,""New"":12529,""Reason"":3}"
63799212,"{""Old"":8020,""New"":8030,""Reason"":3}"
63799212,"{""Old"":9300,""New"":9302,""Reason"":3}"
63799212,"{""Old"":10907,""New"":10917,""Reason"":3}"
63799212,"{""Old"":10967,""New"":10977,""Reason"":3}"
63799212,"{""Old"":13517,""New"":13527,""Reason"":3}"
63799212,"{""Old"":12961,""New"":12981,""Reason"":3}"
63799212,"{""Old"":8795,""New"":8805,""Reason"":3}"
63799212,"{""Old"":8845,""New"":8855,""Reason"":3}"
52385318,"{""Old"":531,""New"":533,""Reason"":3}"
55531402,"{""Old"":795541,""New"":795551,""Reason"":3}"
55531402,"{""Old"":795529,""New"":795539,""Reason"":3}"
55531402,"{""Old"":797016,""New"":797026,""Reason"":3}"
55531402,"{""Old"":798500,""New"":798520,""Reason"":3}"
55531402,"{""Old"":798932,""New"":798942,""Reason"":3}"
55531402,"{""Old"":800570,""New"":800580,""Reason"":3}"
55531402,"{""Old"":801005,""New"":801015,""Reason"":3}"
55531402,"{""Old"":801379,""New"":801399,""Reason"":3}"
55531402,"{""Old"":801751,""New"":801771,""Reason"":3}"
52990199,"{""Old"":1189,""New"":1191,""Reason"":3}"
50416621,"{""Old"":472,""New"":474,""Reason"":3}"
50416621,"{""Old"":167,""New"":169,""Reason"":3}"
53898758,"{""Old"":3482,""New"":3484,""Reason"":3}"
72885434,"{""Old"":97,""New"":99,""Reason"":3}"
82785902,"{""Old"":46578,""New"":46588,""Reason"":3}"
82785902,"{""Old"":47512,""New"":47514,""Reason"":3}"
67260187,"{""Old"":259,""New"":261,""Reason"":3}"
55531402,"{""Old"":398022,""New"":398032,""Reason"":3}"
55531402,"{""Old"":398419,""New"":398421,""Reason"":3}"
55531402,"{""Old"":403236,""New"":403256,""Reason"":3}"
55531402,"{""Old"":405633,""New"":405643,""Reason"":3}"
55531402,"{""Old"":407890,""New"":407910,""Reason"":3}"
55531402,"{""Old"":385581,""New"":385591,""Reason"":3}"
55531402,"{""Old"":386873,""New"":386893,""Reason"":3}"
55531402,"{""Old"":387967,""New"":387977,""Reason"":3}"
55531402,"{""Old"":388317,""New"":388327,""Reason"":3}"
55531402,"{""Old"":389218,""New"":389222,""Reason"":3}"
55531402,"{""Old"":390599,""New"":390609,""Reason"":3}"
55531402,"{""Old"":395209,""New"":395219,""Reason"":3}"
55531402,"{""Old"":399892,""New"":399902,""Reason"":3}"
55531402,"{""Old"":403306,""New"":403316,""Reason"":3}"
55531402,"{""Old"":409405,""New"":409415,""Reason"":3}"
49825474,"{""Old"":2062,""New"":2064,""Reason"":3}"
52990199,"{""Old"":898,""New"":900,""Reason"":3}"
62439790,"{""Old"":1445,""New"":1447,""Reason"":3}"
82629288,"{""Old"":285,""New"":287,""Reason"":3}"
82629288,"{""Old"":506,""New"":508,""Reason"":3}"
57366251,"{""Old"":3119,""New"":3129,""Reason"":3}"
73588812,"{""Old"":1616,""New"":1618,""Reason"":3}"
73588812,"{""Old"":1652,""New"":1654,""Reason"":3}"
73588812,"{""Old"":1507,""New"":1509,""Reason"":3}"
73588812,"{""Old"":1565,""New"":1567,""Reason"":3}"
73588812,"{""Old"":1797,""New"":1799,""Reason"":3}"
32027539,"{""Old"":738,""New"":740,""Reason"":3}"
35936585,"{""Old"":27323,""New"":27333,""Reason"":3}"
56305413,"{""Old"":2236,""New"":2238,""Reason"":3}"
56305413,"{""Old"":2592,""New"":2594,""Reason"":3}"
56305413,"{""Old"":3058,""New"":3068,""Reason"":3}"
70373765,"{""Old"":249,""New"":251,""Reason"":3}"
220667075,"{""Old"":773,""New"":775,""Reason"":3}"
55531402,"{""Old"":794897,""New"":794907,""Reason"":3}"
55531402,"{""Old"":796789,""New"":796799,""Reason"":3}"
55531402,"{""Old"":797927,""New"":797937,""Reason"":3}"
55531402,"{""Old"":798802,""New"":798812,""Reason"":3}"
55531402,"{""Old"":799549,""New"":799559,""Reason"":3}"
55531402,"{""Old"":801816,""New"":801836,""Reason"":3}"
13186631,"{""Old"":1579,""New"":1589,""Reason"":3}"
45310161,"{""Old"":97,""New"":99,""Reason"":3}"
45310161,"{""Old"":126,""New"":128,""Reason"":3}"
55531402,"{""Old"":794151,""New"":794181,""Reason"":3}"
55531402,"{""Old"":794542,""New"":794544,""Reason"":3}"
55531402,"{""Old"":797101,""New"":797111,""Reason"":3}"
55531402,"{""Old"":796961,""New"":796971,""Reason"":3}"
55531402,"{""Old"":799439,""New"":799449,""Reason"":3}"
55531402,"{""Old"":801127,""New"":801147,""Reason"":3}"
55531402,"{""Old"":796836,""New"":796856,""Reason"":3}"
55531402,"{""Old"":799991,""New"":800031,""Reason"":3}"
70367218,"{""Old"":221,""New"":223,""Reason"":3}"
84641297,"{""Old"":4038,""New"":4040,""Reason"":3}"
57366251,"{""Old"":3092,""New"":3094,""Reason"":3}"
38405690,"{""Old"":658,""New"":660,""Reason"":3}"
48352269,"{""Old"":2820,""New"":2830,""Reason"":3}"
48352269,"{""Old"":2934,""New"":2944,""Reason"":3}"
49825474,"{""Old"":2044,""New"":2046,""Reason"":3}"
49825474,"{""Old"":2030,""New"":2032,""Reason"":3}"
50416621,"{""Old"":203,""New"":205,""Reason"":3}"
50416621,"{""Old"":486,""New"":488,""Reason"":3}"
2982116,"{""Old"":99,""New"":101,""Reason"":3}"
55531402,"{""Old"":386653,""New"":386663,""Reason"":3}"
55531402,"{""Old"":390384,""New"":390394,""Reason"":3}"
55531402,"{""Old"":391601,""New"":391611,""Reason"":3}"
55531402,"{""Old"":392171,""New"":392221,""Reason"":3}"
55531402,"{""Old"":402139,""New"":402149,""Reason"":3}"
55531402,"{""Old"":404018,""New"":404028,""Reason"":3}"
55531402,"{""Old"":404378,""New"":404388,""Reason"":3}"
55531402,"{""Old"":406993,""New"":407003,""Reason"":3}"
55531402,"{""Old"":407745,""New"":407755,""Reason"":3}"
55531402,"{""Old"":409165,""New"":409185,""Reason"":3}"
55531402,"{""Old"":385431,""New"":385441,""Reason"":3}"
55531402,"{""Old"":385916,""New"":385936,""Reason"":3}"
55531402,"{""Old"":388072,""New"":388092,""Reason"":3}"
55531402,"{""Old"":389864,""New"":389884,""Reason"":3}"
55531402,"{""Old"":390139,""New"":390149,""Reason"":3}"
55531402,"{""Old"":390686,""New"":390696,""Reason"":3}"
55531402,"{""Old"":390629,""New"":390639,""Reason"":3}"
55531402,"{""Old"":392581,""New"":392591,""Reason"":3}"
55531402,"{""Old"":394528,""New"":394530,""Reason"":3}"
55531402,"{""Old"":395887,""New"":395897,""Reason"":3}"
55531402,"{""Old"":396503,""New"":396513,""Reason"":3}"
55531402,"{""Old"":401517,""New"":401527,""Reason"":3}"
55531402,"{""Old"":403341,""New"":403371,""Reason"":3}"
55531402,"{""Old"":404278,""New"":404288,""Reason"":3}"
55531402,"{""Old"":409065,""New"":409075,""Reason"":3}"
55531402,"{""Old"":390094,""New"":390104,""Reason"":3}"
55531402,"{""Old"":391591,""New"":391601,""Reason"":3}"
55531402,"{""Old"":392906,""New"":392926,""Reason"":3}"
55531402,"{""Old"":394782,""New"":394792,""Reason"":3}"
55531402,"{""Old"":400016,""New"":400036,""Reason"":3}"
55531402,"{""Old"":401150,""New"":401152,""Reason"":3}"
55531402,"{""Old"":401762,""New"":401782,""Reason"":3}"
55531402,"{""Old"":405303,""New"":405313,""Reason"":3}"
55531402,"{""Old"":406748,""New"":406778,""Reason"":3}"
55531402,"{""Old"":388784,""New"":388804,""Reason"":3}"
55531402,"{""Old"":389151,""New"":389161,""Reason"":3}"
55531402,"{""Old"":389582,""New"":389592,""Reason"":3}"
55531402,"{""Old"":389527,""New"":389537,""Reason"":3}"
67260187,"{""Old"":373,""New"":375,""Reason"":3}"
62439790,"{""Old"":1178,""New"":1180,""Reason"":3}"
4867326,"{""Old"":168,""New"":170,""Reason"":3}"
63778994,"{""Old"":155971,""New"":155981,""Reason"":3}"
63778994,"{""Old"":158742,""New"":158762,""Reason"":3}"
62439790,"{""Old"":1126,""New"":1128,""Reason"":3}"
62439790,"{""Old"":1289,""New"":1291,""Reason"":3}"
8159597,"{""Old"":4916,""New"":4926,""Reason"":3}"
8159597,"{""Old"":4588,""New"":4598,""Reason"":3}"
8159597,"{""Old"":4628,""New"":4638,""Reason"":3}"
8159597,"{""Old"":5136,""New"":5138,""Reason"":3}"
55921654,"{""Old"":247,""New"":249,""Reason"":3}"
55921654,"{""Old"":253,""New"":255,""Reason"":3}"
8151531,"{""Old"":9907,""New"":9909,""Reason"":3}"
8151531,"{""Old"":10061,""New"":10063,""Reason"":3}"
8151531,"{""Old"":10670,""New"":10672,""Reason"":3}"
8151531,"{""Old"":10842,""New"":10844,""Reason"":3}"
55921654,"{""Old"":267,""New"":269,""Reason"":3}"
30429272,"{""Old"":2566,""New"":2568,""Reason"":3}"
70315956,"{""Old"":136,""New"":138,""Reason"":3}"
8151531,"{""Old"":10786,""New"":10788,""Reason"":3}"
8151531,"{""Old"":10853,""New"":10855,""Reason"":3}"
8151531,"{""Old"":10794,""New"":10796,""Reason"":3}"
8151531,"{""Old"":10931,""New"":10933,""Reason"":3}"
8159597,"{""Old"":1167,""New"":1177,""Reason"":3}"
8159597,"{""Old"":1293,""New"":1295,""Reason"":3}"
8159597,"{""Old"":1255,""New"":1257,""Reason"":3}"
8159597,"{""Old"":2910,""New"":2920,""Reason"":3}"
30429272,"{""Old"":2599,""New"":2603,""Reason"":3}"
55921654,"{""Old"":236,""New"":238,""Reason"":3}"
8151531,"{""Old"":10141,""New"":10143,""Reason"":3}"
8151531,"{""Old"":10309,""New"":10311,""Reason"":3}"
8151531,"{""Old"":10710,""New"":10712,""Reason"":3}"
8151531,"{""Old"":9939,""New"":9949,""Reason"":3}"
8151531,"{""Old"":10258,""New"":10260,""Reason"":3}"
57366251,"{""Old"":3146,""New"":3148,""Reason"":3}"
37988048,"{""Old"":1091,""New"":1093,""Reason"":3}"
41008032,"{""Old"":972,""New"":974,""Reason"":3}"
73276609,"{""Old"":266,""New"":270,""Reason"":3}"
73588812,"{""Old"":1799,""New"":1801,""Reason"":3}"
73588812,"{""Old"":1538,""New"":1548,""Reason"":3}"
36439403,"{""Old"":553,""New"":555,""Reason"":3}"
82629288,"{""Old"":530,""New"":532,""Reason"":3}"
82629288,"{""Old"":382,""New"":386,""Reason"":3}"
73588812,"{""Old"":1523,""New"":1533,""Reason"":3}"
8159597,"{""Old"":1611,""New"":1621,""Reason"":3}"
8159597,"{""Old"":2422,""New"":2424,""Reason"":3}"
8159597,"{""Old"":4179,""New"":4199,""Reason"":3}"
8159597,"{""Old"":4692,""New"":4702,""Reason"":3}"
8159597,"{""Old"":4996,""New"":5006,""Reason"":3}"
8151531,"{""Old"":10482,""New"":10492,""Reason"":3}"
30429272,"{""Old"":2534,""New"":2536,""Reason"":3}"
8151531,"{""Old"":11085,""New"":11087,""Reason"":3}"
8159597,"{""Old"":4874,""New"":4884,""Reason"":3}"
40824286,"{""Old"":2511,""New"":2513,""Reason"":3}"
8159597,"{""Old"":1193,""New"":1195,""Reason"":3}"
8159597,"{""Old"":1253,""New"":1255,""Reason"":3}"
8159597,"{""Old"":2656,""New"":2666,""Reason"":3}"
8159597,"{""Old"":2736,""New"":2746,""Reason"":3}"
8159597,"{""Old"":3108,""New"":3118,""Reason"":3}"
8159597,"{""Old"":3188,""New"":3198,""Reason"":3}"
50416621,"{""Old"":138,""New"":140,""Reason"":3}"
50416621,"{""Old"":165,""New"":167,""Reason"":3}"
50416621,"{""Old"":192,""New"":194,""Reason"":3}"
49825474,"{""Old"":2142,""New"":2144,""Reason"":3}"
49825474,"{""Old"":2118,""New"":2128,""Reason"":3}"
18436020,"{""Old"":638,""New"":640,""Reason"":3}"
67260187,"{""Old"":257,""New"":259,""Reason"":3}"
55531402,"{""Old"":390956,""New"":390966,""Reason"":3}"
55531402,"{""Old"":395632,""New"":395642,""Reason"":3}"
55531402,"{""Old"":396177,""New"":396187,""Reason"":3}"
55531402,"{""Old"":397519,""New"":397529,""Reason"":3}"
55531402,"{""Old"":398087,""New"":398097,""Reason"":3}"
55531402,"{""Old"":399750,""New"":399760,""Reason"":3}"
55531402,"{""Old"":401432,""New"":401442,""Reason"":3}"
55531402,"{""Old"":402886,""New"":402926,""Reason"":3}"
55531402,"{""Old"":404333,""New"":404343,""Reason"":3}"
55531402,"{""Old"":407168,""New"":407188,""Reason"":3}"
55531402,"{""Old"":407058,""New"":407078,""Reason"":3}"
55531402,"{""Old"":407585,""New"":407625,""Reason"":3}"
55531402,"{""Old"":408980,""New"":409000,""Reason"":3}"
55531402,"{""Old"":389507,""New"":389527,""Reason"":3}"
82785902,"{""Old"":52035,""New"":52045,""Reason"":3}"
81972838,"{""Old"":12440,""New"":12450,""Reason"":3}"
62310563,"{""Old"":92,""New"":94,""Reason"":3}"
49825474,"{""Old"":2716,""New"":2718,""Reason"":3}"
49825474,"{""Old"":2186,""New"":2188,""Reason"":3}"
56305413,"{""Old"":2088,""New"":2090,""Reason"":3}"
56305413,"{""Old"":2616,""New"":2618,""Reason"":3}"
56305413,"{""Old"":3190,""New"":3192,""Reason"":3}"
76395205,"{""Old"":436,""New"":438,""Reason"":3}"
54055764,"{""Old"":4444,""New"":4454,""Reason"":3}"
70373765,"{""Old"":251,""New"":253,""Reason"":3}"
200190855,"{""Old"":121,""New"":123,""Reason"":3}"
56305413,"{""Old"":2503,""New"":2513,""Reason"":3}"
56305413,"{""Old"":2747,""New"":2757,""Reason"":3}"
55531402,"{""Old"":396775,""New"":396785,""Reason"":3}"
55531402,"{""Old"":397262,""New"":397264,""Reason"":3}"
55531402,"{""Old"":400561,""New"":400571,""Reason"":3}"
55531402,"{""Old"":403466,""New"":403476,""Reason"":3}"
55531402,"{""Old"":404268,""New"":404278,""Reason"":3}"
55531402,"{""Old"":404558,""New"":404578,""Reason"":3}"
55531402,"{""Old"":404948,""New"":404958,""Reason"":3}"
55531402,"{""Old"":405518,""New"":405528,""Reason"":3}"
55531402,"{""Old"":389277,""New"":389297,""Reason"":3}"
49825474,"{""Old"":2128,""New"":2132,""Reason"":3}"
53898758,"{""Old"":3486,""New"":3488,""Reason"":3}"
55531402,"{""Old"":385491,""New"":385501,""Reason"":3}"
55531402,"{""Old"":385461,""New"":385471,""Reason"":3}"
55531402,"{""Old"":387750,""New"":387752,""Reason"":3}"
55531402,"{""Old"":388187,""New"":388197,""Reason"":3}"
55531402,"{""Old"":389432,""New"":389442,""Reason"":3}"
55531402,"{""Old"":398032,""New"":398042,""Reason"":3}"
55531402,"{""Old"":403256,""New"":403266,""Reason"":3}"
55531402,"{""Old"":403186,""New"":403196,""Reason"":3}"
55531402,"{""Old"":404888,""New"":404938,""Reason"":3}"
55531402,"{""Old"":408115,""New"":408125,""Reason"":3}"
82785902,"{""Old"":46050,""New"":46060,""Reason"":3}"
55531402,"{""Old"":396212,""New"":396222,""Reason"":3}"
55531402,"{""Old"":396384,""New"":396386,""Reason"":3}"
55531402,"{""Old"":396970,""New"":396980,""Reason"":3}"
55531402,"{""Old"":397264,""New"":397274,""Reason"":3}"
55531402,"{""Old"":398319,""New"":398329,""Reason"":3}"
55531402,"{""Old"":400121,""New"":400141,""Reason"":3}"
55531402,"{""Old"":405528,""New"":405548,""Reason"":3}"
55531402,"{""Old"":406638,""New"":406658,""Reason"":3}"
55531402,"{""Old"":407840,""New"":407850,""Reason"":3}"
55531402,"{""Old"":407680,""New"":407690,""Reason"":3}"
55531402,"{""Old"":385471,""New"":385481,""Reason"":3}"
55531402,"{""Old"":385451,""New"":385461,""Reason"":3}"
55531402,"{""Old"":385541,""New"":385551,""Reason"":3}"
55531402,"{""Old"":386068,""New"":386078,""Reason"":3}"
55531402,"{""Old"":387178,""New"":387188,""Reason"":3}"
82785902,"{""Old"":45823,""New"":45825,""Reason"":3}"
82785902,"{""Old"":46588,""New"":46590,""Reason"":3}"
82785902,"{""Old"":46416,""New"":46426,""Reason"":3}"
31776438,"{""Old"":204,""New"":206,""Reason"":3}"
55531402,"{""Old"":388489,""New"":388499,""Reason"":3}"
55531402,"{""Old"":390204,""New"":390214,""Reason"":3}"
55531402,"{""Old"":390479,""New"":390489,""Reason"":3}"
55531402,"{""Old"":391226,""New"":391236,""Reason"":3}"
55531402,"{""Old"":391176,""New"":391206,""Reason"":3}"
55531402,"{""Old"":395642,""New"":395652,""Reason"":3}"
55531402,"{""Old"":395877,""New"":395887,""Reason"":3}"
55531402,"{""Old"":396720,""New"":396730,""Reason"":3}"
55531402,"{""Old"":401527,""New"":401537,""Reason"":3}"
55531402,"{""Old"":402876,""New"":402886,""Reason"":3}"
55531402,"{""Old"":406023,""New"":406033,""Reason"":3}"
55531402,"{""Old"":407380,""New"":407390,""Reason"":3}"
55531402,"{""Old"":407360,""New"":407380,""Reason"":3}"
55531402,"{""Old"":409035,""New"":409045,""Reason"":3}"
49825474,"{""Old"":2064,""New"":2066,""Reason"":3}"
49825474,"{""Old"":2075,""New"":2077,""Reason"":3}"
67260187,"{""Old"":162,""New"":164,""Reason"":3}"
82785902,"{""Old"":49278,""New"":49288,""Reason"":3}"
82785902,"{""Old"":50095,""New"":50105,""Reason"":3}"
67260187,"{""Old"":36,""New"":38,""Reason"":3}"
8159597,"{""Old"":5258,""New"":5268,""Reason"":3}"
8151531,"{""Old"":10459,""New"":10463,""Reason"":3}"
8151531,"{""Old"":10798,""New"":10800,""Reason"":3}"
8159597,"{""Old"":126,""New"":128,""Reason"":3}"
8151531,"{""Old"":9915,""New"":9917,""Reason"":3}"
8151531,"{""Old"":9966,""New"":9968,""Reason"":3}"
8159597,"{""Old"":4618,""New"":4628,""Reason"":3}"
8151531,"{""Old"":10223,""New"":10225,""Reason"":3}"
8151531,"{""Old"":10246,""New"":10248,""Reason"":3}"
8151531,"{""Old"":9949,""New"":9951,""Reason"":3}"
8151531,"{""Old"":10429,""New"":10431,""Reason"":3}"
8151531,"{""Old"":10501,""New"":10503,""Reason"":3}"
8151531,"{""Old"":10688,""New"":10690,""Reason"":3}"
43959427,"{""Old"":3811,""New"":3815,""Reason"":3}"
8159597,"{""Old"":791,""New"":793,""Reason"":3}"
8159597,"{""Old"":2412,""New"":2422,""Reason"":3}"
8159597,"{""Old"":3024,""New"":3034,""Reason"":3}"
8159597,"{""Old"":4089,""New"":4109,""Reason"":3}"
19535546,"{""Old"":1274,""New"":1276,""Reason"":3}"
19535546,"{""Old"":1309,""New"":1315,""Reason"":3}"
36439403,"{""Old"":1400,""New"":1402,""Reason"":3}"
55531402,"{""Old"":794671,""New"":794691,""Reason"":3}"
55531402,"{""Old"":795917,""New"":795927,""Reason"":3}"
55531402,"{""Old"":794206,""New"":794208,""Reason"":3}"
55531402,"{""Old"":794490,""New"":794492,""Reason"":3}"
55531402,"{""Old"":794793,""New"":794795,""Reason"":3}"
55531402,"{""Old"":798313,""New"":798323,""Reason"":3}"
13245861,"{""Old"":374,""New"":376,""Reason"":3}"
46419793,"{""Old"":451,""New"":453,""Reason"":3}"
42724579,"{""Old"":173,""New"":175,""Reason"":3}"
55531402,"{""Old"":805500,""New"":805510,""Reason"":3}"
55531402,"{""Old"":806287,""New"":806297,""Reason"":3}"
55531402,"{""Old"":794208,""New"":794218,""Reason"":3}"
55531402,"{""Old"":795668,""New"":795678,""Reason"":3}"
55531402,"{""Old"":799559,""New"":799561,""Reason"":3}"
55531402,"{""Old"":799871,""New"":799881,""Reason"":3}"
55531402,"{""Old"":795049,""New"":795069,""Reason"":3}"
55531402,"{""Old"":797981,""New"":798011,""Reason"":3}"
55531402,"{""Old"":800171,""New"":800181,""Reason"":3}"
55531402,"{""Old"":800605,""New"":800625,""Reason"":3}"
55531402,"{""Old"":801554,""New"":801574,""Reason"":3}"
55531402,"{""Old"":797026,""New"":797066,""Reason"":3}"
55531402,"{""Old"":801574,""New"":801584,""Reason"":3}"
55531402,"{""Old"":795962,""New"":795972,""Reason"":3}"
55531402,"{""Old"":799519,""New"":799529,""Reason"":3}"
55531402,"{""Old"":800470,""New"":800480,""Reason"":3}"
55531402,"{""Old"":801434,""New"":801454,""Reason"":3}"
55531402,"{""Old"":795089,""New"":795397,""Reason"":3}"
55531402,"{""Old"":797635,""New"":797655,""Reason"":3}"
55531402,"{""Old"":797490,""New"":797500,""Reason"":3}"
55531402,"{""Old"":798902,""New"":798912,""Reason"":3}"
55531402,"{""Old"":798782,""New"":798802,""Reason"":3}"
55531402,"{""Old"":800905,""New"":800915,""Reason"":3}"
54055764,"{""Old"":4456,""New"":4466,""Reason"":3}"
75730356,"{""Old"":239,""New"":241,""Reason"":3}"
75730356,"{""Old"":313,""New"":315,""Reason"":3}"
56305413,"{""Old"":2061,""New"":2063,""Reason"":3}"
76395205,"{""Old"":485,""New"":487,""Reason"":3}"
46419793,"{""Old"":391,""New"":393,""Reason"":3}"
81192725,"{""Old"":178,""New"":180,""Reason"":3}"
56305413,"{""Old"":2318,""New"":2328,""Reason"":3}"
36439403,"{""Old"":1434,""New"":1438,""Reason"":3}"
40671256,"{""Old"":1906,""New"":1908,""Reason"":3}"
40671256,"{""Old"":1934,""New"":1936,""Reason"":3}"
40671256,"{""Old"":1795,""New"":1797,""Reason"":3}"
40671256,"{""Old"":1364,""New"":1366,""Reason"":3}"
40671256,"{""Old"":1475,""New"":1477,""Reason"":3}"
55531402,"{""Old"":795877,""New"":795907,""Reason"":3}"
55531402,"{""Old"":797273,""New"":797283,""Reason"":3}"
55531402,"{""Old"":800450,""New"":800460,""Reason"":3}"
55531402,"{""Old"":800840,""New"":800860,""Reason"":3}"
66718790,"{""Old"":3981,""New"":3983,""Reason"":3}"
66718790,"{""Old"":4572,""New"":4582,""Reason"":3}"
66718790,"{""Old"":4610,""New"":4620,""Reason"":3}"
66718790,"{""Old"":4788,""New"":4798,""Reason"":3}"
6084170,"{""Old"":528,""New"":530,""Reason"":3}"
19535546,"{""Old"":1439,""New"":1441,""Reason"":3}"
19535546,"{""Old"":1531,""New"":1533,""Reason"":3}"
66718790,"{""Old"":4323,""New"":4333,""Reason"":3}"
66718790,"{""Old"":3650,""New"":3652,""Reason"":3}"
66718790,"{""Old"":3950,""New"":3952,""Reason"":3}"
19535546,"{""Old"":1151,""New"":1153,""Reason"":3}"
19535546,"{""Old"":1190,""New"":1192,""Reason"":3}"
19535546,"{""Old"":1363,""New"":1365,""Reason"":3}"
19535546,"{""Old"":1556,""New"":1566,""Reason"":3}"
66718790,"{""Old"":4518,""New"":4528,""Reason"":3}"
23245682,"{""Old"":1069,""New"":1071,""Reason"":3}"
23245682,"{""Old"":1073,""New"":1075,""Reason"":3}"
81972838,"{""Old"":12438,""New"":12440,""Reason"":3}"
38319980,"{""Old"":6244,""New"":6254,""Reason"":3}"
73588812,"{""Old"":1333,""New"":1335,""Reason"":3}"
73588812,"{""Old"":1801,""New"":1803,""Reason"":3}"
73588812,"{""Old"":1268,""New"":1270,""Reason"":3}"
73588812,"{""Old"":1437,""New"":1439,""Reason"":3}"
73588812,"{""Old"":1491,""New"":1493,""Reason"":3}"
73588812,"{""Old"":1503,""New"":1505,""Reason"":3}"
73588812,"{""Old"":944,""New"":946,""Reason"":3}"
36439403,"{""Old"":534,""New"":536,""Reason"":3}"
41008032,"{""Old"":689,""New"":699,""Reason"":3}"
41008032,"{""Old"":764,""New"":774,""Reason"":3}"
41008032,"{""Old"":988,""New"":990,""Reason"":3}"
84641297,"{""Old"":4064,""New"":4066,""Reason"":3}"
36439403,"{""Old"":573,""New"":575,""Reason"":3}"
36439403,"{""Old"":580,""New"":582,""Reason"":3}"
73276609,"{""Old"":305,""New"":307,""Reason"":3}"
73588812,"{""Old"":1595,""New"":1597,""Reason"":3}"
63778994,"{""Old"":157113,""New"":157143,""Reason"":3}"
63778994,"{""Old"":158343,""New"":158353,""Reason"":3}"
73588812,"{""Old"":967,""New"":969,""Reason"":3}"
73588812,"{""Old"":1658,""New"":1660,""Reason"":3}"
73588812,"{""Old"":1257,""New"":1259,""Reason"":3}"
73588812,"{""Old"":1359,""New"":1361,""Reason"":3}"
63778994,"{""Old"":155856,""New"":155866,""Reason"":3}"
63778994,"{""Old"":156698,""New"":156778,""Reason"":3}"
63778994,"{""Old"":157013,""New"":157023,""Reason"":3}"
63778994,"{""Old"":158867,""New"":158907,""Reason"":3}"
62310563,"{""Old"":132,""New"":136,""Reason"":3}"
81972838,"{""Old"":12418,""New"":12428,""Reason"":3}"
81972838,"{""Old"":12528,""New"":12530,""Reason"":3}"
62439790,"{""Old"":1305,""New"":1315,""Reason"":3}"
62439790,"{""Old"":1301,""New"":1303,""Reason"":3}"
62439790,"{""Old"":1427,""New"":1429,""Reason"":3}"
57366251,"{""Old"":3117,""New"":3119,""Reason"":3}"
57366251,"{""Old"":3078,""New"":3080,""Reason"":3}"
4867326,"{""Old"":181,""New"":183,""Reason"":3}"
63778994,"{""Old"":157588,""New"":157608,""Reason"":3}"
63778994,"{""Old"":158655,""New"":158675,""Reason"":3}"
63778994,"{""Old"":154720,""New"":154740,""Reason"":3}"
63778994,"{""Old"":155152,""New"":155172,""Reason"":3}"
63778994,"{""Old"":155771,""New"":155781,""Reason"":3}"
63778994,"{""Old"":155891,""New"":155921,""Reason"":3}"
37279442,"{""Old"":10524,""New"":10526,""Reason"":3}"
75730356,"{""Old"":281,""New"":283,""Reason"":3}"
75730356,"{""Old"":167,""New"":169,""Reason"":3}"
40671256,"{""Old"":1349,""New"":1353,""Reason"":3}"
40671256,"{""Old"":1411,""New"":1413,""Reason"":3}"
40671256,"{""Old"":1491,""New"":1493,""Reason"":3}"
63799212,"{""Old"":6078,""New"":6088,""Reason"":3}"
63799212,"{""Old"":5392,""New"":5394,""Reason"":3}"
63799212,"{""Old"":5864,""New"":5874,""Reason"":3}"
63799212,"{""Old"":7201,""New"":7211,""Reason"":3}"
63799212,"{""Old"":7559,""New"":7569,""Reason"":3}"
63799212,"{""Old"":8718,""New"":8728,""Reason"":3}"
63799212,"{""Old"":11067,""New"":11077,""Reason"":3}"
63799212,"{""Old"":12671,""New"":12681,""Reason"":3}"
63799212,"{""Old"":13783,""New"":13793,""Reason"":3}"
24208183,"{""Old"":123,""New"":125,""Reason"":3}"
24208183,"{""Old"":146,""New"":148,""Reason"":3}"
31776438,"{""Old"":412,""New"":422,""Reason"":3}"
9084499,"{""Old"":199,""New"":201,""Reason"":3}"
19005457,"{""Old"":3568,""New"":3570,""Reason"":3}"
9084499,"{""Old"":157,""New"":159,""Reason"":3}"
9084499,"{""Old"":218,""New"":220,""Reason"":3}"
8744861,"{""Old"":353,""New"":357,""Reason"":3}"
37789811,"{""Old"":160,""New"":162,""Reason"":3}"
55531402,"{""Old"":602685,""New"":602695,""Reason"":3}"
55531402,"{""Old"":611231,""New"":611241,""Reason"":3}"
55531402,"{""Old"":612581,""New"":612591,""Reason"":3}"
55531402,"{""Old"":615896,""New"":615906,""Reason"":3}"
55531402,"{""Old"":619476,""New"":619486,""Reason"":3}"
55531402,"{""Old"":620036,""New"":620046,""Reason"":3}"
55531402,"{""Old"":620366,""New"":620386,""Reason"":3}"
37962654,"{""Old"":1020,""New"":1030,""Reason"":3}"
37962654,"{""Old"":1150,""New"":1160,""Reason"":3}"
55531402,"{""Old"":590209,""New"":590213,""Reason"":3}"
55531402,"{""Old"":595692,""New"":595702,""Reason"":3}"
17676293,"{""Old"":21049,""New"":21051,""Reason"":3}"
17676293,"{""Old"":21596,""New"":21606,""Reason"":3}"
17676293,"{""Old"":17638,""New"":17640,""Reason"":3}"
17676293,"{""Old"":21147,""New"":21157,""Reason"":3}"
17676293,"{""Old"":23942,""New"":23952,""Reason"":3}"
17676293,"{""Old"":24060,""New"":24070,""Reason"":3}"
17676293,"{""Old"":25445,""New"":25455,""Reason"":3}"
17676293,"{""Old"":17431,""New"":17433,""Reason"":3}"
17676293,"{""Old"":19248,""New"":19258,""Reason"":3}"
17676293,"{""Old"":19507,""New"":19517,""Reason"":3}"
17676293,"{""Old"":20885,""New"":20895,""Reason"":3}"
17676293,"{""Old"":21051,""New"":21061,""Reason"":3}"
17676293,"{""Old"":21400,""New"":21420,""Reason"":3}"
17676293,"{""Old"":22178,""New"":22188,""Reason"":3}"
22435751,"{""Old"":5206,""New"":5208,""Reason"":3}"
22435751,"{""Old"":6554,""New"":6564,""Reason"":3}"
5149995,"{""Old"":462,""New"":464,""Reason"":3}"
22435751,"{""Old"":4807,""New"":4809,""Reason"":3}"
22435751,"{""Old"":5765,""New"":5775,""Reason"":3}"
23245080,"{""Old"":229,""New"":231,""Reason"":3}"
202863679,"{""Old"":1198,""New"":1202,""Reason"":3}"
14365010,"{""Old"":371,""New"":373,""Reason"":3}"
14365010,"{""Old"":396,""New"":398,""Reason"":3}"
37962654,"{""Old"":815,""New"":817,""Reason"":3}"
37962654,"{""Old"":904,""New"":906,""Reason"":3}"
22435751,"{""Old"":4773,""New"":4775,""Reason"":3}"
22435751,"{""Old"":5669,""New"":5671,""Reason"":3}"
22435751,"{""Old"":6141,""New"":6151,""Reason"":3}"
22435751,"{""Old"":6258,""New"":6268,""Reason"":3}"
22435751,"{""Old"":5242,""New"":5244,""Reason"":3}"
22435751,"{""Old"":5046,""New"":5048,""Reason"":3}"
23245080,"{""Old"":296,""New"":298,""Reason"":3}"
63583576,"{""Old"":119,""New"":121,""Reason"":3}"
2968081,"{""Old"":1577,""New"":1579,""Reason"":3}"
2968081,"{""Old"":1731,""New"":1733,""Reason"":3}"
299630,"{""Old"":1877,""New"":1879,""Reason"":3}"
299630,"{""Old"":2463,""New"":2465,""Reason"":3}"
11534557,"{""Old"":300810,""New"":300820,""Reason"":3}"
11534557,"{""Old"":303708,""New"":303718,""Reason"":3}"
11534557,"{""Old"":300930,""New"":300940,""Reason"":3}"
11534557,"{""Old"":304032,""New"":304052,""Reason"":3}"
11534557,"{""Old"":304178,""New"":304198,""Reason"":3}"
299630,"{""Old"":1891,""New"":1893,""Reason"":3}"
299630,"{""Old"":1841,""New"":1845,""Reason"":3}"
299630,"{""Old"":1861,""New"":1865,""Reason"":3}"
299630,"{""Old"":2182,""New"":2184,""Reason"":3}"
299630,"{""Old"":2436,""New"":2438,""Reason"":3}"
26388823,"{""Old"":382,""New"":384,""Reason"":3}"
22435751,"{""Old"":5455,""New"":5457,""Reason"":3}"
22435751,"{""Old"":5008,""New"":5010,""Reason"":3}"
22435751,"{""Old"":5425,""New"":5435,""Reason"":3}"
22435751,"{""Old"":5004,""New"":5008,""Reason"":3}"
22435751,"{""Old"":5990,""New"":6000,""Reason"":3}"
22435751,"{""Old"":6514,""New"":6524,""Reason"":3}"
22435751,"{""Old"":6584,""New"":6594,""Reason"":3}"
22435751,"{""Old"":6738,""New"":6748,""Reason"":3}"
23245080,"{""Old"":165,""New"":167,""Reason"":3}"
23245080,"{""Old"":287,""New"":289,""Reason"":3}"
33641525,"{""Old"":8120,""New"":8122,""Reason"":3}"
23245080,"{""Old"":368,""New"":370,""Reason"":3}"
23245080,"{""Old"":167,""New"":169,""Reason"":3}"
23245080,"{""Old"":336,""New"":338,""Reason"":3}"
23245080,"{""Old"":114,""New"":116,""Reason"":3}"
200004383,"{""Old"":2077,""New"":2081,""Reason"":3}"
200004383,"{""Old"":2166,""New"":2176,""Reason"":3}"
53318306,"{""Old"":131,""New"":133,""Reason"":3}"
202863679,"{""Old"":1036,""New"":1038,""Reason"":3}"
202863679,"{""Old"":1103,""New"":1105,""Reason"":3}"
202863679,"{""Old"":1152,""New"":1162,""Reason"":3}"
19535546,"{""Old"":3006,""New"":3008,""Reason"":3}"
19535546,"{""Old"":3114,""New"":3116,""Reason"":3}"
19535546,"{""Old"":3388,""New"":3390,""Reason"":3}"
19535546,"{""Old"":3327,""New"":3331,""Reason"":3}"
19535546,"{""Old"":3676,""New"":3678,""Reason"":3}"
19535546,"{""Old"":3343,""New"":3353,""Reason"":3}"
19535546,"{""Old"":3392,""New"":3402,""Reason"":3}"
19535546,"{""Old"":3481,""New"":3483,""Reason"":3}"
19535546,"{""Old"":2831,""New"":2833,""Reason"":3}"
19535546,"{""Old"":3102,""New"":3112,""Reason"":3}"
19535546,"{""Old"":3742,""New"":3744,""Reason"":3}"
19535546,"{""Old"":377,""New"":387,""Reason"":3}"
19535546,"{""Old"":480,""New"":484,""Reason"":3}"
208341661,"{""Old"":708,""New"":710,""Reason"":3}"
12301610,"{""Old"":2600,""New"":2602,""Reason"":3}"
22023288,"{""Old"":3729,""New"":3739,""Reason"":3}"
22023288,"{""Old"":1183,""New"":1185,""Reason"":3}"
22023288,"{""Old"":2244,""New"":2254,""Reason"":3}"
22023288,"{""Old"":2330,""New"":2332,""Reason"":3}"
22023288,"{""Old"":2781,""New"":2811,""Reason"":3}"
8744861,"{""Old"":364,""New"":366,""Reason"":3}"
208577966,"{""Old"":834,""New"":836,""Reason"":3}"
73531147,"{""Old"":1182,""New"":1184,""Reason"":3}"
73531147,"{""Old"":1188,""New"":1190,""Reason"":3}"
7378760,"{""Old"":35215,""New"":35225,""Reason"":3}"
7378760,"{""Old"":35897,""New"":35907,""Reason"":3}"
7378760,"{""Old"":36007,""New"":36017,""Reason"":3}"
7378760,"{""Old"":37215,""New"":37225,""Reason"":3}"
2968081,"{""Old"":622,""New"":624,""Reason"":3}"
19981811,"{""Old"":31005,""New"":31007,""Reason"":3}"
2968081,"{""Old"":928,""New"":930,""Reason"":3}"
2968081,"{""Old"":1026,""New"":1028,""Reason"":3}"
19981811,"{""Old"":29373,""New"":29375,""Reason"":3}"
19981811,"{""Old"":31165,""New"":31167,""Reason"":3}"
2968081,"{""Old"":970,""New"":972,""Reason"":3}"
2968081,"{""Old"":726,""New"":728,""Reason"":3}"
2968081,"{""Old"":773,""New"":775,""Reason"":3}"
2968081,"{""Old"":1028,""New"":1030,""Reason"":3}"
2968081,"{""Old"":1038,""New"":1040,""Reason"":3}"
2968081,"{""Old"":1045,""New"":1047,""Reason"":3}"
2968081,"{""Old"":1612,""New"":1614,""Reason"":3}"
2968081,"{""Old"":1663,""New"":1665,""Reason"":3}"
2968081,"{""Old"":1568,""New"":1570,""Reason"":3}"
48205250,"{""Old"":812,""New"":814,""Reason"":3}"
48205250,"{""Old"":832,""New"":834,""Reason"":3}"
56778455,"{""Old"":60,""New"":62,""Reason"":3}"
28967234,"{""Old"":23,""New"":25,""Reason"":3}"
200004383,"{""Old"":1892,""New"":1894,""Reason"":3}"
200004383,"{""Old"":1999,""New"":2001,""Reason"":3}"
17676293,"{""Old"":25820,""New"":25830,""Reason"":3}"
17676293,"{""Old"":22502,""New"":22512,""Reason"":3}"
17676293,"{""Old"":23028,""New"":23038,""Reason"":3}"
17676293,"{""Old"":23460,""New"":23470,""Reason"":3}"
12346315,"{""Old"":2203,""New"":2213,""Reason"":3}"
17676293,"{""Old"":17175,""New"":17185,""Reason"":3}"
17676293,"{""Old"":18085,""New"":18087,""Reason"":3}"
17676293,"{""Old"":19137,""New"":19147,""Reason"":3}"
17676293,"{""Old"":21574,""New"":21576,""Reason"":3}"
17676293,"{""Old"":21776,""New"":21786,""Reason"":3}"
17676293,"{""Old"":22076,""New"":22086,""Reason"":3}"
17676293,"{""Old"":17435,""New"":17437,""Reason"":3}"
17676293,"{""Old"":20999,""New"":21009,""Reason"":3}"
17676293,"{""Old"":22248,""New"":22258,""Reason"":3}"
17676293,"{""Old"":25805,""New"":25807,""Reason"":3}"
17676293,"{""Old"":22542,""New"":22552,""Reason"":3}"
17676293,"{""Old"":24347,""New"":24357,""Reason"":3}"
17676293,"{""Old"":24307,""New"":24327,""Reason"":3}"
17676293,"{""Old"":25103,""New"":25113,""Reason"":3}"
32116408,"{""Old"":88,""New"":90,""Reason"":3}"
32116408,"{""Old"":190,""New"":192,""Reason"":3}"
17676293,"{""Old"":18386,""New"":18396,""Reason"":3}"
17676293,"{""Old"":20444,""New"":20474,""Reason"":3}"
17676293,"{""Old"":20955,""New"":20957,""Reason"":3}"
17676293,"{""Old"":22086,""New"":22096,""Reason"":3}"
17676293,"{""Old"":22592,""New"":22612,""Reason"":3}"
16319032,"{""Old"":441,""New"":443,""Reason"":3}"
17676293,"{""Old"":17564,""New"":17566,""Reason"":3}"
17676293,"{""Old"":18149,""New"":18151,""Reason"":3}"
17676293,"{""Old"":19204,""New"":19214,""Reason"":3}"
17676293,"{""Old"":23050,""New"":23052,""Reason"":3}"
17676293,"{""Old"":23250,""New"":23260,""Reason"":3}"
17676293,"{""Old"":25143,""New"":25153,""Reason"":3}"
32116408,"{""Old"":117,""New"":119,""Reason"":3}"
17676293,"{""Old"":21544,""New"":21554,""Reason"":3}"
17676293,"{""Old"":24297,""New"":24307,""Reason"":3}"
200004383,"{""Old"":1997,""New"":1999,""Reason"":3}"
17676293,"{""Old"":23480,""New"":23490,""Reason"":3}"
17676293,"{""Old"":25083,""New"":25093,""Reason"":3}"
17676293,"{""Old"":25273,""New"":25283,""Reason"":3}"
17676293,"{""Old"":17593,""New"":17595,""Reason"":3}"
17676293,"{""Old"":17909,""New"":17911,""Reason"":3}"
17676293,"{""Old"":21606,""New"":21616,""Reason"":3}"
17676293,"{""Old"":19677,""New"":19679,""Reason"":3}"
17676293,"{""Old"":20140,""New"":20150,""Reason"":3}"
17676293,"{""Old"":21786,""New"":21796,""Reason"":3}"
17676293,"{""Old"":18233,""New"":18235,""Reason"":3}"
17676293,"{""Old"":18309,""New"":18311,""Reason"":3}"
17676293,"{""Old"":18516,""New"":18518,""Reason"":3}"
17676293,"{""Old"":20252,""New"":20262,""Reason"":3}"
17676293,"{""Old"":22956,""New"":22976,""Reason"":3}"
17676293,"{""Old"":24617,""New"":24627,""Reason"":3}"
299630,"{""Old"":3645,""New"":3665,""Reason"":3}"
299630,"{""Old"":3931,""New"":3933,""Reason"":3}"
299630,"{""Old"":3297,""New"":3299,""Reason"":3}"
299630,"{""Old"":4425,""New"":4427,""Reason"":3}"
82844475,"{""Old"":200,""New"":202,""Reason"":3}"
20746522,"{""Old"":2008,""New"":2010,""Reason"":3}"
11534557,"{""Old"":299621,""New"":299631,""Reason"":3}"
67836518,"{""Old"":2537,""New"":2547,""Reason"":3}"
67836518,"{""Old"":2557,""New"":2567,""Reason"":3}"
11534557,"{""Old"":303761,""New"":303771,""Reason"":3}"
11534557,"{""Old"":304566,""New"":304576,""Reason"":3}"
23844493,"{""Old"":1553,""New"":1555,""Reason"":3}"
23844493,"{""Old"":1539,""New"":1541,""Reason"":3}"
67836518,"{""Old"":2349,""New"":2359,""Reason"":3}"
25220083,"{""Old"":152,""New"":154,""Reason"":3}"
67836518,"{""Old"":227,""New"":229,""Reason"":3}"
67836518,"{""Old"":376,""New"":378,""Reason"":3}"
8302676,"{""Old"":1349,""New"":1359,""Reason"":3}"
205159799,"{""Old"":159,""New"":161,""Reason"":3}"
80141190,"{""Old"":809,""New"":819,""Reason"":3}"
49825474,"{""Old"":2290,""New"":2292,""Reason"":3}"
49825474,"{""Old"":2672,""New"":2674,""Reason"":3}"
203820093,"{""Old"":7653,""New"":7655,""Reason"":3}"
80141190,"{""Old"":803,""New"":805,""Reason"":3}"
80141190,"{""Old"":729,""New"":731,""Reason"":3}"
80141190,"{""Old"":753,""New"":755,""Reason"":3}"
80141190,"{""Old"":860,""New"":862,""Reason"":3}"
39485735,"{""Old"":345,""New"":347,""Reason"":3}"
201058202,"{""Old"":23,""New"":25,""Reason"":3}"
83880780,"{""Old"":462,""New"":464,""Reason"":3}"
73588812,"{""Old"":1905,""New"":1907,""Reason"":3}"
19005457,"{""Old"":3392,""New"":3394,""Reason"":3}"
17398189,"{""Old"":445,""New"":447,""Reason"":3}"
34354309,"{""Old"":9,""New"":11,""Reason"":3}"
54937851,"{""Old"":8505,""New"":8509,""Reason"":3}"
84278309,"{""Old"":160,""New"":162,""Reason"":3}"
219920576,"{""Old"":54,""New"":56,""Reason"":3}"
18436020,"{""Old"":887,""New"":889,""Reason"":3}"
55531402,"{""Old"":599527,""New"":599537,""Reason"":3}"
55531402,"{""Old"":601391,""New"":601421,""Reason"":3}"
55531402,"{""Old"":602113,""New"":602163,""Reason"":3}"
55531402,"{""Old"":604681,""New"":604701,""Reason"":3}"
55531402,"{""Old"":608091,""New"":608101,""Reason"":3}"
55531402,"{""Old"":608906,""New"":608916,""Reason"":3}"
55531402,"{""Old"":610776,""New"":610786,""Reason"":3}"
55531402,"{""Old"":612146,""New"":612166,""Reason"":3}"
55531402,"{""Old"":619416,""New"":619426,""Reason"":3}"
55531402,"{""Old"":619506,""New"":619536,""Reason"":3}"
55531402,"{""Old"":620836,""New"":620846,""Reason"":3}"
55531402,"{""Old"":607117,""New"":607127,""Reason"":3}"
55531402,"{""Old"":607602,""New"":607604,""Reason"":3}"
55531402,"{""Old"":608176,""New"":608186,""Reason"":3}"
55531402,"{""Old"":619626,""New"":619666,""Reason"":3}"
23245080,"{""Old"":428,""New"":430,""Reason"":3}"
37962654,"{""Old"":860,""New"":862,""Reason"":3}"
37962654,"{""Old"":1010,""New"":1012,""Reason"":3}"
55531402,"{""Old"":596718,""New"":596728,""Reason"":3}"
55531402,"{""Old"":597895,""New"":597905,""Reason"":3}"
55531402,"{""Old"":598240,""New"":598260,""Reason"":3}"
55531402,"{""Old"":600954,""New"":600964,""Reason"":3}"
55531402,"{""Old"":602183,""New"":602203,""Reason"":3}"
55531402,"{""Old"":603654,""New"":603664,""Reason"":3}"
55531402,"{""Old"":604036,""New"":604046,""Reason"":3}"
55531402,"{""Old"":605626,""New"":605636,""Reason"":3}"
120956657,"{""Old"":420,""New"":422,""Reason"":3}"
46220970,"{""Old"":291,""New"":293,""Reason"":3}"
120956657,"{""Old"":2289,""New"":2291,""Reason"":3}"
17676293,"{""Old"":18087,""New"":18089,""Reason"":3}"
17676293,"{""Old"":21726,""New"":21756,""Reason"":3}"
17676293,"{""Old"":22116,""New"":22126,""Reason"":3}"
17676293,"{""Old"":22106,""New"":22116,""Reason"":3}"
32116408,"{""Old"":194,""New"":196,""Reason"":3}"
17676293,"{""Old"":16844,""New"":16846,""Reason"":3}"
17676293,"{""Old"":18163,""New"":18165,""Reason"":3}"
17676293,"{""Old"":19871,""New"":19891,""Reason"":3}"
17676293,"{""Old"":21275,""New"":21295,""Reason"":3}"
17676293,"{""Old"":21253,""New"":21263,""Reason"":3}"
17676293,"{""Old"":21361,""New"":21371,""Reason"":3}"
17676293,"{""Old"":22642,""New"":22652,""Reason"":3}"
17676293,"{""Old"":22946,""New"":22956,""Reason"":3}"
17676293,"{""Old"":24858,""New"":24868,""Reason"":3}"
17676293,"{""Old"":24287,""New"":24297,""Reason"":3}"
32116408,"{""Old"":146,""New"":148,""Reason"":3}"
2968081,"{""Old"":804,""New"":806,""Reason"":3}"
2968081,"{""Old"":1071,""New"":1075,""Reason"":3}"
2968081,"{""Old"":1768,""New"":1772,""Reason"":3}"
2968081,"{""Old"":1608,""New"":1612,""Reason"":3}"
2968081,"{""Old"":996,""New"":998,""Reason"":3}"
2968081,"{""Old"":924,""New"":926,""Reason"":3}"
2968081,"{""Old"":1681,""New"":1683,""Reason"":3}"
9254415,"{""Old"":2564,""New"":2574,""Reason"":3}"
2968081,"{""Old"":1632,""New"":1634,""Reason"":3}"
2968081,"{""Old"":783,""New"":785,""Reason"":3}"
2968081,"{""Old"":1654,""New"":1656,""Reason"":3}"
43563023,"{""Old"":1046,""New"":1048,""Reason"":3}"
53318306,"{""Old"":139,""New"":141,""Reason"":3}"
11534557,"{""Old"":298106,""New"":298126,""Reason"":3}"
67836518,"{""Old"":234,""New"":236,""Reason"":3}"
67836518,"{""Old"":336,""New"":338,""Reason"":3}"
52607239,"{""Old"":614,""New"":616,""Reason"":3}"
8744861,"{""Old"":330,""New"":332,""Reason"":3}"
202176747,"{""Old"":36337,""New"":36347,""Reason"":3}"
202176747,"{""Old"":35607,""New"":35627,""Reason"":3}"
202176747,"{""Old"":36549,""New"":36569,""Reason"":3}"
8744861,"{""Old"":326,""New"":328,""Reason"":3}"
8744861,"{""Old"":269,""New"":271,""Reason"":3}"
67836518,"{""Old"":218,""New"":220,""Reason"":3}"
67836518,"{""Old"":352,""New"":354,""Reason"":3}"
67836518,"{""Old"":363,""New"":365,""Reason"":3}"
2968081,"{""Old"":1531,""New"":1533,""Reason"":3}"
2968081,"{""Old"":1500,""New"":1502,""Reason"":3}"
4829598,"{""Old"":1189,""New"":1191,""Reason"":3}"
4829598,"{""Old"":1374,""New"":1376,""Reason"":3}"
44977601,"{""Old"":905,""New"":915,""Reason"":3}"
44977601,"{""Old"":979,""New"":981,""Reason"":3}"
44977601,"{""Old"":1014,""New"":1016,""Reason"":3}"
67836518,"{""Old"":330,""New"":334,""Reason"":3}"
44977601,"{""Old"":985,""New"":987,""Reason"":3}"
48205250,"{""Old"":745,""New"":747,""Reason"":3}"
37623137,"{""Old"":184,""New"":186,""Reason"":3}"
37623137,"{""Old"":324,""New"":326,""Reason"":3}"
49825474,"{""Old"":490,""New"":492,""Reason"":3}"
299630,"{""Old"":1875,""New"":1877,""Reason"":3}"
43365752,"{""Old"":845,""New"":855,""Reason"":3}"
55921654,"{""Old"":1517,""New"":1521,""Reason"":3}"
26388823,"{""Old"":374,""New"":376,""Reason"":3}"
82844475,"{""Old"":119,""New"":121,""Reason"":3}"
82844475,"{""Old"":229,""New"":231,""Reason"":3}"
11534557,"{""Old"":298641,""New"":298651,""Reason"":3}"
11534557,"{""Old"":303968,""New"":303978,""Reason"":3}"
80312485,"{""Old"":4873,""New"":4883,""Reason"":3}"
80312485,"{""Old"":6170,""New"":6180,""Reason"":3}"
80312485,"{""Old"":6450,""New"":6460,""Reason"":3}"
80312485,"{""Old"":6540,""New"":6550,""Reason"":3}"
55531402,"{""Old"":615791,""New"":615811,""Reason"":3}"
55531402,"{""Old"":615721,""New"":615751,""Reason"":3}"
55531402,"{""Old"":619356,""New"":619366,""Reason"":3}"
55531402,"{""Old"":619766,""New"":619786,""Reason"":3}"
55531402,"{""Old"":621461,""New"":621471,""Reason"":3}"
55531402,"{""Old"":628707,""New"":628717,""Reason"":3}"
55531402,"{""Old"":628497,""New"":628517,""Reason"":3}"
55531402,"{""Old"":629277,""New"":629317,""Reason"":3}"
55531402,"{""Old"":630782,""New"":630822,""Reason"":3}"
55531402,"{""Old"":614821,""New"":614831,""Reason"":3}"
55531402,"{""Old"":625879,""New"":625889,""Reason"":3}"
55531402,"{""Old"":626268,""New"":626270,""Reason"":3}"
55531402,"{""Old"":630747,""New"":630757,""Reason"":3}"
24993885,"{""Old"":236,""New"":238,""Reason"":3}"
37962654,"{""Old"":954,""New"":956,""Reason"":3}"
37962654,"{""Old"":1194,""New"":1196,""Reason"":3}"
33641525,"{""Old"":8118,""New"":8120,""Reason"":3}"
31776438,"{""Old"":529,""New"":531,""Reason"":3}"
31776438,"{""Old"":557,""New"":559,""Reason"":3}"
18220669,"{""Old"":1878,""New"":1880,""Reason"":3}"
22023288,"{""Old"":1999,""New"":2009,""Reason"":3}"
22023288,"{""Old"":3447,""New"":3457,""Reason"":3}"
22023288,"{""Old"":2715,""New"":2725,""Reason"":3}"
22023288,"{""Old"":2521,""New"":2523,""Reason"":3}"
22023288,"{""Old"":3389,""New"":3391,""Reason"":3}"
82785902,"{""Old"":47799,""New"":47801,""Reason"":3}"
82785902,"{""Old"":49236,""New"":49238,""Reason"":3}"
82785902,"{""Old"":51615,""New"":51625,""Reason"":3}"
31776438,"{""Old"":355,""New"":357,""Reason"":3}"
31776438,"{""Old"":531,""New"":533,""Reason"":3}"
31776438,"{""Old"":547,""New"":557,""Reason"":3}"
31776438,"{""Old"":573,""New"":575,""Reason"":3}"
22023288,"{""Old"":1585,""New"":1595,""Reason"":3}"
7378760,"{""Old"":34655,""New"":34665,""Reason"":3}"
7378760,"{""Old"":34799,""New"":34809,""Reason"":3}"
7378760,"{""Old"":35125,""New"":35135,""Reason"":3}"
7378760,"{""Old"":35259,""New"":35261,""Reason"":3}"
7378760,"{""Old"":36067,""New"":36077,""Reason"":3}"
7378760,"{""Old"":36149,""New"":36159,""Reason"":3}"
7378760,"{""Old"":37163,""New"":37173,""Reason"":3}"
7378760,"{""Old"":37879,""New"":37889,""Reason"":3}"
2968081,"{""Old"":823,""New"":825,""Reason"":3}"
11534557,"{""Old"":297502,""New"":297522,""Reason"":3}"
11534557,"{""Old"":299851,""New"":299861,""Reason"":3}"
11534557,"{""Old"":299701,""New"":299711,""Reason"":3}"
11534557,"{""Old"":304121,""New"":304141,""Reason"":3}"
11534557,"{""Old"":303374,""New"":303376,""Reason"":3}"
11534557,"{""Old"":304603,""New"":304623,""Reason"":3}"
6028420,"{""Old"":305,""New"":307,""Reason"":3}"
82844475,"{""Old"":218,""New"":220,""Reason"":3}"
82844475,"{""Old"":369,""New"":371,""Reason"":3}"
8302676,"{""Old"":2655,""New"":2665,""Reason"":3}"
6028420,"{""Old"":312,""New"":314,""Reason"":3}"
202863679,"{""Old"":1224,""New"":1226,""Reason"":3}"
202863679,"{""Old"":1148,""New"":1150,""Reason"":3}"
207982180,"{""Old"":1048,""New"":1058,""Reason"":3}"
207982180,"{""Old"":988,""New"":990,""Reason"":3}"
207982180,"{""Old"":884,""New"":886,""Reason"":3}"
20302898,"{""Old"":1770,""New"":1772,""Reason"":3}"
120956657,"{""Old"":257,""New"":259,""Reason"":3}"
23245080,"{""Old"":278,""New"":280,""Reason"":3}"
23245080,"{""Old"":465,""New"":467,""Reason"":3}"
37263988,"{""Old"":104,""New"":106,""Reason"":3}"
55531402,"{""Old"":614726,""New"":614776,""Reason"":3}"
55531402,"{""Old"":621886,""New"":621906,""Reason"":3}"
55531402,"{""Old"":622281,""New"":622291,""Reason"":3}"
55531402,"{""Old"":623026,""New"":623036,""Reason"":3}"
55531402,"{""Old"":623620,""New"":623640,""Reason"":3}"
55531402,"{""Old"":625849,""New"":625879,""Reason"":3}"
55531402,"{""Old"":627722,""New"":627732,""Reason"":3}"
55531402,"{""Old"":632392,""New"":632412,""Reason"":3}"
80312485,"{""Old"":3826,""New"":3836,""Reason"":3}"
80312485,"{""Old"":4348,""New"":4358,""Reason"":3}"
80312485,"{""Old"":4833,""New"":4843,""Reason"":3}"
80312485,"{""Old"":5218,""New"":5228,""Reason"":3}"
80312485,"{""Old"":5720,""New"":5730,""Reason"":3}"
80312485,"{""Old"":4318,""New"":4328,""Reason"":3}"
80312485,"{""Old"":4640,""New"":4650,""Reason"":3}"
80312485,"{""Old"":6260,""New"":6270,""Reason"":3}"
80312485,"{""Old"":3504,""New"":3514,""Reason"":3}"
80312485,"{""Old"":5263,""New"":5273,""Reason"":3}"
80312485,"{""Old"":5920,""New"":5930,""Reason"":3}"
55531402,"{""Old"":617286,""New"":617296,""Reason"":3}"
55531402,"{""Old"":619736,""New"":619746,""Reason"":3}"
55531402,"{""Old"":623453,""New"":623493,""Reason"":3}"
55531402,"{""Old"":628422,""New"":628442,""Reason"":3}"
55531402,"{""Old"":630672,""New"":630702,""Reason"":3}"
55531402,"{""Old"":633577,""New"":633607,""Reason"":3}"
22435751,"{""Old"":5014,""New"":5016,""Reason"":3}"
22435751,"{""Old"":6129,""New"":6139,""Reason"":3}"
22435751,"{""Old"":6396,""New"":6398,""Reason"":3}"
22435751,"{""Old"":5891,""New"":5893,""Reason"":3}"
22435751,"{""Old"":6454,""New"":6464,""Reason"":3}"
22435751,"{""Old"":6574,""New"":6584,""Reason"":3}"
22435751,"{""Old"":6704,""New"":6706,""Reason"":3}"
207982180,"{""Old"":880,""New"":884,""Reason"":3}"
207982180,"{""Old"":798,""New"":808,""Reason"":3}"
19535546,"{""Old"":3206,""New"":3208,""Reason"":3}"
19535546,"{""Old"":400,""New"":402,""Reason"":3}"
19535546,"{""Old"":491,""New"":493,""Reason"":3}"
19535546,"{""Old"":363,""New"":365,""Reason"":3}"
19535546,"{""Old"":500,""New"":502,""Reason"":3}"
19535546,"{""Old"":3588,""New"":3590,""Reason"":3}"
19535546,"{""Old"":3610,""New"":3612,""Reason"":3}"
19535546,"{""Old"":3666,""New"":3670,""Reason"":3}"
73588812,"{""Old"":1936,""New"":1946,""Reason"":3}"
73588812,"{""Old"":2002,""New"":2004,""Reason"":3}"
73588812,"{""Old"":1135,""New"":1137,""Reason"":3}"
209520756,"{""Old"":2971,""New"":2983,""Reason"":3}"
209520756,"{""Old"":3019,""New"":3021,""Reason"":3}"
73588812,"{""Old"":1887,""New"":1889,""Reason"":3}"
73588812,"{""Old"":1084,""New"":1086,""Reason"":3}"
2968081,"{""Old"":834,""New"":844,""Reason"":3}"
2968081,"{""Old"":1722,""New"":1724,""Reason"":3}"
2968081,"{""Old"":973,""New"":975,""Reason"":3}"
2968081,"{""Old"":1579,""New"":1581,""Reason"":3}"
2968081,"{""Old"":1695,""New"":1699,""Reason"":3}"
73588812,"{""Old"":1883,""New"":1885,""Reason"":3}"
73588812,"{""Old"":1992,""New"":1994,""Reason"":3}"
73588812,"{""Old"":2054,""New"":2056,""Reason"":3}"
73588812,"{""Old"":1953,""New"":1963,""Reason"":3}"
73588812,"{""Old"":1050,""New"":1052,""Reason"":3}"
82785902,"{""Old"":48064,""New"":48066,""Reason"":3}"
82785902,"{""Old"":48814,""New"":48824,""Reason"":3}"
82785902,"{""Old"":49399,""New"":49419,""Reason"":3}"
82785902,"{""Old"":50448,""New"":50458,""Reason"":3}"
82785902,"{""Old"":50428,""New"":50438,""Reason"":3}"
82785902,"{""Old"":51343,""New"":51353,""Reason"":3}"
82785902,"{""Old"":51453,""New"":51463,""Reason"":3}"
31776438,"{""Old"":389,""New"":391,""Reason"":3}"
31776438,"{""Old"":535,""New"":537,""Reason"":3}"
82785902,"{""Old"":49719,""New"":49729,""Reason"":3}"
82785902,"{""Old"":52065,""New"":52075,""Reason"":3}"
82785902,"{""Old"":49365,""New"":49375,""Reason"":3}"
82785902,"{""Old"":49709,""New"":49719,""Reason"":3}"
82785902,"{""Old"":50750,""New"":50760,""Reason"":3}"
82785902,"{""Old"":51865,""New"":51875,""Reason"":3}"
53898758,"{""Old"":3460,""New"":3462,""Reason"":3}"
22023288,"{""Old"":1181,""New"":1183,""Reason"":3}"
220365014,"{""Old"":38372,""New"":38382,""Reason"":3}"
83676575,"{""Old"":2818,""New"":2820,""Reason"":3}"
55531402,"{""Old"":613971,""New"":613981,""Reason"":3}"
55531402,"{""Old"":614276,""New"":614296,""Reason"":3}"
55531402,"{""Old"":616301,""New"":616311,""Reason"":3}"
55531402,"{""Old"":622326,""New"":622336,""Reason"":3}"
55531402,"{""Old"":626735,""New"":626755,""Reason"":3}"
55531402,"{""Old"":629972,""New"":629982,""Reason"":3}"
55531402,"{""Old"":629847,""New"":629867,""Reason"":3}"
55531402,"{""Old"":619294,""New"":619314,""Reason"":3}"
55531402,"{""Old"":622596,""New"":622606,""Reason"":3}"
55531402,"{""Old"":623101,""New"":623111,""Reason"":3}"
55531402,"{""Old"":627937,""New"":627947,""Reason"":3}"
55531402,"{""Old"":628942,""New"":628952,""Reason"":3}"
55531402,"{""Old"":628887,""New"":628917,""Reason"":3}"
55531402,"{""Old"":633322,""New"":633342,""Reason"":3}"
55531402,"{""Old"":617126,""New"":617156,""Reason"":3}"
55531402,"{""Old"":622691,""New"":622701,""Reason"":3}"
55531402,"{""Old"":623915,""New"":623925,""Reason"":3}"
55531402,"{""Old"":625567,""New"":625587,""Reason"":3}"
55531402,"{""Old"":628282,""New"":628292,""Reason"":3}"
55531402,"{""Old"":629712,""New"":629722,""Reason"":3}"
55531402,"{""Old"":589732,""New"":589742,""Reason"":3}"
55531402,"{""Old"":594344,""New"":594354,""Reason"":3}"
55531402,"{""Old"":615531,""New"":615541,""Reason"":3}"
55531402,"{""Old"":616291,""New"":616301,""Reason"":3}"
55531402,"{""Old"":618011,""New"":618041,""Reason"":3}"
55531402,"{""Old"":628442,""New"":628452,""Reason"":3}"
55531402,"{""Old"":629172,""New"":629182,""Reason"":3}"
55531402,"{""Old"":632317,""New"":632347,""Reason"":3}"
55531402,"{""Old"":632757,""New"":632767,""Reason"":3}"
55531402,"{""Old"":600664,""New"":600674,""Reason"":3}"
55531402,"{""Old"":601234,""New"":601244,""Reason"":3}"
55531402,"{""Old"":604176,""New"":604186,""Reason"":3}"
55531402,"{""Old"":604971,""New"":605001,""Reason"":3}"
55531402,"{""Old"":607172,""New"":607192,""Reason"":3}"
55531402,"{""Old"":619616,""New"":619626,""Reason"":3}"
55531402,"{""Old"":620756,""New"":620766,""Reason"":3}"
55531402,"{""Old"":622086,""New"":622096,""Reason"":3}"
55531402,"{""Old"":625272,""New"":625282,""Reason"":3}"
55531402,"{""Old"":627240,""New"":627260,""Reason"":3}"
55531402,"{""Old"":630497,""New"":630537,""Reason"":3}"
9254415,"{""Old"":2574,""New"":2584,""Reason"":3}"
7378760,"{""Old"":35261,""New"":35271,""Reason"":3}"
7378760,"{""Old"":35803,""New"":35823,""Reason"":3}"
7378760,"{""Old"":36541,""New"":36561,""Reason"":3}"
37623137,"{""Old"":364,""New"":366,""Reason"":3}"
37623137,"{""Old"":348,""New"":350,""Reason"":3}"
67836518,"{""Old"":250,""New"":252,""Reason"":3}"
37623137,"{""Old"":279,""New"":281,""Reason"":3}"
37623137,"{""Old"":374,""New"":376,""Reason"":3}"
37250473,"{""Old"":918,""New"":920,""Reason"":3}"
202176747,"{""Old"":35150,""New"":35152,""Reason"":3}"
202176747,"{""Old"":37313,""New"":37315,""Reason"":3}"
83880780,"{""Old"":282,""New"":284,""Reason"":3}"
12301610,"{""Old"":2541,""New"":2543,""Reason"":3}"
12301610,"{""Old"":2635,""New"":2637,""Reason"":3}"
39485735,"{""Old"":373,""New"":375,""Reason"":3}"
12210316,"{""Old"":1028,""New"":1030,""Reason"":3}"
82844475,"{""Old"":375,""New"":377,""Reason"":3}"
82844475,"{""Old"":253,""New"":255,""Reason"":3}"
68764292,"{""Old"":174,""New"":176,""Reason"":3}"
55921654,"{""Old"":1222,""New"":1224,""Reason"":3}"
55921654,"{""Old"":1216,""New"":1220,""Reason"":3}"
54937851,"{""Old"":8467,""New"":8469,""Reason"":3}"
11534557,"{""Old"":303785,""New"":303787,""Reason"":3}"
11534557,"{""Old"":303822,""New"":303842,""Reason"":3}"
49825474,"{""Old"":502,""New"":504,""Reason"":3}"
84223984,"{""Old"":403,""New"":405,""Reason"":3}"
67836518,"{""Old"":2622,""New"":2624,""Reason"":3}"
43365752,"{""Old"":1463,""New"":1465,""Reason"":3}"
80312485,"{""Old"":4478,""New"":4488,""Reason"":3}"
80312485,"{""Old"":4650,""New"":4660,""Reason"":3}"
80312485,"{""Old"":5545,""New"":5555,""Reason"":3}"
80312485,"{""Old"":6470,""New"":6480,""Reason"":3}"
80312485,"{""Old"":6520,""New"":6530,""Reason"":3}"
80312485,"{""Old"":6924,""New"":6934,""Reason"":3}"
80312485,"{""Old"":3756,""New"":3766,""Reason"":3}"
80312485,"{""Old"":6270,""New"":6280,""Reason"":3}"
80312485,"{""Old"":4773,""New"":4783,""Reason"":3}"
80312485,"{""Old"":5700,""New"":5710,""Reason"":3}"
80312485,"{""Old"":6662,""New"":6672,""Reason"":3}"
80312485,"{""Old"":3846,""New"":3856,""Reason"":3}"
80312485,"{""Old"":4058,""New"":4078,""Reason"":3}"
80312485,"{""Old"":5810,""New"":5820,""Reason"":3}"
80312485,"{""Old"":6320,""New"":6340,""Reason"":3}"
80312485,"{""Old"":6914,""New"":6924,""Reason"":3}"
73660558,"{""Old"":1151,""New"":1153,""Reason"":3}"
24993885,"{""Old"":209,""New"":211,""Reason"":3}"
80312485,"{""Old"":6500,""New"":6510,""Reason"":3}"
75730356,"{""Old"":509,""New"":519,""Reason"":3}"
19535546,"{""Old"":3039,""New"":3041,""Reason"":3}"
19535546,"{""Old"":3067,""New"":3069,""Reason"":3}"
24064804,"{""Old"":461,""New"":463,""Reason"":3}"
120956657,"{""Old"":2322,""New"":2332,""Reason"":3}"
120956657,"{""Old"":249,""New"":251,""Reason"":3}"
37623137,"{""Old"":336,""New"":338,""Reason"":3}"
44977601,"{""Old"":964,""New"":970,""Reason"":3}"
37623137,"{""Old"":240,""New"":242,""Reason"":3}"
37623137,"{""Old"":338,""New"":348,""Reason"":3}"
31558571,"{""Old"":287,""New"":289,""Reason"":3}"
200004383,"{""Old"":2081,""New"":2083,""Reason"":3}"
4472194,"{""Old"":2126,""New"":2128,""Reason"":3}"
120956657,"{""Old"":399,""New"":401,""Reason"":3}"
120956657,"{""Old"":2362,""New"":2372,""Reason"":3}"
32116408,"{""Old"":170,""New"":174,""Reason"":3}"
73588812,"{""Old"":1114,""New"":1116,""Reason"":3}"
73588812,"{""Old"":2145,""New"":2147,""Reason"":3}"
73588812,"{""Old"":1121,""New"":1123,""Reason"":3}"
57366251,"{""Old"":3541,""New"":3543,""Reason"":3}"
57366251,"{""Old"":3652,""New"":3654,""Reason"":3}"
57366251,"{""Old"":3704,""New"":3706,""Reason"":3}"
57366251,"{""Old"":3646,""New"":3648,""Reason"":3}"
73588812,"{""Old"":1145,""New"":1147,""Reason"":3}"
73588812,"{""Old"":2151,""New"":2155,""Reason"":3}"
209520756,"{""Old"":3039,""New"":3041,""Reason"":3}"
202176747,"{""Old"":6217,""New"":6237,""Reason"":3}"
202176747,"{""Old"":34568,""New"":34570,""Reason"":3}"
202176747,"{""Old"":35939,""New"":35949,""Reason"":3}"
202176747,"{""Old"":36579,""New"":36609,""Reason"":3}"
8744861,"{""Old"":401,""New"":403,""Reason"":3}"
48550785,"{""Old"":399,""New"":401,""Reason"":3}"
202176747,"{""Old"":36001,""New"":36021,""Reason"":3}"
202176747,"{""Old"":37011,""New"":37031,""Reason"":3}"
8302676,"{""Old"":1328,""New"":1330,""Reason"":3}"
8302676,"{""Old"":1325,""New"":1327,""Reason"":3}"
120956657,"{""Old"":2279,""New"":2289,""Reason"":3}"
200004383,"{""Old"":2036,""New"":2038,""Reason"":3}"
120956657,"{""Old"":397,""New"":399,""Reason"":3}"
120956657,"{""Old"":395,""New"":397,""Reason"":3}"
120956657,"{""Old"":138,""New"":140,""Reason"":3}"
13173590,"{""Old"":44618,""New"":44620,""Reason"":3}"
207982180,"{""Old"":759,""New"":761,""Reason"":3}"
13173590,"{""Old"":44587,""New"":44589,""Reason"":3}"
13173590,"{""Old"":44620,""New"":44624,""Reason"":3}"
75730356,"{""Old"":521,""New"":523,""Reason"":3}"
75730356,"{""Old"":525,""New"":527,""Reason"":3}"
75730356,"{""Old"":527,""New"":529,""Reason"":3}"
72784091,"{""Old"":208,""New"":210,""Reason"":3}"
59231397,"{""Old"":1751,""New"":1761,""Reason"":3}"
59231397,"{""Old"":3832,""New"":3852,""Reason"":3}"
59231397,"{""Old"":4310,""New"":4330,""Reason"":3}"
18436020,"{""Old"":676,""New"":686,""Reason"":3}"
12301610,"{""Old"":2625,""New"":2627,""Reason"":3}"
49825474,"{""Old"":2768,""New"":2770,""Reason"":3}"
49825474,"{""Old"":2481,""New"":2483,""Reason"":3}"
49825474,"{""Old"":2714,""New"":2716,""Reason"":3}"
49825474,"{""Old"":2722,""New"":2732,""Reason"":3}"
49825474,"{""Old"":2234,""New"":2236,""Reason"":3}"
82785902,"{""Old"":48492,""New"":48494,""Reason"":3}"
82785902,"{""Old"":48718,""New"":48728,""Reason"":3}"
82785902,"{""Old"":49330,""New"":49340,""Reason"":3}"
82785902,"{""Old"":51583,""New"":51585,""Reason"":3}"
82785902,"{""Old"":51563,""New"":51583,""Reason"":3}"
82785902,"{""Old"":52005,""New"":52015,""Reason"":3}"
22023288,"{""Old"":448,""New"":450,""Reason"":3}"
22023288,"{""Old"":1329,""New"":1339,""Reason"":3}"
22023288,"{""Old"":2573,""New"":2583,""Reason"":3}"
83880780,"{""Old"":330,""New"":332,""Reason"":3}"
49825474,"{""Old"":2355,""New"":2357,""Reason"":3}"
49825474,"{""Old"":2474,""New"":2476,""Reason"":3}"
49825474,"{""Old"":2634,""New"":2644,""Reason"":3}"
55531402,"{""Old"":411062,""New"":411082,""Reason"":3}"
55531402,"{""Old"":411927,""New"":411937,""Reason"":3}"
55531402,"{""Old"":413122,""New"":413142,""Reason"":3}"
31776438,"{""Old"":477,""New"":479,""Reason"":3}"
31776438,"{""Old"":133,""New"":135,""Reason"":3}"
82785902,"{""Old"":50348,""New"":50358,""Reason"":3}"
82785902,"{""Old"":50468,""New"":50470,""Reason"":3}"
82785902,"{""Old"":51655,""New"":51665,""Reason"":3}"
31776438,"{""Old"":92,""New"":94,""Reason"":3}"
55531402,"{""Old"":412402,""New"":412432,""Reason"":3}"
55531402,"{""Old"":412889,""New"":412909,""Reason"":3}"
55531402,"{""Old"":413051,""New"":413061,""Reason"":3}"
83880780,"{""Old"":265,""New"":267,""Reason"":3}"
5732467,"{""Old"":628,""New"":632,""Reason"":3}"
18220669,"{""Old"":1896,""New"":1898,""Reason"":3}"
83676575,"{""Old"":3154,""New"":3164,""Reason"":3}"
22023288,"{""Old"":766,""New"":768,""Reason"":3}"
22023288,"{""Old"":1080,""New"":1084,""Reason"":3}"
22023288,"{""Old"":1533,""New"":1535,""Reason"":3}"
22023288,"{""Old"":2543,""New"":2553,""Reason"":3}"
12346315,"{""Old"":4201,""New"":4203,""Reason"":3}"
49825474,"{""Old"":384,""New"":386,""Reason"":3}"
58140678,"{""Old"":1287,""New"":1289,""Reason"":3}"
12346315,"{""Old"":4177,""New"":4187,""Reason"":3}"
11534557,"{""Old"":303771,""New"":303773,""Reason"":3}"
11534557,"{""Old"":303897,""New"":303907,""Reason"":3}"
55531402,"{""Old"":173478,""New"":173488,""Reason"":3}"
55531402,"{""Old"":173672,""New"":173682,""Reason"":3}"
55531402,"{""Old"":175250,""New"":175260,""Reason"":3}"
55531402,"{""Old"":175716,""New"":175756,""Reason"":3}"
55531402,"{""Old"":176191,""New"":176201,""Reason"":3}"
55531402,"{""Old"":177053,""New"":177073,""Reason"":3}"
55531402,"{""Old"":180049,""New"":180059,""Reason"":3}"
55531402,"{""Old"":179849,""New"":179859,""Reason"":3}"
55531402,"{""Old"":180309,""New"":180319,""Reason"":3}"
12346315,"{""Old"":4124,""New"":4126,""Reason"":3}"
8302676,"{""Old"":2597,""New"":2607,""Reason"":3}"
49825474,"{""Old"":537,""New"":539,""Reason"":3}"
55531402,"{""Old"":172847,""New"":172857,""Reason"":3}"
55531402,"{""Old"":178110,""New"":178130,""Reason"":3}"
55531402,"{""Old"":182348,""New"":182358,""Reason"":3}"
55531402,"{""Old"":174858,""New"":174878,""Reason"":3}"
55531402,"{""Old"":177073,""New"":177083,""Reason"":3}"
55531402,"{""Old"":179142,""New"":179152,""Reason"":3}"
55531402,"{""Old"":182535,""New"":182545,""Reason"":3}"
55531402,"{""Old"":171535,""New"":171537,""Reason"":3}"
55531402,"{""Old"":171601,""New"":171611,""Reason"":3}"
55531402,"{""Old"":173822,""New"":173832,""Reason"":3}"
55531402,"{""Old"":175195,""New"":175205,""Reason"":3}"
55531402,"{""Old"":176638,""New"":176648,""Reason"":3}"
55531402,"{""Old"":181943,""New"":181963,""Reason"":3}"
55531402,"{""Old"":182288,""New"":182318,""Reason"":3}"
55531402,"{""Old"":172523,""New"":172525,""Reason"":3}"
55531402,"{""Old"":177765,""New"":177785,""Reason"":3}"
55531402,"{""Old"":178230,""New"":178240,""Reason"":3}"
55531402,"{""Old"":178590,""New"":178592,""Reason"":3}"
55531402,"{""Old"":179387,""New"":179397,""Reason"":3}"
55531402,"{""Old"":180264,""New"":180274,""Reason"":3}"
8302676,"{""Old"":2609,""New"":2611,""Reason"":3}"
55531402,"{""Old"":171539,""New"":171541,""Reason"":3}"
55531402,"{""Old"":173732,""New"":173742,""Reason"":3}"
55531402,"{""Old"":178155,""New"":178165,""Reason"":3}"
55531402,"{""Old"":181079,""New"":181099,""Reason"":3}"
55531402,"{""Old"":180799,""New"":180809,""Reason"":3}"
55531402,"{""Old"":182675,""New"":182695,""Reason"":3}"
55921654,"{""Old"":1149,""New"":1151,""Reason"":3}"
59586093,"{""Old"":3,""New"":5,""Reason"":3}"
27777369,"{""Old"":211,""New"":213,""Reason"":3}"
44361334,"{""Old"":1151,""New"":1153,""Reason"":3}"
207982180,"{""Old"":1073,""New"":1075,""Reason"":3}"
75730356,"{""Old"":366,""New"":376,""Reason"":3}"
75730356,"{""Old"":362,""New"":364,""Reason"":3}"
13173590,"{""Old"":44501,""New"":44505,""Reason"":3}"
57366251,"{""Old"":3741,""New"":3743,""Reason"":3}"
25333633,"{""Old"":15,""New"":17,""Reason"":3}"
73531147,"{""Old"":1186,""New"":1188,""Reason"":3}"
7378760,"{""Old"":35205,""New"":35215,""Reason"":3}"
7378760,"{""Old"":35195,""New"":35205,""Reason"":3}"
7378760,"{""Old"":35783,""New"":35803,""Reason"":3}"
7378760,"{""Old"":35763,""New"":35783,""Reason"":3}"
7378760,"{""Old"":36185,""New"":36205,""Reason"":3}"
7378760,"{""Old"":36853,""New"":36863,""Reason"":3}"
7378760,"{""Old"":37557,""New"":37567,""Reason"":3}"
9254415,"{""Old"":3307,""New"":3309,""Reason"":3}"
9254415,"{""Old"":3349,""New"":3359,""Reason"":3}"
7378760,"{""Old"":35225,""New"":35235,""Reason"":3}"
7378760,"{""Old"":35185,""New"":35195,""Reason"":3}"
7378760,"{""Old"":36257,""New"":36267,""Reason"":3}"
7378760,"{""Old"":36307,""New"":36317,""Reason"":3}"
7378760,"{""Old"":36337,""New"":36347,""Reason"":3}"
7378760,"{""Old"":37637,""New"":37647,""Reason"":3}"
2968081,"{""Old"":1596,""New"":1598,""Reason"":3}"
2968081,"{""Old"":1598,""New"":1608,""Reason"":3}"
2968081,"{""Old"":723,""New"":725,""Reason"":3}"
2968081,"{""Old"":893,""New"":895,""Reason"":3}"
202176747,"{""Old"":36837,""New"":36847,""Reason"":3}"
46235249,"{""Old"":790,""New"":792,""Reason"":3}"
54937851,"{""Old"":3694,""New"":3696,""Reason"":3}"
80312485,"{""Old"":6350,""New"":6360,""Reason"":3}"
37263988,"{""Old"":110,""New"":112,""Reason"":3}"
55531402,"{""Old"":412067,""New"":412077,""Reason"":3}"
55531402,"{""Old"":412627,""New"":412637,""Reason"":3}"
82785902,"{""Old"":49919,""New"":49929,""Reason"":3}"
82785902,"{""Old"":50035,""New"":50055,""Reason"":3}"
82785902,"{""Old"":50832,""New"":50842,""Reason"":3}"
55531402,"{""Old"":410832,""New"":410852,""Reason"":3}"
55531402,"{""Old"":410972,""New"":411022,""Reason"":3}"
83880780,"{""Old"":442,""New"":444,""Reason"":3}"
49825474,"{""Old"":2507,""New"":2509,""Reason"":3}"
49825474,"{""Old"":2619,""New"":2621,""Reason"":3}"
49825474,"{""Old"":2630,""New"":2634,""Reason"":3}"
49825474,"{""Old"":2312,""New"":2314,""Reason"":3}"
49825474,"{""Old"":2434,""New"":2436,""Reason"":3}"
49825474,"{""Old"":2738,""New"":2740,""Reason"":3}"
2982116,"{""Old"":84,""New"":86,""Reason"":3}"
82785902,"{""Old"":48366,""New"":48368,""Reason"":3}"
82785902,"{""Old"":49377,""New"":49379,""Reason"":3}"
82785902,"{""Old"":49539,""New"":49549,""Reason"":3}"
82785902,"{""Old"":50852,""New"":50862,""Reason"":3}"
31776438,"{""Old"":66,""New"":68,""Reason"":3}"
55531402,"{""Old"":410252,""New"":410262,""Reason"":3}"
55531402,"{""Old"":410142,""New"":410162,""Reason"":3}"
55531402,"{""Old"":410057,""New"":410067,""Reason"":3}"
55531402,"{""Old"":410932,""New"":410962,""Reason"":3}"
55531402,"{""Old"":412237,""New"":412257,""Reason"":3}"
55531402,"{""Old"":410537,""New"":410547,""Reason"":3}"
82785902,"{""Old"":51805,""New"":51815,""Reason"":3}"
31776438,"{""Old"":118,""New"":122,""Reason"":3}"
55531402,"{""Old"":410622,""New"":410632,""Reason"":3}"
55531402,"{""Old"":411597,""New"":411607,""Reason"":3}"
55531402,"{""Old"":411382,""New"":411392,""Reason"":3}"
55531402,"{""Old"":412838,""New"":412848,""Reason"":3}"
55531402,"{""Old"":413213,""New"":413223,""Reason"":3}"
82785902,"{""Old"":47522,""New"":47524,""Reason"":3}"
82785902,"{""Old"":48804,""New"":48814,""Reason"":3}"
82785902,"{""Old"":50260,""New"":50270,""Reason"":3}"
82785902,"{""Old"":48403,""New"":48405,""Reason"":3}"
82785902,"{""Old"":48603,""New"":48613,""Reason"":3}"
82785902,"{""Old"":49579,""New"":49589,""Reason"":3}"
82785902,"{""Old"":51373,""New"":51383,""Reason"":3}"
20302898,"{""Old"":1776,""New"":1786,""Reason"":3}"
120956657,"{""Old"":2465,""New"":2475,""Reason"":3}"
32116408,"{""Old"":127,""New"":129,""Reason"":3}"
120956657,"{""Old"":416,""New"":420,""Reason"":3}"
120956657,"{""Old"":2332,""New"":2342,""Reason"":3}"
120956657,"{""Old"":2429,""New"":2439,""Reason"":3}"
120956657,"{""Old"":390,""New"":392,""Reason"":3}"
120956657,"{""Old"":2395,""New"":2405,""Reason"":3}"
120956657,"{""Old"":2342,""New"":2352,""Reason"":3}"
7378760,"{""Old"":35967,""New"":35977,""Reason"":3}"
7378760,"{""Old"":37345,""New"":37355,""Reason"":3}"
63583576,"{""Old"":96,""New"":98,""Reason"":3}"
52385318,"{""Old"":516,""New"":518,""Reason"":3}"
63799212,"{""Old"":5090,""New"":5092,""Reason"":3}"
13173590,"{""Old"":44509,""New"":44511,""Reason"":3}"
80312485,"{""Old"":4178,""New"":4188,""Reason"":3}"
80312485,"{""Old"":4590,""New"":4600,""Reason"":3}"
43365752,"{""Old"":1427,""New"":1429,""Reason"":3}"
43365752,"{""Old"":1411,""New"":1421,""Reason"":3}"
43365752,"{""Old"":1459,""New"":1461,""Reason"":3}"
22435751,"{""Old"":5016,""New"":5018,""Reason"":3}"
22435751,"{""Old"":5775,""New"":5777,""Reason"":3}"
22435751,"{""Old"":6408,""New"":6410,""Reason"":3}"
22435751,"{""Old"":6674,""New"":6684,""Reason"":3}"
44961939,"{""Old"":565,""New"":567,""Reason"":3}"
22435751,"{""Old"":5032,""New"":5042,""Reason"":3}"
22435751,"{""Old"":5190,""New"":5192,""Reason"":3}"
22435751,"{""Old"":5555,""New"":5565,""Reason"":3}"
22435751,"{""Old"":5809,""New"":5819,""Reason"":3}"
80312485,"{""Old"":4823,""New"":4833,""Reason"":3}"
80312485,"{""Old"":5450,""New"":5460,""Reason"":3}"
67836518,"{""Old"":295,""New"":297,""Reason"":3}"
54937851,"{""Old"":3747,""New"":3749,""Reason"":3}"
37623137,"{""Old"":149,""New"":151,""Reason"":3}"
37623137,"{""Old"":164,""New"":166,""Reason"":3}"
37623137,"{""Old"":322,""New"":324,""Reason"":3}"
7378760,"{""Old"":35713,""New"":35743,""Reason"":3}"
7378760,"{""Old"":37547,""New"":37557,""Reason"":3}"
7378760,"{""Old"":37809,""New"":37819,""Reason"":3}"
37623137,"{""Old"":254,""New"":256,""Reason"":3}"
67836518,"{""Old"":321,""New"":323,""Reason"":3}"
37623137,"{""Old"":305,""New"":307,""Reason"":3}"
54937851,"{""Old"":3749,""New"":3753,""Reason"":3}"
44977601,"{""Old"":845,""New"":855,""Reason"":3}"
54937851,"{""Old"":3745,""New"":3747,""Reason"":3}"
44977601,"{""Old"":974,""New"":976,""Reason"":3}"
54937851,"{""Old"":3733,""New"":3735,""Reason"":3}"
37623137,"{""Old"":281,""New"":283,""Reason"":3}"
67836518,"{""Old"":223,""New"":225,""Reason"":3}"
67836518,"{""Old"":270,""New"":272,""Reason"":3}"
67836518,"{""Old"":293,""New"":295,""Reason"":3}"
67836518,"{""Old"":303,""New"":305,""Reason"":3}"
37623137,"{""Old"":320,""New"":322,""Reason"":3}"
44977601,"{""Old"":917,""New"":919,""Reason"":3}"
37623137,"{""Old"":283,""New"":285,""Reason"":3}"
52607239,"{""Old"":624,""New"":634,""Reason"":3}"
44977601,"{""Old"":901,""New"":905,""Reason"":3}"
44977601,"{""Old"":923,""New"":925,""Reason"":3}"
80141190,"{""Old"":456,""New"":458,""Reason"":3}"
80141190,"{""Old"":767,""New"":769,""Reason"":3}"
218753804,"{""Old"":16,""New"":18,""Reason"":3}"
25799691,"{""Old"":1302,""New"":1304,""Reason"":3}"
37399438,"{""Old"":758,""New"":760,""Reason"":3}"
37399438,"{""Old"":776,""New"":778,""Reason"":3}"
80141190,"{""Old"":318,""New"":320,""Reason"":3}"
25799691,"{""Old"":1243,""New"":1253,""Reason"":3}"
37250473,"{""Old"":952,""New"":962,""Reason"":3}"
37623137,"{""Old"":318,""New"":320,""Reason"":3}"
37789811,"{""Old"":156,""New"":158,""Reason"":3}"
13245861,"{""Old"":470,""New"":472,""Reason"":3}"
13054661,"{""Old"":664,""New"":666,""Reason"":3}"
37784995,"{""Old"":876,""New"":878,""Reason"":3}"
46419793,"{""Old"":54,""New"":56,""Reason"":3}"
59586093,"{""Old"":48,""New"":50,""Reason"":3}"
9084499,"{""Old"":197,""New"":199,""Reason"":3}"
75730356,"{""Old"":426,""New"":428,""Reason"":3}"
23053094,"{""Old"":1015,""New"":1017,""Reason"":3}"
48205250,"{""Old"":916,""New"":926,""Reason"":3}"
8744861,"{""Old"":434,""New"":444,""Reason"":3}"
48205250,"{""Old"":699,""New"":701,""Reason"":3}"
48205250,"{""Old"":781,""New"":783,""Reason"":3}"
8302676,"{""Old"":1319,""New"":1321,""Reason"":3}"
37250473,"{""Old"":946,""New"":948,""Reason"":3}"
70289120,"{""Old"":1012,""New"":1014,""Reason"":3}"
80758401,"{""Old"":4475,""New"":4485,""Reason"":3}"
59231397,"{""Old"":1566,""New"":1568,""Reason"":3}"
59231397,"{""Old"":1908,""New"":1918,""Reason"":3}"
59231397,"{""Old"":3419,""New"":3429,""Reason"":3}"
59231397,"{""Old"":4260,""New"":4270,""Reason"":3}"
13603777,"{""Old"":535,""New"":541,""Reason"":3}"
55921654,"{""Old"":1386,""New"":1388,""Reason"":3}"
55921654,"{""Old"":1597,""New"":1599,""Reason"":3}"
55921654,"{""Old"":1618,""New"":1620,""Reason"":3}"
55921654,"{""Old"":1190,""New"":1192,""Reason"":3}"
55531402,"{""Old"":173002,""New"":173012,""Reason"":3}"
55531402,"{""Old"":174798,""New"":174818,""Reason"":3}"
55531402,"{""Old"":176828,""New"":176838,""Reason"":3}"
55531402,"{""Old"":177318,""New"":177328,""Reason"":3}"
55531402,"{""Old"":178220,""New"":178230,""Reason"":3}"
55531402,"{""Old"":178550,""New"":178590,""Reason"":3}"
55531402,"{""Old"":181369,""New"":181389,""Reason"":3}"
55531402,"{""Old"":181664,""New"":181694,""Reason"":3}"
299630,"{""Old"":2721,""New"":2723,""Reason"":3}"
49825474,"{""Old"":496,""New"":498,""Reason"":3}"
54937851,"{""Old"":8511,""New"":8513,""Reason"":3}"
55531402,"{""Old"":171430,""New"":171432,""Reason"":3}"
55531402,"{""Old"":172468,""New"":172478,""Reason"":3}"
55531402,"{""Old"":177328,""New"":177338,""Reason"":3}"
55531402,"{""Old"":177233,""New"":177243,""Reason"":3}"
55531402,"{""Old"":181749,""New"":181759,""Reason"":3}"
55531402,"{""Old"":182038,""New"":182048,""Reason"":3}"
55531402,"{""Old"":181814,""New"":181834,""Reason"":3}"
55531402,"{""Old"":182450,""New"":182460,""Reason"":3}"
55531402,"{""Old"":170909,""New"":170911,""Reason"":3}"
55531402,"{""Old"":172104,""New"":172114,""Reason"":3}"
55531402,"{""Old"":173592,""New"":173602,""Reason"":3}"
55531402,"{""Old"":175976,""New"":175996,""Reason"":3}"
55531402,"{""Old"":176251,""New"":176261,""Reason"":3}"
55531402,"{""Old"":177138,""New"":177148,""Reason"":3}"
55531402,"{""Old"":178617,""New"":178627,""Reason"":3}"
55531402,"{""Old"":180039,""New"":180049,""Reason"":3}"
55531402,"{""Old"":180909,""New"":180919,""Reason"":3}"
55531402,"{""Old"":181189,""New"":181229,""Reason"":3}"
54937851,"{""Old"":8499,""New"":8501,""Reason"":3}"
85239241,"{""Old"":6597,""New"":6599,""Reason"":3}"
67836518,"{""Old"":2618,""New"":2620,""Reason"":3}"
67836518,"{""Old"":2724,""New"":2734,""Reason"":3}"
58140678,"{""Old"":1343,""New"":1345,""Reason"":3}"
299630,"{""Old"":2689,""New"":2699,""Reason"":3}"
55531402,"{""Old"":172652,""New"":172672,""Reason"":3}"
55531402,"{""Old"":173682,""New"":173692,""Reason"":3}"
55531402,"{""Old"":178175,""New"":178185,""Reason"":3}"
55531402,"{""Old"":182018,""New"":182028,""Reason"":3}"
55531402,"{""Old"":170805,""New"":170807,""Reason"":3}"
55531402,"{""Old"":172545,""New"":172547,""Reason"":3}"
55531402,"{""Old"":181389,""New"":181419,""Reason"":3}"
55531402,"{""Old"":181694,""New"":181704,""Reason"":3}"
55531402,"{""Old"":177510,""New"":177520,""Reason"":3}"
55531402,"{""Old"":181024,""New"":181044,""Reason"":3}"
55531402,"{""Old"":180944,""New"":180954,""Reason"":3}"
12346315,"{""Old"":4167,""New"":4177,""Reason"":3}"
83319984,"{""Old"":1322,""New"":1324,""Reason"":3}"
67260187,"{""Old"":115,""New"":117,""Reason"":3}"
55531402,"{""Old"":410197,""New"":410207,""Reason"":3}"
55531402,"{""Old"":410427,""New"":410437,""Reason"":3}"
82785902,"{""Old"":48844,""New"":48854,""Reason"":3}"
82785902,"{""Old"":48824,""New"":48834,""Reason"":3}"
82785902,"{""Old"":49318,""New"":49320,""Reason"":3}"
82785902,"{""Old"":49739,""New"":49749,""Reason"":3}"
31776438,"{""Old"":68,""New"":70,""Reason"":3}"
5732467,"{""Old"":636,""New"":638,""Reason"":3}"
55531402,"{""Old"":411797,""New"":411827,""Reason"":3}"
82785902,"{""Old"":48068,""New"":48072,""Reason"":3}"
82785902,"{""Old"":50300,""New"":50310,""Reason"":3}"
49825474,"{""Old"":2247,""New"":2249,""Reason"":3}"
49825474,"{""Old"":2485,""New"":2487,""Reason"":3}"
49825474,"{""Old"":2624,""New"":2628,""Reason"":3}"
53898758,"{""Old"":3464,""New"":3474,""Reason"":3}"
82785902,"{""Old"":48362,""New"":48364,""Reason"":3}"
82785902,"{""Old"":50941,""New"":50951,""Reason"":3}"
82785902,"{""Old"":51875,""New"":51885,""Reason"":3}"
55531402,"{""Old"":412828,""New"":412838,""Reason"":3}"
212325782,"{""Old"":5991,""New"":6001,""Reason"":3}"
49825474,"{""Old"":2393,""New"":2403,""Reason"":3}"
49825474,"{""Old"":2421,""New"":2423,""Reason"":3}"
49825474,"{""Old"":2644,""New"":2646,""Reason"":3}"
49825474,"{""Old"":2684,""New"":2686,""Reason"":3}"
49825474,"{""Old"":2686,""New"":2696,""Reason"":3}"
4405710,"{""Old"":730,""New"":732,""Reason"":3}"
63799212,"{""Old"":4886,""New"":4888,""Reason"":3}"
48550785,"{""Old"":405,""New"":407,""Reason"":3}"
202176747,"{""Old"":36919,""New"":36921,""Reason"":3}"
6200287,"{""Old"":48,""New"":50,""Reason"":3}"
31558571,"{""Old"":401,""New"":403,""Reason"":3}"
4200722,"{""Old"":20178,""New"":20180,""Reason"":3}"
80758401,"{""Old"":4535,""New"":4545,""Reason"":3}"
80312485,"{""Old"":3918,""New"":3928,""Reason"":3}"
80312485,"{""Old"":4008,""New"":4018,""Reason"":3}"
80312485,"{""Old"":4813,""New"":4823,""Reason"":3}"
43365752,"{""Old"":1477,""New"":1479,""Reason"":3}"
24993885,"{""Old"":205,""New"":207,""Reason"":3}"
44961939,"{""Old"":567,""New"":569,""Reason"":3}"
44961939,"{""Old"":666,""New"":668,""Reason"":3}"
20356508,"{""Old"":1425,""New"":1427,""Reason"":3}"
22435751,"{""Old"":6726,""New"":6736,""Reason"":3}"
44961939,"{""Old"":649,""New"":651,""Reason"":3}"
44961939,"{""Old"":684,""New"":686,""Reason"":3}"
22435751,"{""Old"":4544,""New"":4546,""Reason"":3}"
22435751,"{""Old"":5691,""New"":5701,""Reason"":3}"
80312485,"{""Old"":4218,""New"":4228,""Reason"":3}"
52990199,"{""Old"":1144,""New"":1146,""Reason"":3}"
212325782,"{""Old"":6031,""New"":6041,""Reason"":3}"
212325782,"{""Old"":6113,""New"":6123,""Reason"":3}"
84223984,"{""Old"":430,""New"":432,""Reason"":3}"
82844475,"{""Old"":214,""New"":216,""Reason"":3}"
82844475,"{""Old"":298,""New"":300,""Reason"":3}"
59231397,"{""Old"":2330,""New"":2340,""Reason"":3}"
59231397,"{""Old"":4030,""New"":4040,""Reason"":3}"
59231397,"{""Old"":4010,""New"":4020,""Reason"":3}"
59231397,"{""Old"":4170,""New"":4180,""Reason"":3}"
299630,"{""Old"":2717,""New"":2719,""Reason"":3}"
55531402,"{""Old"":171766,""New"":171776,""Reason"":3}"
55531402,"{""Old"":172802,""New"":172812,""Reason"":3}"
55531402,"{""Old"":173182,""New"":173192,""Reason"":3}"
55531402,"{""Old"":173397,""New"":173457,""Reason"":3}"
55531402,"{""Old"":174377,""New"":174387,""Reason"":3}"
55531402,"{""Old"":175175,""New"":175195,""Reason"":3}"
55531402,"{""Old"":176883,""New"":176893,""Reason"":3}"
55531402,"{""Old"":177520,""New"":177540,""Reason"":3}"
55531402,"{""Old"":180744,""New"":180764,""Reason"":3}"
59231397,"{""Old"":1496,""New"":1506,""Reason"":3}"
59231397,"{""Old"":1953,""New"":1963,""Reason"":3}"
59231397,"{""Old"":3152,""New"":3162,""Reason"":3}"
59231397,"{""Old"":4120,""New"":4130,""Reason"":3}"
49825474,"{""Old"":2391,""New"":2393,""Reason"":3}"
49825474,"{""Old"":2592,""New"":2594,""Reason"":3}"
49825474,"{""Old"":2746,""New"":2748,""Reason"":3}"
49825474,"{""Old"":2215,""New"":2217,""Reason"":3}"
67260187,"{""Old"":295,""New"":297,""Reason"":3}"
31776438,"{""Old"":385,""New"":387,""Reason"":3}"
82785902,"{""Old"":47971,""New"":47973,""Reason"":3}"
82785902,"{""Old"":48405,""New"":48415,""Reason"":3}"
82785902,"{""Old"":48768,""New"":48778,""Reason"":3}"
82785902,"{""Old"":49194,""New"":49204,""Reason"":3}"
82785902,"{""Old"":50762,""New"":50772,""Reason"":3}"
82785902,"{""Old"":51695,""New"":51705,""Reason"":3}"
67260187,"{""Old"":58,""New"":60,""Reason"":3}"
55531402,"{""Old"":411542,""New"":411552,""Reason"":3}"
55531402,"{""Old"":412257,""New"":412267,""Reason"":3}"
55531402,"{""Old"":412607,""New"":412627,""Reason"":3}"
55531402,"{""Old"":410787,""New"":410797,""Reason"":3}"
55531402,"{""Old"":412542,""New"":412572,""Reason"":3}"
55531402,"{""Old"":409862,""New"":409872,""Reason"":3}"
49825474,"{""Old"":2497,""New"":2499,""Reason"":3}"
49825474,"{""Old"":2510,""New"":2514,""Reason"":3}"
49825474,"{""Old"":2670,""New"":2672,""Reason"":3}"
53898758,"{""Old"":3476,""New"":3478,""Reason"":3}"
49825474,"{""Old"":2221,""New"":2231,""Reason"":3}"
49825474,"{""Old"":2373,""New"":2383,""Reason"":3}"
49825474,"{""Old"":2446,""New"":2456,""Reason"":3}"
49825474,"{""Old"":2748,""New"":2750,""Reason"":3}"
49825474,"{""Old"":2203,""New"":2205,""Reason"":3}"
82785902,"{""Old"":47805,""New"":47807,""Reason"":3}"
82785902,"{""Old"":48052,""New"":48062,""Reason"":3}"
82785902,"{""Old"":49248,""New"":49258,""Reason"":3}"
82785902,"{""Old"":49206,""New"":49216,""Reason"":3}"
82785902,"{""Old"":50899,""New"":50901,""Reason"":3}"
82785902,"{""Old"":51323,""New"":51333,""Reason"":3}"
82785902,"{""Old"":51635,""New"":51645,""Reason"":3}"
57366251,"{""Old"":3587,""New"":3589,""Reason"":3}"
57366251,"{""Old"":3698,""New"":3700,""Reason"":3}"
73588812,"{""Old"":2164,""New"":2166,""Reason"":3}"
73588812,"{""Old"":1920,""New"":1930,""Reason"":3}"
73588812,"{""Old"":2042,""New"":2044,""Reason"":3}"
73660558,"{""Old"":979,""New"":981,""Reason"":3}"
80312485,"{""Old"":3604,""New"":3614,""Reason"":3}"
80312485,"{""Old"":4723,""New"":4733,""Reason"":3}"
80312485,"{""Old"":6180,""New"":6190,""Reason"":3}"
80312485,"{""Old"":6560,""New"":6570,""Reason"":3}"
80312485,"{""Old"":6934,""New"":6954,""Reason"":3}"
80312485,"{""Old"":3766,""New"":3776,""Reason"":3}"
80312485,"{""Old"":5970,""New"":5980,""Reason"":3}"
80312485,"{""Old"":6460,""New"":6470,""Reason"":3}"
80312485,"{""Old"":6834,""New"":6844,""Reason"":3}"
80312485,"{""Old"":6884,""New"":6894,""Reason"":3}"
80312485,"{""Old"":5690,""New"":5700,""Reason"":3}"
80312485,"{""Old"":6794,""New"":6804,""Reason"":3}"
80312485,"{""Old"":3786,""New"":3796,""Reason"":3}"
80312485,"{""Old"":4368,""New"":4378,""Reason"":3}"
80312485,"{""Old"":4672,""New"":4692,""Reason"":3}"
22435751,"{""Old"":5869,""New"":5879,""Reason"":3}"
22435751,"{""Old"":5186,""New"":5188,""Reason"":3}"
22435751,"{""Old"":5437,""New"":5441,""Reason"":3}"
22435751,"{""Old"":6012,""New"":6022,""Reason"":3}"
44961939,"{""Old"":740,""New"":742,""Reason"":3}"
83319984,"{""Old"":2907,""New"":2917,""Reason"":3}"
32116408,"{""Old"":209,""New"":211,""Reason"":3}"
83319984,"{""Old"":1873,""New"":1875,""Reason"":3}"
83319984,"{""Old"":2653,""New"":2663,""Reason"":3}"
83319984,"{""Old"":3243,""New"":3245,""Reason"":3}"
120956657,"{""Old"":226,""New"":228,""Reason"":3}"
120956657,"{""Old"":2485,""New"":2495,""Reason"":3}"
73660558,"{""Old"":1149,""New"":1151,""Reason"":3}"
80312485,"{""Old"":4458,""New"":4468,""Reason"":3}"
80312485,"{""Old"":4528,""New"":4530,""Reason"":3}"
80312485,"{""Old"":4712,""New"":4722,""Reason"":3}"
80312485,"{""Old"":4398,""New"":4408,""Reason"":3}"
80312485,"{""Old"":6490,""New"":6500,""Reason"":3}"
56866711,"{""Old"":2108,""New"":2118,""Reason"":3}"
73660558,"{""Old"":1139,""New"":1141,""Reason"":3}"
86035787,"{""Old"":43,""New"":45,""Reason"":3}"
48201103,"{""Old"":390,""New"":392,""Reason"":3}"
48201103,"{""Old"":403,""New"":405,""Reason"":3}"
56652976,"{""Old"":35,""New"":37,""Reason"":3}"
53727285,"{""Old"":466,""New"":468,""Reason"":3}"
53727285,"{""Old"":478,""New"":480,""Reason"":3}"
43365752,"{""Old"":774,""New"":776,""Reason"":3}"
55921654,"{""Old"":1604,""New"":1608,""Reason"":3}"
43365752,"{""Old"":810,""New"":812,""Reason"":3}"
55921654,"{""Old"":1364,""New"":1366,""Reason"":3}"
82844475,"{""Old"":185,""New"":187,""Reason"":3}"
82844475,"{""Old"":272,""New"":274,""Reason"":3}"
55531402,"{""Old"":171378,""New"":171380,""Reason"":3}"
55531402,"{""Old"":174603,""New"":174613,""Reason"":3}"
55531402,"{""Old"":178395,""New"":178405,""Reason"":3}"
72784091,"{""Old"":210,""New"":212,""Reason"":3}"
46235249,"{""Old"":1665,""New"":1667,""Reason"":3}"
12346315,"{""Old"":4221,""New"":4231,""Reason"":3}"
55531402,"{""Old"":171979,""New"":171989,""Reason"":3}"
55531402,"{""Old"":175584,""New"":175594,""Reason"":3}"
55531402,"{""Old"":177755,""New"":177765,""Reason"":3}"
55531402,"{""Old"":177860,""New"":177890,""Reason"":3}"
55531402,"{""Old"":178837,""New"":178847,""Reason"":3}"
55531402,"{""Old"":179944,""New"":179954,""Reason"":3}"
55531402,"{""Old"":180319,""New"":180349,""Reason"":3}"
2968081,"{""Old"":753,""New"":755,""Reason"":3}"
218473333,"{""Old"":1,""New"":3,""Reason"":3}"
2968081,"{""Old"":1034,""New"":1036,""Reason"":3}"
80744637,"{""Old"":65359,""New"":65361,""Reason"":3}"
80758401,"{""Old"":3849,""New"":3851,""Reason"":3}"
80758401,"{""Old"":4020,""New"":4030,""Reason"":3}"
80758401,"{""Old"":4277,""New"":4287,""Reason"":3}"
48205250,"{""Old"":669,""New"":671,""Reason"":3}"
48205250,"{""Old"":994,""New"":996,""Reason"":3}"
8744861,"{""Old"":478,""New"":480,""Reason"":3}"
8744861,"{""Old"":425,""New"":427,""Reason"":3}"
48205250,"{""Old"":672,""New"":674,""Reason"":3}"
17655371,"{""Old"":189,""New"":197,""Reason"":3}"
23053094,"{""Old"":1118,""New"":1120,""Reason"":3}"
75730356,"{""Old"":419,""New"":421,""Reason"":3}"
75730356,"{""Old"":414,""New"":416,""Reason"":3}"
75730356,"{""Old"":533,""New"":535,""Reason"":3}"
13245861,"{""Old"":417,""New"":419,""Reason"":3}"
23053094,"{""Old"":1088,""New"":1090,""Reason"":3}"
8744861,"{""Old"":452,""New"":454,""Reason"":3}"
48205250,"{""Old"":656,""New"":658,""Reason"":3}"
218791480,"{""Old"":985,""New"":987,""Reason"":3}"
48205250,"{""Old"":1359,""New"":1361,""Reason"":3}"
48205250,"{""Old"":677,""New"":679,""Reason"":3}"
48205250,"{""Old"":1130,""New"":1132,""Reason"":3}"
48205250,"{""Old"":661,""New"":663,""Reason"":3}"
48205250,"{""Old"":1353,""New"":1355,""Reason"":3}"
218791480,"{""Old"":991,""New"":993,""Reason"":3}"
48205250,"{""Old"":635,""New"":637,""Reason"":3}"
8873732,"{""Old"":3775,""New"":3777,""Reason"":3}"
8744861,"{""Old"":492,""New"":496,""Reason"":3}"
80744637,"{""Old"":65661,""New"":65671,""Reason"":3}"
80744637,"{""Old"":65523,""New"":65533,""Reason"":3}"
80744637,"{""Old"":65741,""New"":65751,""Reason"":3}"
80744637,"{""Old"":66631,""New"":66641,""Reason"":3}"
46419793,"{""Old"":217,""New"":227,""Reason"":3}"
23844493,"{""Old"":2429,""New"":2431,""Reason"":3}"
46419793,"{""Old"":113,""New"":115,""Reason"":3}"
46419793,"{""Old"":138,""New"":140,""Reason"":3}"
63799212,"{""Old"":4888,""New"":4890,""Reason"":3}"
63799212,"{""Old"":5114,""New"":5116,""Reason"":3}"
63799212,"{""Old"":5570,""New"":5580,""Reason"":3}"
120956657,"{""Old"":312,""New"":314,""Reason"":3}"
120956657,"{""Old"":376,""New"":378,""Reason"":3}"
48201103,"{""Old"":367,""New"":369,""Reason"":3}"
48201103,"{""Old"":374,""New"":378,""Reason"":3}"
48201103,"{""Old"":380,""New"":382,""Reason"":3}"
24064804,"{""Old"":621,""New"":623,""Reason"":3}"
80312485,"{""Old"":6784,""New"":6794,""Reason"":3}"
50191697,"{""Old"":768,""New"":772,""Reason"":3}"
50191697,"{""Old"":766,""New"":768,""Reason"":3}"
80742310,"{""Old"":676,""New"":678,""Reason"":3}"
46419793,"{""Old"":74,""New"":76,""Reason"":3}"
48205250,"{""Old"":652,""New"":654,""Reason"":3}"
80744637,"{""Old"":66008,""New"":66018,""Reason"":3}"
80744637,"{""Old"":65321,""New"":65323,""Reason"":3}"
80744637,"{""Old"":65319,""New"":65321,""Reason"":3}"
48205250,"{""Old"":1369,""New"":1371,""Reason"":3}"
8744861,"{""Old"":487,""New"":489,""Reason"":3}"
8873732,"{""Old"":3779,""New"":3781,""Reason"":3}"
80744637,"{""Old"":65931,""New"":65941,""Reason"":3}"
48205250,"{""Old"":594,""New"":596,""Reason"":3}"
80758401,"{""Old"":4597,""New"":4607,""Reason"":3}"
80744637,"{""Old"":66621,""New"":66631,""Reason"":3}"
7046415,"{""Old"":31,""New"":33,""Reason"":3}"
80744637,"{""Old"":65182,""New"":65186,""Reason"":3}"
80744637,"{""Old"":66837,""New"":66847,""Reason"":3}"
48205250,"{""Old"":1216,""New"":1218,""Reason"":3}"
48205250,"{""Old"":1361,""New"":1363,""Reason"":3}"
8744861,"{""Old"":496,""New"":498,""Reason"":3}"
8744861,"{""Old"":427,""New"":429,""Reason"":3}"
48205250,"{""Old"":1335,""New"":1337,""Reason"":3}"
80744637,"{""Old"":65337,""New"":65347,""Reason"":3}"
48205250,"{""Old"":1178,""New"":1180,""Reason"":3}"
48205250,"{""Old"":1078,""New"":1080,""Reason"":3}"
48205250,"{""Old"":1146,""New"":1156,""Reason"":3}"
48205250,"{""Old"":910,""New"":912,""Reason"":3}"
48205250,"{""Old"":1285,""New"":1295,""Reason"":3}"
8873732,"{""Old"":3803,""New"":3805,""Reason"":3}"
48205250,"{""Old"":633,""New"":635,""Reason"":3}"
82785902,"{""Old"":45764,""New"":45774,""Reason"":3}"
55531402,"{""Old"":386368,""New"":386378,""Reason"":3}"
55531402,"{""Old"":388469,""New"":388489,""Reason"":3}"
55531402,"{""Old"":388889,""New"":388891,""Reason"":3}"
55531402,"{""Old"":395057,""New"":395067,""Reason"":3}"
55531402,"{""Old"":397092,""New"":397112,""Reason"":3}"
55531402,"{""Old"":397579,""New"":397609,""Reason"":3}"
55531402,"{""Old"":397786,""New"":397796,""Reason"":3}"
55531402,"{""Old"":397741,""New"":397751,""Reason"":3}"
55531402,"{""Old"":399535,""New"":399545,""Reason"":3}"
55531402,"{""Old"":400966,""New"":400986,""Reason"":3}"
55531402,"{""Old"":402796,""New"":402806,""Reason"":3}"
55531402,"{""Old"":402926,""New"":402936,""Reason"":3}"
55531402,"{""Old"":406138,""New"":406158,""Reason"":3}"
55531402,"{""Old"":405963,""New"":405983,""Reason"":3}"
55531402,"{""Old"":408490,""New"":408500,""Reason"":3}"
55531402,"{""Old"":409772,""New"":409792,""Reason"":3}"
31776438,"{""Old"":112,""New"":114,""Reason"":3}"
49825474,"{""Old"":2331,""New"":2333,""Reason"":3}"
12301610,"{""Old"":2521,""New"":2531,""Reason"":3}"
49825474,"{""Old"":2308,""New"":2310,""Reason"":3}"
2982116,"{""Old"":63,""New"":65,""Reason"":3}"
2982116,"{""Old"":65,""New"":69,""Reason"":3}"
49825474,"{""Old"":2025,""New"":2027,""Reason"":3}"
2982116,"{""Old"":134,""New"":136,""Reason"":3}"
82785902,"{""Old"":46323,""New"":46333,""Reason"":3}"
82785902,"{""Old"":46333,""New"":46343,""Reason"":3}"
31776438,"{""Old"":211,""New"":213,""Reason"":3}"
31776438,"{""Old"":235,""New"":237,""Reason"":3}"
55531402,"{""Old"":386633,""New"":386653,""Reason"":3}"
55531402,"{""Old"":388814,""New"":388824,""Reason"":3}"
55531402,"{""Old"":390439,""New"":390449,""Reason"":3}"
55531402,"{""Old"":397833,""New"":397843,""Reason"":3}"
55531402,"{""Old"":402099,""New"":402109,""Reason"":3}"
55531402,"{""Old"":408095,""New"":408115,""Reason"":3}"
31776438,"{""Old"":144,""New"":146,""Reason"":3}"
55531402,"{""Old"":386143,""New"":386153,""Reason"":3}"
55531402,"{""Old"":387922,""New"":387932,""Reason"":3}"
55531402,"{""Old"":387852,""New"":387862,""Reason"":3}"
55531402,"{""Old"":388589,""New"":388609,""Reason"":3}"
55531402,"{""Old"":388804,""New"":388814,""Reason"":3}"
55531402,"{""Old"":391281,""New"":391301,""Reason"":3}"
55531402,"{""Old"":392346,""New"":392356,""Reason"":3}"
55531402,"{""Old"":392221,""New"":392241,""Reason"":3}"
55531402,"{""Old"":397242,""New"":397252,""Reason"":3}"
55531402,"{""Old"":400331,""New"":400341,""Reason"":3}"
55531402,"{""Old"":402434,""New"":402464,""Reason"":3}"
55531402,"{""Old"":404448,""New"":404458,""Reason"":3}"
55531402,"{""Old"":406118,""New"":406138,""Reason"":3}"
55531402,"{""Old"":406058,""New"":406118,""Reason"":3}"
55531402,"{""Old"":407350,""New"":407360,""Reason"":3}"
55531402,"{""Old"":386023,""New"":386033,""Reason"":3}"
55531402,"{""Old"":394522,""New"":394526,""Reason"":3}"
55531402,"{""Old"":394531,""New"":394533,""Reason"":3}"
55531402,"{""Old"":398476,""New"":398486,""Reason"":3}"
55531402,"{""Old"":401083,""New"":401085,""Reason"":3}"
82785902,"{""Old"":45821,""New"":45823,""Reason"":3}"
55531402,"{""Old"":409947,""New"":409967,""Reason"":3}"
55531402,"{""Old"":410777,""New"":410787,""Reason"":3}"
55531402,"{""Old"":413142,""New"":413172,""Reason"":3}"
48242635,"{""Old"":6,""New"":8,""Reason"":3}"
80141190,"{""Old"":388,""New"":390,""Reason"":3}"
80141190,"{""Old"":399,""New"":403,""Reason"":3}"
5732467,"{""Old"":745,""New"":747,""Reason"":3}"
4915991,"{""Old"":14607,""New"":14609,""Reason"":3}"
52990199,"{""Old"":1302,""New"":1304,""Reason"":3}"
55531402,"{""Old"":409907,""New"":409917,""Reason"":3}"
55531402,"{""Old"":410632,""New"":410662,""Reason"":3}"
55531402,"{""Old"":411937,""New"":411947,""Reason"":3}"
55531402,"{""Old"":412960,""New"":413000,""Reason"":3}"
12301610,"{""Old"":2643,""New"":2645,""Reason"":3}"
50191697,"{""Old"":811,""New"":813,""Reason"":3}"
50191697,"{""Old"":748,""New"":752,""Reason"":3}"
50191697,"{""Old"":785,""New"":787,""Reason"":3}"
21250520,"{""Old"":186,""New"":188,""Reason"":3}"
48201103,"{""Old"":422,""New"":424,""Reason"":3}"
35936585,"{""Old"":46023,""New"":46033,""Reason"":3}"
50191697,"{""Old"":762,""New"":764,""Reason"":3}"
35936585,"{""Old"":46033,""New"":46043,""Reason"":3}"
58140678,"{""Old"":1311,""New"":1315,""Reason"":3}"
6382754,"{""Old"":29,""New"":31,""Reason"":3}"
58140678,"{""Old"":1303,""New"":1307,""Reason"":3}"
299630,"{""Old"":2642,""New"":2648,""Reason"":3}"
82844475,"{""Old"":179,""New"":181,""Reason"":3}"
55531402,"{""Old"":171752,""New"":171754,""Reason"":3}"
55531402,"{""Old"":173562,""New"":173572,""Reason"":3}"
55531402,"{""Old"":173777,""New"":173787,""Reason"":3}"
55531402,"{""Old"":175582,""New"":175584,""Reason"":3}"
55531402,"{""Old"":175395,""New"":175405,""Reason"":3}"
55531402,"{""Old"":175946,""New"":175956,""Reason"":3}"
8159597,"{""Old"":142,""New"":144,""Reason"":3}"
8159597,"{""Old"":148,""New"":150,""Reason"":3}"
8654000,"{""Old"":4636,""New"":4646,""Reason"":3}"
8654000,"{""Old"":4884,""New"":4886,""Reason"":3}"
8654000,"{""Old"":3850,""New"":3852,""Reason"":3}"
8654000,"{""Old"":3937,""New"":3939,""Reason"":3}"
8654000,"{""Old"":4146,""New"":4148,""Reason"":3}"
8654000,"{""Old"":4558,""New"":4560,""Reason"":3}"
8654000,"{""Old"":4616,""New"":4626,""Reason"":3}"
8654000,"{""Old"":5102,""New"":5112,""Reason"":3}"
8654000,"{""Old"":5605,""New"":5615,""Reason"":3}"
8654000,"{""Old"":5760,""New"":5762,""Reason"":3}"
8654000,"{""Old"":5772,""New"":5782,""Reason"":3}"
80742310,"{""Old"":135,""New"":137,""Reason"":3}"
22438308,"{""Old"":38346,""New"":38356,""Reason"":3}"
22438308,"{""Old"":38478,""New"":38488,""Reason"":3}"
28348337,"{""Old"":172,""New"":174,""Reason"":3}"
59961124,"{""Old"":2276,""New"":2278,""Reason"":3}"
22438308,"{""Old"":38488,""New"":38498,""Reason"":3}"
31692115,"{""Old"":910,""New"":912,""Reason"":3}"
59961124,"{""Old"":1969,""New"":1971,""Reason"":3}"
59961124,"{""Old"":2004,""New"":2008,""Reason"":3}"
29972957,"{""Old"":770,""New"":772,""Reason"":3}"
29972957,"{""Old"":920,""New"":926,""Reason"":3}"
29972957,"{""Old"":828,""New"":834,""Reason"":3}"
29972957,"{""Old"":903,""New"":905,""Reason"":3}"
29972957,"{""Old"":947,""New"":949,""Reason"":3}"
29972957,"{""Old"":1070,""New"":1072,""Reason"":3}"
19981811,"{""Old"":163389,""New"":163391,""Reason"":3}"
56888148,"{""Old"":21508,""New"":21510,""Reason"":3}"
58993301,"{""Old"":1750,""New"":1752,""Reason"":3}"
80758401,"{""Old"":15729,""New"":15731,""Reason"":3}"
203236673,"{""Old"":4348,""New"":4358,""Reason"":3}"
203236673,"{""Old"":4413,""New"":4423,""Reason"":3}"
28505678,"{""Old"":1040,""New"":1042,""Reason"":3}"
11225640,"{""Old"":2040,""New"":2042,""Reason"":3}"
11225640,"{""Old"":2058,""New"":2060,""Reason"":3}"
11225640,"{""Old"":2062,""New"":2082,""Reason"":3}"
205211705,"{""Old"":3529,""New"":3531,""Reason"":3}"
205211705,"{""Old"":3413,""New"":3415,""Reason"":3}"
205211705,"{""Old"":3411,""New"":3413,""Reason"":3}"
205211705,"{""Old"":3551,""New"":3553,""Reason"":3}"
35875544,"{""Old"":20456,""New"":20466,""Reason"":3}"
13083476,"{""Old"":203,""New"":205,""Reason"":3}"
48956693,"{""Old"":129,""New"":131,""Reason"":3}"
47200242,"{""Old"":1987,""New"":1989,""Reason"":3}"
47200242,"{""Old"":1645,""New"":1647,""Reason"":3}"
47200242,"{""Old"":2170,""New"":2172,""Reason"":3}"
58999122,"{""Old"":1508,""New"":1510,""Reason"":3}"
47200242,"{""Old"":1461,""New"":1463,""Reason"":3}"
47200242,"{""Old"":1158,""New"":1160,""Reason"":3}"
23514668,"{""Old"":784,""New"":786,""Reason"":3}"
207477871,"{""Old"":1656,""New"":1658,""Reason"":3}"
207477871,"{""Old"":1662,""New"":1664,""Reason"":3}"
21065782,"{""Old"":687,""New"":689,""Reason"":3}"
31050334,"{""Old"":1027,""New"":1031,""Reason"":3}"
79751925,"{""Old"":766,""New"":776,""Reason"":3}"
79751925,"{""Old"":723,""New"":725,""Reason"":3}"
79751925,"{""Old"":741,""New"":745,""Reason"":3}"
59961124,"{""Old"":2008,""New"":2010,""Reason"":3}"
41338112,"{""Old"":1683,""New"":1685,""Reason"":3}"
41338112,"{""Old"":1641,""New"":1645,""Reason"":3}"
12346315,"{""Old"":7972,""New"":7982,""Reason"":3}"
31692115,"{""Old"":852,""New"":854,""Reason"":3}"
31692115,"{""Old"":848,""New"":850,""Reason"":3}"
25599199,"{""Old"":1094,""New"":1104,""Reason"":3}"
41121780,"{""Old"":228,""New"":230,""Reason"":3}"
211423534,"{""Old"":44015,""New"":44025,""Reason"":3}"
211423534,"{""Old"":40984,""New"":40986,""Reason"":3}"
211423534,"{""Old"":41461,""New"":41471,""Reason"":3}"
211423534,"{""Old"":41439,""New"":41449,""Reason"":3}"
46290546,"{""Old"":7742,""New"":7752,""Reason"":3}"
211423534,"{""Old"":44360,""New"":44370,""Reason"":3}"
48205250,"{""Old"":4507,""New"":4517,""Reason"":3}"
48205250,"{""Old"":4528,""New"":4530,""Reason"":3}"
42817421,"{""Old"":1875,""New"":1885,""Reason"":3}"
203236673,"{""Old"":4470,""New"":4472,""Reason"":3}"
203236673,"{""Old"":4493,""New"":4495,""Reason"":3}"
203236673,"{""Old"":4380,""New"":4382,""Reason"":3}"
41338112,"{""Old"":1810,""New"":1812,""Reason"":3}"
42367164,"{""Old"":22144,""New"":22146,""Reason"":3}"
29972957,"{""Old"":687,""New"":689,""Reason"":3}"
29972957,"{""Old"":848,""New"":852,""Reason"":3}"
41338112,"{""Old"":1731,""New"":1733,""Reason"":3}"
41338112,"{""Old"":1836,""New"":1838,""Reason"":3}"
11129004,"{""Old"":6189,""New"":6199,""Reason"":3}"
79751925,"{""Old"":906,""New"":908,""Reason"":3}"
79841661,"{""Old"":42,""New"":44,""Reason"":3}"
42817421,"{""Old"":2017,""New"":2019,""Reason"":3}"
42817421,"{""Old"":2116,""New"":2126,""Reason"":3}"
42817421,"{""Old"":2461,""New"":2471,""Reason"":3}"
28049259,"{""Old"":530,""New"":532,""Reason"":3}"
26480103,"{""Old"":164,""New"":166,""Reason"":3}"
58261482,"{""Old"":1325,""New"":1329,""Reason"":3}"
42817421,"{""Old"":2264,""New"":2274,""Reason"":3}"
42817421,"{""Old"":2587,""New"":2589,""Reason"":3}"
26480103,"{""Old"":52,""New"":54,""Reason"":3}"
26480103,"{""Old"":714,""New"":716,""Reason"":3}"
42817421,"{""Old"":2126,""New"":2128,""Reason"":3}"
42817421,"{""Old"":2439,""New"":2449,""Reason"":3}"
211423534,"{""Old"":44235,""New"":44245,""Reason"":3}"
209538568,"{""Old"":394,""New"":396,""Reason"":3}"
9428992,"{""Old"":891,""New"":893,""Reason"":3}"
40712395,"{""Old"":751,""New"":753,""Reason"":3}"
208910409,"{""Old"":242,""New"":244,""Reason"":3}"
208910409,"{""Old"":387,""New"":391,""Reason"":3}"
41884475,"{""Old"":100,""New"":102,""Reason"":3}"
84957257,"{""Old"":16161,""New"":16171,""Reason"":3}"
84957257,"{""Old"":16203,""New"":16205,""Reason"":3}"
84957257,"{""Old"":16375,""New"":16377,""Reason"":3}"
84957257,"{""Old"":16785,""New"":16795,""Reason"":3}"
13755035,"{""Old"":208,""New"":212,""Reason"":3}"
13755035,"{""Old"":253,""New"":255,""Reason"":3}"
85219672,"{""Old"":32573,""New"":32575,""Reason"":3}"
11129004,"{""Old"":2552,""New"":2562,""Reason"":3}"
208990330,"{""Old"":270,""New"":272,""Reason"":3}"
210993055,"{""Old"":55829,""New"":55831,""Reason"":3}"
11129004,"{""Old"":2228,""New"":2238,""Reason"":3}"
11129004,"{""Old"":2288,""New"":2298,""Reason"":3}"
11129004,"{""Old"":2488,""New"":2490,""Reason"":3}"
11129004,"{""Old"":2425,""New"":2435,""Reason"":3}"
26453322,"{""Old"":18761,""New"":18771,""Reason"":3}"
26453322,"{""Old"":18966,""New"":18976,""Reason"":3}"
26453322,"{""Old"":19188,""New"":19208,""Reason"":3}"
26453322,"{""Old"":19440,""New"":19460,""Reason"":3}"
26453322,"{""Old"":20058,""New"":20068,""Reason"":3}"
26453322,"{""Old"":20318,""New"":20328,""Reason"":3}"
26453322,"{""Old"":21690,""New"":21700,""Reason"":3}"
26453322,"{""Old"":22559,""New"":22569,""Reason"":3}"
26453322,"{""Old"":25303,""New"":25313,""Reason"":3}"
26453322,"{""Old"":19824,""New"":19844,""Reason"":3}"
26453322,"{""Old"":20148,""New"":20168,""Reason"":3}"
26453322,"{""Old"":24088,""New"":24098,""Reason"":3}"
26453322,"{""Old"":24170,""New"":24172,""Reason"":3}"
26453322,"{""Old"":24262,""New"":24272,""Reason"":3}"
26453322,"{""Old"":20108,""New"":20118,""Reason"":3}"
26453322,"{""Old"":20882,""New"":20884,""Reason"":3}"
26453322,"{""Old"":21054,""New"":21064,""Reason"":3}"
26453322,"{""Old"":14801,""New"":14811,""Reason"":3}"
26453322,"{""Old"":15852,""New"":15872,""Reason"":3}"
26453322,"{""Old"":15786,""New"":15788,""Reason"":3}"
26453322,"{""Old"":19248,""New"":19268,""Reason"":3}"
26453322,"{""Old"":19460,""New"":19480,""Reason"":3}"
26453322,"{""Old"":21548,""New"":21558,""Reason"":3}"
26453322,"{""Old"":22589,""New"":22599,""Reason"":3}"
26453322,"{""Old"":22679,""New"":22689,""Reason"":3}"
26453322,"{""Old"":24992,""New"":25002,""Reason"":3}"
26453322,"{""Old"":16045,""New"":16047,""Reason"":3}"
26453322,"{""Old"":19228,""New"":19238,""Reason"":3}"
26453322,"{""Old"":19148,""New"":19158,""Reason"":3}"
26453322,"{""Old"":20248,""New"":20268,""Reason"":3}"
26453322,"{""Old"":20842,""New"":20852,""Reason"":3}"
26453322,"{""Old"":21308,""New"":21328,""Reason"":3}"
26453322,"{""Old"":21670,""New"":21690,""Reason"":3}"
26453322,"{""Old"":25513,""New"":25533,""Reason"":3}"
26453322,"{""Old"":23966,""New"":23976,""Reason"":3}"
26453322,"{""Old"":15659,""New"":15669,""Reason"":3}"
26453322,"{""Old"":15820,""New"":15830,""Reason"":3}"
26453322,"{""Old"":15709,""New"":15719,""Reason"":3}"
26453322,"{""Old"":16832,""New"":16842,""Reason"":3}"
26453322,"{""Old"":17140,""New"":17142,""Reason"":3}"
26453322,"{""Old"":22769,""New"":22779,""Reason"":3}"
26453322,"{""Old"":29862,""New"":29872,""Reason"":3}"
26453322,"{""Old"":10449,""New"":10459,""Reason"":3}"
26453322,"{""Old"":11602,""New"":11612,""Reason"":3}"
26453322,"{""Old"":11754,""New"":11764,""Reason"":3}"
46610504,"{""Old"":174,""New"":176,""Reason"":3}"
16152700,"{""Old"":110,""New"":112,""Reason"":3}"
23865614,"{""Old"":497,""New"":499,""Reason"":3}"
23865614,"{""Old"":669,""New"":671,""Reason"":3}"
23865614,"{""Old"":729,""New"":731,""Reason"":3}"
47200242,"{""Old"":1521,""New"":1523,""Reason"":3}"
47200242,"{""Old"":1701,""New"":1705,""Reason"":3}"
47200242,"{""Old"":2184,""New"":2186,""Reason"":3}"
47200242,"{""Old"":2154,""New"":2156,""Reason"":3}"
47200242,"{""Old"":819,""New"":821,""Reason"":3}"
33641525,"{""Old"":26617,""New"":26619,""Reason"":3}"
16152700,"{""Old"":2332,""New"":2334,""Reason"":3}"
79702191,"{""Old"":1575,""New"":1577,""Reason"":3}"
71916001,"{""Old"":74187,""New"":74197,""Reason"":3}"
71916001,"{""Old"":74575,""New"":74585,""Reason"":3}"
71916001,"{""Old"":74929,""New"":74939,""Reason"":3}"
71916001,"{""Old"":75089,""New"":75099,""Reason"":3}"
206316838,"{""Old"":2117,""New"":2119,""Reason"":3}"
71916001,"{""Old"":73997,""New"":74017,""Reason"":3}"
71916001,"{""Old"":74291,""New"":74301,""Reason"":3}"
71916001,"{""Old"":74759,""New"":74769,""Reason"":3}"
7046415,"{""Old"":1333,""New"":1335,""Reason"":3}"
71916001,"{""Old"":73653,""New"":73673,""Reason"":3}"
47200242,"{""Old"":1190,""New"":1192,""Reason"":3}"
47200242,"{""Old"":1473,""New"":1477,""Reason"":3}"
23865614,"{""Old"":266,""New"":268,""Reason"":3}"
23865614,"{""Old"":286,""New"":288,""Reason"":3}"
23865614,"{""Old"":238,""New"":240,""Reason"":3}"
23865614,"{""Old"":250,""New"":252,""Reason"":3}"
48205250,"{""Old"":2391,""New"":2393,""Reason"":3}"
12411428,"{""Old"":48,""New"":50,""Reason"":3}"
63082603,"{""Old"":18798,""New"":18808,""Reason"":3}"
38095618,"{""Old"":51557,""New"":51559,""Reason"":3}"
82629288,"{""Old"":1851,""New"":1853,""Reason"":3}"
82629288,"{""Old"":1865,""New"":1875,""Reason"":3}"
82629288,"{""Old"":2494,""New"":2504,""Reason"":3}"
211641491,"{""Old"":485,""New"":487,""Reason"":3}"
26480103,"{""Old"":702,""New"":704,""Reason"":3}"
26480103,"{""Old"":717,""New"":719,""Reason"":3}"
42817421,"{""Old"":2341,""New"":2343,""Reason"":3}"
42817421,"{""Old"":2019,""New"":2029,""Reason"":3}"
35216582,"{""Old"":31514,""New"":31516,""Reason"":3}"
120308116,"{""Old"":1158,""New"":1160,""Reason"":3}"
23353445,"{""Old"":365,""New"":367,""Reason"":3}"
31692115,"{""Old"":1239,""New"":1241,""Reason"":3}"
45934275,"{""Old"":286,""New"":288,""Reason"":3}"
28348337,"{""Old"":178,""New"":180,""Reason"":3}"
31692115,"{""Old"":1121,""New"":1123,""Reason"":3}"
45934275,"{""Old"":401,""New"":403,""Reason"":3}"
34549354,"{""Old"":223,""New"":225,""Reason"":3}"
31050334,"{""Old"":308,""New"":312,""Reason"":3}"
23865614,"{""Old"":77472,""New"":77482,""Reason"":3}"
23865614,"{""Old"":79830,""New"":79840,""Reason"":3}"
23865614,"{""Old"":82657,""New"":82659,""Reason"":3}"
23865614,"{""Old"":82979,""New"":82999,""Reason"":3}"
30344310,"{""Old"":2210,""New"":2212,""Reason"":3}"
30344310,"{""Old"":2198,""New"":2200,""Reason"":3}"
124186828,"{""Old"":2249,""New"":2251,""Reason"":3}"
82629288,"{""Old"":1985,""New"":1995,""Reason"":3}"
82629288,"{""Old"":2504,""New"":2506,""Reason"":3}"
211641491,"{""Old"":483,""New"":485,""Reason"":3}"
83376996,"{""Old"":4283,""New"":4293,""Reason"":3}"
211641491,"{""Old"":489,""New"":491,""Reason"":3}"
21271458,"{""Old"":303,""New"":307,""Reason"":3}"
4472194,"{""Old"":3778,""New"":3788,""Reason"":3}"
4472194,"{""Old"":3809,""New"":3811,""Reason"":3}"
79702191,"{""Old"":1581,""New"":1583,""Reason"":3}"
23865614,"{""Old"":2601,""New"":2605,""Reason"":3}"
23865614,"{""Old"":6493,""New"":6503,""Reason"":3}"
71916001,"{""Old"":73805,""New"":73807,""Reason"":3}"
206316838,"{""Old"":2113,""New"":2117,""Reason"":3}"
71916001,"{""Old"":74707,""New"":74717,""Reason"":3}"
206316838,"{""Old"":1948,""New"":1950,""Reason"":3}"
206316838,"{""Old"":1966,""New"":1968,""Reason"":3}"
206316838,"{""Old"":2083,""New"":2085,""Reason"":3}"
71916001,"{""Old"":73887,""New"":73897,""Reason"":3}"
7269873,"{""Old"":349,""New"":351,""Reason"":3}"
5732467,"{""Old"":14440,""New"":14442,""Reason"":3}"
85219672,"{""Old"":32571,""New"":32573,""Reason"":3}"
5732467,"{""Old"":14223,""New"":14225,""Reason"":3}"
7269873,"{""Old"":379,""New"":381,""Reason"":3}"
63187633,"{""Old"":1457,""New"":1467,""Reason"":3}"
5732467,"{""Old"":14457,""New"":14459,""Reason"":3}"
26453322,"{""Old"":7506,""New"":7526,""Reason"":3}"
26453322,"{""Old"":8038,""New"":8048,""Reason"":3}"
26453322,"{""Old"":9707,""New"":9709,""Reason"":3}"
26453322,"{""Old"":10013,""New"":10023,""Reason"":3}"
26453322,"{""Old"":10367,""New"":10377,""Reason"":3}"
26453322,"{""Old"":11478,""New"":11488,""Reason"":3}"
26453322,"{""Old"":11423,""New"":11433,""Reason"":3}"
26453322,"{""Old"":11560,""New"":11570,""Reason"":3}"
26453322,"{""Old"":11682,""New"":11692,""Reason"":3}"
26453322,"{""Old"":11894,""New"":11904,""Reason"":3}"
7568871,"{""Old"":5311,""New"":5313,""Reason"":3}"
26453322,"{""Old"":30409,""New"":30419,""Reason"":3}"
26453322,"{""Old"":30459,""New"":30469,""Reason"":3}"
7568871,"{""Old"":5369,""New"":5371,""Reason"":3}"
7568871,"{""Old"":5250,""New"":5252,""Reason"":3}"
7568871,"{""Old"":5297,""New"":5299,""Reason"":3}"
7568871,"{""Old"":5410,""New"":5412,""Reason"":3}"
7568871,"{""Old"":5172,""New"":5174,""Reason"":3}"
7568871,"{""Old"":5349,""New"":5351,""Reason"":3}"
7568871,"{""Old"":5408,""New"":5410,""Reason"":3}"
26480103,"{""Old"":120,""New"":122,""Reason"":3}"
58261482,"{""Old"":1332,""New"":1334,""Reason"":3}"
58261482,"{""Old"":1290,""New"":1300,""Reason"":3}"
58261482,"{""Old"":1288,""New"":1290,""Reason"":3}"
58261482,"{""Old"":1352,""New"":1354,""Reason"":3}"
42817421,"{""Old"":2407,""New"":2417,""Reason"":3}"
17655371,"{""Old"":568,""New"":572,""Reason"":3}"
17655371,"{""Old"":607,""New"":609,""Reason"":3}"
26480103,"{""Old"":162,""New"":164,""Reason"":3}"
58261482,"{""Old"":1350,""New"":1352,""Reason"":3}"
63778994,"{""Old"":356849,""New"":356851,""Reason"":3}"
63778994,"{""Old"":358809,""New"":358811,""Reason"":3}"
48205250,"{""Old"":4221,""New"":4223,""Reason"":3}"
17576281,"{""Old"":2479,""New"":2481,""Reason"":3}"
63778994,"{""Old"":359237,""New"":359239,""Reason"":3}"
63778994,"{""Old"":360687,""New"":360689,""Reason"":3}"
63778994,"{""Old"":358811,""New"":358813,""Reason"":3}"
63778994,"{""Old"":360891,""New"":360911,""Reason"":3}"
63778994,"{""Old"":362964,""New"":362974,""Reason"":3}"
63778994,"{""Old"":359418,""New"":359428,""Reason"":3}"
63778994,"{""Old"":361433,""New"":361443,""Reason"":3}"
211423534,"{""Old"":42133,""New"":42143,""Reason"":3}"
46662749,"{""Old"":2384,""New"":2386,""Reason"":3}"
211423534,"{""Old"":42497,""New"":42507,""Reason"":3}"
48205250,"{""Old"":4570,""New"":4572,""Reason"":3}"
48205250,"{""Old"":2246,""New"":2248,""Reason"":3}"
16152700,"{""Old"":980,""New"":982,""Reason"":3}"
16152700,"{""Old"":1241,""New"":1245,""Reason"":3}"
28753649,"{""Old"":9,""New"":11,""Reason"":3}"
17172657,"{""Old"":291,""New"":293,""Reason"":3}"
23033741,"{""Old"":3771,""New"":3773,""Reason"":3}"
23033741,"{""Old"":3759,""New"":3761,""Reason"":3}"
25054780,"{""Old"":286,""New"":288,""Reason"":3}"
25054780,"{""Old"":298,""New"":300,""Reason"":3}"
4472194,"{""Old"":3776,""New"":3778,""Reason"":3}"
4472194,"{""Old"":3766,""New"":3776,""Reason"":3}"
7046415,"{""Old"":1295,""New"":1299,""Reason"":3}"
71916001,"{""Old"":73877,""New"":73887,""Reason"":3}"
71916001,"{""Old"":76245,""New"":76255,""Reason"":3}"
79702191,"{""Old"":1634,""New"":1636,""Reason"":3}"
16152700,"{""Old"":627,""New"":629,""Reason"":3}"
16152700,"{""Old"":1051,""New"":1053,""Reason"":3}"
16152700,"{""Old"":1574,""New"":1584,""Reason"":3}"
16152700,"{""Old"":1673,""New"":1683,""Reason"":3}"
201565207,"{""Old"":542,""New"":544,""Reason"":3}"
206316838,"{""Old"":1887,""New"":1889,""Reason"":3}"
206316838,"{""Old"":2049,""New"":2051,""Reason"":3}"
80758401,"{""Old"":6649,""New"":6659,""Reason"":3}"
35216582,"{""Old"":31646,""New"":31656,""Reason"":3}"
80758401,"{""Old"":5122,""New"":5124,""Reason"":3}"
80758401,"{""Old"":6801,""New"":6811,""Reason"":3}"
74426538,"{""Old"":1074,""New"":1084,""Reason"":3}"
29972957,"{""Old"":937,""New"":939,""Reason"":3}"
29972957,"{""Old"":715,""New"":717,""Reason"":3}"
29972957,"{""Old"":939,""New"":941,""Reason"":3}"
29972957,"{""Old"":1033,""New"":1035,""Reason"":3}"
29972957,"{""Old"":1037,""New"":1039,""Reason"":3}"
29972957,"{""Old"":1078,""New"":1080,""Reason"":3}"
29972957,"{""Old"":1146,""New"":1156,""Reason"":3}"
36422175,"{""Old"":3058,""New"":3068,""Reason"":3}"
31692115,"{""Old"":1140,""New"":1142,""Reason"":3}"
31692115,"{""Old"":1225,""New"":1227,""Reason"":3}"
22438308,"{""Old"":38366,""New"":38368,""Reason"":3}"
22438308,"{""Old"":41376,""New"":41386,""Reason"":3}"
36422175,"{""Old"":2728,""New"":2730,""Reason"":3}"
36422175,"{""Old"":2890,""New"":2892,""Reason"":3}"
31692115,"{""Old"":1227,""New"":1229,""Reason"":3}"
59961124,"{""Old"":2466,""New"":2468,""Reason"":3}"
59961124,"{""Old"":2552,""New"":2554,""Reason"":3}"
59961124,"{""Old"":2829,""New"":2831,""Reason"":3}"
70388674,"{""Old"":68,""New"":70,""Reason"":3}"
43780156,"{""Old"":149599,""New"":149601,""Reason"":3}"
9254415,"{""Old"":33667,""New"":33677,""Reason"":3}"
31692115,"{""Old"":1100,""New"":1102,""Reason"":3}"
31692115,"{""Old"":1073,""New"":1075,""Reason"":3}"
31692115,"{""Old"":1206,""New"":1216,""Reason"":3}"
31692115,"{""Old"":1241,""New"":1243,""Reason"":3}"
31692115,"{""Old"":1108,""New"":1110,""Reason"":3}"
31692115,"{""Old"":1287,""New"":1289,""Reason"":3}"
31692115,"{""Old"":1219,""New"":1221,""Reason"":3}"
83457219,"{""Old"":14013,""New"":14015,""Reason"":3}"
43780156,"{""Old"":149579,""New"":149599,""Reason"":3}"
59961124,"{""Old"":2092,""New"":2102,""Reason"":3}"
59961124,"{""Old"":2349,""New"":2351,""Reason"":3}"
59961124,"{""Old"":2888,""New"":2890,""Reason"":3}"
59961124,"{""Old"":2956,""New"":2958,""Reason"":3}"
83457219,"{""Old"":13944,""New"":13954,""Reason"":3}"
83457219,"{""Old"":13963,""New"":13965,""Reason"":3}"
52880077,"{""Old"":3431,""New"":3433,""Reason"":3}"
34785160,"{""Old"":867,""New"":869,""Reason"":3}"
45934275,"{""Old"":394,""New"":396,""Reason"":3}"
22438308,"{""Old"":41242,""New"":41252,""Reason"":3}"
36422175,"{""Old"":3026,""New"":3030,""Reason"":3}"
36422175,"{""Old"":3040,""New"":3042,""Reason"":3}"
7568871,"{""Old"":5406,""New"":5408,""Reason"":3}"
7568871,"{""Old"":5333,""New"":5335,""Reason"":3}"
7568871,"{""Old"":5281,""New"":5283,""Reason"":3}"
7568871,"{""Old"":5400,""New"":5402,""Reason"":3}"
7568871,"{""Old"":6100,""New"":6102,""Reason"":3}"
23865614,"{""Old"":3967,""New"":3977,""Reason"":3}"
23865614,"{""Old"":8145,""New"":8155,""Reason"":3}"
23865614,"{""Old"":9628,""New"":9638,""Reason"":3}"
23865614,"{""Old"":2785,""New"":2795,""Reason"":3}"
23865614,"{""Old"":2829,""New"":2831,""Reason"":3}"
23865614,"{""Old"":5165,""New"":5169,""Reason"":3}"
23865614,"{""Old"":7577,""New"":7587,""Reason"":3}"
16152700,"{""Old"":538,""New"":540,""Reason"":3}"
23865614,"{""Old"":1336,""New"":1338,""Reason"":3}"
23865614,"{""Old"":1358,""New"":1360,""Reason"":3}"
23865614,"{""Old"":1422,""New"":1424,""Reason"":3}"
7046415,"{""Old"":2065,""New"":2067,""Reason"":3}"
206316838,"{""Old"":1952,""New"":1954,""Reason"":3}"
16152700,"{""Old"":693,""New"":695,""Reason"":3}"
16152700,"{""Old"":2090,""New"":2092,""Reason"":3}"
7046415,"{""Old"":2081,""New"":2083,""Reason"":3}"
7046415,"{""Old"":2095,""New"":2099,""Reason"":3}"
71916001,"{""Old"":75169,""New"":75179,""Reason"":3}"
63778994,"{""Old"":398100,""New"":398130,""Reason"":3}"
63778994,"{""Old"":398350,""New"":398370,""Reason"":3}"
80653261,"{""Old"":2430,""New"":2432,""Reason"":3}"
38172050,"{""Old"":3440,""New"":3442,""Reason"":3}"
26068370,"{""Old"":1165,""New"":1167,""Reason"":3}"
49629438,"{""Old"":141,""New"":143,""Reason"":3}"
7046415,"{""Old"":1207,""New"":1211,""Reason"":3}"
4472194,"{""Old"":3812,""New"":3814,""Reason"":3}"
43780156,"{""Old"":149495,""New"":149497,""Reason"":3}"
7045817,"{""Old"":1279,""New"":1289,""Reason"":3}"
43780156,"{""Old"":149767,""New"":149777,""Reason"":3}"
7045817,"{""Old"":1360,""New"":1362,""Reason"":3}"
13600351,"{""Old"":1218,""New"":1228,""Reason"":3}"
43780156,"{""Old"":149787,""New"":149797,""Reason"":3}"
43780156,"{""Old"":149833,""New"":149843,""Reason"":3}"
43780156,"{""Old"":150881,""New"":150883,""Reason"":3}"
34785160,"{""Old"":905,""New"":907,""Reason"":3}"
51591414,"{""Old"":432,""New"":434,""Reason"":3}"
34785160,"{""Old"":880,""New"":882,""Reason"":3}"
40889719,"{""Old"":3735,""New"":3737,""Reason"":3}"
36422175,"{""Old"":2730,""New"":2732,""Reason"":3}"
36422175,"{""Old"":2778,""New"":2780,""Reason"":3}"
36422175,"{""Old"":2996,""New"":2998,""Reason"":3}"
36422175,"{""Old"":3056,""New"":3058,""Reason"":3}"
36422175,"{""Old"":3074,""New"":3076,""Reason"":3}"
45934275,"{""Old"":374,""New"":376,""Reason"":3}"
21431723,"{""Old"":683,""New"":685,""Reason"":3}"
83457219,"{""Old"":13940,""New"":13942,""Reason"":3}"
41338112,"{""Old"":1590,""New"":1592,""Reason"":3}"
52880077,"{""Old"":3449,""New"":3451,""Reason"":3}"
47061761,"{""Old"":1545,""New"":1547,""Reason"":3}"
13083476,"{""Old"":549,""New"":551,""Reason"":3}"
13083476,"{""Old"":173,""New"":175,""Reason"":3}"
202176747,"{""Old"":114881,""New"":114891,""Reason"":3}"
44481882,"{""Old"":430,""New"":432,""Reason"":3}"
69442044,"{""Old"":314,""New"":316,""Reason"":3}"
40247006,"{""Old"":1389,""New"":1393,""Reason"":3}"
44481882,"{""Old"":717,""New"":719,""Reason"":3}"
80758401,"{""Old"":5834,""New"":5844,""Reason"":3}"
80491185,"{""Old"":1783,""New"":1793,""Reason"":3}"
80491185,"{""Old"":2030,""New"":2050,""Reason"":3}"
7568871,"{""Old"":5361,""New"":5363,""Reason"":3}"
34785160,"{""Old"":882,""New"":884,""Reason"":3}"
209523409,"{""Old"":72,""New"":74,""Reason"":3}"
22438308,"{""Old"":41730,""New"":41740,""Reason"":3}"
36422175,"{""Old"":2706,""New"":2708,""Reason"":3}"
36422175,"{""Old"":2713,""New"":2715,""Reason"":3}"
36422175,"{""Old"":2686,""New"":2688,""Reason"":3}"
36422175,"{""Old"":2826,""New"":2828,""Reason"":3}"
22438308,"{""Old"":38278,""New"":38280,""Reason"":3}"
40712395,"{""Old"":12311,""New"":12313,""Reason"":3}"
59961124,"{""Old"":2323,""New"":2325,""Reason"":3}"
59961124,"{""Old"":2416,""New"":2418,""Reason"":3}"
43780156,"{""Old"":149819,""New"":149823,""Reason"":3}"
43780156,"{""Old"":149799,""New"":149809,""Reason"":3}"
7045817,"{""Old"":1316,""New"":1318,""Reason"":3}"
25599199,"{""Old"":1144,""New"":1146,""Reason"":3}"
211423534,"{""Old"":38192,""New"":38194,""Reason"":3}"
6865857,"{""Old"":3300,""New"":3302,""Reason"":3}"
23568177,"{""Old"":701,""New"":703,""Reason"":3}"
58261482,"{""Old"":1360,""New"":1362,""Reason"":3}"
7473273,"{""Old"":4193,""New"":4223,""Reason"":3}"
78285576,"{""Old"":1480,""New"":1482,""Reason"":3}"
78285576,"{""Old"":1514,""New"":1516,""Reason"":3}"
63778994,"{""Old"":359391,""New"":359393,""Reason"":3}"
63778994,"{""Old"":359537,""New"":359557,""Reason"":3}"
63778994,"{""Old"":361393,""New"":361403,""Reason"":3}"
34354309,"{""Old"":157,""New"":159,""Reason"":3}"
65138135,"{""Old"":3594,""New"":3596,""Reason"":3}"
7568871,"{""Old"":5237,""New"":5239,""Reason"":3}"
83376996,"{""Old"":4102,""New"":4122,""Reason"":3}"
83376996,"{""Old"":4028,""New"":4038,""Reason"":3}"
32377577,"{""Old"":798,""New"":800,""Reason"":3}"
7568871,"{""Old"":5886,""New"":5888,""Reason"":3}"
32366679,"{""Old"":680,""New"":682,""Reason"":3}"
21271458,"{""Old"":165,""New"":167,""Reason"":3}"
80491185,"{""Old"":1434,""New"":1436,""Reason"":3}"
83376996,"{""Old"":4231,""New"":4241,""Reason"":3}"
46290546,"{""Old"":7834,""New"":7844,""Reason"":3}"
23353445,"{""Old"":639,""New"":641,""Reason"":3}"
23353445,"{""Old"":357,""New"":359,""Reason"":3}"
63778994,"{""Old"":392142,""New"":392152,""Reason"":3}"
63778994,"{""Old"":396379,""New"":396449,""Reason"":3}"
63778994,"{""Old"":395277,""New"":395287,""Reason"":3}"
63778994,"{""Old"":398570,""New"":398610,""Reason"":3}"
63778994,"{""Old"":393269,""New"":393289,""Reason"":3}"
43953490,"{""Old"":15407,""New"":15409,""Reason"":3}"
58790686,"{""Old"":20600,""New"":20602,""Reason"":3}"
64771681,"{""Old"":875,""New"":885,""Reason"":3}"
64771681,"{""Old"":1019,""New"":1021,""Reason"":3}"
64771681,"{""Old"":1607,""New"":1609,""Reason"":3}"
64771681,"{""Old"":840,""New"":842,""Reason"":3}"
13083476,"{""Old"":591,""New"":593,""Reason"":3}"
13083476,"{""Old"":758,""New"":760,""Reason"":3}"
82629288,"{""Old"":3121,""New"":3123,""Reason"":3}"
9442327,"{""Old"":370,""New"":372,""Reason"":3}"
35875544,"{""Old"":20553,""New"":20555,""Reason"":3}"
35875544,"{""Old"":20698,""New"":20700,""Reason"":3}"
35875544,"{""Old"":23019,""New"":23021,""Reason"":3}"
59961124,"{""Old"":2368,""New"":2370,""Reason"":3}"
59961124,"{""Old"":2196,""New"":2198,""Reason"":3}"
59961124,"{""Old"":2581,""New"":2583,""Reason"":3}"
59961124,"{""Old"":2958,""New"":2960,""Reason"":3}"
59961124,"{""Old"":2345,""New"":2347,""Reason"":3}"
59961124,"{""Old"":2898,""New"":2902,""Reason"":3}"
59961124,"{""Old"":2468,""New"":2478,""Reason"":3}"
51591414,"{""Old"":416,""New"":418,""Reason"":3}"
49581254,"{""Old"":435,""New"":437,""Reason"":3}"
51591414,"{""Old"":391,""New"":393,""Reason"":3}"
51591414,"{""Old"":425,""New"":427,""Reason"":3}"
40712395,"{""Old"":12313,""New"":12315,""Reason"":3}"
59961124,"{""Old"":2378,""New"":2380,""Reason"":3}"
59961124,"{""Old"":3021,""New"":3023,""Reason"":3}"
59961124,"{""Old"":2398,""New"":2400,""Reason"":3}"
59961124,"{""Old"":2693,""New"":2695,""Reason"":3}"
59961124,"{""Old"":2599,""New"":2601,""Reason"":3}"
59961124,"{""Old"":3023,""New"":3025,""Reason"":3}"
59961124,"{""Old"":2536,""New"":2538,""Reason"":3}"
59961124,"{""Old"":2781,""New"":2783,""Reason"":3}"
59961124,"{""Old"":2452,""New"":2454,""Reason"":3}"
59961124,"{""Old"":2992,""New"":3002,""Reason"":3}"
70388674,"{""Old"":78,""New"":80,""Reason"":3}"
59961124,"{""Old"":2601,""New"":2603,""Reason"":3}"
59961124,"{""Old"":2823,""New"":2825,""Reason"":3}"
70388674,"{""Old"":97,""New"":99,""Reason"":3}"
23865614,"{""Old"":77019,""New"":77021,""Reason"":3}"
23865614,"{""Old"":77998,""New"":78008,""Reason"":3}"
23865614,"{""Old"":78240,""New"":78242,""Reason"":3}"
23865614,"{""Old"":79295,""New"":79315,""Reason"":3}"
23865614,"{""Old"":79493,""New"":79503,""Reason"":3}"
23865614,"{""Old"":81644,""New"":81654,""Reason"":3}"
23865614,"{""Old"":82151,""New"":82181,""Reason"":3}"
5003925,"{""Old"":1180,""New"":1182,""Reason"":3}"
24196485,"{""Old"":40521,""New"":40523,""Reason"":3}"
42218918,"{""Old"":441,""New"":443,""Reason"":3}"
42218918,"{""Old"":439,""New"":441,""Reason"":3}"
42218918,"{""Old"":362,""New"":364,""Reason"":3}"
42218918,"{""Old"":637,""New"":639,""Reason"":3}"
35216582,"{""Old"":31576,""New"":31586,""Reason"":3}"
6865857,"{""Old"":3153,""New"":3155,""Reason"":3}"
6865857,"{""Old"":3032,""New"":3034,""Reason"":3}"
6865857,"{""Old"":3059,""New"":3069,""Reason"":3}"
6865857,"{""Old"":3165,""New"":3167,""Reason"":3}"
6865857,"{""Old"":3183,""New"":3185,""Reason"":3}"
71916001,"{""Old"":74535,""New"":74555,""Reason"":3}"
71916001,"{""Old"":74999,""New"":75009,""Reason"":3}"
7046415,"{""Old"":1291,""New"":1293,""Reason"":3}"
71916001,"{""Old"":73673,""New"":73683,""Reason"":3}"
71916001,"{""Old"":75209,""New"":75211,""Reason"":3}"
71916001,"{""Old"":76335,""New"":76345,""Reason"":3}"
71916001,"{""Old"":76305,""New"":76315,""Reason"":3}"
47200242,"{""Old"":942,""New"":944,""Reason"":3}"
23865614,"{""Old"":242,""New"":244,""Reason"":3}"
23865614,"{""Old"":288,""New"":290,""Reason"":3}"
23865614,"{""Old"":196,""New"":198,""Reason"":3}"
47200242,"{""Old"":821,""New"":823,""Reason"":3}"
47200242,"{""Old"":922,""New"":924,""Reason"":3}"
47200242,"{""Old"":1080,""New"":1082,""Reason"":3}"
47200242,"{""Old"":2032,""New"":2034,""Reason"":3}"
47200242,"{""Old"":2252,""New"":2254,""Reason"":3}"
47200242,"{""Old"":2304,""New"":2306,""Reason"":3}"
47200242,"{""Old"":1637,""New"":1639,""Reason"":3}"
47200242,"{""Old"":2206,""New"":2208,""Reason"":3}"
47200242,"{""Old"":1218,""New"":1220,""Reason"":3}"
47200242,"{""Old"":2280,""New"":2282,""Reason"":3}"
47200242,"{""Old"":2314,""New"":2316,""Reason"":3}"
47200242,"{""Old"":2202,""New"":2204,""Reason"":3}"
47200242,"{""Old"":2276,""New"":2278,""Reason"":3}"
47200242,"{""Old"":1181,""New"":1183,""Reason"":3}"
16152700,"{""Old"":536,""New"":538,""Reason"":3}"
206316838,"{""Old"":2045,""New"":2047,""Reason"":3}"
22901682,"{""Old"":45985,""New"":46005,""Reason"":3}"
22901682,"{""Old"":47001,""New"":47003,""Reason"":3}"
22901682,"{""Old"":47203,""New"":47213,""Reason"":3}"
22901682,"{""Old"":47580,""New"":47590,""Reason"":3}"
22901682,"{""Old"":36793,""New"":36803,""Reason"":3}"
22901682,"{""Old"":36896,""New"":36906,""Reason"":3}"
22901682,"{""Old"":37244,""New"":37264,""Reason"":3}"
22901682,"{""Old"":37288,""New"":37290,""Reason"":3}"
22901682,"{""Old"":40643,""New"":40663,""Reason"":3}"
22901682,"{""Old"":43030,""New"":43040,""Reason"":3}"
22901682,"{""Old"":44047,""New"":44067,""Reason"":3}"
22901682,"{""Old"":44310,""New"":44330,""Reason"":3}"
22901682,"{""Old"":44375,""New"":44385,""Reason"":3}"
22901682,"{""Old"":45733,""New"":45743,""Reason"":3}"
22901682,"{""Old"":46465,""New"":46475,""Reason"":3}"
78285576,"{""Old"":441,""New"":443,""Reason"":3}"
14486887,"{""Old"":61,""New"":63,""Reason"":3}"
208769033,"{""Old"":255503,""New"":255505,""Reason"":3}"
206316838,"{""Old"":1950,""New"":1952,""Reason"":3}"
206316838,"{""Old"":2099,""New"":2101,""Reason"":3}"
71916001,"{""Old"":74311,""New"":74313,""Reason"":3}"
71916001,"{""Old"":73765,""New"":73775,""Reason"":3}"
71916001,"{""Old"":74343,""New"":74363,""Reason"":3}"
71916001,"{""Old"":74839,""New"":74849,""Reason"":3}"
71916001,"{""Old"":75245,""New"":75255,""Reason"":3}"
26453322,"{""Old"":13407,""New"":13417,""Reason"":3}"
26453322,"{""Old"":12638,""New"":12648,""Reason"":3}"
26453322,"{""Old"":12869,""New"":12879,""Reason"":3}"
7568871,"{""Old"":5481,""New"":5483,""Reason"":3}"
7568871,"{""Old"":5771,""New"":5773,""Reason"":3}"
7568871,"{""Old"":5421,""New"":5423,""Reason"":3}"
26453322,"{""Old"":13467,""New"":13477,""Reason"":3}"
43996202,"{""Old"":144,""New"":146,""Reason"":3}"
51591414,"{""Old"":393,""New"":395,""Reason"":3}"
40889719,"{""Old"":3751,""New"":3755,""Reason"":3}"
82629288,"{""Old"":3825,""New"":3835,""Reason"":3}"
82629288,"{""Old"":3813,""New"":3815,""Reason"":3}"
82629288,"{""Old"":3698,""New"":3700,""Reason"":3}"
82629288,"{""Old"":3847,""New"":3849,""Reason"":3}"
51591414,"{""Old"":399,""New"":401,""Reason"":3}"
51591414,"{""Old"":408,""New"":410,""Reason"":3}"
40889719,"{""Old"":3737,""New"":3739,""Reason"":3}"
40889719,"{""Old"":3731,""New"":3735,""Reason"":3}"
207477871,"{""Old"":1292,""New"":1294,""Reason"":3}"
31050334,"{""Old"":525,""New"":527,""Reason"":3}"
31050334,"{""Old"":985,""New"":987,""Reason"":3}"
31050334,"{""Old"":1037,""New"":1047,""Reason"":3}"
31050334,"{""Old"":206,""New"":208,""Reason"":3}"
31050334,"{""Old"":975,""New"":977,""Reason"":3}"
80491185,"{""Old"":4877,""New"":4879,""Reason"":3}"
40700927,"{""Old"":110,""New"":112,""Reason"":3}"
210993055,"{""Old"":56313,""New"":56323,""Reason"":3}"
210993055,"{""Old"":56697,""New"":56707,""Reason"":3}"
11129004,"{""Old"":2165,""New"":2167,""Reason"":3}"
11129004,"{""Old"":2278,""New"":2288,""Reason"":3}"
218733227,"{""Old"":1073,""New"":1075,""Reason"":3}"
11129004,"{""Old"":2736,""New"":2738,""Reason"":3}"
22901682,"{""Old"":43070,""New"":43072,""Reason"":3}"
22901682,"{""Old"":46961,""New"":46981,""Reason"":3}"
63082603,"{""Old"":14886,""New"":14890,""Reason"":3}"
63082603,"{""Old"":15480,""New"":15490,""Reason"":3}"
63082603,"{""Old"":16024,""New"":16026,""Reason"":3}"
63082603,"{""Old"":15221,""New"":15223,""Reason"":3}"
63082603,"{""Old"":15330,""New"":15334,""Reason"":3}"
63082603,"{""Old"":15408,""New"":15418,""Reason"":3}"
63082603,"{""Old"":14910,""New"":14912,""Reason"":3}"
16152700,"{""Old"":1367,""New"":1377,""Reason"":3}"
7046415,"{""Old"":1618,""New"":1620,""Reason"":3}"
7046415,"{""Old"":1872,""New"":1882,""Reason"":3}"
7046415,"{""Old"":1988,""New"":1990,""Reason"":3}"
71916001,"{""Old"":75099,""New"":75109,""Reason"":3}"
71916001,"{""Old"":74127,""New"":74137,""Reason"":3}"
206316838,"{""Old"":1926,""New"":1928,""Reason"":3}"
42817421,"{""Old"":1939,""New"":1941,""Reason"":3}"
19970226,"{""Old"":250,""New"":252,""Reason"":3}"
29972957,"{""Old"":776,""New"":778,""Reason"":3}"
31692115,"{""Old"":1235,""New"":1239,""Reason"":3}"
82629288,"{""Old"":3784,""New"":3794,""Reason"":3}"
51591414,"{""Old"":435,""New"":437,""Reason"":3}"
71916001,"{""Old"":75590,""New"":75600,""Reason"":3}"
7046415,"{""Old"":1616,""New"":1618,""Reason"":3}"
7046415,"{""Old"":1211,""New"":1213,""Reason"":3}"
71916001,"{""Old"":74209,""New"":74219,""Reason"":3}"
71916001,"{""Old"":74455,""New"":74465,""Reason"":3}"
71916001,"{""Old"":75179,""New"":75189,""Reason"":3}"
71916001,"{""Old"":73795,""New"":73805,""Reason"":3}"
206316838,"{""Old"":1986,""New"":1988,""Reason"":3}"
22901682,"{""Old"":35851,""New"":35861,""Reason"":3}"
22901682,"{""Old"":36247,""New"":36249,""Reason"":3}"
22901682,"{""Old"":36346,""New"":36348,""Reason"":3}"
22901682,"{""Old"":37876,""New"":37878,""Reason"":3}"
22901682,"{""Old"":37946,""New"":37948,""Reason"":3}"
22901682,"{""Old"":37970,""New"":37972,""Reason"":3}"
22901682,"{""Old"":38863,""New"":38865,""Reason"":3}"
22901682,"{""Old"":40885,""New"":40887,""Reason"":3}"
22901682,"{""Old"":41131,""New"":41141,""Reason"":3}"
22901682,"{""Old"":41739,""New"":41749,""Reason"":3}"
22901682,"{""Old"":43040,""New"":43070,""Reason"":3}"
22901682,"{""Old"":45531,""New"":45541,""Reason"":3}"
22901682,"{""Old"":46255,""New"":46265,""Reason"":3}"
16152700,"{""Old"":781,""New"":783,""Reason"":3}"
16152700,"{""Old"":1659,""New"":1661,""Reason"":3}"
16152700,"{""Old"":2112,""New"":2122,""Reason"":3}"
16152700,"{""Old"":1788,""New"":1798,""Reason"":3}"
208910409,"{""Old"":279,""New"":281,""Reason"":3}"
40712395,"{""Old"":1134,""New"":1136,""Reason"":3}"
8883313,"{""Old"":1501,""New"":1503,""Reason"":3}"
70971660,"{""Old"":734,""New"":736,""Reason"":3}"
70971660,"{""Old"":1084,""New"":1086,""Reason"":3}"
37988048,"{""Old"":1758,""New"":1760,""Reason"":3}"
48073539,"{""Old"":2300,""New"":2302,""Reason"":3}"
32002545,"{""Old"":448,""New"":450,""Reason"":3}"
79142355,"{""Old"":992,""New"":994,""Reason"":3}"
84957257,"{""Old"":16091,""New"":16093,""Reason"":3}"
84957257,"{""Old"":16805,""New"":16815,""Reason"":3}"
84957257,"{""Old"":17063,""New"":17073,""Reason"":3}"
23353445,"{""Old"":337,""New"":339,""Reason"":3}"
215520292,"{""Old"":468652,""New"":468662,""Reason"":3}"
23353445,"{""Old"":617,""New"":627,""Reason"":3}"
69132095,"{""Old"":952,""New"":954,""Reason"":3}"
7568871,"{""Old"":5610,""New"":5612,""Reason"":3}"
7568871,"{""Old"":5719,""New"":5721,""Reason"":3}"
7568871,"{""Old"":5831,""New"":5833,""Reason"":3}"
7568871,"{""Old"":5897,""New"":5899,""Reason"":3}"
23814762,"{""Old"":626,""New"":628,""Reason"":3}"
26453322,"{""Old"":13041,""New"":13051,""Reason"":3}"
26453322,"{""Old"":31231,""New"":31251,""Reason"":3}"
17655371,"{""Old"":562,""New"":564,""Reason"":3}"
17655371,"{""Old"":462,""New"":464,""Reason"":3}"
17655371,"{""Old"":505,""New"":507,""Reason"":3}"
26480103,"{""Old"":177,""New"":179,""Reason"":3}"
26480103,"{""Old"":93,""New"":95,""Reason"":3}"
79782981,"{""Old"":3785,""New"":3787,""Reason"":3}"
79782981,"{""Old"":3782,""New"":3784,""Reason"":3}"
26480103,"{""Old"":405,""New"":407,""Reason"":3}"
26480103,"{""Old"":192,""New"":196,""Reason"":3}"
81856946,"{""Old"":1157,""New"":1159,""Reason"":3}"
63778994,"{""Old"":360163,""New"":360173,""Reason"":3}"
63778994,"{""Old"":357420,""New"":357422,""Reason"":3}"
63778994,"{""Old"":361633,""New"":361653,""Reason"":3}"
63778994,"{""Old"":357085,""New"":357095,""Reason"":3}"
63778994,"{""Old"":360565,""New"":360585,""Reason"":3}"
21431723,"{""Old"":689,""New"":691,""Reason"":3}"
45934275,"{""Old"":471,""New"":473,""Reason"":3}"
45934275,"{""Old"":493,""New"":495,""Reason"":3}"
87323516,"{""Old"":71,""New"":73,""Reason"":3}"
31050334,"{""Old"":257,""New"":259,""Reason"":3}"
31050334,"{""Old"":1001,""New"":1003,""Reason"":3}"
31050334,"{""Old"":189,""New"":191,""Reason"":3}"
31050334,"{""Old"":849,""New"":855,""Reason"":3}"
79751925,"{""Old"":851,""New"":861,""Reason"":3}"
79751925,"{""Old"":1057,""New"":1059,""Reason"":3}"
48073539,"{""Old"":2304,""New"":2314,""Reason"":3}"
52436180,"{""Old"":378995,""New"":379005,""Reason"":3}"
48073539,"{""Old"":2217,""New"":2219,""Reason"":3}"
48073539,"{""Old"":2260,""New"":2264,""Reason"":3}"
48073539,"{""Old"":2282,""New"":2284,""Reason"":3}"
48073539,"{""Old"":2302,""New"":2304,""Reason"":3}"
84957257,"{""Old"":17868,""New"":17878,""Reason"":3}"
84957257,"{""Old"":17928,""New"":17938,""Reason"":3}"
208910409,"{""Old"":421,""New"":423,""Reason"":3}"
29350329,"{""Old"":122,""New"":124,""Reason"":3}"
73869673,"{""Old"":67,""New"":69,""Reason"":3}"
208910409,"{""Old"":312,""New"":314,""Reason"":3}"
17730425,"{""Old"":2957,""New"":2959,""Reason"":3}"
17730425,"{""Old"":3112,""New"":3132,""Reason"":3}"
13755035,"{""Old"":82,""New"":84,""Reason"":3}"
48591626,"{""Old"":1640,""New"":1642,""Reason"":3}"
56262169,"{""Old"":169,""New"":171,""Reason"":3}"
35875544,"{""Old"":22296,""New"":22316,""Reason"":3}"
35875544,"{""Old"":21483,""New"":21487,""Reason"":3}"
35875544,"{""Old"":21662,""New"":21664,""Reason"":3}"
64771681,"{""Old"":842,""New"":844,""Reason"":3}"
64771681,"{""Old"":885,""New"":887,""Reason"":3}"
64771681,"{""Old"":1579,""New"":1581,""Reason"":3}"
39687811,"{""Old"":257,""New"":259,""Reason"":3}"
39687811,"{""Old"":292,""New"":294,""Reason"":3}"
11225640,"{""Old"":2004,""New"":2014,""Reason"":3}"
9442327,"{""Old"":450,""New"":452,""Reason"":3}"
38749156,"{""Old"":352,""New"":354,""Reason"":3}"
38749156,"{""Old"":203,""New"":205,""Reason"":3}"
38749156,"{""Old"":2083,""New"":2093,""Reason"":3}"
38749156,"{""Old"":3643,""New"":3653,""Reason"":3}"
38749156,"{""Old"":5268,""New"":5270,""Reason"":3}"
38749156,"{""Old"":6451,""New"":6471,""Reason"":3}"
13083476,"{""Old"":211,""New"":213,""Reason"":3}"
13083476,"{""Old"":398,""New"":400,""Reason"":3}"
13083476,"{""Old"":406,""New"":408,""Reason"":3}"
13083476,"{""Old"":414,""New"":424,""Reason"":3}"
57851814,"{""Old"":647,""New"":649,""Reason"":3}"
13083476,"{""Old"":476,""New"":478,""Reason"":3}"
58866450,"{""Old"":91,""New"":93,""Reason"":3}"
71916001,"{""Old"":74515,""New"":74535,""Reason"":3}"
71916001,"{""Old"":75345,""New"":75365,""Reason"":3}"
71916001,"{""Old"":73947,""New"":73957,""Reason"":3}"
49629438,"{""Old"":165,""New"":167,""Reason"":3}"
16152700,"{""Old"":2005,""New"":2015,""Reason"":3}"
16152700,"{""Old"":1873,""New"":1883,""Reason"":3}"
71916001,"{""Old"":74829,""New"":74839,""Reason"":3}"
71916001,"{""Old"":73785,""New"":73795,""Reason"":3}"
71916001,"{""Old"":74067,""New"":74077,""Reason"":3}"
71916001,"{""Old"":74239,""New"":74249,""Reason"":3}"
71916001,"{""Old"":74799,""New"":74809,""Reason"":3}"
71916001,"{""Old"":75435,""New"":75445,""Reason"":3}"
71916001,"{""Old"":76529,""New"":76531,""Reason"":3}"
71916001,"{""Old"":73827,""New"":73837,""Reason"":3}"
7046415,"{""Old"":1331,""New"":1333,""Reason"":3}"
7046415,"{""Old"":1337,""New"":1339,""Reason"":3}"
71916001,"{""Old"":75019,""New"":75039,""Reason"":3}"
71916001,"{""Old"":75445,""New"":75455,""Reason"":3}"
71916001,"{""Old"":73897,""New"":73907,""Reason"":3}"
71916001,"{""Old"":74177,""New"":74187,""Reason"":3}"
201565207,"{""Old"":544,""New"":546,""Reason"":3}"
47200242,"{""Old"":1859,""New"":1869,""Reason"":3}"
47200242,"{""Old"":1901,""New"":1903,""Reason"":3}"
47200242,"{""Old"":2316,""New"":2318,""Reason"":3}"
23514668,"{""Old"":774,""New"":776,""Reason"":3}"
63082603,"{""Old"":16026,""New"":16036,""Reason"":3}"
63082603,"{""Old"":15752,""New"":15762,""Reason"":3}"
23865614,"{""Old"":5769,""New"":5799,""Reason"":3}"
23865614,"{""Old"":7933,""New"":7943,""Reason"":3}"
23865614,"{""Old"":8387,""New"":8397,""Reason"":3}"
23865614,"{""Old"":11601,""New"":11611,""Reason"":3}"
23865614,"{""Old"":11851,""New"":11861,""Reason"":3}"
206316838,"{""Old"":1903,""New"":1905,""Reason"":3}"
206316838,"{""Old"":1989,""New"":1991,""Reason"":3}"
206316838,"{""Old"":1891,""New"":1901,""Reason"":3}"
16152700,"{""Old"":1134,""New"":1144,""Reason"":3}"
16152700,"{""Old"":1649,""New"":1659,""Reason"":3}"
42219379,"{""Old"":3452,""New"":3462,""Reason"":3}"
22438308,"{""Old"":38282,""New"":38284,""Reason"":3}"
39589996,"{""Old"":867,""New"":871,""Reason"":3}"
82629288,"{""Old"":3779,""New"":3781,""Reason"":3}"
82629288,"{""Old"":3710,""New"":3720,""Reason"":3}"
11129004,"{""Old"":2468,""New"":2488,""Reason"":3}"
208990330,"{""Old"":146,""New"":148,""Reason"":3}"
219873303,"{""Old"":1025,""New"":1029,""Reason"":3}"
23033741,"{""Old"":111,""New"":113,""Reason"":3}"
46662749,"{""Old"":2380,""New"":2382,""Reason"":3}"
48205250,"{""Old"":4364,""New"":4366,""Reason"":3}"
211423534,"{""Old"":44045,""New"":44055,""Reason"":3}"
46610504,"{""Old"":347,""New"":349,""Reason"":3}"
7473273,"{""Old"":4583,""New"":4593,""Reason"":3}"
48205250,"{""Old"":4585,""New"":4587,""Reason"":3}"
7473273,"{""Old"":4148,""New"":4158,""Reason"":3}"
19981811,"{""Old"":140366,""New"":140368,""Reason"":3}"
19981811,"{""Old"":140378,""New"":140380,""Reason"":3}"
21261285,"{""Old"":610,""New"":620,""Reason"":3}"
51591414,"{""Old"":406,""New"":408,""Reason"":3}"
51591414,"{""Old"":423,""New"":425,""Reason"":3}"
82629288,"{""Old"":3758,""New"":3760,""Reason"":3}"
42219379,"{""Old"":3436,""New"":3438,""Reason"":3}"
42219379,"{""Old"":3448,""New"":3450,""Reason"":3}"
16152700,"{""Old"":1053,""New"":1055,""Reason"":3}"
16152700,"{""Old"":1619,""New"":1629,""Reason"":3}"
48205250,"{""Old"":2340,""New"":2342,""Reason"":3}"
71916001,"{""Old"":74445,""New"":74455,""Reason"":3}"
71916001,"{""Old"":74849,""New"":74859,""Reason"":3}"
71916001,"{""Old"":74737,""New"":74747,""Reason"":3}"
71916001,"{""Old"":75225,""New"":75245,""Reason"":3}"
206316838,"{""Old"":2111,""New"":2113,""Reason"":3}"
37784995,"{""Old"":4138,""New"":4148,""Reason"":3}"
7568871,"{""Old"":5522,""New"":5524,""Reason"":3}"
32366679,"{""Old"":699,""New"":701,""Reason"":3}"
32366679,"{""Old"":727,""New"":729,""Reason"":3}"
7568871,"{""Old"":5804,""New"":5806,""Reason"":3}"
7568871,"{""Old"":5442,""New"":5444,""Reason"":3}"
7568871,"{""Old"":5502,""New"":5512,""Reason"":3}"
48205250,"{""Old"":4153,""New"":4155,""Reason"":3}"
23305159,"{""Old"":226,""New"":228,""Reason"":3}"
48205250,"{""Old"":4366,""New"":4368,""Reason"":3}"
48205250,"{""Old"":4457,""New"":4459,""Reason"":3}"
23305159,"{""Old"":886,""New"":896,""Reason"":3}"
48205250,"{""Old"":4269,""New"":4271,""Reason"":3}"
48205250,"{""Old"":4413,""New"":4415,""Reason"":3}"
48205250,"{""Old"":4538,""New"":4540,""Reason"":3}"
48205250,"{""Old"":4376,""New"":4380,""Reason"":3}"
21271458,"{""Old"":266,""New"":268,""Reason"":3}"
80744637,"{""Old"":109672,""New"":109682,""Reason"":3}"
42080759,"{""Old"":50,""New"":52,""Reason"":3}"
22901682,"{""Old"":37634,""New"":37636,""Reason"":3}"
22901682,"{""Old"":37898,""New"":37900,""Reason"":3}"
22901682,"{""Old"":42719,""New"":42721,""Reason"":3}"
22901682,"{""Old"":44715,""New"":44725,""Reason"":3}"
22901682,"{""Old"":44767,""New"":44777,""Reason"":3}"
22901682,"{""Old"":45431,""New"":45441,""Reason"":3}"
22901682,"{""Old"":46515,""New"":46525,""Reason"":3}"
22901682,"{""Old"":47313,""New"":47323,""Reason"":3}"
22901682,"{""Old"":47540,""New"":47560,""Reason"":3}"
22901682,"{""Old"":47770,""New"":47780,""Reason"":3}"
22901682,"{""Old"":37754,""New"":37756,""Reason"":3}"
22901682,"{""Old"":37788,""New"":37790,""Reason"":3}"
22901682,"{""Old"":39489,""New"":39491,""Reason"":3}"
22901682,"{""Old"":36098,""New"":36108,""Reason"":3}"
22901682,"{""Old"":36250,""New"":36260,""Reason"":3}"
22901682,"{""Old"":36629,""New"":36631,""Reason"":3}"
22901682,"{""Old"":37116,""New"":37118,""Reason"":3}"
22901682,"{""Old"":40036,""New"":40038,""Reason"":3}"
22901682,"{""Old"":40211,""New"":40221,""Reason"":3}"
22901682,"{""Old"":43428,""New"":43438,""Reason"":3}"
22901682,"{""Old"":46877,""New"":46887,""Reason"":3}"
22901682,"{""Old"":47403,""New"":47413,""Reason"":3}"
22901682,"{""Old"":47610,""New"":47620,""Reason"":3}"
47200242,"{""Old"":1384,""New"":1386,""Reason"":3}"
47200242,"{""Old"":1535,""New"":1539,""Reason"":3}"
47200242,"{""Old"":1841,""New"":1843,""Reason"":3}"
47200242,"{""Old"":2136,""New"":2140,""Reason"":3}"
47200242,"{""Old"":2238,""New"":2244,""Reason"":3}"
47200242,"{""Old"":2250,""New"":2252,""Reason"":3}"
47200242,"{""Old"":2282,""New"":2284,""Reason"":3}"
41040836,"{""Old"":541,""New"":543,""Reason"":3}"
79751925,"{""Old"":802,""New"":806,""Reason"":3}"
23865614,"{""Old"":83701,""New"":83711,""Reason"":3}"
80653261,"{""Old"":2242,""New"":2244,""Reason"":3}"
80653261,"{""Old"":2354,""New"":2356,""Reason"":3}"
80653261,"{""Old"":2390,""New"":2392,""Reason"":3}"
37784995,"{""Old"":4098,""New"":4108,""Reason"":3}"
37784995,"{""Old"":3003,""New"":3005,""Reason"":3}"
37784995,"{""Old"":2999,""New"":3001,""Reason"":3}"
7568871,"{""Old"":5551,""New"":5553,""Reason"":3}"
7568871,"{""Old"":5696,""New"":5698,""Reason"":3}"
7568871,"{""Old"":5692,""New"":5694,""Reason"":3}"
7568871,"{""Old"":5901,""New"":5905,""Reason"":3}"
7568871,"{""Old"":5637,""New"":5639,""Reason"":3}"
7568871,"{""Old"":5888,""New"":5890,""Reason"":3}"
7568871,"{""Old"":5932,""New"":5936,""Reason"":3}"
7568871,"{""Old"":5677,""New"":5687,""Reason"":3}"
7568871,"{""Old"":5454,""New"":5456,""Reason"":3}"
11129004,"{""Old"":1924,""New"":1926,""Reason"":3}"
11129004,"{""Old"":2345,""New"":2355,""Reason"":3}"
11129004,"{""Old"":2268,""New"":2270,""Reason"":3}"
11129004,"{""Old"":2724,""New"":2726,""Reason"":3}"
85888980,"{""Old"":837,""New"":839,""Reason"":3}"
85888980,"{""Old"":839,""New"":841,""Reason"":3}"
43218430,"{""Old"":1730,""New"":1732,""Reason"":3}"
84223984,"{""Old"":610,""New"":612,""Reason"":3}"
38057858,"{""Old"":678,""New"":680,""Reason"":3}"
38057858,"{""Old"":610,""New"":612,""Reason"":3}"
38308190,"{""Old"":553,""New"":555,""Reason"":3}"
38308190,"{""Old"":597,""New"":599,""Reason"":3}"
7046415,"{""Old"":2071,""New"":2081,""Reason"":3}"
206316838,"{""Old"":2047,""New"":2049,""Reason"":3}"
206316838,"{""Old"":2053,""New"":2055,""Reason"":3}"
49629438,"{""Old"":118,""New"":120,""Reason"":3}"
23865614,"{""Old"":248,""New"":250,""Reason"":3}"
71916001,"{""Old"":74949,""New"":74959,""Reason"":3}"
71916001,"{""Old"":75119,""New"":75129,""Reason"":3}"
71916001,"{""Old"":75325,""New"":75345,""Reason"":3}"
17172657,"{""Old"":263,""New"":273,""Reason"":3}"
63082603,"{""Old"":14892,""New"":14894,""Reason"":3}"
63082603,"{""Old"":15710,""New"":15712,""Reason"":3}"
63082603,"{""Old"":15296,""New"":15306,""Reason"":3}"
63082603,"{""Old"":16036,""New"":16046,""Reason"":3}"
22901682,"{""Old"":36119,""New"":36129,""Reason"":3}"
22901682,"{""Old"":36410,""New"":36420,""Reason"":3}"
22901682,"{""Old"":39137,""New"":39139,""Reason"":3}"
22901682,"{""Old"":41206,""New"":41208,""Reason"":3}"
22901682,"{""Old"":42278,""New"":42298,""Reason"":3}"
22901682,"{""Old"":45191,""New"":45201,""Reason"":3}"
22901682,"{""Old"":45171,""New"":45181,""Reason"":3}"
22901682,"{""Old"":45441,""New"":45461,""Reason"":3}"
22901682,"{""Old"":45571,""New"":45581,""Reason"":3}"
22901682,"{""Old"":46405,""New"":46415,""Reason"":3}"
208769033,"{""Old"":255517,""New"":255519,""Reason"":3}"
7568871,"{""Old"":5838,""New"":5840,""Reason"":3}"
7568871,"{""Old"":5890,""New"":5892,""Reason"":3}"
7568871,"{""Old"":5938,""New"":5940,""Reason"":3}"
56305413,"{""Old"":10407,""New"":10417,""Reason"":3}"
8574091,"{""Old"":1661,""New"":1663,""Reason"":3}"
31050334,"{""Old"":527,""New"":529,""Reason"":3}"
31050334,"{""Old"":941,""New"":943,""Reason"":3}"
23865614,"{""Old"":76783,""New"":76785,""Reason"":3}"
23865614,"{""Old"":77592,""New"":77602,""Reason"":3}"
23865614,"{""Old"":79820,""New"":79830,""Reason"":3}"
23865614,"{""Old"":80022,""New"":80042,""Reason"":3}"
23865614,"{""Old"":82709,""New"":82739,""Reason"":3}"
23865614,"{""Old"":83631,""New"":83641,""Reason"":3}"
46290546,"{""Old"":15723,""New"":15733,""Reason"":3}"
44510856,"{""Old"":250,""New"":252,""Reason"":3}"
83376996,"{""Old"":4685,""New"":4695,""Reason"":3}"
32377577,"{""Old"":1010,""New"":1012,""Reason"":3}"
7046415,"{""Old"":733,""New"":735,""Reason"":3}"
80151769,"{""Old"":180,""New"":182,""Reason"":3}"
37784995,"{""Old"":3227,""New"":3237,""Reason"":3}"
37784995,"{""Old"":4066,""New"":4076,""Reason"":3}"
77953241,"{""Old"":3883,""New"":3885,""Reason"":3}"
77953241,"{""Old"":4155,""New"":4157,""Reason"":3}"
77953241,"{""Old"":4181,""New"":4183,""Reason"":3}"
77953241,"{""Old"":4392,""New"":4396,""Reason"":3}"
37784995,"{""Old"":3863,""New"":3865,""Reason"":3}"
37784995,"{""Old"":2231,""New"":2247,""Reason"":3}"
37784995,"{""Old"":3165,""New"":3167,""Reason"":3}"
13083476,"{""Old"":540,""New"":542,""Reason"":3}"
13083476,"{""Old"":569,""New"":571,""Reason"":3}"
35494962,"{""Old"":3248,""New"":3258,""Reason"":3}"
71227328,"{""Old"":378,""New"":380,""Reason"":3}"
82629288,"{""Old"":3103,""New"":3105,""Reason"":3}"
64771681,"{""Old"":848,""New"":850,""Reason"":3}"
64771681,"{""Old"":1565,""New"":1567,""Reason"":3}"
53727285,"{""Old"":576,""New"":578,""Reason"":3}"
42218918,"{""Old"":420,""New"":422,""Reason"":3}"
35216582,"{""Old"":31746,""New"":31756,""Reason"":3}"
80758401,"{""Old"":5844,""New"":5854,""Reason"":3}"
44481882,"{""Old"":415,""New"":417,""Reason"":3}"
24608076,"{""Old"":4581,""New"":4591,""Reason"":3}"
24608076,"{""Old"":3075,""New"":3077,""Reason"":3}"
28753649,"{""Old"":16,""New"":18,""Reason"":3}"
47200242,"{""Old"":1070,""New"":1080,""Reason"":3}"
58999122,"{""Old"":1430,""New"":1440,""Reason"":3}"
47200242,"{""Old"":2214,""New"":2216,""Reason"":3}"
23865614,"{""Old"":2711,""New"":2713,""Reason"":3}"
23865614,"{""Old"":3127,""New"":3137,""Reason"":3}"
23865614,"{""Old"":3623,""New"":3625,""Reason"":3}"
23865614,"{""Old"":5189,""New"":5229,""Reason"":3}"
23865614,"{""Old"":5739,""New"":5749,""Reason"":3}"
23865614,"{""Old"":5939,""New"":5989,""Reason"":3}"
23865614,"{""Old"":10036,""New"":10066,""Reason"":3}"
23865614,"{""Old"":11701,""New"":11711,""Reason"":3}"
47200242,"{""Old"":1207,""New"":1209,""Reason"":3}"
47200242,"{""Old"":1761,""New"":1763,""Reason"":3}"
47200242,"{""Old"":1981,""New"":1983,""Reason"":3}"
22901682,"{""Old"":35978,""New"":35980,""Reason"":3}"
22901682,"{""Old"":37338,""New"":37340,""Reason"":3}"
22901682,"{""Old"":39177,""New"":39179,""Reason"":3}"
22901682,"{""Old"":40663,""New"":40683,""Reason"":3}"
22901682,"{""Old"":40586,""New"":40606,""Reason"":3}"
22901682,"{""Old"":40972,""New"":40974,""Reason"":3}"
22901682,"{""Old"":42050,""New"":42052,""Reason"":3}"
22901682,"{""Old"":37204,""New"":37224,""Reason"":3}"
22901682,"{""Old"":46705,""New"":46725,""Reason"":3}"
22901682,"{""Old"":47353,""New"":47363,""Reason"":3}"
38057858,"{""Old"":670,""New"":672,""Reason"":3}"
51324872,"{""Old"":18796,""New"":18806,""Reason"":3}"
50681822,"{""Old"":224,""New"":226,""Reason"":3}"
56224846,"{""Old"":158,""New"":160,""Reason"":3}"
56224846,"{""Old"":140,""New"":142,""Reason"":3}"
61216894,"{""Old"":482,""New"":492,""Reason"":3}"
218733227,"{""Old"":915,""New"":917,""Reason"":3}"
56224846,"{""Old"":138,""New"":140,""Reason"":3}"
218733227,"{""Old"":878,""New"":880,""Reason"":3}"
16075204,"{""Old"":141,""New"":143,""Reason"":3}"
85219672,"{""Old"":15134,""New"":15144,""Reason"":3}"
85219672,"{""Old"":17295,""New"":17305,""Reason"":3}"
85219672,"{""Old"":17451,""New"":17461,""Reason"":3}"
85219672,"{""Old"":17883,""New"":17893,""Reason"":3}"
85219672,"{""Old"":17903,""New"":17913,""Reason"":3}"
85219672,"{""Old"":15148,""New"":15158,""Reason"":3}"
85219672,"{""Old"":15612,""New"":15614,""Reason"":3}"
85219672,"{""Old"":16177,""New"":16179,""Reason"":3}"
85219672,"{""Old"":16781,""New"":16783,""Reason"":3}"
85219672,"{""Old"":18107,""New"":18109,""Reason"":3}"
31692115,"{""Old"":1274,""New"":1276,""Reason"":3}"
31692115,"{""Old"":1278,""New"":1280,""Reason"":3}"
21431723,"{""Old"":699,""New"":701,""Reason"":3}"
22438308,"{""Old"":41326,""New"":41336,""Reason"":3}"
22438308,"{""Old"":41476,""New"":41486,""Reason"":3}"
33449318,"{""Old"":958,""New"":960,""Reason"":3}"
79142355,"{""Old"":1068,""New"":1070,""Reason"":3}"
8883313,"{""Old"":1616,""New"":1618,""Reason"":3}"
8883313,"{""Old"":1652,""New"":1654,""Reason"":3}"
8883313,"{""Old"":1709,""New"":1711,""Reason"":3}"
73660558,"{""Old"":2355,""New"":2357,""Reason"":3}"
73660558,"{""Old"":2345,""New"":2355,""Reason"":3}"
73660558,"{""Old"":2509,""New"":2511,""Reason"":3}"
67836518,"{""Old"":4366,""New"":4368,""Reason"":3}"
17730425,"{""Old"":3152,""New"":3162,""Reason"":3}"
208910409,"{""Old"":1008,""New"":1010,""Reason"":3}"
208910409,"{""Old"":621,""New"":623,""Reason"":3}"
43780156,"{""Old"":75606,""New"":75608,""Reason"":3}"
30344310,"{""Old"":2246,""New"":2256,""Reason"":3}"
72635989,"{""Old"":2031,""New"":2033,""Reason"":3}"
23353445,"{""Old"":278,""New"":280,""Reason"":3}"
28505678,"{""Old"":1095,""New"":1097,""Reason"":3}"
69132095,"{""Old"":680,""New"":682,""Reason"":3}"
69132095,"{""Old"":871,""New"":873,""Reason"":3}"
69132095,"{""Old"":869,""New"":871,""Reason"":3}"
46437212,"{""Old"":15131,""New"":15141,""Reason"":3}"
69132095,"{""Old"":938,""New"":940,""Reason"":3}"
69132095,"{""Old"":649,""New"":651,""Reason"":3}"
46437212,"{""Old"":15123,""New"":15125,""Reason"":3}"
69132095,"{""Old"":899,""New"":901,""Reason"":3}"
69132095,"{""Old"":633,""New"":635,""Reason"":3}"
65324859,"{""Old"":25132,""New"":25134,""Reason"":3}"
41040836,"{""Old"":543,""New"":545,""Reason"":3}"
203236673,"{""Old"":4359,""New"":4361,""Reason"":3}"
217397009,"{""Old"":30961,""New"":30963,""Reason"":3}"
25799691,"{""Old"":3702,""New"":3704,""Reason"":3}"
79751925,"{""Old"":645,""New"":647,""Reason"":3}"
79751925,"{""Old"":808,""New"":818,""Reason"":3}"
46290546,"{""Old"":16051,""New"":16071,""Reason"":3}"
37784995,"{""Old"":3177,""New"":3179,""Reason"":3}"
37784995,"{""Old"":3343,""New"":3353,""Reason"":3}"
37784995,"{""Old"":2543,""New"":2545,""Reason"":3}"
37784995,"{""Old"":2879,""New"":2889,""Reason"":3}"
37784995,"{""Old"":2877,""New"":2879,""Reason"":3}"
37784995,"{""Old"":3059,""New"":3069,""Reason"":3}"
37784995,"{""Old"":3508,""New"":3528,""Reason"":3}"
79023038,"{""Old"":1043,""New"":1053,""Reason"":3}"
79023038,"{""Old"":1041,""New"":1043,""Reason"":3}"
80744637,"{""Old"":109632,""New"":109642,""Reason"":3}"
44510856,"{""Old"":259,""New"":261,""Reason"":3}"
26453322,"{""Old"":13477,""New"":13497,""Reason"":3}"
26453322,"{""Old"":13447,""New"":13467,""Reason"":3}"
77953241,"{""Old"":3909,""New"":3911,""Reason"":3}"
77953241,"{""Old"":4260,""New"":4262,""Reason"":3}"
37784995,"{""Old"":2753,""New"":2755,""Reason"":3}"
37784995,"{""Old"":3468,""New"":3478,""Reason"":3}"
37784995,"{""Old"":3658,""New"":3668,""Reason"":3}"
77953241,"{""Old"":4248,""New"":4258,""Reason"":3}"
77953241,"{""Old"":4380,""New"":4382,""Reason"":3}"
37784995,"{""Old"":3395,""New"":3397,""Reason"":3}"
37784995,"{""Old"":3488,""New"":3498,""Reason"":3}"
37784995,"{""Old"":2389,""New"":2391,""Reason"":3}"
86009749,"{""Old"":457,""New"":459,""Reason"":3}"
32002545,"{""Old"":508,""New"":518,""Reason"":3}"
84957257,"{""Old"":16159,""New"":16161,""Reason"":3}"
84957257,"{""Old"":16991,""New"":17011,""Reason"":3}"
70971660,"{""Old"":697,""New"":701,""Reason"":3}"
70971660,"{""Old"":1213,""New"":1215,""Reason"":3}"
8673338,"{""Old"":13366,""New"":13368,""Reason"":3}"
84957257,"{""Old"":15986,""New"":15988,""Reason"":3}"
84957257,"{""Old"":16207,""New"":16217,""Reason"":3}"
169859,"{""Old"":21227,""New"":21229,""Reason"":3}"
31692115,"{""Old"":960,""New"":962,""Reason"":3}"
31692115,"{""Old"":1066,""New"":1068,""Reason"":3}"
31692115,"{""Old"":1057,""New"":1059,""Reason"":3}"
18609775,"{""Old"":388,""New"":390,""Reason"":3}"
80491185,"{""Old"":7427,""New"":7437,""Reason"":3}"
80491185,"{""Old"":7134,""New"":7136,""Reason"":3}"
80491185,"{""Old"":7273,""New"":7275,""Reason"":3}"
80491185,"{""Old"":7309,""New"":7311,""Reason"":3}"
169859,"{""Old"":21255,""New"":21265,""Reason"":3}"
65324859,"{""Old"":25000,""New"":25002,""Reason"":3}"
44481882,"{""Old"":505,""New"":507,""Reason"":3}"
120308116,"{""Old"":1156,""New"":1158,""Reason"":3}"
80758401,"{""Old"":5231,""New"":5241,""Reason"":3}"
80758401,"{""Old"":6215,""New"":6217,""Reason"":3}"
80758401,"{""Old"":6323,""New"":6333,""Reason"":3}"
220148822,"{""Old"":818,""New"":820,""Reason"":3}"
220148822,"{""Old"":810,""New"":812,""Reason"":3}"
86009749,"{""Old"":341,""New"":343,""Reason"":3}"
35875544,"{""Old"":18442,""New"":18444,""Reason"":3}"
32116408,"{""Old"":1327,""New"":1329,""Reason"":3}"
85219672,"{""Old"":12988,""New"":12998,""Reason"":3}"
85219672,"{""Old"":13566,""New"":13568,""Reason"":3}"
85219672,"{""Old"":13640,""New"":13642,""Reason"":3}"
85219672,"{""Old"":13710,""New"":13712,""Reason"":3}"
85219672,"{""Old"":14155,""New"":14157,""Reason"":3}"
85219672,"{""Old"":14233,""New"":14235,""Reason"":3}"
85219672,"{""Old"":14448,""New"":14458,""Reason"":3}"
85219672,"{""Old"":14815,""New"":14817,""Reason"":3}"
73660558,"{""Old"":2331,""New"":2333,""Reason"":3}"
84957257,"{""Old"":16495,""New"":16497,""Reason"":3}"
70971660,"{""Old"":1241,""New"":1243,""Reason"":3}"
70971660,"{""Old"":385,""New"":387,""Reason"":3}"
218151732,"{""Old"":2286,""New"":2288,""Reason"":3}"
8673338,"{""Old"":11418,""New"":11420,""Reason"":3}"
8673338,"{""Old"":11648,""New"":11650,""Reason"":3}"
52436180,"{""Old"":380875,""New"":380885,""Reason"":3}"
52436180,"{""Old"":382074,""New"":382094,""Reason"":3}"
70971660,"{""Old"":366,""New"":368,""Reason"":3}"
37988048,"{""Old"":1762,""New"":1772,""Reason"":3}"
48073539,"{""Old"":2271,""New"":2273,""Reason"":3}"
48073539,"{""Old"":2348,""New"":2350,""Reason"":3}"
48073539,"{""Old"":2372,""New"":2374,""Reason"":3}"
52436180,"{""Old"":381685,""New"":381705,""Reason"":3}"
52436180,"{""Old"":384811,""New"":384813,""Reason"":3}"
13755035,"{""Old"":216,""New"":218,""Reason"":3}"
40712395,"{""Old"":533,""New"":535,""Reason"":3}"
16303419,"{""Old"":78205,""New"":78207,""Reason"":3}"
8883313,"{""Old"":1771,""New"":1773,""Reason"":3}"
208910409,"{""Old"":650,""New"":654,""Reason"":3}"
208910409,"{""Old"":864,""New"":866,""Reason"":3}"
208910409,"{""Old"":903,""New"":907,""Reason"":3}"
13083476,"{""Old"":811,""New"":813,""Reason"":3}"
13083476,"{""Old"":823,""New"":833,""Reason"":3}"
13083476,"{""Old"":947,""New"":949,""Reason"":3}"
35875544,"{""Old"":20215,""New"":20217,""Reason"":3}"
35875544,"{""Old"":20336,""New"":20338,""Reason"":3}"
35875544,"{""Old"":20584,""New"":20594,""Reason"":3}"
37784995,"{""Old"":3239,""New"":3249,""Reason"":3}"
77953241,"{""Old"":3907,""New"":3909,""Reason"":3}"
77953241,"{""Old"":4122,""New"":4124,""Reason"":3}"
37784995,"{""Old"":2705,""New"":2715,""Reason"":3}"
26453322,"{""Old"":12971,""New"":12981,""Reason"":3}"
26453322,"{""Old"":13652,""New"":13662,""Reason"":3}"
67962623,"{""Old"":816,""New"":818,""Reason"":3}"
37784995,"{""Old"":3865,""New"":3875,""Reason"":3}"
56305413,"{""Old"":9857,""New"":9859,""Reason"":3}"
56305413,"{""Old"":10118,""New"":10120,""Reason"":3}"
56305413,"{""Old"":10330,""New"":10332,""Reason"":3}"
56305413,"{""Old"":10276,""New"":10278,""Reason"":3}"
37784995,"{""Old"":2636,""New"":2638,""Reason"":3}"
37784995,"{""Old"":2739,""New"":2749,""Reason"":3}"
7046415,"{""Old"":700,""New"":702,""Reason"":3}"
80744637,"{""Old"":109894,""New"":109904,""Reason"":3}"
80744637,"{""Old"":109964,""New"":109974,""Reason"":3}"
37784995,"{""Old"":2805,""New"":2815,""Reason"":3}"
7046415,"{""Old"":904,""New"":914,""Reason"":3}"
80744637,"{""Old"":109934,""New"":109944,""Reason"":3}"
26453322,"{""Old"":15936,""New"":15938,""Reason"":3}"
26453322,"{""Old"":16496,""New"":16506,""Reason"":3}"
26453322,"{""Old"":16956,""New"":16986,""Reason"":3}"
26453322,"{""Old"":18726,""New"":18736,""Reason"":3}"
26453322,"{""Old"":18946,""New"":18956,""Reason"":3}"
26453322,"{""Old"":19158,""New"":19168,""Reason"":3}"
26453322,"{""Old"":19752,""New"":19754,""Reason"":3}"
26453322,"{""Old"":20884,""New"":20904,""Reason"":3}"
26453322,"{""Old"":21428,""New"":21438,""Reason"":3}"
26453322,"{""Old"":22271,""New"":22281,""Reason"":3}"
26453322,"{""Old"":23009,""New"":23019,""Reason"":3}"
26453322,"{""Old"":23153,""New"":23163,""Reason"":3}"
80653261,"{""Old"":2292,""New"":2294,""Reason"":3}"
80653261,"{""Old"":2370,""New"":2372,""Reason"":3}"
58790686,"{""Old"":20433,""New"":20443,""Reason"":3}"
38172050,"{""Old"":3405,""New"":3407,""Reason"":3}"
207477871,"{""Old"":1548,""New"":1550,""Reason"":3}"
207477871,"{""Old"":1691,""New"":1693,""Reason"":3}"
31050334,"{""Old"":873,""New"":875,""Reason"":3}"
31050334,"{""Old"":937,""New"":939,""Reason"":3}"
31050334,"{""Old"":1031,""New"":1033,""Reason"":3}"
80491185,"{""Old"":4898,""New"":4900,""Reason"":3}"
80491185,"{""Old"":4293,""New"":4295,""Reason"":3}"
27777369,"{""Old"":66778,""New"":66780,""Reason"":3}"
23046730,"{""Old"":241,""New"":243,""Reason"":3}"
31692115,"{""Old"":1096,""New"":1098,""Reason"":3}"
31692115,"{""Old"":1221,""New"":1223,""Reason"":3}"
31692115,"{""Old"":1262,""New"":1264,""Reason"":3}"
169859,"{""Old"":21243,""New"":21253,""Reason"":3}"
33449318,"{""Old"":947,""New"":949,""Reason"":3}"
80491185,"{""Old"":6895,""New"":6899,""Reason"":3}"
80491185,"{""Old"":6964,""New"":6966,""Reason"":3}"
80491185,"{""Old"":6735,""New"":6737,""Reason"":3}"
31692115,"{""Old"":1156,""New"":1158,""Reason"":3}"
31692115,"{""Old"":1193,""New"":1195,""Reason"":3}"
31692115,"{""Old"":968,""New"":970,""Reason"":3}"
80491185,"{""Old"":7408,""New"":7410,""Reason"":3}"
80491185,"{""Old"":6775,""New"":6777,""Reason"":3}"
80491185,"{""Old"":7123,""New"":7125,""Reason"":3}"
80491185,"{""Old"":7180,""New"":7190,""Reason"":3}"
80491185,"{""Old"":7425,""New"":7427,""Reason"":3}"
80491185,"{""Old"":7314,""New"":7316,""Reason"":3}"
73660558,"{""Old"":2613,""New"":2615,""Reason"":3}"
19981811,"{""Old"":140368,""New"":140370,""Reason"":3}"
80491185,"{""Old"":6995,""New"":6997,""Reason"":3}"
80491185,"{""Old"":7071,""New"":7073,""Reason"":3}"
80491185,"{""Old"":7211,""New"":7213,""Reason"":3}"
80491185,"{""Old"":6687,""New"":6689,""Reason"":3}"
6454041,"{""Old"":85475,""New"":85485,""Reason"":3}"
80496126,"{""Old"":15261,""New"":15263,""Reason"":3}"
169859,"{""Old"":21217,""New"":21227,""Reason"":3}"
80491185,"{""Old"":6893,""New"":6895,""Reason"":3}"
26453322,"{""Old"":13133,""New"":13143,""Reason"":3}"
26453322,"{""Old"":13255,""New"":13265,""Reason"":3}"
7568871,"{""Old"":5945,""New"":5947,""Reason"":3}"
44510856,"{""Old"":491,""New"":493,""Reason"":3}"
44510856,"{""Old"":551,""New"":553,""Reason"":3}"
20540315,"{""Old"":40,""New"":42,""Reason"":3}"
37784995,"{""Old"":2359,""New"":2361,""Reason"":3}"
37784995,"{""Old"":2676,""New"":2678,""Reason"":3}"
37784995,"{""Old"":3161,""New"":3163,""Reason"":3}"
37784995,"{""Old"":3498,""New"":3508,""Reason"":3}"
77953241,"{""Old"":4243,""New"":4245,""Reason"":3}"
37784995,"{""Old"":3950,""New"":3960,""Reason"":3}"
77953241,"{""Old"":3879,""New"":3881,""Reason"":3}"
77953241,"{""Old"":4092,""New"":4096,""Reason"":3}"
37784995,"{""Old"":3992,""New"":4002,""Reason"":3}"
79023038,"{""Old"":1011,""New"":1027,""Reason"":3}"
63082603,"{""Old"":15428,""New"":15438,""Reason"":3}"
63082603,"{""Old"":15318,""New"":15320,""Reason"":3}"
63082603,"{""Old"":15700,""New"":15710,""Reason"":3}"
63082603,"{""Old"":15981,""New"":15991,""Reason"":3}"
63082603,"{""Old"":16096,""New"":16106,""Reason"":3}"
78285576,"{""Old"":422,""New"":424,""Reason"":3}"
78285576,"{""Old"":443,""New"":445,""Reason"":3}"
78285576,"{""Old"":439,""New"":441,""Reason"":3}"
63082603,"{""Old"":15118,""New"":15128,""Reason"":3}"
22901682,"{""Old"":37900,""New"":37902,""Reason"":3}"
22901682,"{""Old"":37924,""New"":37926,""Reason"":3}"
22901682,"{""Old"":35762,""New"":35764,""Reason"":3}"
22901682,"{""Old"":36214,""New"":36224,""Reason"":3}"
22901682,"{""Old"":40273,""New"":40275,""Reason"":3}"
22901682,"{""Old"":41729,""New"":41739,""Reason"":3}"
22901682,"{""Old"":44067,""New"":44077,""Reason"":3}"
63082603,"{""Old"":15732,""New"":15742,""Reason"":3}"
63082603,"{""Old"":16066,""New"":16076,""Reason"":3}"
63082603,"{""Old"":15824,""New"":15834,""Reason"":3}"
22901682,"{""Old"":35952,""New"":35962,""Reason"":3}"
22901682,"{""Old"":36976,""New"":36978,""Reason"":3}"
22901682,"{""Old"":42268,""New"":42278,""Reason"":3}"
22901682,"{""Old"":45221,""New"":45231,""Reason"":3}"
22901682,"{""Old"":45521,""New"":45531,""Reason"":3}"
22901682,"{""Old"":45711,""New"":45721,""Reason"":3}"
22901682,"{""Old"":45825,""New"":45835,""Reason"":3}"
22901682,"{""Old"":46375,""New"":46385,""Reason"":3}"
22901682,"{""Old"":47053,""New"":47063,""Reason"":3}"
22901682,"{""Old"":37690,""New"":37692,""Reason"":3}"
22901682,"{""Old"":37932,""New"":37934,""Reason"":3}"
22901682,"{""Old"":39642,""New"":39644,""Reason"":3}"
22901682,"{""Old"":36181,""New"":36183,""Reason"":3}"
22901682,"{""Old"":36955,""New"":36965,""Reason"":3}"
22901682,"{""Old"":37316,""New"":37326,""Reason"":3}"
22901682,"{""Old"":42547,""New"":42557,""Reason"":3}"
22901682,"{""Old"":44787,""New"":44797,""Reason"":3}"
22901682,"{""Old"":45251,""New"":45261,""Reason"":3}"
22901682,"{""Old"":45541,""New"":45561,""Reason"":3}"
22901682,"{""Old"":45471,""New"":45491,""Reason"":3}"
22901682,"{""Old"":46345,""New"":46355,""Reason"":3}"
22901682,"{""Old"":47383,""New"":47393,""Reason"":3}"
22901682,"{""Old"":37454,""New"":37456,""Reason"":3}"
22901682,"{""Old"":37575,""New"":37577,""Reason"":3}"
22901682,"{""Old"":37930,""New"":37932,""Reason"":3}"
22901682,"{""Old"":39181,""New"":39183,""Reason"":3}"
22901682,"{""Old"":36237,""New"":36247,""Reason"":3}"
22901682,"{""Old"":41324,""New"":41344,""Reason"":3}"
22901682,"{""Old"":41371,""New"":41381,""Reason"":3}"
22901682,"{""Old"":43139,""New"":43159,""Reason"":3}"
22901682,"{""Old"":44947,""New"":44949,""Reason"":3}"
22901682,"{""Old"":45955,""New"":45985,""Reason"":3}"
22901682,"{""Old"":46665,""New"":46685,""Reason"":3}"
22901682,"{""Old"":46847,""New"":46867,""Reason"":3}"
16152700,"{""Old"":629,""New"":631,""Reason"":3}"
16152700,"{""Old"":691,""New"":693,""Reason"":3}"
48205250,"{""Old"":2292,""New"":2296,""Reason"":3}"
48205250,"{""Old"":2232,""New"":2234,""Reason"":3}"
23865614,"{""Old"":2176,""New"":2186,""Reason"":3}"
23865614,"{""Old"":5373,""New"":5383,""Reason"":3}"
23865614,"{""Old"":7913,""New"":7923,""Reason"":3}"
23865614,"{""Old"":10591,""New"":10601,""Reason"":3}"
23514668,"{""Old"":716,""New"":718,""Reason"":3}"
47200242,"{""Old"":1328,""New"":1338,""Reason"":3}"
47200242,"{""Old"":1728,""New"":1730,""Reason"":3}"
47200242,"{""Old"":1871,""New"":1875,""Reason"":3}"
22901682,"{""Old"":37836,""New"":37840,""Reason"":3}"
22901682,"{""Old"":37986,""New"":37988,""Reason"":3}"
22901682,"{""Old"":35723,""New"":35725,""Reason"":3}"
22901682,"{""Old"":35747,""New"":35749,""Reason"":3}"
22901682,"{""Old"":37138,""New"":37148,""Reason"":3}"
22901682,"{""Old"":40732,""New"":40742,""Reason"":3}"
22901682,"{""Old"":44897,""New"":44917,""Reason"":3}"
22901682,"{""Old"":47710,""New"":47720,""Reason"":3}"
63082603,"{""Old"":15326,""New"":15330,""Reason"":3}"
22901682,"{""Old"":40769,""New"":40779,""Reason"":3}"
22901682,"{""Old"":44280,""New"":44300,""Reason"":3}"
22901682,"{""Old"":47293,""New"":47303,""Reason"":3}"
22901682,"{""Old"":47363,""New"":47373,""Reason"":3}"
22901682,"{""Old"":47500,""New"":47520,""Reason"":3}"
63082603,"{""Old"":15378,""New"":15388,""Reason"":3}"
23865614,"{""Old"":2817,""New"":2827,""Reason"":3}"
23865614,"{""Old"":6239,""New"":6249,""Reason"":3}"
23865614,"{""Old"":7711,""New"":7731,""Reason"":3}"
23865614,"{""Old"":11045,""New"":11055,""Reason"":3}"
85219672,"{""Old"":13111,""New"":13113,""Reason"":3}"
85219672,"{""Old"":14020,""New"":14022,""Reason"":3}"
85219672,"{""Old"":16555,""New"":16557,""Reason"":3}"
85219672,"{""Old"":16793,""New"":16795,""Reason"":3}"
85219672,"{""Old"":13996,""New"":13998,""Reason"":3}"
85219672,"{""Old"":14057,""New"":14059,""Reason"":3}"
85219672,"{""Old"":14247,""New"":14257,""Reason"":3}"
85219672,"{""Old"":14301,""New"":14311,""Reason"":3}"
85219672,"{""Old"":14947,""New"":14957,""Reason"":3}"
85219672,"{""Old"":15093,""New"":15095,""Reason"":3}"
24608076,"{""Old"":3397,""New"":3407,""Reason"":3}"
24608076,"{""Old"":3377,""New"":3387,""Reason"":3}"
208990330,"{""Old"":159,""New"":161,""Reason"":3}"
79751925,"{""Old"":830,""New"":832,""Reason"":3}"
79751925,"{""Old"":985,""New"":987,""Reason"":3}"
79751925,"{""Old"":841,""New"":843,""Reason"":3}"
79751925,"{""Old"":904,""New"":906,""Reason"":3}"
79751925,"{""Old"":967,""New"":977,""Reason"":3}"
30344310,"{""Old"":2336,""New"":2346,""Reason"":3}"
217397009,"{""Old"":30965,""New"":30979,""Reason"":3}"
57851814,"{""Old"":641,""New"":643,""Reason"":3}"
35875544,"{""Old"":20204,""New"":20206,""Reason"":3}"
13083476,"{""Old"":977,""New"":979,""Reason"":3}"
205211705,"{""Old"":3346,""New"":3348,""Reason"":3}"
66273046,"{""Old"":210,""New"":212,""Reason"":3}"
39687811,"{""Old"":285,""New"":287,""Reason"":3}"
35875544,"{""Old"":21322,""New"":21324,""Reason"":3}"
35875544,"{""Old"":21366,""New"":21368,""Reason"":3}"
35875544,"{""Old"":21936,""New"":21946,""Reason"":3}"
25599199,"{""Old"":1172,""New"":1174,""Reason"":3}"
27777369,"{""Old"":67179,""New"":67189,""Reason"":3}"
27777369,"{""Old"":66708,""New"":66710,""Reason"":3}"
18163099,"{""Old"":2202,""New"":2204,""Reason"":3}"
79480736,"{""Old"":301,""New"":303,""Reason"":3}"
79480736,"{""Old"":526,""New"":528,""Reason"":3}"
43780156,"{""Old"":6687,""New"":6697,""Reason"":3}"
43780156,"{""Old"":12842,""New"":12862,""Reason"":3}"
43780156,"{""Old"":13877,""New"":13897,""Reason"":3}"
43780156,"{""Old"":14914,""New"":14934,""Reason"":3}"
43780156,"{""Old"":16611,""New"":16641,""Reason"":3}"
43780156,"{""Old"":16706,""New"":16726,""Reason"":3}"
43780156,"{""Old"":16946,""New"":16966,""Reason"":3}"
43780156,"{""Old"":17031,""New"":17051,""Reason"":3}"
43780156,"{""Old"":19368,""New"":19378,""Reason"":3}"
43780156,"{""Old"":20843,""New"":20863,""Reason"":3}"
43780156,"{""Old"":21523,""New"":21543,""Reason"":3}"
43780156,"{""Old"":22953,""New"":22963,""Reason"":3}"
43780156,"{""Old"":23903,""New"":23913,""Reason"":3}"
43780156,"{""Old"":24833,""New"":24843,""Reason"":3}"
43780156,"{""Old"":27998,""New"":28008,""Reason"":3}"
43780156,"{""Old"":27988,""New"":27998,""Reason"":3}"
43780156,"{""Old"":28148,""New"":28168,""Reason"":3}"
43780156,"{""Old"":28258,""New"":28268,""Reason"":3}"
43780156,"{""Old"":29058,""New"":29068,""Reason"":3}"
43780156,"{""Old"":29818,""New"":29848,""Reason"":3}"
43780156,"{""Old"":30613,""New"":30623,""Reason"":3}"
43780156,"{""Old"":31138,""New"":31168,""Reason"":3}"
43780156,"{""Old"":34283,""New"":34293,""Reason"":3}"
43780156,"{""Old"":37953,""New"":37973,""Reason"":3}"
43780156,"{""Old"":39173,""New"":39183,""Reason"":3}"
43780156,"{""Old"":39263,""New"":39273,""Reason"":3}"
83457219,"{""Old"":2292,""New"":2294,""Reason"":3}"
83457219,"{""Old"":2286,""New"":2290,""Reason"":3}"
83457219,"{""Old"":2380,""New"":2382,""Reason"":3}"
83457219,"{""Old"":2424,""New"":2426,""Reason"":3}"
83457219,"{""Old"":2331,""New"":2341,""Reason"":3}"
41314505,"{""Old"":413,""New"":415,""Reason"":3}"
69442044,"{""Old"":312,""New"":314,""Reason"":3}"
35216582,"{""Old"":28757,""New"":28759,""Reason"":3}"
35216582,"{""Old"":30137,""New"":30139,""Reason"":3}"
35216582,"{""Old"":30239,""New"":30249,""Reason"":3}"
35216582,"{""Old"":31080,""New"":31090,""Reason"":3}"
80758401,"{""Old"":6557,""New"":6567,""Reason"":3}"
35875544,"{""Old"":18479,""New"":18481,""Reason"":3}"
71916001,"{""Old"":74555,""New"":74575,""Reason"":3}"
7046415,"{""Old"":1278,""New"":1280,""Reason"":3}"
7046415,"{""Old"":1339,""New"":1341,""Reason"":3}"
71916001,"{""Old"":74301,""New"":74311,""Reason"":3}"
71916001,"{""Old"":75950,""New"":75960,""Reason"":3}"
71916001,"{""Old"":73735,""New"":73755,""Reason"":3}"
71916001,"{""Old"":74137,""New"":74147,""Reason"":3}"
71916001,"{""Old"":75395,""New"":75405,""Reason"":3}"
71916001,"{""Old"":76255,""New"":76275,""Reason"":3}"
71916001,"{""Old"":73713,""New"":73715,""Reason"":3}"
71916001,"{""Old"":74809,""New"":74819,""Reason"":3}"
71916001,"{""Old"":75405,""New"":75415,""Reason"":3}"
71916001,"{""Old"":76489,""New"":76499,""Reason"":3}"
71916001,"{""Old"":73693,""New"":73703,""Reason"":3}"
71916001,"{""Old"":75655,""New"":75665,""Reason"":3}"
7046415,"{""Old"":2037,""New"":2039,""Reason"":3}"
49629438,"{""Old"":169,""New"":171,""Reason"":3}"
206316838,"{""Old"":2055,""New"":2057,""Reason"":3}"
47200242,"{""Old"":1312,""New"":1314,""Reason"":3}"
47200242,"{""Old"":1357,""New"":1359,""Reason"":3}"
23865614,"{""Old"":5169,""New"":5189,""Reason"":3}"
23865614,"{""Old"":7903,""New"":7913,""Reason"":3}"
23865614,"{""Old"":8237,""New"":8257,""Reason"":3}"
23865614,"{""Old"":11105,""New"":11115,""Reason"":3}"
23865614,"{""Old"":11581,""New"":11591,""Reason"":3}"
33641525,"{""Old"":26582,""New"":26584,""Reason"":3}"
49629438,"{""Old"":133,""New"":135,""Reason"":3}"
47200242,"{""Old"":1710,""New"":1712,""Reason"":3}"
47200242,"{""Old"":2116,""New"":2120,""Reason"":3}"
31050334,"{""Old"":208,""New"":210,""Reason"":3}"
31050334,"{""Old"":947,""New"":949,""Reason"":3}"
31050334,"{""Old"":983,""New"":985,""Reason"":3}"
68764292,"{""Old"":1282,""New"":1284,""Reason"":3}"
83376996,"{""Old"":4155,""New"":4157,""Reason"":3}"
7568871,"{""Old"":5704,""New"":5706,""Reason"":3}"
40712395,"{""Old"":514,""New"":516,""Reason"":3}"
43351980,"{""Old"":15332,""New"":15342,""Reason"":3}"
43351980,"{""Old"":15608,""New"":15610,""Reason"":3}"
208910409,"{""Old"":357,""New"":359,""Reason"":3}"
208910409,"{""Old"":405,""New"":407,""Reason"":3}"
32002545,"{""Old"":396,""New"":398,""Reason"":3}"
32002545,"{""Old"":486,""New"":490,""Reason"":3}"
17730425,"{""Old"":2336,""New"":2338,""Reason"":3}"
17730425,"{""Old"":3172,""New"":3182,""Reason"":3}"
208910409,"{""Old"":705,""New"":709,""Reason"":3}"
16303419,"{""Old"":66605,""New"":66625,""Reason"":3}"
16303419,"{""Old"":68627,""New"":68637,""Reason"":3}"
16303419,"{""Old"":69313,""New"":69333,""Reason"":3}"
208910409,"{""Old"":462,""New"":464,""Reason"":3}"
5058136,"{""Old"":4617,""New"":4619,""Reason"":3}"
80744637,"{""Old"":110004,""New"":110014,""Reason"":3}"
80744637,"{""Old"":110064,""New"":110074,""Reason"":3}"
83376996,"{""Old"":4636,""New"":4646,""Reason"":3}"
44510856,"{""Old"":438,""New"":440,""Reason"":3}"
53645102,"{""Old"":69,""New"":71,""Reason"":3}"
40247006,"{""Old"":1281,""New"":1283,""Reason"":3}"
69442044,"{""Old"":298,""New"":300,""Reason"":3}"
53727285,"{""Old"":572,""New"":574,""Reason"":3}"
80758401,"{""Old"":6791,""New"":6801,""Reason"":3}"
46662749,"{""Old"":64,""New"":66,""Reason"":3}"
35216582,"{""Old"":30946,""New"":30956,""Reason"":3}"
35216582,"{""Old"":30996,""New"":31006,""Reason"":3}"
35216582,"{""Old"":31162,""New"":31172,""Reason"":3}"
44481882,"{""Old"":534,""New"":536,""Reason"":3}"
65661392,"{""Old"":5340,""New"":5342,""Reason"":3}"
7378760,"{""Old"":145136,""New"":145138,""Reason"":3}"
65661392,"{""Old"":5306,""New"":5316,""Reason"":3}"
61658100,"{""Old"":1591,""New"":1593,""Reason"":3}"
44931151,"{""Old"":149533,""New"":149535,""Reason"":3}"
217397009,"{""Old"":21282,""New"":23006,""Reason"":3}"
38172050,"{""Old"":3353,""New"":3355,""Reason"":3}"
79142355,"{""Old"":940,""New"":942,""Reason"":3}"
73660558,"{""Old"":2441,""New"":2443,""Reason"":3}"
13533643,"{""Old"":3640,""New"":3642,""Reason"":3}"
8673338,"{""Old"":13480,""New"":13482,""Reason"":3}"
8673338,"{""Old"":11468,""New"":11470,""Reason"":3}"
8673338,"{""Old"":13218,""New"":13228,""Reason"":3}"
8883313,"{""Old"":1418,""New"":1422,""Reason"":3}"
8883313,"{""Old"":1486,""New"":1488,""Reason"":3}"
32002545,"{""Old"":243,""New"":245,""Reason"":3}"
32002545,"{""Old"":313,""New"":315,""Reason"":3}"
73660558,"{""Old"":2218,""New"":2220,""Reason"":3}"
44851623,"{""Old"":98,""New"":100,""Reason"":3}"
23305159,"{""Old"":204,""New"":206,""Reason"":3}"
23305159,"{""Old"":796,""New"":798,""Reason"":3}"
23305159,"{""Old"":323,""New"":333,""Reason"":3}"
23305159,"{""Old"":617,""New"":619,""Reason"":3}"
23305159,"{""Old"":554,""New"":556,""Reason"":3}"
23305159,"{""Old"":832,""New"":842,""Reason"":3}"
58261482,"{""Old"":1601,""New"":1603,""Reason"":3}"
28231429,"{""Old"":30,""New"":32,""Reason"":3}"
63778994,"{""Old"":361403,""New"":361413,""Reason"":3}"
63778994,"{""Old"":364660,""New"":364670,""Reason"":3}"
63778994,"{""Old"":366057,""New"":366077,""Reason"":3}"
63778994,"{""Old"":366457,""New"":366467,""Reason"":3}"
63778994,"{""Old"":358199,""New"":358201,""Reason"":3}"
63778994,"{""Old"":360153,""New"":360163,""Reason"":3}"
63778994,"{""Old"":360739,""New"":360749,""Reason"":3}"
63778994,"{""Old"":360677,""New"":360687,""Reason"":3}"
63778994,"{""Old"":356789,""New"":356791,""Reason"":3}"
63778994,"{""Old"":356957,""New"":356959,""Reason"":3}"
63778994,"{""Old"":358923,""New"":358925,""Reason"":3}"
63778994,"{""Old"":360023,""New"":360033,""Reason"":3}"
63778994,"{""Old"":361553,""New"":361573,""Reason"":3}"
63778994,"{""Old"":364742,""New"":364752,""Reason"":3}"
63778994,"{""Old"":365042,""New"":365052,""Reason"":3}"
63778994,"{""Old"":365562,""New"":365572,""Reason"":3}"
63778994,"{""Old"":366097,""New"":366107,""Reason"":3}"
23305159,"{""Old"":630,""New"":632,""Reason"":3}"
23305159,"{""Old"":822,""New"":824,""Reason"":3}"
63778994,"{""Old"":364408,""New"":364410,""Reason"":3}"
63778994,"{""Old"":366967,""New"":366987,""Reason"":3}"
63778994,"{""Old"":367757,""New"":367787,""Reason"":3}"
63778994,"{""Old"":368097,""New"":368107,""Reason"":3}"
63778994,"{""Old"":362025,""New"":362035,""Reason"":3}"
63778994,"{""Old"":365062,""New"":365072,""Reason"":3}"
63778994,"{""Old"":365902,""New"":365912,""Reason"":3}"
63778994,"{""Old"":366887,""New"":366907,""Reason"":3}"
63778994,"{""Old"":367607,""New"":367617,""Reason"":3}"
63778994,"{""Old"":360856,""New"":360866,""Reason"":3}"
23305159,"{""Old"":364,""New"":366,""Reason"":3}"
63778994,"{""Old"":367807,""New"":367817,""Reason"":3}"
63778994,"{""Old"":362302,""New"":362322,""Reason"":3}"
63778994,"{""Old"":365012,""New"":365042,""Reason"":3}"
63778994,"{""Old"":365542,""New"":365552,""Reason"":3}"
63778994,"{""Old"":365967,""New"":365977,""Reason"":3}"
63778994,"{""Old"":366437,""New"":366457,""Reason"":3}"
63778994,"{""Old"":356735,""New"":356737,""Reason"":3}"
63778994,"{""Old"":356704,""New"":356706,""Reason"":3}"
63778994,"{""Old"":356845,""New"":356847,""Reason"":3}"
63778994,"{""Old"":359703,""New"":359723,""Reason"":3}"
63778994,"{""Old"":361613,""New"":361633,""Reason"":3}"
63778994,"{""Old"":362187,""New"":362197,""Reason"":3}"
26453322,"{""Old"":30369,""New"":30389,""Reason"":3}"
26453322,"{""Old"":31211,""New"":31231,""Reason"":3}"
36422175,"{""Old"":2818,""New"":2822,""Reason"":3}"
36422175,"{""Old"":2641,""New"":2643,""Reason"":3}"
80491185,"{""Old"":7069,""New"":7071,""Reason"":3}"
169859,"{""Old"":21424,""New"":21426,""Reason"":3}"
80491185,"{""Old"":7389,""New"":7391,""Reason"":3}"
39589996,"{""Old"":847,""New"":849,""Reason"":3}"
80491185,"{""Old"":7286,""New"":7288,""Reason"":3}"
80491185,"{""Old"":7400,""New"":7402,""Reason"":3}"
80491185,"{""Old"":7402,""New"":7404,""Reason"":3}"
6454041,"{""Old"":85485,""New"":85495,""Reason"":3}"
73660558,"{""Old"":2611,""New"":2613,""Reason"":3}"
39589996,"{""Old"":791,""New"":793,""Reason"":3}"
39589996,"{""Old"":837,""New"":839,""Reason"":3}"
22438308,"{""Old"":41850,""New"":41860,""Reason"":3}"
80491185,"{""Old"":7406,""New"":7408,""Reason"":3}"
80491185,"{""Old"":7244,""New"":7246,""Reason"":3}"
80491185,"{""Old"":7277,""New"":7279,""Reason"":3}"
80491185,"{""Old"":6841,""New"":6843,""Reason"":3}"
80491185,"{""Old"":7279,""New"":7281,""Reason"":3}"
80491185,"{""Old"":7013,""New"":7015,""Reason"":3}"
80491185,"{""Old"":7043,""New"":7045,""Reason"":3}"
80491185,"{""Old"":7143,""New"":7145,""Reason"":3}"
80491185,"{""Old"":6942,""New"":6944,""Reason"":3}"
80491185,"{""Old"":6703,""New"":6705,""Reason"":3}"
39589996,"{""Old"":799,""New"":801,""Reason"":3}"
80491185,"{""Old"":7404,""New"":7406,""Reason"":3}"
80496126,"{""Old"":15257,""New"":15259,""Reason"":3}"
80491185,"{""Old"":6936,""New"":6938,""Reason"":3}"
80491185,"{""Old"":7022,""New"":7032,""Reason"":3}"
80491185,"{""Old"":7128,""New"":7130,""Reason"":3}"
36422175,"{""Old"":2655,""New"":2659,""Reason"":3}"
19981811,"{""Old"":141983,""New"":141985,""Reason"":3}"
80496126,"{""Old"":15255,""New"":15257,""Reason"":3}"
26453322,"{""Old"":15103,""New"":15153,""Reason"":3}"
26453322,"{""Old"":15198,""New"":15218,""Reason"":3}"
26453322,"{""Old"":15460,""New"":15470,""Reason"":3}"
26453322,"{""Old"":15973,""New"":15983,""Reason"":3}"
26453322,"{""Old"":15906,""New"":15926,""Reason"":3}"
26453322,"{""Old"":16528,""New"":16538,""Reason"":3}"
26453322,"{""Old"":19844,""New"":19854,""Reason"":3}"
26453322,"{""Old"":20862,""New"":20872,""Reason"":3}"
26453322,"{""Old"":21750,""New"":21760,""Reason"":3}"
26453322,"{""Old"":17152,""New"":17162,""Reason"":3}"
26453322,"{""Old"":19178,""New"":19188,""Reason"":3}"
26453322,"{""Old"":21004,""New"":21014,""Reason"":3}"
26453322,"{""Old"":22042,""New"":22052,""Reason"":3}"
26453322,"{""Old"":24272,""New"":24282,""Reason"":3}"
79023038,"{""Old"":1029,""New"":1031,""Reason"":3}"
37784995,"{""Old"":3905,""New"":3915,""Reason"":3}"
46290546,"{""Old"":16095,""New"":16105,""Reason"":3}"
44931151,"{""Old"":149669,""New"":149671,""Reason"":3}"
8654000,"{""Old"":9115,""New"":9125,""Reason"":3}"
26453322,"{""Old"":12658,""New"":12668,""Reason"":3}"
26453322,"{""Old"":13123,""New"":13133,""Reason"":3}"
26453322,"{""Old"":13572,""New"":13582,""Reason"":3}"
26453322,"{""Old"":12959,""New"":12969,""Reason"":3}"
26453322,"{""Old"":12899,""New"":12909,""Reason"":3}"
26453322,"{""Old"":12981,""New"":13001,""Reason"":3}"
26453322,"{""Old"":13662,""New"":13672,""Reason"":3}"
7568871,"{""Old"":5768,""New"":5770,""Reason"":3}"
49831730,"{""Old"":1154,""New"":1156,""Reason"":3}"
205211705,"{""Old"":3682,""New"":3684,""Reason"":3}"
35875544,"{""Old"":22736,""New"":22738,""Reason"":3}"
35875544,"{""Old"":20650,""New"":20652,""Reason"":3}"
70971660,"{""Old"":456,""New"":458,""Reason"":3}"
70971660,"{""Old"":458,""New"":468,""Reason"":3}"
70315956,"{""Old"":829,""New"":831,""Reason"":3}"
218151732,"{""Old"":2259,""New"":2261,""Reason"":3}"
84957257,"{""Old"":16301,""New"":16311,""Reason"":3}"
84957257,"{""Old"":17133,""New"":17143,""Reason"":3}"
20302898,"{""Old"":2989,""New"":2991,""Reason"":3}"
11129004,"{""Old"":4200,""New"":4210,""Reason"":3}"
17730425,"{""Old"":2192,""New"":2194,""Reason"":3}"
17730425,"{""Old"":2312,""New"":2314,""Reason"":3}"
8673338,"{""Old"":13492,""New"":13502,""Reason"":3}"
20302898,"{""Old"":2982,""New"":2984,""Reason"":3}"
20302898,"{""Old"":2997,""New"":2999,""Reason"":3}"
8654505,"{""Old"":479,""New"":481,""Reason"":3}"
37784995,"{""Old"":2767,""New"":2771,""Reason"":3}"
37784995,"{""Old"":3163,""New"":3165,""Reason"":3}"
32366679,"{""Old"":713,""New"":715,""Reason"":3}"
32366679,"{""Old"":730,""New"":732,""Reason"":3}"
37784995,"{""Old"":2662,""New"":2666,""Reason"":3}"
37784995,"{""Old"":2773,""New"":2783,""Reason"":3}"
37784995,"{""Old"":3717,""New"":3727,""Reason"":3}"
77953241,"{""Old"":4159,""New"":4161,""Reason"":3}"
77953241,"{""Old"":4203,""New"":4205,""Reason"":3}"
77953241,"{""Old"":4258,""New"":4260,""Reason"":3}"
77953241,"{""Old"":4363,""New"":4373,""Reason"":3}"
37784995,"{""Old"":2642,""New"":2644,""Reason"":3}"
37784995,"{""Old"":3604,""New"":3614,""Reason"":3}"
37784995,"{""Old"":2379,""New"":2389,""Reason"":3}"
84223984,"{""Old"":682,""New"":684,""Reason"":3}"
79023038,"{""Old"":1081,""New"":1083,""Reason"":3}"
7568871,"{""Old"":5924,""New"":5928,""Reason"":3}"
56305413,"{""Old"":10270,""New"":10272,""Reason"":3}"
23305159,"{""Old"":231,""New"":233,""Reason"":3}"
23305159,"{""Old"":510,""New"":520,""Reason"":3}"
23305159,"{""Old"":752,""New"":754,""Reason"":3}"
23305159,"{""Old"":850,""New"":852,""Reason"":3}"
61658100,"{""Old"":1514,""New"":1528,""Reason"":3}"
61658100,"{""Old"":1605,""New"":1611,""Reason"":3}"
23305159,"{""Old"":222,""New"":224,""Reason"":3}"
23305159,"{""Old"":782,""New"":784,""Reason"":3}"
23305159,"{""Old"":123,""New"":125,""Reason"":3}"
23305159,"{""Old"":643,""New"":645,""Reason"":3}"
13755035,"{""Old"":159,""New"":163,""Reason"":3}"
13755035,"{""Old"":165,""New"":167,""Reason"":3}"
13755035,"{""Old"":185,""New"":187,""Reason"":3}"
20302898,"{""Old"":2721,""New"":2723,""Reason"":3}"
208910409,"{""Old"":617,""New"":619,""Reason"":3}"
16303419,"{""Old"":74439,""New"":74449,""Reason"":3}"
16303419,"{""Old"":76581,""New"":76591,""Reason"":3}"
9442327,"{""Old"":185,""New"":187,""Reason"":3}"
80491185,"{""Old"":4504,""New"":4506,""Reason"":3}"
9076256,"{""Old"":739,""New"":741,""Reason"":3}"
55522266,"{""Old"":553,""New"":555,""Reason"":3}"
83457219,"{""Old"":2223,""New"":2225,""Reason"":3}"
6865857,"{""Old"":3069,""New"":3071,""Reason"":3}"
6865857,"{""Old"":3304,""New"":3306,""Reason"":3}"
83319984,"{""Old"":4666,""New"":4668,""Reason"":3}"
83319984,"{""Old"":4535,""New"":4537,""Reason"":3}"
6865857,"{""Old"":3218,""New"":3220,""Reason"":3}"
43780156,"{""Old"":5451,""New"":5461,""Reason"":3}"
43780156,"{""Old"":10026,""New"":10036,""Reason"":3}"
43780156,"{""Old"":10733,""New"":10743,""Reason"":3}"
43780156,"{""Old"":12000,""New"":12010,""Reason"":3}"
43780156,"{""Old"":14704,""New"":14714,""Reason"":3}"
43780156,"{""Old"":16511,""New"":16521,""Reason"":3}"
43780156,"{""Old"":20583,""New"":20593,""Reason"":3}"
43780156,"{""Old"":21118,""New"":21128,""Reason"":3}"
43780156,"{""Old"":23628,""New"":23658,""Reason"":3}"
43780156,"{""Old"":24773,""New"":24783,""Reason"":3}"
43780156,"{""Old"":28328,""New"":28338,""Reason"":3}"
43780156,"{""Old"":28618,""New"":28638,""Reason"":3}"
43780156,"{""Old"":29198,""New"":29208,""Reason"":3}"
43780156,"{""Old"":29983,""New"":29993,""Reason"":3}"
43780156,"{""Old"":29973,""New"":29983,""Reason"":3}"
43780156,"{""Old"":30553,""New"":30563,""Reason"":3}"
43780156,"{""Old"":30863,""New"":30883,""Reason"":3}"
43780156,"{""Old"":32653,""New"":32663,""Reason"":3}"
43780156,"{""Old"":34238,""New"":34248,""Reason"":3}"
43780156,"{""Old"":2551,""New"":2561,""Reason"":3}"
79480736,"{""Old"":389,""New"":391,""Reason"":3}"
43780156,"{""Old"":39733,""New"":39743,""Reason"":3}"
35875544,"{""Old"":23021,""New"":23023,""Reason"":3}"
44510856,"{""Old"":267,""New"":269,""Reason"":3}"
44510856,"{""Old"":445,""New"":447,""Reason"":3}"
32377577,"{""Old"":1095,""New"":1097,""Reason"":3}"
56305413,"{""Old"":10089,""New"":10091,""Reason"":3}"
56305413,"{""Old"":9855,""New"":9857,""Reason"":3}"
77953241,"{""Old"":3885,""New"":3887,""Reason"":3}"
37784995,"{""Old"":3853,""New"":3863,""Reason"":3}"
37784995,"{""Old"":4086,""New"":4096,""Reason"":3}"
37784995,"{""Old"":4306,""New"":4316,""Reason"":3}"
37784995,"{""Old"":4352,""New"":4362,""Reason"":3}"
37784995,"{""Old"":3833,""New"":3843,""Reason"":3}"
79023038,"{""Old"":1077,""New"":1079,""Reason"":3}"
34549354,"{""Old"":220,""New"":222,""Reason"":3}"
31050334,"{""Old"":883,""New"":885,""Reason"":3}"
31050334,"{""Old"":961,""New"":963,""Reason"":3}"
38172050,"{""Old"":3428,""New"":3438,""Reason"":3}"
38172050,"{""Old"":3458,""New"":3460,""Reason"":3}"
38478123,"{""Old"":1141,""New"":1143,""Reason"":3}"
63778994,"{""Old"":394345,""New"":394365,""Reason"":3}"
63778994,"{""Old"":398180,""New"":398200,""Reason"":3}"
63778994,"{""Old"":393543,""New"":393573,""Reason"":3}"
63778994,"{""Old"":395434,""New"":395454,""Reason"":3}"
63778994,"{""Old"":392189,""New"":392219,""Reason"":3}"
63778994,"{""Old"":393219,""New"":393259,""Reason"":3}"
63778994,"{""Old"":397780,""New"":397840,""Reason"":3}"
7046415,"{""Old"":797,""New"":799,""Reason"":3}"
37784995,"{""Old"":3895,""New"":3905,""Reason"":3}"
32377577,"{""Old"":1022,""New"":1026,""Reason"":3}"
32377577,"{""Old"":1104,""New"":1106,""Reason"":3}"
83376996,"{""Old"":4448,""New"":4458,""Reason"":3}"
84223984,"{""Old"":654,""New"":656,""Reason"":3}"
77953241,"{""Old"":4124,""New"":4128,""Reason"":3}"
77953241,"{""Old"":3887,""New"":3889,""Reason"":3}"
77953241,"{""Old"":4048,""New"":4050,""Reason"":3}"
77953241,"{""Old"":3889,""New"":3891,""Reason"":3}"
77953241,"{""Old"":4050,""New"":4052,""Reason"":3}"
77953241,"{""Old"":4288,""New"":4290,""Reason"":3}"
77953241,"{""Old"":4323,""New"":4325,""Reason"":3}"
67316961,"{""Old"":458,""New"":460,""Reason"":3}"
67316961,"{""Old"":462,""New"":464,""Reason"":3}"
44510856,"{""Old"":331,""New"":333,""Reason"":3}"
44510856,"{""Old"":333,""New"":335,""Reason"":3}"
44510856,"{""Old"":443,""New"":445,""Reason"":3}"
83376996,"{""Old"":4822,""New"":4832,""Reason"":3}"
83376996,"{""Old"":4854,""New"":4864,""Reason"":3}"
44510856,"{""Old"":464,""New"":466,""Reason"":3}"
83376996,"{""Old"":4458,""New"":4468,""Reason"":3}"
37784995,"{""Old"":2666,""New"":2676,""Reason"":3}"
77953241,"{""Old"":3942,""New"":3952,""Reason"":3}"
77953241,"{""Old"":4351,""New"":4361,""Reason"":3}"
37784995,"{""Old"":3448,""New"":3458,""Reason"":3}"
83376996,"{""Old"":4307,""New"":4309,""Reason"":3}"
83376996,"{""Old"":4348,""New"":4350,""Reason"":3}"
80744637,"{""Old"":110106,""New"":110116,""Reason"":3}"
83376996,"{""Old"":4406,""New"":4416,""Reason"":3}"
32377577,"{""Old"":968,""New"":970,""Reason"":3}"
83376996,"{""Old"":4385,""New"":4395,""Reason"":3}"
83376996,"{""Old"":4933,""New"":4935,""Reason"":3}"
44510856,"{""Old"":290,""New"":294,""Reason"":3}"
61036709,"{""Old"":832,""New"":834,""Reason"":3}"
77953241,"{""Old"":4185,""New"":4195,""Reason"":3}"
37784995,"{""Old"":3823,""New"":3833,""Reason"":3}"
77953241,"{""Old"":4201,""New"":4203,""Reason"":3}"
77953241,"{""Old"":4170,""New"":4172,""Reason"":3}"
77953241,"{""Old"":4205,""New"":4207,""Reason"":3}"
77953241,"{""Old"":4384,""New"":4386,""Reason"":3}"
84223984,"{""Old"":660,""New"":662,""Reason"":3}"
37784995,"{""Old"":4290,""New"":4292,""Reason"":3}"
32377577,"{""Old"":991,""New"":993,""Reason"":3}"
83376996,"{""Old"":4668,""New"":4670,""Reason"":3}"
83376996,"{""Old"":4886,""New"":4906,""Reason"":3}"
83376996,"{""Old"":4844,""New"":4854,""Reason"":3}"
83376996,"{""Old"":4373,""New"":4383,""Reason"":3}"
83376996,"{""Old"":5002,""New"":5012,""Reason"":3}"
44510856,"{""Old"":286,""New"":288,""Reason"":3}"
80744637,"{""Old"":109652,""New"":109672,""Reason"":3}"
67316961,"{""Old"":466,""New"":468,""Reason"":3}"
80744637,"{""Old"":109694,""New"":109704,""Reason"":3}"
80744637,"{""Old"":110074,""New"":110076,""Reason"":3}"
72038219,"{""Old"":1818,""New"":1828,""Reason"":3}"
67316961,"{""Old"":450,""New"":452,""Reason"":3}"
32377577,"{""Old"":815,""New"":817,""Reason"":3}"
7046415,"{""Old"":705,""New"":707,""Reason"":3}"
8654505,"{""Old"":485,""New"":487,""Reason"":3}"
200690715,"{""Old"":408,""New"":410,""Reason"":3}"
11129004,"{""Old"":5027,""New"":5037,""Reason"":3}"
40712395,"{""Old"":581,""New"":583,""Reason"":3}"
65661392,"{""Old"":5444,""New"":5454,""Reason"":3}"
7378760,"{""Old"":145134,""New"":145136,""Reason"":3}"
63778994,"{""Old"":361423,""New"":361433,""Reason"":3}"
63778994,"{""Old"":361533,""New"":361543,""Reason"":3}"
63778994,"{""Old"":363493,""New"":363523,""Reason"":3}"
63778994,"{""Old"":363863,""New"":363893,""Reason"":3}"
63778994,"{""Old"":364480,""New"":364490,""Reason"":3}"
23305159,"{""Old"":844,""New"":846,""Reason"":3}"
81856946,"{""Old"":1174,""New"":1176,""Reason"":3}"
58261482,"{""Old"":1387,""New"":1389,""Reason"":3}"
58261482,"{""Old"":1577,""New"":1579,""Reason"":3}"
26186173,"{""Old"":128,""New"":130,""Reason"":3}"
26186173,"{""Old"":137,""New"":139,""Reason"":3}"
77882057,"{""Old"":165,""New"":167,""Reason"":3}"
84223984,"{""Old"":692,""New"":694,""Reason"":3}"
84223984,"{""Old"":702,""New"":704,""Reason"":3}"
79023038,"{""Old"":1007,""New"":1009,""Reason"":3}"
84223984,"{""Old"":680,""New"":682,""Reason"":3}"
84223984,"{""Old"":684,""New"":686,""Reason"":3}"
32377577,"{""Old"":920,""New"":922,""Reason"":3}"
83376996,"{""Old"":4477,""New"":4479,""Reason"":3}"
44510856,"{""Old"":288,""New"":290,""Reason"":3}"
44510856,"{""Old"":335,""New"":345,""Reason"":3}"
32377577,"{""Old"":875,""New"":877,""Reason"":3}"
32377577,"{""Old"":885,""New"":889,""Reason"":3}"
83376996,"{""Old"":4040,""New"":4050,""Reason"":3}"
83376996,"{""Old"":4363,""New"":4373,""Reason"":3}"
32377577,"{""Old"":825,""New"":835,""Reason"":3}"
32377577,"{""Old"":858,""New"":860,""Reason"":3}"
67316961,"{""Old"":468,""New"":470,""Reason"":3}"
32377577,"{""Old"":889,""New"":891,""Reason"":3}"
44510856,"{""Old"":378,""New"":380,""Reason"":3}"
82717800,"{""Old"":2288,""New"":2290,""Reason"":3}"
63778994,"{""Old"":395092,""New"":395102,""Reason"":3}"
63778994,"{""Old"":395489,""New"":395509,""Reason"":3}"
63778994,"{""Old"":397545,""New"":397585,""Reason"":3}"
63778994,"{""Old"":397495,""New"":397505,""Reason"":3}"
63778994,"{""Old"":398270,""New"":398290,""Reason"":3}"
61036709,"{""Old"":786,""New"":788,""Reason"":3}"
61036709,"{""Old"":784,""New"":786,""Reason"":3}"
47061761,"{""Old"":1279,""New"":1281,""Reason"":3}"
43780156,"{""Old"":75602,""New"":75604,""Reason"":3}"
216198135,"{""Old"":335014,""New"":335044,""Reason"":3}"
20302898,"{""Old"":2778,""New"":2780,""Reason"":3}"
17730425,"{""Old"":2246,""New"":2250,""Reason"":3}"
17730425,"{""Old"":2334,""New"":2336,""Reason"":3}"
8673338,"{""Old"":12952,""New"":12962,""Reason"":3}"
31853290,"{""Old"":147,""New"":149,""Reason"":3}"
32002545,"{""Old"":144,""New"":146,""Reason"":3}"
63778994,"{""Old"":398290,""New"":398300,""Reason"":3}"
63778994,"{""Old"":394265,""New"":394275,""Reason"":3}"
63778994,"{""Old"":398220,""New"":398240,""Reason"":3}"
63778994,"{""Old"":392820,""New"":392830,""Reason"":3}"
63778994,"{""Old"":393069,""New"":393089,""Reason"":3}"
63778994,"{""Old"":396539,""New"":396559,""Reason"":3}"
63778994,"{""Old"":397475,""New"":397495,""Reason"":3}"
63778994,"{""Old"":397640,""New"":397650,""Reason"":3}"
63778994,"{""Old"":398460,""New"":398500,""Reason"":3}"
218733227,"{""Old"":1071,""New"":1073,""Reason"":3}"
56224846,"{""Old"":99,""New"":101,""Reason"":3}"
56224846,"{""Old"":74,""New"":76,""Reason"":3}"
56224846,"{""Old"":96,""New"":98,""Reason"":3}"
36439403,"{""Old"":1638,""New"":1640,""Reason"":3}"
85219672,"{""Old"":13273,""New"":13275,""Reason"":3}"
85219672,"{""Old"":14849,""New"":14859,""Reason"":3}"
85219672,"{""Old"":12937,""New"":12939,""Reason"":3}"
85219672,"{""Old"":13066,""New"":13068,""Reason"":3}"
85219672,"{""Old"":13081,""New"":13083,""Reason"":3}"
85219672,"{""Old"":13866,""New"":13868,""Reason"":3}"
85219672,"{""Old"":14909,""New"":14919,""Reason"":3}"
85219672,"{""Old"":14414,""New"":14416,""Reason"":3}"
38478123,"{""Old"":162,""New"":164,""Reason"":3}"
85219672,"{""Old"":18253,""New"":18263,""Reason"":3}"
10339843,"{""Old"":148,""New"":150,""Reason"":3}"
80246621,"{""Old"":826,""New"":836,""Reason"":3}"
27236554,"{""Old"":1000,""New"":1002,""Reason"":3}"
83457219,"{""Old"":2374,""New"":2376,""Reason"":3}"
43780156,"{""Old"":3213,""New"":3223,""Reason"":3}"
43780156,"{""Old"":3855,""New"":3865,""Reason"":3}"
43780156,"{""Old"":5251,""New"":5261,""Reason"":3}"
43780156,"{""Old"":6280,""New"":6290,""Reason"":3}"
43780156,"{""Old"":7467,""New"":7477,""Reason"":3}"
43780156,"{""Old"":7847,""New"":7857,""Reason"":3}"
43780156,"{""Old"":9906,""New"":9916,""Reason"":3}"
43780156,"{""Old"":20163,""New"":20173,""Reason"":3}"
43780156,"{""Old"":20833,""New"":20843,""Reason"":3}"
43780156,"{""Old"":24893,""New"":24903,""Reason"":3}"
43780156,"{""Old"":29288,""New"":29298,""Reason"":3}"
43780156,"{""Old"":29748,""New"":29758,""Reason"":3}"
43780156,"{""Old"":31763,""New"":31803,""Reason"":3}"
43780156,"{""Old"":33203,""New"":33213,""Reason"":3}"
43780156,"{""Old"":33413,""New"":33423,""Reason"":3}"
43780156,"{""Old"":33773,""New"":33803,""Reason"":3}"
43780156,"{""Old"":34613,""New"":34623,""Reason"":3}"
43780156,"{""Old"":36973,""New"":37003,""Reason"":3}"
43780156,"{""Old"":37263,""New"":37273,""Reason"":3}"
43780156,"{""Old"":38083,""New"":38093,""Reason"":3}"
43780156,"{""Old"":39133,""New"":39143,""Reason"":3}"
43780156,"{""Old"":39863,""New"":39873,""Reason"":3}"
83457219,"{""Old"":2163,""New"":2165,""Reason"":3}"
83457219,"{""Old"":2362,""New"":2364,""Reason"":3}"
27777369,"{""Old"":66712,""New"":66714,""Reason"":3}"
25599199,"{""Old"":1202,""New"":1204,""Reason"":3}"
80491185,"{""Old"":4983,""New"":4985,""Reason"":3}"
23046730,"{""Old"":276,""New"":278,""Reason"":3}"
44663519,"{""Old"":465,""New"":467,""Reason"":3}"
44931151,"{""Old"":84365,""New"":84375,""Reason"":3}"
44931151,"{""Old"":84731,""New"":84741,""Reason"":3}"
48073539,"{""Old"":2207,""New"":2217,""Reason"":3}"
52436180,"{""Old"":378975,""New"":378985,""Reason"":3}"
52436180,"{""Old"":380605,""New"":380615,""Reason"":3}"
52436180,"{""Old"":384863,""New"":384873,""Reason"":3}"
31853290,"{""Old"":68,""New"":70,""Reason"":3}"
169859,"{""Old"":8751,""New"":8761,""Reason"":3}"
169859,"{""Old"":9049,""New"":9059,""Reason"":3}"
48073539,"{""Old"":2390,""New"":2392,""Reason"":3}"
37988048,"{""Old"":1784,""New"":1786,""Reason"":3}"
208910409,"{""Old"":862,""New"":864,""Reason"":3}"
32002545,"{""Old"":127,""New"":129,""Reason"":3}"
86281742,"{""Old"":1209,""New"":1213,""Reason"":3}"
37784995,"{""Old"":4428,""New"":4438,""Reason"":3}"
8883313,"{""Old"":1574,""New"":1584,""Reason"":3}"
79142355,"{""Old"":974,""New"":976,""Reason"":3}"
52436180,"{""Old"":379105,""New"":379115,""Reason"":3}"
52436180,"{""Old"":379255,""New"":379265,""Reason"":3}"
52436180,"{""Old"":378855,""New"":378865,""Reason"":3}"
8673338,"{""Old"":12748,""New"":12750,""Reason"":3}"
8673338,"{""Old"":13046,""New"":13048,""Reason"":3}"
58861275,"{""Old"":3090,""New"":3092,""Reason"":3}"
49831730,"{""Old"":704,""New"":706,""Reason"":3}"
47200242,"{""Old"":7117,""New"":7121,""Reason"":3}"
47200242,"{""Old"":7425,""New"":7427,""Reason"":3}"
33904862,"{""Old"":639,""New"":641,""Reason"":3}"
13083476,"{""Old"":1030,""New"":1032,""Reason"":3}"
28505678,"{""Old"":1044,""New"":1046,""Reason"":3}"
20440680,"{""Old"":3501,""New"":3503,""Reason"":3}"
83457219,"{""Old"":2185,""New"":2187,""Reason"":3}"
83457219,"{""Old"":2428,""New"":2430,""Reason"":3}"
40606596,"{""Old"":531,""New"":533,""Reason"":3}"
83319984,"{""Old"":4713,""New"":4715,""Reason"":3}"
6865857,"{""Old"":3252,""New"":3254,""Reason"":3}"
6865857,"{""Old"":3302,""New"":3304,""Reason"":3}"
49831730,"{""Old"":811,""New"":821,""Reason"":3}"
62448257,"{""Old"":2342,""New"":2352,""Reason"":3}"
62448257,"{""Old"":2144,""New"":2148,""Reason"":3}"
62448257,"{""Old"":2170,""New"":2172,""Reason"":3}"
38749156,"{""Old"":1229,""New"":1231,""Reason"":3}"
38749156,"{""Old"":1803,""New"":1805,""Reason"":3}"
38749156,"{""Old"":2918,""New"":2928,""Reason"":3}"
38749156,"{""Old"":4858,""New"":4868,""Reason"":3}"
38749156,"{""Old"":4808,""New"":4818,""Reason"":3}"
38749156,"{""Old"":1489,""New"":1491,""Reason"":3}"
38749156,"{""Old"":2340,""New"":2342,""Reason"":3}"
38749156,"{""Old"":3289,""New"":3299,""Reason"":3}"
7658111,"{""Old"":9174,""New"":9176,""Reason"":3}"
4980186,"{""Old"":3340,""New"":3350,""Reason"":3}"
4980186,"{""Old"":3474,""New"":3484,""Reason"":3}"
56224846,"{""Old"":180,""New"":182,""Reason"":3}"
35795613,"{""Old"":1290,""New"":1294,""Reason"":3}"
40700927,"{""Old"":74,""New"":76,""Reason"":3}"
81856946,"{""Old"":1293,""New"":1295,""Reason"":3}"
79782981,"{""Old"":3659,""New"":3661,""Reason"":3}"
56756635,"{""Old"":2996,""New"":3000,""Reason"":3}"
48205250,"{""Old"":4374,""New"":4376,""Reason"":3}"
81856946,"{""Old"":1312,""New"":1314,""Reason"":3}"
26186173,"{""Old"":130,""New"":132,""Reason"":3}"
81856946,"{""Old"":1300,""New"":1302,""Reason"":3}"
81856946,"{""Old"":974,""New"":976,""Reason"":3}"
81856946,"{""Old"":1164,""New"":1174,""Reason"":3}"
61658100,"{""Old"":1649,""New"":1659,""Reason"":3}"
7378760,"{""Old"":145164,""New"":145166,""Reason"":3}"
23305159,"{""Old"":808,""New"":810,""Reason"":3}"
23305159,"{""Old"":858,""New"":860,""Reason"":3}"
37428602,"{""Old"":708,""New"":710,""Reason"":3}"
22538228,"{""Old"":98,""New"":100,""Reason"":3}"
7473273,"{""Old"":4573,""New"":4583,""Reason"":3}"
7378760,"{""Old"":145130,""New"":145132,""Reason"":3}"
8883313,"{""Old"":1729,""New"":1731,""Reason"":3}"
52436180,"{""Old"":381777,""New"":381787,""Reason"":3}"
53038420,"{""Old"":243,""New"":245,""Reason"":3}"
70971660,"{""Old"":710,""New"":712,""Reason"":3}"
70971660,"{""Old"":622,""New"":624,""Reason"":3}"
70971660,"{""Old"":784,""New"":786,""Reason"":3}"
70971660,"{""Old"":1115,""New"":1117,""Reason"":3}"
70971660,"{""Old"":1209,""New"":1211,""Reason"":3}"
16303419,"{""Old"":66130,""New"":66140,""Reason"":3}"
16303419,"{""Old"":72352,""New"":72362,""Reason"":3}"
16303419,"{""Old"":72962,""New"":72972,""Reason"":3}"
16303419,"{""Old"":76626,""New"":76636,""Reason"":3}"
16303419,"{""Old"":76821,""New"":76841,""Reason"":3}"
32389590,"{""Old"":403,""New"":407,""Reason"":3}"
40712395,"{""Old"":1119,""New"":1121,""Reason"":3}"
84957257,"{""Old"":17267,""New"":17269,""Reason"":3}"
84957257,"{""Old"":16431,""New"":16433,""Reason"":3}"
4980186,"{""Old"":3084,""New"":3094,""Reason"":3}"
35875544,"{""Old"":22442,""New"":22444,""Reason"":3}"
35875544,"{""Old"":22784,""New"":22794,""Reason"":3}"
13083476,"{""Old"":986,""New"":988,""Reason"":3}"
57851814,"{""Old"":682,""New"":684,""Reason"":3}"
35875544,"{""Old"":20196,""New"":20198,""Reason"":3}"
35875544,"{""Old"":20424,""New"":20426,""Reason"":3}"
49831730,"{""Old"":444,""New"":446,""Reason"":3}"
42367164,"{""Old"":2157,""New"":2159,""Reason"":3}"
49831730,"{""Old"":894,""New"":896,""Reason"":3}"
35875544,"{""Old"":23069,""New"":23071,""Reason"":3}"
47061761,"{""Old"":750,""New"":752,""Reason"":3}"
80491185,"{""Old"":5085,""New"":5087,""Reason"":3}"
27777369,"{""Old"":66646,""New"":66658,""Reason"":3}"
27777369,"{""Old"":66892,""New"":66894,""Reason"":3}"
27777369,"{""Old"":66832,""New"":66834,""Reason"":3}"
27777369,"{""Old"":66921,""New"":66923,""Reason"":3}"
23046730,"{""Old"":270,""New"":272,""Reason"":3}"
12570960,"{""Old"":88,""New"":90,""Reason"":3}"
27777369,"{""Old"":66716,""New"":66718,""Reason"":3}"
27777369,"{""Old"":66834,""New"":66836,""Reason"":3}"
27777369,"{""Old"":67107,""New"":67127,""Reason"":3}"
80491185,"{""Old"":4963,""New"":4965,""Reason"":3}"
80491185,"{""Old"":4327,""New"":4329,""Reason"":3}"
25599199,"{""Old"":1188,""New"":1190,""Reason"":3}"
80491185,"{""Old"":4202,""New"":4212,""Reason"":3}"
41040836,"{""Old"":509,""New"":511,""Reason"":3}"
26453322,"{""Old"":32411,""New"":32421,""Reason"":3}"
65324859,"{""Old"":25136,""New"":25140,""Reason"":3}"
26453322,"{""Old"":33477,""New"":33479,""Reason"":3}"
2796424,"{""Old"":5164,""New"":5166,""Reason"":3}"
26068370,"{""Old"":1159,""New"":1161,""Reason"":3}"
49831730,"{""Old"":546,""New"":548,""Reason"":3}"
13083476,"{""Old"":184,""New"":186,""Reason"":3}"
84490801,"{""Old"":84438,""New"":84440,""Reason"":3}"
35875544,"{""Old"":20231,""New"":20233,""Reason"":3}"
35875544,"{""Old"":19902,""New"":19904,""Reason"":3}"
35875544,"{""Old"":20096,""New"":20098,""Reason"":3}"
15795229,"{""Old"":2252,""New"":2254,""Reason"":3}"
39687811,"{""Old"":266,""New"":268,""Reason"":3}"
39687811,"{""Old"":280,""New"":282,""Reason"":3}"
20440680,"{""Old"":3509,""New"":3511,""Reason"":3}"
20440680,"{""Old"":3330,""New"":3332,""Reason"":3}"
20440680,"{""Old"":3534,""New"":3544,""Reason"":3}"
26453322,"{""Old"":32913,""New"":32923,""Reason"":3}"
26453322,"{""Old"":33470,""New"":33472,""Reason"":3}"
86009749,"{""Old"":450,""New"":452,""Reason"":3}"
26453322,"{""Old"":33467,""New"":33469,""Reason"":3}"
26453322,"{""Old"":32441,""New"":32451,""Reason"":3}"
26453322,"{""Old"":33455,""New"":33457,""Reason"":3}"
26453322,"{""Old"":33463,""New"":33465,""Reason"":3}"
26453322,"{""Old"":32768,""New"":32778,""Reason"":3}"
26453322,"{""Old"":32401,""New"":32411,""Reason"":3}"
26453322,"{""Old"":32381,""New"":32391,""Reason"":3}"
6865857,"{""Old"":3167,""New"":3169,""Reason"":3}"
27777369,"{""Old"":66574,""New"":66576,""Reason"":3}"
79620375,"{""Old"":135,""New"":137,""Reason"":3}"
49831730,"{""Old"":862,""New"":864,""Reason"":3}"
4980186,"{""Old"":3211,""New"":3221,""Reason"":3}"
4980186,"{""Old"":3302,""New"":3304,""Reason"":3}"
47200242,"{""Old"":7032,""New"":7034,""Reason"":3}"
42367164,"{""Old"":1474,""New"":1482,""Reason"":3}"
38749156,"{""Old"":2427,""New"":2429,""Reason"":3}"
38749156,"{""Old"":4310,""New"":4330,""Reason"":3}"
38749156,"{""Old"":5035,""New"":5045,""Reason"":3}"
38749156,"{""Old"":5483,""New"":5493,""Reason"":3}"
62448257,"{""Old"":2272,""New"":2274,""Reason"":3}"
62448257,"{""Old"":2328,""New"":2330,""Reason"":3}"
13083476,"{""Old"":557,""New"":559,""Reason"":3}"
13083476,"{""Old"":614,""New"":616,""Reason"":3}"
13083476,"{""Old"":676,""New"":678,""Reason"":3}"
16303419,"{""Old"":66810,""New"":66820,""Reason"":3}"
16303419,"{""Old"":68674,""New"":68684,""Reason"":3}"
16303419,"{""Old"":68859,""New"":68869,""Reason"":3}"
16303419,"{""Old"":71007,""New"":71017,""Reason"":3}"
16303419,"{""Old"":73007,""New"":73017,""Reason"":3}"
209900380,"{""Old"":1398,""New"":1408,""Reason"":3}"
24196485,"{""Old"":40262,""New"":40264,""Reason"":3}"
208910409,"{""Old"":407,""New"":409,""Reason"":3}"
208910409,"{""Old"":562,""New"":564,""Reason"":3}"
9428992,"{""Old"":885,""New"":887,""Reason"":3}"
208910409,"{""Old"":660,""New"":662,""Reason"":3}"
208910409,"{""Old"":867,""New"":871,""Reason"":3}"
16303419,"{""Old"":69370,""New"":69380,""Reason"":3}"
16303419,"{""Old"":69690,""New"":69700,""Reason"":3}"
16303419,"{""Old"":76351,""New"":76361,""Reason"":3}"
23305159,"{""Old"":770,""New"":772,""Reason"":3}"
23305159,"{""Old"":830,""New"":832,""Reason"":3}"
65661392,"{""Old"":5454,""New"":5456,""Reason"":3}"
61658100,"{""Old"":1647,""New"":1649,""Reason"":3}"
79782981,"{""Old"":3582,""New"":3584,""Reason"":3}"
79782981,"{""Old"":3517,""New"":3519,""Reason"":3}"
120308116,"{""Old"":1125,""New"":1127,""Reason"":3}"
46662749,"{""Old"":104,""New"":106,""Reason"":3}"
35216582,"{""Old"":29997,""New"":30007,""Reason"":3}"
7501032,"{""Old"":192,""New"":194,""Reason"":3}"
7501032,"{""Old"":202,""New"":204,""Reason"":3}"
13533643,"{""Old"":477,""New"":479,""Reason"":3}"
47061761,"{""Old"":1108,""New"":1110,""Reason"":3}"
47061761,"{""Old"":770,""New"":780,""Reason"":3}"
71718548,"{""Old"":391,""New"":393,""Reason"":3}"
71718548,"{""Old"":416,""New"":418,""Reason"":3}"
71718548,"{""Old"":459,""New"":463,""Reason"":3}"
2796424,"{""Old"":5176,""New"":5178,""Reason"":3}"
71718548,"{""Old"":412,""New"":414,""Reason"":3}"
208910409,"{""Old"":347,""New"":349,""Reason"":3}"
208910409,"{""Old"":401,""New"":403,""Reason"":3}"
35875544,"{""Old"":31589,""New"":31599,""Reason"":3}"
53038420,"{""Old"":275,""New"":277,""Reason"":3}"
52436180,"{""Old"":379095,""New"":379105,""Reason"":3}"
52436180,"{""Old"":384777,""New"":384779,""Reason"":3}"
32002545,"{""Old"":398,""New"":400,""Reason"":3}"
37744135,"{""Old"":29238,""New"":29240,""Reason"":3}"
37744135,"{""Old"":29256,""New"":29258,""Reason"":3}"
65661392,"{""Old"":5342,""New"":5352,""Reason"":3}"
61658100,"{""Old"":1620,""New"":1622,""Reason"":3}"
81856946,"{""Old"":1080,""New"":1082,""Reason"":3}"
79782981,"{""Old"":5791,""New"":5793,""Reason"":3}"
79782981,"{""Old"":6582,""New"":6584,""Reason"":3}"
79782981,"{""Old"":7235,""New"":7245,""Reason"":3}"
79782981,"{""Old"":7959,""New"":7969,""Reason"":3}"
79782981,"{""Old"":3462,""New"":3464,""Reason"":3}"
58261482,"{""Old"":1281,""New"":1283,""Reason"":3}"
46662749,"{""Old"":2039,""New"":2041,""Reason"":3}"
79782981,"{""Old"":3060,""New"":3070,""Reason"":3}"
79782981,"{""Old"":3165,""New"":3167,""Reason"":3}"
79782981,"{""Old"":3588,""New"":3590,""Reason"":3}"
77882057,"{""Old"":142,""New"":144,""Reason"":3}"
208910409,"{""Old"":1212,""New"":1214,""Reason"":3}"
208910409,"{""Old"":742,""New"":744,""Reason"":3}"
35875544,"{""Old"":31357,""New"":31361,""Reason"":3}"
40712395,"{""Old"":756,""New"":758,""Reason"":3}"
44851623,"{""Old"":106,""New"":108,""Reason"":3}"
52436180,"{""Old"":384713,""New"":384715,""Reason"":3}"
52436180,"{""Old"":384731,""New"":384733,""Reason"":3}"
79480736,"{""Old"":691,""New"":693,""Reason"":3}"
79480736,"{""Old"":365,""New"":375,""Reason"":3}"
40606596,"{""Old"":470,""New"":472,""Reason"":3}"
79480736,"{""Old"":538,""New"":540,""Reason"":3}"
43780156,"{""Old"":24633,""New"":24643,""Reason"":3}"
43780156,"{""Old"":30523,""New"":30533,""Reason"":3}"
43780156,"{""Old"":30803,""New"":30813,""Reason"":3}"
43780156,"{""Old"":31348,""New"":31358,""Reason"":3}"
43780156,"{""Old"":37083,""New"":37093,""Reason"":3}"
43780156,"{""Old"":38673,""New"":38683,""Reason"":3}"
43780156,"{""Old"":38863,""New"":38873,""Reason"":3}"
43780156,"{""Old"":4497,""New"":4517,""Reason"":3}"
43780156,"{""Old"":5161,""New"":5171,""Reason"":3}"
43780156,"{""Old"":6697,""New"":6727,""Reason"":3}"
43780156,"{""Old"":7007,""New"":7037,""Reason"":3}"
43780156,"{""Old"":9331,""New"":9351,""Reason"":3}"
43780156,"{""Old"":9451,""New"":9461,""Reason"":3}"
43780156,"{""Old"":13037,""New"":13047,""Reason"":3}"
43780156,"{""Old"":14439,""New"":14449,""Reason"":3}"
43780156,"{""Old"":18396,""New"":18416,""Reason"":3}"
43780156,"{""Old"":19286,""New"":19306,""Reason"":3}"
79480736,"{""Old"":342,""New"":344,""Reason"":3}"
43780156,"{""Old"":21328,""New"":21348,""Reason"":3}"
43780156,"{""Old"":21408,""New"":21418,""Reason"":3}"
43780156,"{""Old"":22258,""New"":22268,""Reason"":3}"
43780156,"{""Old"":22393,""New"":22403,""Reason"":3}"
43780156,"{""Old"":22823,""New"":22833,""Reason"":3}"
43780156,"{""Old"":23518,""New"":23528,""Reason"":3}"
43780156,"{""Old"":24038,""New"":24048,""Reason"":3}"
43780156,"{""Old"":28848,""New"":28858,""Reason"":3}"
43780156,"{""Old"":29713,""New"":29723,""Reason"":3}"
43780156,"{""Old"":32193,""New"":32213,""Reason"":3}"
43780156,"{""Old"":36383,""New"":36403,""Reason"":3}"
43780156,"{""Old"":36963,""New"":36973,""Reason"":3}"
43780156,"{""Old"":37363,""New"":37373,""Reason"":3}"
43780156,"{""Old"":39313,""New"":39323,""Reason"":3}"
43780156,"{""Old"":39503,""New"":39513,""Reason"":3}"
43780156,"{""Old"":5441,""New"":5451,""Reason"":3}"
43780156,"{""Old"":10281,""New"":10301,""Reason"":3}"
43780156,"{""Old"":12035,""New"":12045,""Reason"":3}"
43780156,"{""Old"":13152,""New"":13162,""Reason"":3}"
43780156,"{""Old"":13942,""New"":13962,""Reason"":3}"
43780156,"{""Old"":15811,""New"":15821,""Reason"":3}"
43780156,"{""Old"":16736,""New"":16786,""Reason"":3}"
43780156,"{""Old"":5978,""New"":5998,""Reason"":3}"
43780156,"{""Old"":7837,""New"":7847,""Reason"":3}"
43780156,"{""Old"":8801,""New"":8821,""Reason"":3}"
43780156,"{""Old"":16861,""New"":16881,""Reason"":3}"
43780156,"{""Old"":18926,""New"":18936,""Reason"":3}"
43780156,"{""Old"":22738,""New"":22768,""Reason"":3}"
43780156,"{""Old"":23758,""New"":23778,""Reason"":3}"
43780156,"{""Old"":24733,""New"":24743,""Reason"":3}"
43780156,"{""Old"":24703,""New"":24713,""Reason"":3}"
43780156,"{""Old"":29038,""New"":29048,""Reason"":3}"
43780156,"{""Old"":30913,""New"":30933,""Reason"":3}"
43780156,"{""Old"":36143,""New"":36153,""Reason"":3}"
43780156,"{""Old"":37023,""New"":37033,""Reason"":3}"
43780156,"{""Old"":37783,""New"":37793,""Reason"":3}"
43780156,"{""Old"":39223,""New"":39233,""Reason"":3}"
79480736,"{""Old"":303,""New"":305,""Reason"":3}"
43780156,"{""Old"":2780,""New"":2782,""Reason"":3}"
43780156,"{""Old"":3558,""New"":3568,""Reason"":3}"
43780156,"{""Old"":5061,""New"":5071,""Reason"":3}"
43780156,"{""Old"":5776,""New"":5796,""Reason"":3}"
43780156,"{""Old"":6200,""New"":6220,""Reason"":3}"
43780156,"{""Old"":9626,""New"":9636,""Reason"":3}"
43780156,"{""Old"":15086,""New"":15116,""Reason"":3}"
43780156,"{""Old"":17546,""New"":17556,""Reason"":3}"
43780156,"{""Old"":19226,""New"":19236,""Reason"":3}"
43780156,"{""Old"":19718,""New"":19738,""Reason"":3}"
43780156,"{""Old"":21643,""New"":21663,""Reason"":3}"
43780156,"{""Old"":22108,""New"":22118,""Reason"":3}"
43780156,"{""Old"":24483,""New"":24493,""Reason"":3}"
43780156,"{""Old"":24943,""New"":24953,""Reason"":3}"
43780156,"{""Old"":25063,""New"":25073,""Reason"":3}"
43780156,"{""Old"":25843,""New"":25853,""Reason"":3}"
43780156,"{""Old"":29418,""New"":29438,""Reason"":3}"
43780156,"{""Old"":32863,""New"":32873,""Reason"":3}"
43780156,"{""Old"":34168,""New"":34178,""Reason"":3}"
43780156,"{""Old"":34483,""New"":34503,""Reason"":3}"
43780156,"{""Old"":24313,""New"":24323,""Reason"":3}"
43780156,"{""Old"":28348,""New"":28358,""Reason"":3}"
43780156,"{""Old"":28308,""New"":28318,""Reason"":3}"
43780156,"{""Old"":29538,""New"":29558,""Reason"":3}"
43780156,"{""Old"":32088,""New"":32108,""Reason"":3}"
43780156,"{""Old"":33718,""New"":33748,""Reason"":3}"
43780156,"{""Old"":33973,""New"":33993,""Reason"":3}"
43780156,"{""Old"":35668,""New"":35688,""Reason"":3}"
43780156,"{""Old"":36313,""New"":36323,""Reason"":3}"
43780156,"{""Old"":36463,""New"":36473,""Reason"":3}"
43780156,"{""Old"":38173,""New"":38183,""Reason"":3}"
43780156,"{""Old"":38313,""New"":38323,""Reason"":3}"
43780156,"{""Old"":39033,""New"":39043,""Reason"":3}"
43780156,"{""Old"":3867,""New"":3877,""Reason"":3}"
43780156,"{""Old"":5721,""New"":5731,""Reason"":3}"
43780156,"{""Old"":6100,""New"":6110,""Reason"":3}"
43780156,"{""Old"":9736,""New"":9766,""Reason"":3}"
43780156,"{""Old"":13217,""New"":13237,""Reason"":3}"
43780156,"{""Old"":15256,""New"":15306,""Reason"":3}"
43780156,"{""Old"":20923,""New"":20943,""Reason"":3}"
43780156,"{""Old"":21513,""New"":21523,""Reason"":3}"
63778994,"{""Old"":363973,""New"":363983,""Reason"":3}"
63778994,"{""Old"":364288,""New"":364308,""Reason"":3}"
37744135,"{""Old"":28259,""New"":28269,""Reason"":3}"
46662749,"{""Old"":2325,""New"":2327,""Reason"":3}"
17655371,"{""Old"":582,""New"":584,""Reason"":3}"
17655371,"{""Old"":867,""New"":869,""Reason"":3}"
56756635,"{""Old"":3004,""New"":3006,""Reason"":3}"
61658100,"{""Old"":1629,""New"":1631,""Reason"":3}"
13083476,"{""Old"":896,""New"":898,""Reason"":3}"
13083476,"{""Old"":900,""New"":902,""Reason"":3}"
13083476,"{""Old"":941,""New"":943,""Reason"":3}"
47200242,"{""Old"":7202,""New"":7204,""Reason"":3}"
23748897,"{""Old"":187,""New"":189,""Reason"":3}"
49831730,"{""Old"":991,""New"":993,""Reason"":3}"
33904862,"{""Old"":589,""New"":591,""Reason"":3}"
82629288,"{""Old"":3160,""New"":3162,""Reason"":3}"
216198135,"{""Old"":335609,""New"":335619,""Reason"":3}"
67836518,"{""Old"":4402,""New"":4412,""Reason"":3}"
47061761,"{""Old"":1037,""New"":1039,""Reason"":3}"
47061761,"{""Old"":1126,""New"":1128,""Reason"":3}"
41040836,"{""Old"":436,""New"":438,""Reason"":3}"
8815955,"{""Old"":1019,""New"":1021,""Reason"":3}"
47200242,"{""Old"":7198,""New"":7200,""Reason"":3}"
47200242,"{""Old"":7447,""New"":7449,""Reason"":3}"
49831730,"{""Old"":1072,""New"":1074,""Reason"":3}"
36422175,"{""Old"":621,""New"":623,""Reason"":3}"
38749156,"{""Old"":228,""New"":238,""Reason"":3}"
42367164,"{""Old"":955,""New"":959,""Reason"":3}"
42367164,"{""Old"":1277,""New"":1279,""Reason"":3}"
42367164,"{""Old"":1959,""New"":1961,""Reason"":3}"
47200242,"{""Old"":7463,""New"":7465,""Reason"":3}"
35875544,"{""Old"":20105,""New"":20107,""Reason"":3}"
28562228,"{""Old"":219,""New"":221,""Reason"":3}"
28562228,"{""Old"":256,""New"":258,""Reason"":3}"
32027539,"{""Old"":961,""New"":967,""Reason"":3}"
80758401,"{""Old"":6537,""New"":6547,""Reason"":3}"
44481882,"{""Old"":735,""New"":745,""Reason"":3}"
40247006,"{""Old"":1301,""New"":1303,""Reason"":3}"
40247006,"{""Old"":1295,""New"":1299,""Reason"":3}"
200004383,"{""Old"":3548,""New"":3550,""Reason"":3}"
36439403,"{""Old"":1634,""New"":1638,""Reason"":3}"
55180850,"{""Old"":130,""New"":132,""Reason"":3}"
71233387,"{""Old"":91,""New"":93,""Reason"":3}"
209210039,"{""Old"":288,""New"":290,""Reason"":3}"
58861275,"{""Old"":3102,""New"":3104,""Reason"":3}"
8673338,"{""Old"":13432,""New"":13434,""Reason"":3}"
52436180,"{""Old"":378945,""New"":378955,""Reason"":3}"
52436180,"{""Old"":378965,""New"":378975,""Reason"":3}"
52436180,"{""Old"":379145,""New"":379155,""Reason"":3}"
32002545,"{""Old"":436,""New"":438,""Reason"":3}"
48073539,"{""Old"":2181,""New"":2183,""Reason"":3}"
41884475,"{""Old"":113,""New"":115,""Reason"":3}"
84957257,"{""Old"":17848,""New"":17858,""Reason"":3}"
84957257,"{""Old"":16419,""New"":16421,""Reason"":3}"
84957257,"{""Old"":17550,""New"":17560,""Reason"":3}"
84957257,"{""Old"":15633,""New"":15635,""Reason"":3}"
84957257,"{""Old"":16095,""New"":16097,""Reason"":3}"
84957257,"{""Old"":16707,""New"":16717,""Reason"":3}"
84957257,"{""Old"":16981,""New"":16991,""Reason"":3}"
53038420,"{""Old"":407,""New"":409,""Reason"":3}"
84957257,"{""Old"":17948,""New"":17958,""Reason"":3}"
73660558,"{""Old"":2468,""New"":2478,""Reason"":3}"
70971660,"{""Old"":376,""New"":378,""Reason"":3}"
8883313,"{""Old"":1600,""New"":1602,""Reason"":3}"
8883313,"{""Old"":1699,""New"":1701,""Reason"":3}"
8883313,"{""Old"":1731,""New"":1735,""Reason"":3}"
13533643,"{""Old"":3662,""New"":3672,""Reason"":3}"
8673338,"{""Old"":13228,""New"":13230,""Reason"":3}"
70971660,"{""Old"":673,""New"":675,""Reason"":3}"
70971660,"{""Old"":714,""New"":716,""Reason"":3}"
70971660,"{""Old"":877,""New"":887,""Reason"":3}"
70971660,"{""Old"":1058,""New"":1068,""Reason"":3}"
70971660,"{""Old"":1187,""New"":1189,""Reason"":3}"
70971660,"{""Old"":641,""New"":643,""Reason"":3}"
48073539,"{""Old"":2386,""New"":2388,""Reason"":3}"
70971660,"{""Old"":594,""New"":604,""Reason"":3}"
88569534,"{""Old"":331,""New"":333,""Reason"":3}"
58261482,"{""Old"":1113,""New"":1115,""Reason"":3}"
26480103,"{""Old"":542,""New"":544,""Reason"":3}"
81856946,"{""Old"":941,""New"":943,""Reason"":3}"
81856946,"{""Old"":716,""New"":718,""Reason"":3}"
48205250,"{""Old"":4180,""New"":4190,""Reason"":3}"
46662749,"{""Old"":2078,""New"":2080,""Reason"":3}"
23305159,"{""Old"":400,""New"":402,""Reason"":3}"
23305159,"{""Old"":726,""New"":728,""Reason"":3}"
23305159,"{""Old"":806,""New"":808,""Reason"":3}"
37744135,"{""Old"":28035,""New"":28037,""Reason"":3}"
37744135,"{""Old"":29336,""New"":29338,""Reason"":3}"
37744135,"{""Old"":29420,""New"":29430,""Reason"":3}"
37744135,"{""Old"":29534,""New"":29536,""Reason"":3}"
20440680,"{""Old"":3495,""New"":3497,""Reason"":3}"
50494222,"{""Old"":81885,""New"":81895,""Reason"":3}"
50494222,"{""Old"":82277,""New"":82287,""Reason"":3}"
50494222,"{""Old"":82025,""New"":82035,""Reason"":3}"
50494222,"{""Old"":81985,""New"":81995,""Reason"":3}"
50494222,"{""Old"":82617,""New"":82627,""Reason"":3}"
50494222,"{""Old"":82797,""New"":82807,""Reason"":3}"
4239086,"{""Old"":4073,""New"":4075,""Reason"":3}"
4239086,"{""Old"":4155,""New"":4157,""Reason"":3}"
50494222,"{""Old"":82447,""New"":82457,""Reason"":3}"
50494222,"{""Old"":82697,""New"":82707,""Reason"":3}"
62448257,"{""Old"":2184,""New"":2186,""Reason"":3}"
49831730,"{""Old"":692,""New"":694,""Reason"":3}"
55807692,"{""Old"":131,""New"":135,""Reason"":3}"
8257034,"{""Old"":3221,""New"":3223,""Reason"":3}"
62553613,"{""Old"":10809,""New"":10811,""Reason"":3}"
42367164,"{""Old"":1777,""New"":1779,""Reason"":3}"
42367164,"{""Old"":1993,""New"":1995,""Reason"":3}"
42367164,"{""Old"":1997,""New"":1999,""Reason"":3}"
42367164,"{""Old"":2025,""New"":2027,""Reason"":3}"
7658111,"{""Old"":9058,""New"":9060,""Reason"":3}"
32281739,"{""Old"":3431,""New"":3441,""Reason"":3}"
32281739,"{""Old"":3491,""New"":3501,""Reason"":3}"
35875544,"{""Old"":20185,""New"":20187,""Reason"":3}"
35875544,"{""Old"":21374,""New"":21376,""Reason"":3}"
35875544,"{""Old"":21372,""New"":21374,""Reason"":3}"
35875544,"{""Old"":21721,""New"":21723,""Reason"":3}"
35875544,"{""Old"":21892,""New"":21902,""Reason"":3}"
42367164,"{""Old"":2147,""New"":2149,""Reason"":3}"
35875544,"{""Old"":22123,""New"":22133,""Reason"":3}"
35875544,"{""Old"":22266,""New"":22276,""Reason"":3}"
35875544,"{""Old"":22463,""New"":22465,""Reason"":3}"
35875544,"{""Old"":22657,""New"":22659,""Reason"":3}"
81856946,"{""Old"":422,""New"":424,""Reason"":3}"
81856946,"{""Old"":570,""New"":572,""Reason"":3}"
37744135,"{""Old"":29304,""New"":29306,""Reason"":3}"
37744135,"{""Old"":29324,""New"":29334,""Reason"":3}"
37744135,"{""Old"":29482,""New"":29486,""Reason"":3}"
17576281,"{""Old"":2483,""New"":2485,""Reason"":3}"
63778994,"{""Old"":368142,""New"":368152,""Reason"":3}"
63778994,"{""Old"":365132,""New"":365142,""Reason"":3}"
65582555,"{""Old"":72,""New"":74,""Reason"":3}"
65582555,"{""Old"":143,""New"":145,""Reason"":3}"
63778994,"{""Old"":360545,""New"":360555,""Reason"":3}"
68764292,"{""Old"":1166,""New"":1168,""Reason"":3}"
37744135,"{""Old"":28257,""New"":28259,""Reason"":3}"
46235249,"{""Old"":4737,""New"":4739,""Reason"":3}"
7473273,"{""Old"":4051,""New"":4061,""Reason"":3}"
79782981,"{""Old"":3608,""New"":3610,""Reason"":3}"
8883313,"{""Old"":1634,""New"":1636,""Reason"":3}"
79142355,"{""Old"":934,""New"":938,""Reason"":3}"
52436180,"{""Old"":381135,""New"":381145,""Reason"":3}"
52436180,"{""Old"":381984,""New"":381994,""Reason"":3}"
216198135,"{""Old"":335534,""New"":335544,""Reason"":3}"
35875544,"{""Old"":31237,""New"":31239,""Reason"":3}"
35875544,"{""Old"":31441,""New"":31443,""Reason"":3}"
208910409,"{""Old"":747,""New"":749,""Reason"":3}"
208910409,"{""Old"":961,""New"":963,""Reason"":3}"
40712395,"{""Old"":826,""New"":828,""Reason"":3}"
9428992,"{""Old"":828,""New"":830,""Reason"":3}"
13083476,"{""Old"":844,""New"":846,""Reason"":3}"
49831730,"{""Old"":834,""New"":836,""Reason"":3}"
50494222,"{""Old"":82507,""New"":82517,""Reason"":3}"
50494222,"{""Old"":81791,""New"":81793,""Reason"":3}"
50494222,"{""Old"":82197,""New"":82207,""Reason"":3}"
50494222,"{""Old"":82647,""New"":82667,""Reason"":3}"
50494222,"{""Old"":82387,""New"":82397,""Reason"":3}"
50494222,"{""Old"":82547,""New"":82557,""Reason"":3}"
23353445,"{""Old"":576,""New"":578,""Reason"":3}"
62923015,"{""Old"":2224,""New"":2226,""Reason"":3}"
44931151,"{""Old"":82395,""New"":82405,""Reason"":3}"
44931151,"{""Old"":83300,""New"":83310,""Reason"":3}"
43780156,"{""Old"":39753,""New"":39763,""Reason"":3}"
43780156,"{""Old"":1982,""New"":1984,""Reason"":3}"
79480736,"{""Old"":586,""New"":588,""Reason"":3}"
43780156,"{""Old"":5351,""New"":5361,""Reason"":3}"
43780156,"{""Old"":6165,""New"":6175,""Reason"":3}"
43780156,"{""Old"":6897,""New"":6907,""Reason"":3}"
43780156,"{""Old"":9506,""New"":9516,""Reason"":3}"
43780156,"{""Old"":11400,""New"":11410,""Reason"":3}"
43780156,"{""Old"":12210,""New"":12220,""Reason"":3}"
43780156,"{""Old"":14649,""New"":14669,""Reason"":3}"
43780156,"{""Old"":18996,""New"":19016,""Reason"":3}"
43780156,"{""Old"":22328,""New"":22338,""Reason"":3}"
43780156,"{""Old"":23563,""New"":23573,""Reason"":3}"
43780156,"{""Old"":24553,""New"":24563,""Reason"":3}"
43780156,"{""Old"":24563,""New"":24573,""Reason"":3}"
43780156,"{""Old"":25043,""New"":25063,""Reason"":3}"
43780156,"{""Old"":27258,""New"":27298,""Reason"":3}"
43780156,"{""Old"":28318,""New"":28328,""Reason"":3}"
43780156,"{""Old"":29758,""New"":29768,""Reason"":3}"
43780156,"{""Old"":30623,""New"":30633,""Reason"":3}"
43780156,"{""Old"":31813,""New"":31823,""Reason"":3}"
43780156,"{""Old"":32173,""New"":32183,""Reason"":3}"
43780156,"{""Old"":35253,""New"":35263,""Reason"":3}"
43780156,"{""Old"":35508,""New"":35518,""Reason"":3}"
43780156,"{""Old"":37553,""New"":37563,""Reason"":3}"
43780156,"{""Old"":37603,""New"":37613,""Reason"":3}"
43780156,"{""Old"":38883,""New"":38893,""Reason"":3}"
43780156,"{""Old"":38993,""New"":39003,""Reason"":3}"
43780156,"{""Old"":39593,""New"":39603,""Reason"":3}"
43780156,"{""Old"":2111,""New"":2121,""Reason"":3}"
43780156,"{""Old"":8594,""New"":8634,""Reason"":3}"
43780156,"{""Old"":8544,""New"":8574,""Reason"":3}"
43780156,"{""Old"":10346,""New"":10366,""Reason"":3}"
43780156,"{""Old"":10668,""New"":10678,""Reason"":3}"
43780156,"{""Old"":11680,""New"":11710,""Reason"":3}"
43780156,"{""Old"":13972,""New"":13982,""Reason"":3}"
43780156,"{""Old"":14639,""New"":14649,""Reason"":3}"
43780156,"{""Old"":15001,""New"":15031,""Reason"":3}"
43780156,"{""Old"":15471,""New"":15491,""Reason"":3}"
43780156,"{""Old"":15651,""New"":15661,""Reason"":3}"
43780156,"{""Old"":16431,""New"":16441,""Reason"":3}"
43780156,"{""Old"":17721,""New"":17731,""Reason"":3}"
43780156,"{""Old"":17946,""New"":17966,""Reason"":3}"
43780156,"{""Old"":18246,""New"":18256,""Reason"":3}"
43780156,"{""Old"":20633,""New"":20643,""Reason"":3}"
43780156,"{""Old"":23203,""New"":23213,""Reason"":3}"
43780156,"{""Old"":23788,""New"":23798,""Reason"":3}"
43780156,"{""Old"":24493,""New"":24503,""Reason"":3}"
43780156,"{""Old"":27398,""New"":27418,""Reason"":3}"
43780156,"{""Old"":34228,""New"":34238,""Reason"":3}"
43780156,"{""Old"":34503,""New"":34533,""Reason"":3}"
43780156,"{""Old"":37093,""New"":37103,""Reason"":3}"
43780156,"{""Old"":37653,""New"":37663,""Reason"":3}"
43780156,"{""Old"":38723,""New"":38733,""Reason"":3}"
43780156,"{""Old"":39193,""New"":39203,""Reason"":3}"
79480736,"{""Old"":742,""New"":744,""Reason"":3}"
83457219,"{""Old"":2072,""New"":2082,""Reason"":3}"
42284682,"{""Old"":881,""New"":883,""Reason"":3}"
43780156,"{""Old"":22478,""New"":22488,""Reason"":3}"
43780156,"{""Old"":24453,""New"":24463,""Reason"":3}"
43780156,"{""Old"":24963,""New"":24973,""Reason"":3}"
43780156,"{""Old"":32463,""New"":32483,""Reason"":3}"
43780156,"{""Old"":36323,""New"":36343,""Reason"":3}"
43780156,"{""Old"":38653,""New"":38663,""Reason"":3}"
43780156,"{""Old"":39053,""New"":39063,""Reason"":3}"
43780156,"{""Old"":4779,""New"":4789,""Reason"":3}"
43780156,"{""Old"":8232,""New"":8242,""Reason"":3}"
43780156,"{""Old"":11465,""New"":11485,""Reason"":3}"
43780156,"{""Old"":13577,""New"":13587,""Reason"":3}"
43780156,"{""Old"":16726,""New"":16736,""Reason"":3}"
43780156,"{""Old"":20723,""New"":20733,""Reason"":3}"
83457219,"{""Old"":2053,""New"":2063,""Reason"":3}"
79480736,"{""Old"":590,""New"":592,""Reason"":3}"
43780156,"{""Old"":2041,""New"":2051,""Reason"":3}"
43780156,"{""Old"":2421,""New"":2431,""Reason"":3}"
83457219,"{""Old"":2169,""New"":2171,""Reason"":3}"
83457219,"{""Old"":2365,""New"":2367,""Reason"":3}"
44510856,"{""Old"":1719,""New"":1721,""Reason"":3}"
80491185,"{""Old"":4509,""New"":4519,""Reason"":3}"
80491185,"{""Old"":4780,""New"":4782,""Reason"":3}"
6865857,"{""Old"":2866,""New"":2876,""Reason"":3}"
43780156,"{""Old"":29153,""New"":29163,""Reason"":3}"
43780156,"{""Old"":29473,""New"":29483,""Reason"":3}"
43780156,"{""Old"":29893,""New"":29903,""Reason"":3}"
43780156,"{""Old"":36233,""New"":36243,""Reason"":3}"
43780156,"{""Old"":36503,""New"":36513,""Reason"":3}"
43780156,"{""Old"":37003,""New"":37013,""Reason"":3}"
43780156,"{""Old"":37423,""New"":37433,""Reason"":3}"
43780156,"{""Old"":37853,""New"":37893,""Reason"":3}"
43780156,"{""Old"":21428,""New"":21438,""Reason"":3}"
43780156,"{""Old"":24423,""New"":24443,""Reason"":3}"
43780156,"{""Old"":25093,""New"":25103,""Reason"":3}"
43780156,"{""Old"":27623,""New"":27633,""Reason"":3}"
43780156,"{""Old"":30423,""New"":30433,""Reason"":3}"
43780156,"{""Old"":38103,""New"":38113,""Reason"":3}"
43780156,"{""Old"":7057,""New"":7067,""Reason"":3}"
43780156,"{""Old"":12265,""New"":12275,""Reason"":3}"
79480736,"{""Old"":232,""New"":234,""Reason"":3}"
43780156,"{""Old"":4749,""New"":4779,""Reason"":3}"
43780156,"{""Old"":10438,""New"":10448,""Reason"":3}"
43780156,"{""Old"":11820,""New"":11830,""Reason"":3}"
43780156,"{""Old"":18841,""New"":18851,""Reason"":3}"
43780156,"{""Old"":19106,""New"":19116,""Reason"":3}"
43780156,"{""Old"":19206,""New"":19216,""Reason"":3}"
43780156,"{""Old"":20423,""New"":20433,""Reason"":3}"
43780156,"{""Old"":21308,""New"":21318,""Reason"":3}"
43780156,"{""Old"":21358,""New"":21368,""Reason"":3}"
43780156,"{""Old"":26488,""New"":26498,""Reason"":3}"
43780156,"{""Old"":30248,""New"":30258,""Reason"":3}"
43780156,"{""Old"":34373,""New"":34383,""Reason"":3}"
43780156,"{""Old"":36553,""New"":36573,""Reason"":3}"
43780156,"{""Old"":37663,""New"":37673,""Reason"":3}"
43780156,"{""Old"":37973,""New"":37983,""Reason"":3}"
43780156,"{""Old"":38613,""New"":38633,""Reason"":3}"
36153809,"{""Old"":662,""New"":672,""Reason"":3}"
46446795,"{""Old"":2921,""New"":2931,""Reason"":3}"
27777369,"{""Old"":66836,""New"":66838,""Reason"":3}"
8873732,"{""Old"":24964,""New"":24966,""Reason"":3}"
8873732,"{""Old"":25112,""New"":25114,""Reason"":3}"
8873732,"{""Old"":25192,""New"":25194,""Reason"":3}"
8873732,"{""Old"":25204,""New"":25206,""Reason"":3}"
83457219,"{""Old"":2430,""New"":2432,""Reason"":3}"
40606596,"{""Old"":473,""New"":475,""Reason"":3}"
44931151,"{""Old"":82242,""New"":82252,""Reason"":3}"
44931151,"{""Old"":84265,""New"":84275,""Reason"":3}"
40606596,"{""Old"":543,""New"":545,""Reason"":3}"
41121780,"{""Old"":281,""New"":283,""Reason"":3}"
80491185,"{""Old"":4149,""New"":4151,""Reason"":3}"
215520292,"{""Old"":314408,""New"":314428,""Reason"":3}"
215520292,"{""Old"":314902,""New"":314932,""Reason"":3}"
215520292,"{""Old"":315545,""New"":315555,""Reason"":3}"
215520292,"{""Old"":315860,""New"":315862,""Reason"":3}"
215520292,"{""Old"":318241,""New"":318291,""Reason"":3}"
80491185,"{""Old"":4489,""New"":4491,""Reason"":3}"
80491185,"{""Old"":4519,""New"":4521,""Reason"":3}"
80491185,"{""Old"":4679,""New"":4681,""Reason"":3}"
44663519,"{""Old"":501,""New"":511,""Reason"":3}"
48056970,"{""Old"":1071,""New"":1073,""Reason"":3}"
43780156,"{""Old"":39743,""New"":39753,""Reason"":3}"
46446795,"{""Old"":2919,""New"":2921,""Reason"":3}"
9130127,"{""Old"":152,""New"":154,""Reason"":3}"
79480736,"{""Old"":626,""New"":628,""Reason"":3}"
43780156,"{""Old"":23148,""New"":23158,""Reason"":3}"
43780156,"{""Old"":24193,""New"":24203,""Reason"":3}"
43780156,"{""Old"":24413,""New"":24423,""Reason"":3}"
43780156,"{""Old"":24753,""New"":24763,""Reason"":3}"
43780156,"{""Old"":30783,""New"":30803,""Reason"":3}"
43780156,"{""Old"":36263,""New"":36283,""Reason"":3}"
43780156,"{""Old"":38053,""New"":38063,""Reason"":3}"
43780156,"{""Old"":38443,""New"":38453,""Reason"":3}"
79480736,"{""Old"":540,""New"":550,""Reason"":3}"
83457219,"{""Old"":2147,""New"":2149,""Reason"":3}"
83457219,"{""Old"":2416,""New"":2420,""Reason"":3}"
83457219,"{""Old"":2171,""New"":2181,""Reason"":3}"
83457219,"{""Old"":2202,""New"":2204,""Reason"":3}"
43780156,"{""Old"":2101,""New"":2111,""Reason"":3}"
44931151,"{""Old"":82286,""New"":82296,""Reason"":3}"
44931151,"{""Old"":82532,""New"":82534,""Reason"":3}"
63817746,"{""Old"":79,""New"":81,""Reason"":3}"
44931151,"{""Old"":82806,""New"":82816,""Reason"":3}"
44931151,"{""Old"":84045,""New"":84055,""Reason"":3}"
62923015,"{""Old"":2240,""New"":2242,""Reason"":3}"
44931151,"{""Old"":82210,""New"":82212,""Reason"":3}"
44931151,"{""Old"":82238,""New"":82240,""Reason"":3}"
44931151,"{""Old"":82896,""New"":82898,""Reason"":3}"
44931151,"{""Old"":83739,""New"":83749,""Reason"":3}"
44931151,"{""Old"":84235,""New"":84245,""Reason"":3}"
44931151,"{""Old"":84567,""New"":84577,""Reason"":3}"
44931151,"{""Old"":84661,""New"":84681,""Reason"":3}"
44931151,"{""Old"":83290,""New"":83300,""Reason"":3}"
44931151,"{""Old"":83350,""New"":83360,""Reason"":3}"
44931151,"{""Old"":83524,""New"":83534,""Reason"":3}"
58261482,"{""Old"":1102,""New"":1104,""Reason"":3}"
79782981,"{""Old"":3699,""New"":3701,""Reason"":3}"
79782981,"{""Old"":3727,""New"":3729,""Reason"":3}"
79782981,"{""Old"":8594,""New"":8604,""Reason"":3}"
79782981,"{""Old"":3119,""New"":3121,""Reason"":3}"
79782981,"{""Old"":3245,""New"":3247,""Reason"":3}"
79782981,"{""Old"":3388,""New"":3390,""Reason"":3}"
81856946,"{""Old"":924,""New"":926,""Reason"":3}"
81856946,"{""Old"":936,""New"":938,""Reason"":3}"
81856946,"{""Old"":934,""New"":936,""Reason"":3}"
81856946,"{""Old"":972,""New"":974,""Reason"":3}"
63778994,"{""Old"":362357,""New"":362377,""Reason"":3}"
63778994,"{""Old"":363628,""New"":363648,""Reason"":3}"
63778994,"{""Old"":365492,""New"":365502,""Reason"":3}"
79782981,"{""Old"":3466,""New"":3468,""Reason"":3}"
38749156,"{""Old"":3391,""New"":3401,""Reason"":3}"
38749156,"{""Old"":5548,""New"":5558,""Reason"":3}"
28562228,"{""Old"":148,""New"":150,""Reason"":3}"
28562228,"{""Old"":170,""New"":172,""Reason"":3}"
28562228,"{""Old"":211,""New"":213,""Reason"":3}"
47061761,"{""Old"":1389,""New"":1391,""Reason"":3}"
47061761,"{""Old"":1247,""New"":1249,""Reason"":3}"
47061761,"{""Old"":1089,""New"":1091,""Reason"":3}"
47061761,"{""Old"":1757,""New"":1759,""Reason"":3}"
23353445,"{""Old"":463,""New"":465,""Reason"":3}"
71718548,"{""Old"":393,""New"":395,""Reason"":3}"
71718548,"{""Old"":463,""New"":465,""Reason"":3}"
16303419,"{""Old"":74504,""New"":74514,""Reason"":3}"
16303419,"{""Old"":75329,""New"":75339,""Reason"":3}"
12006488,"{""Old"":353,""New"":355,""Reason"":3}"
43351980,"{""Old"":15466,""New"":15476,""Reason"":3}"
16303419,"{""Old"":73352,""New"":73362,""Reason"":3}"
16303419,"{""Old"":74544,""New"":74554,""Reason"":3}"
73660558,"{""Old"":2561,""New"":2563,""Reason"":3}"
57503448,"{""Old"":289,""New"":291,""Reason"":3}"
208910409,"{""Old"":466,""New"":468,""Reason"":3}"
208910409,"{""Old"":490,""New"":500,""Reason"":3}"
35875544,"{""Old"":31223,""New"":31225,""Reason"":3}"
208910409,"{""Old"":915,""New"":917,""Reason"":3}"
208910409,"{""Old"":937,""New"":939,""Reason"":3}"
208910409,"{""Old"":1127,""New"":1129,""Reason"":3}"
202183265,"{""Old"":3325,""New"":3327,""Reason"":3}"
202183265,"{""Old"":3327,""New"":3329,""Reason"":3}"
202183265,"{""Old"":3311,""New"":3315,""Reason"":3}"
202183265,"{""Old"":3329,""New"":3331,""Reason"":3}"
202183265,"{""Old"":3295,""New"":3311,""Reason"":3}"
20500685,"{""Old"":610,""New"":612,""Reason"":3}"
10855709,"{""Old"":25291,""New"":25313,""Reason"":3}"
21594855,"{""Old"":333,""New"":335,""Reason"":3}"
202183265,"{""Old"":3315,""New"":3317,""Reason"":3}"
21594855,"{""Old"":339,""New"":341,""Reason"":3}"
21594855,"{""Old"":329,""New"":331,""Reason"":3}"
21594855,"{""Old"":327,""New"":329,""Reason"":3}"
21594855,"{""Old"":337,""New"":339,""Reason"":3}"
221856238,"{""Old"":31,""New"":33,""Reason"":3}"
21594855,"{""Old"":331,""New"":333,""Reason"":3}"
81827083,"{""Old"":101082,""New"":101084,""Reason"":3}"
20553564,"{""Old"":4195,""New"":4197,""Reason"":3}"
31997232,"{""Old"":637,""New"":639,""Reason"":3}"
31997232,"{""Old"":629,""New"":631,""Reason"":3}"
219655531,"{""Old"":144,""New"":150,""Reason"":3}"
20553564,"{""Old"":4197,""New"":4201,""Reason"":3}"
30187813,"{""Old"":3525,""New"":3527,""Reason"":3}"
30187813,"{""Old"":3521,""New"":3523,""Reason"":3}"
31997232,"{""Old"":639,""New"":641,""Reason"":3}"
45672798,"{""Old"":590,""New"":592,""Reason"":3}"
5396993,"{""Old"":31,""New"":33,""Reason"":3}"
30187813,"{""Old"":3523,""New"":3525,""Reason"":3}"
31997232,"{""Old"":635,""New"":637,""Reason"":3}"
31997232,"{""Old"":631,""New"":633,""Reason"":3}"
73782157,"{""Old"":1055,""New"":1057,""Reason"":3}"
73782157,"{""Old"":1051,""New"":1053,""Reason"":3}"
38715493,"{""Old"":360,""New"":362,""Reason"":3}"
73219132,"{""Old"":1925,""New"":1939,""Reason"":3}"
38715493,"{""Old"":362,""New"":364,""Reason"":3}"
31997232,"{""Old"":633,""New"":635,""Reason"":3}"
45672798,"{""Old"":622,""New"":624,""Reason"":3}"
37182668,"{""Old"":1874,""New"":1876,""Reason"":3}"
73782157,"{""Old"":1053,""New"":1055,""Reason"":3}"
30187813,"{""Old"":3519,""New"":3521,""Reason"":3}"
86580266,"{""Old"":606,""New"":608,""Reason"":3}"
73646526,"{""Old"":2151,""New"":2153,""Reason"":3}"
45672798,"{""Old"":620,""New"":622,""Reason"":3}"
37182668,"{""Old"":1878,""New"":1880,""Reason"":3}"
86580266,"{""Old"":593,""New"":603,""Reason"":3}"
37182668,"{""Old"":1864,""New"":1866,""Reason"":3}"
37182668,"{""Old"":1872,""New"":1874,""Reason"":3}"
37182668,"{""Old"":1884,""New"":1886,""Reason"":3}"
37182668,"{""Old"":1862,""New"":1864,""Reason"":3}"
86580266,"{""Old"":588,""New"":590,""Reason"":3}"
73646526,"{""Old"":2145,""New"":2147,""Reason"":3}"
73782157,"{""Old"":1128,""New"":1130,""Reason"":3}"
37182668,"{""Old"":1882,""New"":1884,""Reason"":3}"
20500685,"{""Old"":608,""New"":610,""Reason"":3}"
45672798,"{""Old"":614,""New"":616,""Reason"":3}"
37182668,"{""Old"":1880,""New"":1882,""Reason"":3}"
73782157,"{""Old"":1174,""New"":1178,""Reason"":3}"
38715493,"{""Old"":348,""New"":350,""Reason"":3}"
45672798,"{""Old"":602,""New"":604,""Reason"":3}"
45672798,"{""Old"":618,""New"":620,""Reason"":3}"
38715493,"{""Old"":350,""New"":352,""Reason"":3}"
45672798,"{""Old"":616,""New"":618,""Reason"":3}"
20500685,"{""Old"":606,""New"":608,""Reason"":3}"
34700327,"{""Old"":7331,""New"":7333,""Reason"":3}"
34700327,"{""Old"":7160,""New"":7162,""Reason"":3}"
73782157,"{""Old"":1149,""New"":1151,""Reason"":3}"
37182668,"{""Old"":1867,""New"":1869,""Reason"":3}"
73646526,"{""Old"":2149,""New"":2151,""Reason"":3}"
38715493,"{""Old"":358,""New"":360,""Reason"":3}"
73782157,"{""Old"":1111,""New"":1121,""Reason"":3}"
73782157,"{""Old"":1172,""New"":1174,""Reason"":3}"
73782157,"{""Old"":1091,""New"":1093,""Reason"":3}"
73782157,"{""Old"":1145,""New"":1147,""Reason"":3}"
45672798,"{""Old"":611,""New"":613,""Reason"":3}"
38715493,"{""Old"":342,""New"":344,""Reason"":3}"
73646526,"{""Old"":2153,""New"":2155,""Reason"":3}"
86580266,"{""Old"":620,""New"":622,""Reason"":3}"
34700327,"{""Old"":7325,""New"":7327,""Reason"":3}"
56116279,"{""Old"":2641,""New"":2643,""Reason"":3}"
34700327,"{""Old"":7298,""New"":7300,""Reason"":3}"
34700327,"{""Old"":7249,""New"":7259,""Reason"":3}"
34700327,"{""Old"":7036,""New"":7038,""Reason"":3}"
37182668,"{""Old"":1869,""New"":1871,""Reason"":3}"
73219132,"{""Old"":1939,""New"":1941,""Reason"":3}"
5396993,"{""Old"":43,""New"":45,""Reason"":3}"
73782157,"{""Old"":1083,""New"":1085,""Reason"":3}"
73782157,"{""Old"":1123,""New"":1125,""Reason"":3}"
34700327,"{""Old"":7425,""New"":7427,""Reason"":3}"
34700327,"{""Old"":7220,""New"":7222,""Reason"":3}"
34700327,"{""Old"":7148,""New"":7150,""Reason"":3}"
34700327,"{""Old"":7152,""New"":7154,""Reason"":3}"
34700327,"{""Old"":7361,""New"":7363,""Reason"":3}"
86580266,"{""Old"":586,""New"":588,""Reason"":3}"
45672798,"{""Old"":609,""New"":611,""Reason"":3}"
62872104,"{""Old"":3598,""New"":3600,""Reason"":3}"
56116279,"{""Old"":2643,""New"":2645,""Reason"":3}"
45672798,"{""Old"":604,""New"":606,""Reason"":3}"
38715493,"{""Old"":352,""New"":354,""Reason"":3}"
34658028,"{""Old"":16,""New"":26,""Reason"":3}"
34700327,"{""Old"":7261,""New"":7271,""Reason"":3}"
73782157,"{""Old"":1108,""New"":1110,""Reason"":3}"
86580266,"{""Old"":618,""New"":620,""Reason"":3}"
86580266,"{""Old"":608,""New"":618,""Reason"":3}"
45672798,"{""Old"":607,""New"":609,""Reason"":3}"
38715493,"{""Old"":356,""New"":358,""Reason"":3}"
86580266,"{""Old"":603,""New"":605,""Reason"":3}"
73646526,"{""Old"":2147,""New"":2149,""Reason"":3}"
38715493,"{""Old"":344,""New"":348,""Reason"":3}"
45672798,"{""Old"":599,""New"":601,""Reason"":3}"
38715493,"{""Old"":354,""New"":356,""Reason"":3}"
73646526,"{""Old"":2155,""New"":2157,""Reason"":3}"
56116279,"{""Old"":2645,""New"":2647,""Reason"":3}"
73782157,"{""Old"":1147,""New"":1149,""Reason"":3}"
73782157,"{""Old"":1073,""New"":1075,""Reason"":3}"
73782157,"{""Old"":1162,""New"":1164,""Reason"":3}"
34700327,"{""Old"":7436,""New"":7438,""Reason"":3}"
44926576,"{""Old"":504,""New"":506,""Reason"":3}"
58212824,"{""Old"":898,""New"":900,""Reason"":3}"
44926576,"{""Old"":526,""New"":528,""Reason"":3}"
34700327,"{""Old"":7337,""New"":7339,""Reason"":3}"
62872104,"{""Old"":3594,""New"":3596,""Reason"":3}"
62872104,"{""Old"":3602,""New"":3604,""Reason"":3}"
34700327,"{""Old"":7069,""New"":7071,""Reason"":3}"
73782157,"{""Old"":1152,""New"":1162,""Reason"":3}"
44926576,"{""Old"":507,""New"":509,""Reason"":3}"
45417369,"{""Old"":297,""New"":299,""Reason"":3}"
34700327,"{""Old"":7329,""New"":7331,""Reason"":3}"
34700327,"{""Old"":7392,""New"":7394,""Reason"":3}"
34700327,"{""Old"":7154,""New"":7156,""Reason"":3}"
34700327,"{""Old"":7356,""New"":7358,""Reason"":3}"
34700327,"{""Old"":7445,""New"":7447,""Reason"":3}"
73782157,"{""Old"":1089,""New"":1091,""Reason"":3}"
34700327,"{""Old"":7358,""New"":7360,""Reason"":3}"
34700327,"{""Old"":7162,""New"":7166,""Reason"":3}"
34700327,"{""Old"":7411,""New"":7421,""Reason"":3}"
58212824,"{""Old"":924,""New"":926,""Reason"":3}"
62872104,"{""Old"":3604,""New"":3606,""Reason"":3}"
34700327,"{""Old"":7216,""New"":7218,""Reason"":3}"
34700327,"{""Old"":7363,""New"":7365,""Reason"":3}"
58212824,"{""Old"":916,""New"":918,""Reason"":3}"
58212824,"{""Old"":922,""New"":924,""Reason"":3}"
58212824,"{""Old"":890,""New"":892,""Reason"":3}"
34700327,"{""Old"":7335,""New"":7337,""Reason"":3}"
44926576,"{""Old"":509,""New"":511,""Reason"":3}"
73782157,"{""Old"":1165,""New"":1167,""Reason"":3}"
34700327,"{""Old"":7158,""New"":7160,""Reason"":3}"
34700327,"{""Old"":7259,""New"":7261,""Reason"":3}"
58212824,"{""Old"":883,""New"":887,""Reason"":3}"
58212824,"{""Old"":875,""New"":877,""Reason"":3}"
58212824,"{""Old"":881,""New"":883,""Reason"":3}"
34700327,"{""Old"":7382,""New"":7386,""Reason"":3}"
44926576,"{""Old"":524,""New"":526,""Reason"":3}"
58212824,"{""Old"":920,""New"":922,""Reason"":3}"
34700327,"{""Old"":7218,""New"":7220,""Reason"":3}"
34700327,"{""Old"":7390,""New"":7392,""Reason"":3}"
44926576,"{""Old"":519,""New"":521,""Reason"":3}"
34700327,"{""Old"":7296,""New"":7298,""Reason"":3}"
34700327,"{""Old"":7156,""New"":7158,""Reason"":3}"
34700327,"{""Old"":7222,""New"":7224,""Reason"":3}"
34700327,"{""Old"":7405,""New"":7407,""Reason"":3}"
62872104,"{""Old"":3600,""New"":3602,""Reason"":3}"
34700327,"{""Old"":7333,""New"":7335,""Reason"":3}"
34700327,"{""Old"":7400,""New"":7402,""Reason"":3}"
34700327,"{""Old"":7339,""New"":7341,""Reason"":3}"
58212824,"{""Old"":893,""New"":895,""Reason"":3}"
34700327,"{""Old"":6984,""New"":6986,""Reason"":3}"
34700327,"{""Old"":7071,""New"":7073,""Reason"":3}"
73782157,"{""Old"":1057,""New"":1059,""Reason"":3}"
44926576,"{""Old"":502,""New"":504,""Reason"":3}"
44926576,"{""Old"":528,""New"":530,""Reason"":3}"
34700327,"{""Old"":7428,""New"":7430,""Reason"":3}"
44926576,"{""Old"":517,""New"":519,""Reason"":3}"
34700327,"{""Old"":7421,""New"":7423,""Reason"":3}"
73782157,"{""Old"":1126,""New"":1128,""Reason"":3}"
34700327,"{""Old"":7367,""New"":7369,""Reason"":3}"
58212824,"{""Old"":877,""New"":879,""Reason"":3}"
34700327,"{""Old"":7447,""New"":7449,""Reason"":3}"
34700327,"{""Old"":7327,""New"":7329,""Reason"":3}"
62872104,"{""Old"":3596,""New"":3598,""Reason"":3}"
58212824,"{""Old"":918,""New"":920,""Reason"":3}"
34700327,"{""Old"":7063,""New"":7065,""Reason"":3}"
34700327,"{""Old"":7067,""New"":7069,""Reason"":3}"
34700327,"{""Old"":7423,""New"":7425,""Reason"":3}"
58212824,"{""Old"":879,""New"":881,""Reason"":3}"
58212824,"{""Old"":888,""New"":890,""Reason"":3}"
34700327,"{""Old"":7376,""New"":7378,""Reason"":3}"
73782157,"{""Old"":1087,""New"":1089,""Reason"":3}"
34700327,"{""Old"":7150,""New"":7152,""Reason"":3}"
34700327,"{""Old"":7449,""New"":7459,""Reason"":3}"
34700327,"{""Old"":7065,""New"":7067,""Reason"":3}"
58212824,"{""Old"":901,""New"":903,""Reason"":3}"
58212824,"{""Old"":895,""New"":897,""Reason"":3}"
34700327,"{""Old"":7460,""New"":7470,""Reason"":3}"
73782157,"{""Old"":1063,""New"":1073,""Reason"":3}"
45331910,"{""Old"":668,""New"":670,""Reason"":3}"
73782157,"{""Old"":1167,""New"":1169,""Reason"":3}"
73782157,"{""Old"":1093,""New"":1095,""Reason"":3}"
73782157,"{""Old"":1141,""New"":1143,""Reason"":3}"
73782157,"{""Old"":1170,""New"":1172,""Reason"":3}"
45548775,"{""Old"":2312,""New"":2314,""Reason"":3}"
22438308,"{""Old"":80388,""New"":80398,""Reason"":3}"
22438308,"{""Old"":80398,""New"":80400,""Reason"":3}"
22438308,"{""Old"":80286,""New"":80288,""Reason"":3}"
8883313,"{""Old"":15334,""New"":15336,""Reason"":3}"
45629654,"{""Old"":321,""New"":323,""Reason"":3}"
46604522,"{""Old"":3217,""New"":3227,""Reason"":3}"
46604522,"{""Old"":3247,""New"":3267,""Reason"":3}"
46604522,"{""Old"":3777,""New"":3787,""Reason"":3}"
46604522,"{""Old"":3491,""New"":3501,""Reason"":3}"
73474771,"{""Old"":84413,""New"":84423,""Reason"":3}"
73474771,"{""Old"":83924,""New"":83926,""Reason"":3}"
31952856,"{""Old"":4903,""New"":4913,""Reason"":3}"
31952856,"{""Old"":3027,""New"":3037,""Reason"":3}"
46604522,"{""Old"":3227,""New"":3237,""Reason"":3}"
31952856,"{""Old"":4688,""New"":4690,""Reason"":3}"
79304128,"{""Old"":190,""New"":192,""Reason"":3}"
82222467,"{""Old"":634,""New"":636,""Reason"":3}"
82222467,"{""Old"":703,""New"":705,""Reason"":3}"
82222467,"{""Old"":752,""New"":754,""Reason"":3}"
82222467,"{""Old"":889,""New"":891,""Reason"":3}"
82222467,"{""Old"":950,""New"":952,""Reason"":3}"
82222467,"{""Old"":970,""New"":972,""Reason"":3}"
73474771,"{""Old"":83684,""New"":83686,""Reason"":3}"
76226595,"{""Old"":2099,""New"":2101,""Reason"":3}"
76226595,"{""Old"":2161,""New"":2163,""Reason"":3}"
76226595,"{""Old"":2179,""New"":2181,""Reason"":3}"
76226595,"{""Old"":2036,""New"":2038,""Reason"":3}"
8159597,"{""Old"":39441,""New"":39461,""Reason"":3}"
43207454,"{""Old"":1963,""New"":1965,""Reason"":3}"
75330447,"{""Old"":1448,""New"":1450,""Reason"":3}"
8980498,"{""Old"":693,""New"":695,""Reason"":3}"
8980498,"{""Old"":744,""New"":746,""Reason"":3}"
8980498,"{""Old"":732,""New"":742,""Reason"":3}"
206940270,"{""Old"":1105,""New"":1115,""Reason"":3}"
8980498,"{""Old"":648,""New"":650,""Reason"":3}"
17171480,"{""Old"":9631,""New"":9633,""Reason"":3}"
83456158,"{""Old"":169,""New"":171,""Reason"":3}"
82629288,"{""Old"":6784,""New"":6794,""Reason"":3}"
3977558,"{""Old"":2007,""New"":2009,""Reason"":3}"
8980498,"{""Old"":665,""New"":667,""Reason"":3}"
8980498,"{""Old"":662,""New"":664,""Reason"":3}"
35358256,"{""Old"":890,""New"":892,""Reason"":3}"
35358256,"{""Old"":918,""New"":920,""Reason"":3}"
25225869,"{""Old"":10811,""New"":10821,""Reason"":3}"
31351467,"{""Old"":260,""New"":262,""Reason"":3}"
40612006,"{""Old"":596,""New"":606,""Reason"":3}"
19005457,"{""Old"":4628,""New"":4638,""Reason"":3}"
17171480,"{""Old"":9635,""New"":9637,""Reason"":3}"
23073231,"{""Old"":2091,""New"":2093,""Reason"":3}"
23073231,"{""Old"":2199,""New"":2209,""Reason"":3}"
76226595,"{""Old"":4861,""New"":4863,""Reason"":3}"
53207534,"{""Old"":377,""New"":387,""Reason"":3}"
76226595,"{""Old"":4853,""New"":4855,""Reason"":3}"
37744135,"{""Old"":81128,""New"":81130,""Reason"":3}"
35358256,"{""Old"":909,""New"":911,""Reason"":3}"
38804811,"{""Old"":1821,""New"":1823,""Reason"":3}"
25491019,"{""Old"":110,""New"":112,""Reason"":3}"
25491019,"{""Old"":517,""New"":519,""Reason"":3}"
82629288,"{""Old"":6846,""New"":6856,""Reason"":3}"
62211123,"{""Old"":813,""New"":815,""Reason"":3}"
83456158,"{""Old"":210,""New"":212,""Reason"":3}"
83456158,"{""Old"":212,""New"":214,""Reason"":3}"
62211123,"{""Old"":771,""New"":773,""Reason"":3}"
37744135,"{""Old"":80760,""New"":80762,""Reason"":3}"
23073231,"{""Old"":2167,""New"":2169,""Reason"":3}"
68764292,"{""Old"":3194,""New"":3198,""Reason"":3}"
73474771,"{""Old"":82363,""New"":82365,""Reason"":3}"
73474771,"{""Old"":83028,""New"":83030,""Reason"":3}"
82222467,"{""Old"":788,""New"":790,""Reason"":3}"
82222467,"{""Old"":780,""New"":782,""Reason"":3}"
82222467,"{""Old"":844,""New"":846,""Reason"":3}"
82222467,"{""Old"":846,""New"":848,""Reason"":3}"
82222467,"{""Old"":946,""New"":948,""Reason"":3}"
73474771,"{""Old"":84072,""New"":84074,""Reason"":3}"
73474771,"{""Old"":84297,""New"":84299,""Reason"":3}"
73474771,"{""Old"":84339,""New"":84341,""Reason"":3}"
8815955,"{""Old"":42998,""New"":43028,""Reason"":3}"
23829638,"{""Old"":1899,""New"":1901,""Reason"":3}"
82629288,"{""Old"":7253,""New"":7263,""Reason"":3}"
38804811,"{""Old"":1771,""New"":1773,""Reason"":3}"
76226595,"{""Old"":2153,""New"":2155,""Reason"":3}"
211230900,"{""Old"":64,""New"":66,""Reason"":3}"
8815955,"{""Old"":42684,""New"":42694,""Reason"":3}"
76226595,"{""Old"":2130,""New"":2132,""Reason"":3}"
22035132,"{""Old"":57,""New"":59,""Reason"":3}"
25225869,"{""Old"":3381,""New"":3383,""Reason"":3}"
25225869,"{""Old"":7933,""New"":7943,""Reason"":3}"
25225869,"{""Old"":10414,""New"":10424,""Reason"":3}"
25225869,"{""Old"":6586,""New"":6596,""Reason"":3}"
22438308,"{""Old"":80439,""New"":80441,""Reason"":3}"
45548775,"{""Old"":2242,""New"":2244,""Reason"":3}"
45548775,"{""Old"":2180,""New"":2182,""Reason"":3}"
45548775,"{""Old"":2295,""New"":2297,""Reason"":3}"
45469827,"{""Old"":4788,""New"":4790,""Reason"":3}"
40871687,"{""Old"":727,""New"":729,""Reason"":3}"
65596150,"{""Old"":371,""New"":373,""Reason"":3}"
65596150,"{""Old"":361,""New"":371,""Reason"":3}"
84238642,"{""Old"":1505,""New"":1507,""Reason"":3}"
8883313,"{""Old"":15456,""New"":15458,""Reason"":3}"
45629654,"{""Old"":300,""New"":304,""Reason"":3}"
31952856,"{""Old"":2535,""New"":2539,""Reason"":3}"
31952856,"{""Old"":2938,""New"":2940,""Reason"":3}"
201981039,"{""Old"":385,""New"":387,""Reason"":3}"
46604522,"{""Old"":3851,""New"":3871,""Reason"":3}"
46604522,"{""Old"":3237,""New"":3247,""Reason"":3}"
71253075,"{""Old"":1030,""New"":1032,""Reason"":3}"
8883313,"{""Old"":15367,""New"":15369,""Reason"":3}"
37744135,"{""Old"":81124,""New"":81126,""Reason"":3}"
6980304,"{""Old"":700,""New"":702,""Reason"":3}"
25491019,"{""Old"":840,""New"":842,""Reason"":3}"
25491019,"{""Old"":898,""New"":900,""Reason"":3}"
24196485,"{""Old"":53182,""New"":53192,""Reason"":3}"
11534557,"{""Old"":652142,""New"":652152,""Reason"":3}"
25491019,"{""Old"":373,""New"":375,""Reason"":3}"
25491019,"{""Old"":386,""New"":388,""Reason"":3}"
25491019,"{""Old"":843,""New"":845,""Reason"":3}"
25491019,"{""Old"":913,""New"":915,""Reason"":3}"
25491019,"{""Old"":968,""New"":970,""Reason"":3}"
25491019,"{""Old"":900,""New"":904,""Reason"":3}"
84386547,"{""Old"":794,""New"":796,""Reason"":3}"
34115204,"{""Old"":1286,""New"":1288,""Reason"":3}"
83456158,"{""Old"":218,""New"":220,""Reason"":3}"
6454041,"{""Old"":217013,""New"":217015,""Reason"":3}"
46604522,"{""Old"":3841,""New"":3851,""Reason"":3}"
46604522,"{""Old"":3697,""New"":3707,""Reason"":3}"
31952856,"{""Old"":2045,""New"":2047,""Reason"":3}"
71253075,"{""Old"":1032,""New"":1034,""Reason"":3}"
31952856,"{""Old"":4560,""New"":4570,""Reason"":3}"
31952856,"{""Old"":4576,""New"":4578,""Reason"":3}"
31952856,"{""Old"":4686,""New"":4688,""Reason"":3}"
31952856,"{""Old"":3500,""New"":3502,""Reason"":3}"
31952856,"{""Old"":4238,""New"":4240,""Reason"":3}"
31952856,"{""Old"":4367,""New"":4369,""Reason"":3}"
45629654,"{""Old"":162,""New"":164,""Reason"":3}"
201981039,"{""Old"":272,""New"":274,""Reason"":3}"
201981039,"{""Old"":448,""New"":450,""Reason"":3}"
45629654,"{""Old"":315,""New"":317,""Reason"":3}"
57411895,"{""Old"":3615,""New"":3617,""Reason"":3}"
14597583,"{""Old"":73835,""New"":73837,""Reason"":3}"
8815955,"{""Old"":42036,""New"":42046,""Reason"":3}"
23829638,"{""Old"":763,""New"":765,""Reason"":3}"
23829638,"{""Old"":891,""New"":893,""Reason"":3}"
43207454,"{""Old"":1961,""New"":1963,""Reason"":3}"
43207454,"{""Old"":1969,""New"":1971,""Reason"":3}"
87080912,"{""Old"":891,""New"":893,""Reason"":3}"
87080912,"{""Old"":893,""New"":895,""Reason"":3}"
34592975,"{""Old"":2277,""New"":2279,""Reason"":3}"
34592975,"{""Old"":2077,""New"":2079,""Reason"":3}"
25225869,"{""Old"":10711,""New"":10713,""Reason"":3}"
25225869,"{""Old"":7847,""New"":7857,""Reason"":3}"
25225869,"{""Old"":2946,""New"":2948,""Reason"":3}"
25225869,"{""Old"":10534,""New"":10544,""Reason"":3}"
14358374,"{""Old"":1053,""New"":1063,""Reason"":3}"
25225869,"{""Old"":10831,""New"":10833,""Reason"":3}"
25225869,"{""Old"":6506,""New"":6516,""Reason"":3}"
25225869,"{""Old"":6576,""New"":6586,""Reason"":3}"
34592975,"{""Old"":2302,""New"":2304,""Reason"":3}"
76226595,"{""Old"":4744,""New"":4746,""Reason"":3}"
76226595,"{""Old"":4814,""New"":4816,""Reason"":3}"
37744135,"{""Old"":81134,""New"":81136,""Reason"":3}"
76226595,"{""Old"":4863,""New"":4865,""Reason"":3}"
37744135,"{""Old"":81132,""New"":81134,""Reason"":3}"
37744135,"{""Old"":81148,""New"":81150,""Reason"":3}"
37744135,"{""Old"":80323,""New"":80325,""Reason"":3}"
37744135,"{""Old"":81130,""New"":81132,""Reason"":3}"
76226595,"{""Old"":4661,""New"":4665,""Reason"":3}"
76226595,"{""Old"":4882,""New"":4884,""Reason"":3}"
4861422,"{""Old"":3571,""New"":3581,""Reason"":3}"
11534557,"{""Old"":652584,""New"":652594,""Reason"":3}"
11534557,"{""Old"":652614,""New"":652634,""Reason"":3}"
25491019,"{""Old"":193,""New"":195,""Reason"":3}"
25491019,"{""Old"":459,""New"":461,""Reason"":3}"
82629288,"{""Old"":7067,""New"":7069,""Reason"":3}"
82629288,"{""Old"":7495,""New"":7497,""Reason"":3}"
82629288,"{""Old"":6961,""New"":6971,""Reason"":3}"
8638645,"{""Old"":513,""New"":515,""Reason"":3}"
53950953,"{""Old"":1167,""New"":1169,""Reason"":3}"
53950953,"{""Old"":1522,""New"":1524,""Reason"":3}"
33024369,"{""Old"":1248,""New"":1250,""Reason"":3}"
71253075,"{""Old"":1004,""New"":1014,""Reason"":3}"
71253075,"{""Old"":1052,""New"":1062,""Reason"":3}"
71253075,"{""Old"":1080,""New"":1082,""Reason"":3}"
3976434,"{""Old"":1667,""New"":1669,""Reason"":3}"
63999387,"{""Old"":311,""New"":313,""Reason"":3}"
71253075,"{""Old"":1095,""New"":1097,""Reason"":3}"
82785902,"{""Old"":83825,""New"":83835,""Reason"":3}"
71253075,"{""Old"":1121,""New"":1123,""Reason"":3}"
71253075,"{""Old"":1064,""New"":1066,""Reason"":3}"
71253075,"{""Old"":1048,""New"":1050,""Reason"":3}"
35358256,"{""Old"":880,""New"":882,""Reason"":3}"
38804811,"{""Old"":1715,""New"":1727,""Reason"":3}"
23829638,"{""Old"":920,""New"":922,""Reason"":3}"
23829638,"{""Old"":973,""New"":975,""Reason"":3}"
38057858,"{""Old"":2303,""New"":2305,""Reason"":3}"
25225869,"{""Old"":4142,""New"":4152,""Reason"":3}"
22365561,"{""Old"":1685,""New"":1687,""Reason"":3}"
83456158,"{""Old"":79,""New"":81,""Reason"":3}"
83456158,"{""Old"":250,""New"":260,""Reason"":3}"
82629288,"{""Old"":7035,""New"":7045,""Reason"":3}"
55843654,"{""Old"":24808,""New"":24812,""Reason"":3}"
8883313,"{""Old"":23047,""New"":23049,""Reason"":3}"
84238642,"{""Old"":1517,""New"":1519,""Reason"":3}"
25225869,"{""Old"":5221,""New"":5231,""Reason"":3}"
25225869,"{""Old"":6876,""New"":6886,""Reason"":3}"
25225869,"{""Old"":4035,""New"":4045,""Reason"":3}"
25225869,"{""Old"":8582,""New"":8592,""Reason"":3}"
25225869,"{""Old"":5346,""New"":5356,""Reason"":3}"
25225869,"{""Old"":6674,""New"":6684,""Reason"":3}"
25225869,"{""Old"":6606,""New"":6616,""Reason"":3}"
25225869,"{""Old"":7712,""New"":7722,""Reason"":3}"
25225869,"{""Old"":7422,""New"":7432,""Reason"":3}"
22538228,"{""Old"":436,""New"":438,""Reason"":3}"
25225869,"{""Old"":6321,""New"":6331,""Reason"":3}"
23829638,"{""Old"":707,""New"":709,""Reason"":3}"
57377221,"{""Old"":553,""New"":555,""Reason"":3}"
79772344,"{""Old"":176,""New"":178,""Reason"":3}"
45548775,"{""Old"":2233,""New"":2235,""Reason"":3}"
42817421,"{""Old"":21365,""New"":21367,""Reason"":3}"
42817421,"{""Old"":21392,""New"":21394,""Reason"":3}"
22438308,"{""Old"":80449,""New"":80459,""Reason"":3}"
75330447,"{""Old"":1238,""New"":1240,""Reason"":3}"
20074257,"{""Old"":1582,""New"":1584,""Reason"":3}"
67962623,"{""Old"":5677,""New"":5679,""Reason"":3}"
79772344,"{""Old"":214,""New"":224,""Reason"":3}"
35933833,"{""Old"":1648,""New"":1652,""Reason"":3}"
4239086,"{""Old"":8560,""New"":8562,""Reason"":3}"
70367218,"{""Old"":1475,""New"":1477,""Reason"":3}"
82629288,"{""Old"":6814,""New"":6824,""Reason"":3}"
23829638,"{""Old"":1419,""New"":1421,""Reason"":3}"
76226595,"{""Old"":2087,""New"":2091,""Reason"":3}"
32281739,"{""Old"":3635,""New"":3637,""Reason"":3}"
23829638,"{""Old"":1495,""New"":1505,""Reason"":3}"
11534557,"{""Old"":651652,""New"":651662,""Reason"":3}"
58866450,"{""Old"":1283,""New"":1285,""Reason"":3}"
58866450,"{""Old"":1313,""New"":1315,""Reason"":3}"
20074257,"{""Old"":1584,""New"":1586,""Reason"":3}"
75330447,"{""Old"":1204,""New"":1208,""Reason"":3}"
68764292,"{""Old"":3188,""New"":3190,""Reason"":3}"
11534557,"{""Old"":652804,""New"":652814,""Reason"":3}"
58866450,"{""Old"":1323,""New"":1325,""Reason"":3}"
23829638,"{""Old"":2361,""New"":2371,""Reason"":3}"
46889967,"{""Old"":40,""New"":42,""Reason"":3}"
84238642,"{""Old"":1484,""New"":1486,""Reason"":3}"
84238642,"{""Old"":1464,""New"":1466,""Reason"":3}"
84238642,"{""Old"":1523,""New"":1525,""Reason"":3}"
82785902,"{""Old"":83576,""New"":83578,""Reason"":3}"
25491019,"{""Old"":381,""New"":383,""Reason"":3}"
79772344,"{""Old"":228,""New"":230,""Reason"":3}"
62211123,"{""Old"":763,""New"":765,""Reason"":3}"
62211123,"{""Old"":878,""New"":880,""Reason"":3}"
62211123,"{""Old"":872,""New"":876,""Reason"":3}"
53950953,"{""Old"":1058,""New"":1060,""Reason"":3}"
53950953,"{""Old"":1291,""New"":1293,""Reason"":3}"
53950953,"{""Old"":1572,""New"":1574,""Reason"":3}"
42817421,"{""Old"":21507,""New"":21517,""Reason"":3}"
42817421,"{""Old"":21726,""New"":21736,""Reason"":3}"
42817421,"{""Old"":21616,""New"":21618,""Reason"":3}"
75330447,"{""Old"":1597,""New"":1601,""Reason"":3}"
42817421,"{""Old"":21174,""New"":21176,""Reason"":3}"
9458438,"{""Old"":968,""New"":978,""Reason"":3}"
57301053,"{""Old"":355,""New"":359,""Reason"":3}"
75330447,"{""Old"":1211,""New"":1213,""Reason"":3}"
67962623,"{""Old"":5653,""New"":5655,""Reason"":3}"
218390057,"{""Old"":363,""New"":365,""Reason"":3}"
82785902,"{""Old"":82793,""New"":82795,""Reason"":3}"
76226595,"{""Old"":2191,""New"":2193,""Reason"":3}"
20074257,"{""Old"":1548,""New"":1550,""Reason"":3}"
20074257,"{""Old"":1564,""New"":1566,""Reason"":3}"
20074257,"{""Old"":1601,""New"":1605,""Reason"":3}"
20074257,"{""Old"":1654,""New"":1656,""Reason"":3}"
42817421,"{""Old"":20917,""New"":20919,""Reason"":3}"
42817421,"{""Old"":21696,""New"":21706,""Reason"":3}"
8873732,"{""Old"":31784,""New"":31786,""Reason"":3}"
46707680,"{""Old"":1510,""New"":1512,""Reason"":3}"
25491019,"{""Old"":867,""New"":869,""Reason"":3}"
25491019,"{""Old"":891,""New"":893,""Reason"":3}"
53950953,"{""Old"":1179,""New"":1181,""Reason"":3}"
53950953,"{""Old"":1285,""New"":1291,""Reason"":3}"
53950953,"{""Old"":1496,""New"":1498,""Reason"":3}"
14358374,"{""Old"":1102,""New"":1104,""Reason"":3}"
8128487,"{""Old"":360,""New"":362,""Reason"":3}"
25225869,"{""Old"":6616,""New"":6626,""Reason"":3}"
25225869,"{""Old"":7412,""New"":7422,""Reason"":3}"
38804811,"{""Old"":1765,""New"":1767,""Reason"":3}"
38804811,"{""Old"":1732,""New"":1734,""Reason"":3}"
38804811,"{""Old"":1816,""New"":1818,""Reason"":3}"
42817421,"{""Old"":20256,""New"":20258,""Reason"":3}"
75330447,"{""Old"":1656,""New"":1658,""Reason"":3}"
75330447,"{""Old"":1701,""New"":1703,""Reason"":3}"
53950953,"{""Old"":897,""New"":899,""Reason"":3}"
8883313,"{""Old"":23140,""New"":23142,""Reason"":3}"
53950953,"{""Old"":1211,""New"":1213,""Reason"":3}"
53950953,"{""Old"":1476,""New"":1478,""Reason"":3}"
58866450,"{""Old"":1289,""New"":1299,""Reason"":3}"
58866450,"{""Old"":1373,""New"":1375,""Reason"":3}"
25491019,"{""Old"":388,""New"":398,""Reason"":3}"
25491019,"{""Old"":711,""New"":713,""Reason"":3}"
42817421,"{""Old"":20102,""New"":20104,""Reason"":3}"
42817421,"{""Old"":20314,""New"":20316,""Reason"":3}"
42817421,"{""Old"":21098,""New"":21100,""Reason"":3}"
42817421,"{""Old"":21272,""New"":21276,""Reason"":3}"
42817421,"{""Old"":21486,""New"":21488,""Reason"":3}"
39412888,"{""Old"":19307,""New"":19309,""Reason"":3}"
39412888,"{""Old"":19454,""New"":19456,""Reason"":3}"
39412888,"{""Old"":19794,""New"":19796,""Reason"":3}"
39412888,"{""Old"":19784,""New"":19786,""Reason"":3}"
57301053,"{""Old"":359,""New"":361,""Reason"":3}"
39412888,"{""Old"":19542,""New"":19544,""Reason"":3}"
75330447,"{""Old"":1650,""New"":1652,""Reason"":3}"
45548775,"{""Old"":2345,""New"":2347,""Reason"":3}"
39412888,"{""Old"":19782,""New"":19784,""Reason"":3}"
39412888,"{""Old"":20099,""New"":20101,""Reason"":3}"
75330447,"{""Old"":1260,""New"":1262,""Reason"":3}"
7937154,"{""Old"":218,""New"":220,""Reason"":3}"
79776397,"{""Old"":320,""New"":322,""Reason"":3}"
42817421,"{""Old"":21517,""New"":21519,""Reason"":3}"
42817421,"{""Old"":19992,""New"":19994,""Reason"":3}"
42817421,"{""Old"":21164,""New"":21166,""Reason"":3}"
9458438,"{""Old"":978,""New"":980,""Reason"":3}"
20074257,"{""Old"":1546,""New"":1548,""Reason"":3}"
73578276,"{""Old"":350,""New"":352,""Reason"":3}"
39412888,"{""Old"":19715,""New"":19717,""Reason"":3}"
42817421,"{""Old"":20100,""New"":20102,""Reason"":3}"
42817421,"{""Old"":21586,""New"":21596,""Reason"":3}"
42817421,"{""Old"":20530,""New"":20532,""Reason"":3}"
42817421,"{""Old"":21334,""New"":21336,""Reason"":3}"
42817421,"{""Old"":21520,""New"":21530,""Reason"":3}"
76226595,"{""Old"":2060,""New"":2062,""Reason"":3}"
53950953,"{""Old"":1139,""New"":1141,""Reason"":3}"
53950953,"{""Old"":1298,""New"":1300,""Reason"":3}"
53950953,"{""Old"":1355,""New"":1357,""Reason"":3}"
53950953,"{""Old"":1050,""New"":1052,""Reason"":3}"
53950953,"{""Old"":1432,""New"":1434,""Reason"":3}"
53950953,"{""Old"":1024,""New"":1026,""Reason"":3}"
53950953,"{""Old"":1169,""New"":1171,""Reason"":3}"
53950953,"{""Old"":1225,""New"":1227,""Reason"":3}"
53950953,"{""Old"":1359,""New"":1361,""Reason"":3}"
53950953,"{""Old"":1420,""New"":1422,""Reason"":3}"
53950953,"{""Old"":1253,""New"":1255,""Reason"":3}"
53950953,"{""Old"":1518,""New"":1520,""Reason"":3}"
53950953,"{""Old"":1536,""New"":1538,""Reason"":3}"
53950953,"{""Old"":1554,""New"":1556,""Reason"":3}"
53950953,"{""Old"":1588,""New"":1590,""Reason"":3}"
53950953,"{""Old"":1048,""New"":1050,""Reason"":3}"
53950953,"{""Old"":1074,""New"":1076,""Reason"":3}"
53950953,"{""Old"":1237,""New"":1239,""Reason"":3}"
53950953,"{""Old"":1343,""New"":1345,""Reason"":3}"
61452615,"{""Old"":1882,""New"":1896,""Reason"":3}"
34592975,"{""Old"":2184,""New"":2186,""Reason"":3}"
75330447,"{""Old"":1646,""New"":1650,""Reason"":3}"
75330447,"{""Old"":1667,""New"":1677,""Reason"":3}"
39412888,"{""Old"":19659,""New"":19661,""Reason"":3}"
39412888,"{""Old"":19723,""New"":19725,""Reason"":3}"
42817421,"{""Old"":20576,""New"":20578,""Reason"":3}"
42817421,"{""Old"":21394,""New"":21396,""Reason"":3}"
42817421,"{""Old"":20322,""New"":20324,""Reason"":3}"
42817421,"{""Old"":20320,""New"":20322,""Reason"":3}"
42817421,"{""Old"":20556,""New"":20558,""Reason"":3}"
42817421,"{""Old"":21160,""New"":21164,""Reason"":3}"
80151769,"{""Old"":1843,""New"":1845,""Reason"":3}"
25491019,"{""Old"":970,""New"":972,""Reason"":3}"
25491019,"{""Old"":995,""New"":997,""Reason"":3}"
53950953,"{""Old"":1137,""New"":1139,""Reason"":3}"
53950953,"{""Old"":1598,""New"":1600,""Reason"":3}"
53950953,"{""Old"":1231,""New"":1233,""Reason"":3}"
53950953,"{""Old"":921,""New"":931,""Reason"":3}"
53950953,"{""Old"":1544,""New"":1546,""Reason"":3}"
53950953,"{""Old"":1606,""New"":1608,""Reason"":3}"
8883313,"{""Old"":23133,""New"":23139,""Reason"":3}"
55843654,"{""Old"":24796,""New"":24798,""Reason"":3}"
55843654,"{""Old"":24824,""New"":24826,""Reason"":3}"
8883313,"{""Old"":22956,""New"":22958,""Reason"":3}"
8883313,"{""Old"":23012,""New"":23016,""Reason"":3}"
8883313,"{""Old"":22807,""New"":22809,""Reason"":3}"
55843654,"{""Old"":24842,""New"":24844,""Reason"":3}"
8883313,"{""Old"":22952,""New"":22954,""Reason"":3}"
25491019,"{""Old"":542,""New"":544,""Reason"":3}"
25491019,"{""Old"":598,""New"":600,""Reason"":3}"
27338372,"{""Old"":28,""New"":30,""Reason"":3}"
46817988,"{""Old"":986,""New"":990,""Reason"":3}"
39412888,"{""Old"":20115,""New"":20117,""Reason"":3}"
39412888,"{""Old"":20105,""New"":20107,""Reason"":3}"
39412888,"{""Old"":19668,""New"":19670,""Reason"":3}"
39412888,"{""Old"":20061,""New"":20063,""Reason"":3}"
39412888,"{""Old"":20210,""New"":20212,""Reason"":3}"
39412888,"{""Old"":19546,""New"":19548,""Reason"":3}"
42817421,"{""Old"":20574,""New"":20576,""Reason"":3}"
39412888,"{""Old"":19844,""New"":19846,""Reason"":3}"
39412888,"{""Old"":20208,""New"":20210,""Reason"":3}"
46817988,"{""Old"":1106,""New"":1108,""Reason"":3}"
75330447,"{""Old"":1186,""New"":1188,""Reason"":3}"
39412888,"{""Old"":19768,""New"":19770,""Reason"":3}"
39412888,"{""Old"":19538,""New"":19542,""Reason"":3}"
39412888,"{""Old"":19959,""New"":19961,""Reason"":3}"
38804811,"{""Old"":1779,""New"":1781,""Reason"":3}"
85015740,"{""Old"":46,""New"":48,""Reason"":3}"
42402836,"{""Old"":276,""New"":278,""Reason"":3}"
6634097,"{""Old"":189,""New"":191,""Reason"":3}"
25491019,"{""Old"":600,""New"":602,""Reason"":3}"
25491019,"{""Old"":287,""New"":289,""Reason"":3}"
25491019,"{""Old"":307,""New"":309,""Reason"":3}"
58866450,"{""Old"":1271,""New"":1273,""Reason"":3}"
58866450,"{""Old"":1359,""New"":1361,""Reason"":3}"
58866450,"{""Old"":1301,""New"":1303,""Reason"":3}"
82785902,"{""Old"":83450,""New"":83452,""Reason"":3}"
65596150,"{""Old"":355,""New"":359,""Reason"":3}"
46817988,"{""Old"":1030,""New"":1040,""Reason"":3}"
46817988,"{""Old"":1043,""New"":1045,""Reason"":3}"
46817988,"{""Old"":1094,""New"":1096,""Reason"":3}"
8873732,"{""Old"":31788,""New"":31790,""Reason"":3}"
20074257,"{""Old"":1605,""New"":1607,""Reason"":3}"
39412888,"{""Old"":19438,""New"":19444,""Reason"":3}"
39412888,"{""Old"":19733,""New"":19737,""Reason"":3}"
75330447,"{""Old"":1266,""New"":1268,""Reason"":3}"
16075204,"{""Old"":304,""New"":306,""Reason"":3}"
58866450,"{""Old"":1315,""New"":1317,""Reason"":3}"
58866450,"{""Old"":1275,""New"":1277,""Reason"":3}"
45310161,"{""Old"":945,""New"":947,""Reason"":3}"
218972480,"{""Old"":491,""New"":493,""Reason"":3}"
58866450,"{""Old"":1363,""New"":1373,""Reason"":3}"
79878389,"{""Old"":165,""New"":167,""Reason"":3}"
25225869,"{""Old"":10374,""New"":10384,""Reason"":3}"
75899123,"{""Old"":1824,""New"":1834,""Reason"":3}"
58164604,"{""Old"":615,""New"":619,""Reason"":3}"
58164604,"{""Old"":619,""New"":621,""Reason"":3}"
58164604,"{""Old"":623,""New"":625,""Reason"":3}"
25491019,"{""Old"":934,""New"":936,""Reason"":3}"
25491019,"{""Old"":491,""New"":493,""Reason"":3}"
25491019,"{""Old"":825,""New"":827,""Reason"":3}"
25491019,"{""Old"":849,""New"":859,""Reason"":3}"
25491019,"{""Old"":917,""New"":919,""Reason"":3}"
25491019,"{""Old"":759,""New"":761,""Reason"":3}"
46817988,"{""Old"":1051,""New"":1053,""Reason"":3}"
46817988,"{""Old"":1067,""New"":1069,""Reason"":3}"
46817988,"{""Old"":1069,""New"":1071,""Reason"":3}"
75330447,"{""Old"":1658,""New"":1660,""Reason"":3}"
75330447,"{""Old"":1654,""New"":1656,""Reason"":3}"
42817421,"{""Old"":21618,""New"":21620,""Reason"":3}"
42817421,"{""Old"":20312,""New"":20314,""Reason"":3}"
42817421,"{""Old"":21303,""New"":21305,""Reason"":3}"
42817421,"{""Old"":21330,""New"":21332,""Reason"":3}"
75330447,"{""Old"":1681,""New"":1691,""Reason"":3}"
75330447,"{""Old"":1148,""New"":1150,""Reason"":3}"
42817421,"{""Old"":19990,""New"":19992,""Reason"":3}"
42817421,"{""Old"":20403,""New"":20405,""Reason"":3}"
42817421,"{""Old"":21214,""New"":21216,""Reason"":3}"
42817421,"{""Old"":21494,""New"":21496,""Reason"":3}"
42817421,"{""Old"":21686,""New"":21696,""Reason"":3}"
42817421,"{""Old"":20310,""New"":20312,""Reason"":3}"
42817421,"{""Old"":20405,""New"":20407,""Reason"":3}"
42817421,"{""Old"":21100,""New"":21102,""Reason"":3}"
42817421,"{""Old"":21166,""New"":21168,""Reason"":3}"
39412888,"{""Old"":19475,""New"":19477,""Reason"":3}"
39412888,"{""Old"":19800,""New"":19802,""Reason"":3}"
39412888,"{""Old"":20159,""New"":20161,""Reason"":3}"
39412888,"{""Old"":19497,""New"":19499,""Reason"":3}"
39412888,"{""Old"":19746,""New"":19748,""Reason"":3}"
39412888,"{""Old"":20075,""New"":20077,""Reason"":3}"
57301053,"{""Old"":367,""New"":369,""Reason"":3}"
42817421,"{""Old"":20504,""New"":20508,""Reason"":3}"
42817421,"{""Old"":21484,""New"":21486,""Reason"":3}"
42817421,"{""Old"":20890,""New"":20892,""Reason"":3}"
42817421,"{""Old"":21241,""New"":21243,""Reason"":3}"
39412888,"{""Old"":19524,""New"":19526,""Reason"":3}"
39412888,"{""Old"":19744,""New"":19746,""Reason"":3}"
39412888,"{""Old"":19748,""New"":19752,""Reason"":3}"
39412888,"{""Old"":19973,""New"":19975,""Reason"":3}"
39412888,"{""Old"":20188,""New"":20190,""Reason"":3}"
42817421,"{""Old"":20351,""New"":20353,""Reason"":3}"
42817421,"{""Old"":21576,""New"":21586,""Reason"":3}"
58164604,"{""Old"":613,""New"":615,""Reason"":3}"
58164604,"{""Old"":647,""New"":649,""Reason"":3}"
46817988,"{""Old"":982,""New"":984,""Reason"":3}"
20074257,"{""Old"":1528,""New"":1530,""Reason"":3}"
46817988,"{""Old"":1080,""New"":1082,""Reason"":3}"
25225869,"{""Old"":5211,""New"":5221,""Reason"":3}"
44659425,"{""Old"":310,""New"":312,""Reason"":3}"
75899123,"{""Old"":1841,""New"":1843,""Reason"":3}"
58164604,"{""Old"":607,""New"":609,""Reason"":3}"
8873732,"{""Old"":31786,""New"":31788,""Reason"":3}"
34592975,"{""Old"":2155,""New"":2157,""Reason"":3}"
34592975,"{""Old"":2239,""New"":2241,""Reason"":3}"
61452615,"{""Old"":1954,""New"":1956,""Reason"":3}"
61452615,"{""Old"":1961,""New"":1971,""Reason"":3}"
34592975,"{""Old"":2045,""New"":2047,""Reason"":3}"
34592975,"{""Old"":2133,""New"":2135,""Reason"":3}"
7833779,"{""Old"":86,""New"":88,""Reason"":3}"
25225869,"{""Old"":6886,""New"":6896,""Reason"":3}"
6634097,"{""Old"":264,""New"":266,""Reason"":3}"
6634097,"{""Old"":280,""New"":282,""Reason"":3}"
58164604,"{""Old"":605,""New"":607,""Reason"":3}"
75835433,"{""Old"":871,""New"":873,""Reason"":3}"
8873732,"{""Old"":31770,""New"":31772,""Reason"":3}"
46817988,"{""Old"":1024,""New"":1026,""Reason"":3}"
42402836,"{""Old"":278,""New"":280,""Reason"":3}"
6634097,"{""Old"":197,""New"":199,""Reason"":3}"
8980498,"{""Old"":750,""New"":752,""Reason"":3}"
4442310,"{""Old"":31,""New"":33,""Reason"":3}"
37621689,"{""Old"":2191,""New"":2201,""Reason"":3}"
61452615,"{""Old"":1938,""New"":1948,""Reason"":3}"
34592975,"{""Old"":2041,""New"":2043,""Reason"":3}"
25225869,"{""Old"":10616,""New"":10626,""Reason"":3}"
25225869,"{""Old"":3272,""New"":3274,""Reason"":3}"
25225869,"{""Old"":4965,""New"":4975,""Reason"":3}"
41823185,"{""Old"":441,""New"":443,""Reason"":3}"
25225869,"{""Old"":3243,""New"":3245,""Reason"":3}"
25225869,"{""Old"":7432,""New"":7442,""Reason"":3}"
25225869,"{""Old"":8766,""New"":8776,""Reason"":3}"
25225869,"{""Old"":6661,""New"":6671,""Reason"":3}"
8128487,"{""Old"":183,""New"":185,""Reason"":3}"
25225869,"{""Old"":10576,""New"":10586,""Reason"":3}"
25225869,"{""Old"":10354,""New"":10364,""Reason"":3}"
8128487,"{""Old"":259,""New"":261,""Reason"":3}"
25225869,"{""Old"":6261,""New"":6271,""Reason"":3}"
8128487,"{""Old"":208,""New"":210,""Reason"":3}"
8128487,"{""Old"":137,""New"":139,""Reason"":3}"
8128487,"{""Old"":366,""New"":368,""Reason"":3}"
25225869,"{""Old"":3451,""New"":3461,""Reason"":3}"
25225869,"{""Old"":6361,""New"":6371,""Reason"":3}"
25225869,"{""Old"":3134,""New"":3136,""Reason"":3}"
25225869,"{""Old"":7467,""New"":7477,""Reason"":3}"
25225869,"{""Old"":8023,""New"":8033,""Reason"":3}"
41823185,"{""Old"":410,""New"":412,""Reason"":3}"
42402836,"{""Old"":270,""New"":272,""Reason"":3}"
6634097,"{""Old"":258,""New"":260,""Reason"":3}"
58882735,"{""Old"":21,""New"":23,""Reason"":3}"
41823185,"{""Old"":439,""New"":441,""Reason"":3}"
41823185,"{""Old"":445,""New"":447,""Reason"":3}"
25225869,"{""Old"":10554,""New"":10564,""Reason"":3}"
25225869,"{""Old"":10586,""New"":10596,""Reason"":3}"
25225869,"{""Old"":8633,""New"":8643,""Reason"":3}"
36282525,"{""Old"":29,""New"":31,""Reason"":3}"
25225869,"{""Old"":6056,""New"":6066,""Reason"":3}"
25225869,"{""Old"":3204,""New"":3206,""Reason"":3}"
25225869,"{""Old"":3383,""New"":3385,""Reason"":3}"
25225869,"{""Old"":4500,""New"":4510,""Reason"":3}"
25225869,"{""Old"":7567,""New"":7577,""Reason"":3}"
25225869,"{""Old"":7627,""New"":7647,""Reason"":3}"
25225869,"{""Old"":8305,""New"":8315,""Reason"":3}"
25225869,"{""Old"":8445,""New"":8455,""Reason"":3}"
62293641,"{""Old"":383,""New"":385,""Reason"":3}"
62293641,"{""Old"":387,""New"":389,""Reason"":3}"
41823185,"{""Old"":399,""New"":401,""Reason"":3}"
6634097,"{""Old"":224,""New"":226,""Reason"":3}"
49833858,"{""Old"":2071,""New"":2073,""Reason"":3}"
75899123,"{""Old"":1723,""New"":1725,""Reason"":3}"
49833858,"{""Old"":2009,""New"":2011,""Reason"":3}"
75899123,"{""Old"":1775,""New"":1777,""Reason"":3}"
75899123,"{""Old"":1747,""New"":1749,""Reason"":3}"
30344310,"{""Old"":18707,""New"":18709,""Reason"":3}"
41823185,"{""Old"":397,""New"":399,""Reason"":3}"
41823185,"{""Old"":448,""New"":450,""Reason"":3}"
49833858,"{""Old"":2101,""New"":2103,""Reason"":3}"
75899123,"{""Old"":1751,""New"":1753,""Reason"":3}"
41823185,"{""Old"":462,""New"":472,""Reason"":3}"
6634097,"{""Old"":210,""New"":212,""Reason"":3}"
6634097,"{""Old"":274,""New"":276,""Reason"":3}"
6634097,"{""Old"":255,""New"":257,""Reason"":3}"
49833858,"{""Old"":2040,""New"":2042,""Reason"":3}"
75899123,"{""Old"":1742,""New"":1744,""Reason"":3}"
75899123,"{""Old"":1818,""New"":1820,""Reason"":3}"
75899123,"{""Old"":1843,""New"":1845,""Reason"":3}"
49833858,"{""Old"":2089,""New"":2091,""Reason"":3}"
49833858,"{""Old"":2025,""New"":2029,""Reason"":3}"
58164604,"{""Old"":641,""New"":643,""Reason"":3}"
49833858,"{""Old"":2038,""New"":2040,""Reason"":3}"
85015740,"{""Old"":44,""New"":46,""Reason"":3}"
75899123,"{""Old"":1725,""New"":1727,""Reason"":3}"
75899123,"{""Old"":1718,""New"":1720,""Reason"":3}"
75899123,"{""Old"":1773,""New"":1775,""Reason"":3}"
200004383,"{""Old"":4369,""New"":4377,""Reason"":3}"
200004383,"{""Old"":4365,""New"":4369,""Reason"":3}"
218649297,"{""Old"":142,""New"":144,""Reason"":3}"
200004383,"{""Old"":4377,""New"":4381,""Reason"":3}"
200004383,"{""Old"":4381,""New"":4383,""Reason"":3}"
218649297,"{""Old"":132,""New"":142,""Reason"":3}"
13735029,"{""Old"":1537,""New"":1559,""Reason"":3}"
212220520,"{""Old"":40,""New"":42,""Reason"":3}"
13797441,"{""Old"":234,""New"":238,""Reason"":3}"
22464954,"{""Old"":2153,""New"":2155,""Reason"":3}"
13735029,"{""Old"":1587,""New"":1591,""Reason"":3}"
23308512,"{""Old"":1969,""New"":1995,""Reason"":3}"
23308512,"{""Old"":2007,""New"":2013,""Reason"":3}"
23308512,"{""Old"":2023,""New"":2033,""Reason"":3}"
13735029,"{""Old"":1618,""New"":1620,""Reason"":3}"
13797441,"{""Old"":210,""New"":218,""Reason"":3}"
16299030,"{""Old"":157,""New"":159,""Reason"":3}"
28608979,"{""Old"":74,""New"":80,""Reason"":3}"
23053094,"{""Old"":2873,""New"":2883,""Reason"":3}"
23053094,"{""Old"":2839,""New"":2843,""Reason"":3}"
16299030,"{""Old"":153,""New"":157,""Reason"":3}"
16299030,"{""Old"":159,""New"":161,""Reason"":3}"
24790867,"{""Old"":1569,""New"":1571,""Reason"":3}"
13810664,"{""Old"":220,""New"":222,""Reason"":3}"
17308188,"{""Old"":43,""New"":45,""Reason"":3}"
17718449,"{""Old"":50,""New"":58,""Reason"":3}"
24790867,"{""Old"":1541,""New"":1543,""Reason"":3}"
23308512,"{""Old"":1997,""New"":2001,""Reason"":3}"
19006370,"{""Old"":109,""New"":113,""Reason"":3}"
23308512,"{""Old"":2057,""New"":2061,""Reason"":3}"
212220520,"{""Old"":53,""New"":57,""Reason"":3}"
23308512,"{""Old"":1948,""New"":1964,""Reason"":3}"
16869522,"{""Old"":8454,""New"":8456,""Reason"":3}"
24396948,"{""Old"":940,""New"":950,""Reason"":3}"
24396948,"{""Old"":950,""New"":952,""Reason"":3}"
24396948,"{""Old"":921,""New"":939,""Reason"":3}"
17718449,"{""Old"":32,""New"":40,""Reason"":3}"
17718449,"{""Old"":26,""New"":28,""Reason"":3}"
13810664,"{""Old"":206,""New"":220,""Reason"":3}"
200004383,"{""Old"":4383,""New"":4385,""Reason"":3}"
16299030,"{""Old"":161,""New"":163,""Reason"":3}"
23308512,"{""Old"":2014,""New"":2020,""Reason"":3}"
21725040,"{""Old"":701,""New"":709,""Reason"":3}"
21725040,"{""Old"":679,""New"":691,""Reason"":3}"
23308512,"{""Old"":2037,""New"":2051,""Reason"":3}"
13735029,"{""Old"":1616,""New"":1618,""Reason"":3}"
26399013,"{""Old"":841,""New"":843,""Reason"":3}"
17537862,"{""Old"":1030,""New"":1046,""Reason"":3}"
3060792,"{""Old"":837,""New"":845,""Reason"":3}"
17537862,"{""Old"":1074,""New"":1078,""Reason"":3}"
24790867,"{""Old"":1523,""New"":1527,""Reason"":3}"
15640979,"{""Old"":290,""New"":292,""Reason"":3}"
17537862,"{""Old"":1110,""New"":1124,""Reason"":3}"
17537862,"{""Old"":1104,""New"":1108,""Reason"":3}"
17537862,"{""Old"":1079,""New"":1081,""Reason"":3}"
24790867,"{""Old"":1555,""New"":1569,""Reason"":3}"
17718449,"{""Old"":48,""New"":50,""Reason"":3}"
24790867,"{""Old"":1527,""New"":1541,""Reason"":3}"
11201817,"{""Old"":207,""New"":215,""Reason"":3}"
23053094,"{""Old"":2837,""New"":2839,""Reason"":3}"
13495243,"{""Old"":1512,""New"":1516,""Reason"":3}"
11377220,"{""Old"":1477,""New"":1481,""Reason"":3}"
11151437,"{""Old"":57,""New"":59,""Reason"":3}"
21725040,"{""Old"":709,""New"":713,""Reason"":3}"
28830236,"{""Old"":184,""New"":186,""Reason"":3}"
23053094,"{""Old"":2865,""New"":2867,""Reason"":3}"
21971645,"{""Old"":426,""New"":432,""Reason"":3}"
3060792,"{""Old"":846,""New"":848,""Reason"":3}"
15640979,"{""Old"":280,""New"":282,""Reason"":3}"
17537862,"{""Old"":1088,""New"":1104,""Reason"":3}"
13040017,"{""Old"":66,""New"":68,""Reason"":3}"
17537862,"{""Old"":1108,""New"":1110,""Reason"":3}"
3060792,"{""Old"":824,""New"":834,""Reason"":3}"
212220520,"{""Old"":43,""New"":45,""Reason"":3}"
21971645,"{""Old"":438,""New"":444,""Reason"":3}"
24790867,"{""Old"":1571,""New"":1573,""Reason"":3}"
13495243,"{""Old"":1516,""New"":1518,""Reason"":3}"
23845085,"{""Old"":4035,""New"":4037,""Reason"":3}"
28830236,"{""Old"":167,""New"":175,""Reason"":3}"
28830236,"{""Old"":187,""New"":195,""Reason"":3}"
23053094,"{""Old"":2859,""New"":2863,""Reason"":3}"
13797441,"{""Old"":226,""New"":232,""Reason"":3}"
211230900,"{""Old"":501,""New"":505,""Reason"":3}"
19743643,"{""Old"":29,""New"":31,""Reason"":3}"
18703214,"{""Old"":3854,""New"":3860,""Reason"":3}"
24790867,"{""Old"":1517,""New"":1523,""Reason"":3}"
21725040,"{""Old"":691,""New"":701,""Reason"":3}"
20606266,"{""Old"":4387,""New"":4393,""Reason"":3}"
23053094,"{""Old"":2849,""New"":2851,""Reason"":3}"
11201817,"{""Old"":202,""New"":206,""Reason"":3}"
24790867,"{""Old"":1543,""New"":1555,""Reason"":3}"
218649297,"{""Old"":124,""New"":128,""Reason"":3}"
200004383,"{""Old"":4298,""New"":4306,""Reason"":3}"
13591854,"{""Old"":1404,""New"":1416,""Reason"":3}"
200004383,"{""Old"":4312,""New"":4318,""Reason"":3}"
17537862,"{""Old"":1051,""New"":1073,""Reason"":3}"
20523163,"{""Old"":29,""New"":31,""Reason"":3}"
200004383,"{""Old"":4308,""New"":4312,""Reason"":3}"
18002332,"{""Old"":489,""New"":493,""Reason"":3}"
15640979,"{""Old"":293,""New"":297,""Reason"":3}"
217944405,"{""Old"":46938,""New"":46940,""Reason"":3}"
21971645,"{""Old"":434,""New"":436,""Reason"":3}"
32159212,"{""Old"":75,""New"":77,""Reason"":3}"
123569508,"{""Old"":150,""New"":154,""Reason"":3}"
216777856,"{""Old"":32375,""New"":32377,""Reason"":3}"
28830236,"{""Old"":157,""New"":161,""Reason"":3}"
13055333,"{""Old"":406,""New"":408,""Reason"":3}"
211230900,"{""Old"":534,""New"":536,""Reason"":3}"
31369018,"{""Old"":275,""New"":283,""Reason"":3}"
13055333,"{""Old"":398,""New"":404,""Reason"":3}"
23845085,"{""Old"":4003,""New"":4031,""Reason"":3}"
56610746,"{""Old"":2149,""New"":2151,""Reason"":3}"
56610746,"{""Old"":2153,""New"":2177,""Reason"":3}"
56610746,"{""Old"":2137,""New"":2147,""Reason"":3}"
56610746,"{""Old"":2188,""New"":2194,""Reason"":3}"
17537862,"{""Old"":1124,""New"":1134,""Reason"":3}"
10549156,"{""Old"":2904,""New"":2910,""Reason"":3}"
23110191,"{""Old"":1366,""New"":1368,""Reason"":3}"
217944405,"{""Old"":46951,""New"":46959,""Reason"":3}"
19335482,"{""Old"":86,""New"":92,""Reason"":3}"
18153003,"{""Old"":232,""New"":242,""Reason"":3}"
38257905,"{""Old"":4226,""New"":4230,""Reason"":3}"
17718449,"{""Old"":21,""New"":23,""Reason"":3}"
21971645,"{""Old"":413,""New"":419,""Reason"":3}"
20606266,"{""Old"":4377,""New"":4387,""Reason"":3}"
48350939,"{""Old"":1205,""New"":1209,""Reason"":3}"
48350939,"{""Old"":1220,""New"":1222,""Reason"":3}"
7967368,"{""Old"":224,""New"":226,""Reason"":3}"
13591854,"{""Old"":1366,""New"":1382,""Reason"":3}"
211230900,"{""Old"":523,""New"":533,""Reason"":3}"
13735029,"{""Old"":1571,""New"":1575,""Reason"":3}"
13735029,"{""Old"":1620,""New"":1634,""Reason"":3}"
56610746,"{""Old"":2064,""New"":2070,""Reason"":3}"
208549211,"{""Old"":113,""New"":115,""Reason"":3}"
56610746,"{""Old"":2081,""New"":2085,""Reason"":3}"
56610746,"{""Old"":1909,""New"":1917,""Reason"":3}"
38257905,"{""Old"":4238,""New"":4242,""Reason"":3}"
216777856,"{""Old"":32373,""New"":32375,""Reason"":3}"
24196485,"{""Old"":170483,""New"":170487,""Reason"":3}"
217944405,"{""Old"":46943,""New"":46951,""Reason"":3}"
16412828,"{""Old"":166,""New"":168,""Reason"":3}"
22979091,"{""Old"":10385,""New"":10389,""Reason"":3}"
23558709,"{""Old"":236,""New"":238,""Reason"":3}"
20606266,"{""Old"":4393,""New"":4397,""Reason"":3}"
218036052,"{""Old"":16,""New"":18,""Reason"":3}"
82382887,"{""Old"":515,""New"":517,""Reason"":3}"
11377220,"{""Old"":1489,""New"":1491,""Reason"":3}"
31369018,"{""Old"":234,""New"":248,""Reason"":3}"
13735029,"{""Old"":1591,""New"":1595,""Reason"":3}"
32101513,"{""Old"":32,""New"":34,""Reason"":3}"
8167842,"{""Old"":265,""New"":271,""Reason"":3}"
38257905,"{""Old"":4246,""New"":4256,""Reason"":3}"
23399532,"{""Old"":1796,""New"":1800,""Reason"":3}"
18153003,"{""Old"":223,""New"":225,""Reason"":3}"
22979091,"{""Old"":10363,""New"":10371,""Reason"":3}"
22979091,"{""Old"":10345,""New"":10347,""Reason"":3}"
23558709,"{""Old"":634,""New"":654,""Reason"":3}"
216704417,"{""Old"":854,""New"":858,""Reason"":3}"
32027539,"{""Old"":1838,""New"":1842,""Reason"":3}"
121489168,"{""Old"":172,""New"":178,""Reason"":3}"
208549211,"{""Old"":109,""New"":113,""Reason"":3}"
208549211,"{""Old"":100,""New"":106,""Reason"":3}"
13055333,"{""Old"":364,""New"":382,""Reason"":3}"
17679868,"{""Old"":192,""New"":196,""Reason"":3}"
6667137,"{""Old"":1106,""New"":1128,""Reason"":3}"
6667137,"{""Old"":1134,""New"":1136,""Reason"":3}"
18703214,"{""Old"":3860,""New"":3874,""Reason"":3}"
12122284,"{""Old"":448,""New"":450,""Reason"":3}"
23399532,"{""Old"":1775,""New"":1779,""Reason"":3}"
23558709,"{""Old"":395,""New"":419,""Reason"":3}"
23558709,"{""Old"":337,""New"":371,""Reason"":3}"
23558709,"{""Old"":699,""New"":737,""Reason"":3}"
23399532,"{""Old"":1757,""New"":1763,""Reason"":3}"
22979091,"{""Old"":10416,""New"":10426,""Reason"":3}"
20925868,"{""Old"":33,""New"":35,""Reason"":3}"
22979091,"{""Old"":10426,""New"":10440,""Reason"":3}"
38257905,"{""Old"":4256,""New"":4258,""Reason"":3}"
23558709,"{""Old"":624,""New"":634,""Reason"":3}"
23399532,"{""Old"":1763,""New"":1767,""Reason"":3}"
23558709,"{""Old"":678,""New"":680,""Reason"":3}"
22979091,"{""Old"":10373,""New"":10383,""Reason"":3}"
211230900,"{""Old"":506,""New"":508,""Reason"":3}"
13055333,"{""Old"":389,""New"":391,""Reason"":3}"
211230900,"{""Old"":509,""New"":513,""Reason"":3}"
13735029,"{""Old"":1575,""New"":1583,""Reason"":3}"
13040017,"{""Old"":82,""New"":84,""Reason"":3}"
217944405,"{""Old"":46967,""New"":46969,""Reason"":3}"
31369018,"{""Old"":163,""New"":179,""Reason"":3}"
32027539,"{""Old"":1873,""New"":1875,""Reason"":3}"
28830236,"{""Old"":176,""New"":182,""Reason"":3}"
121489168,"{""Old"":180,""New"":184,""Reason"":3}"
24622188,"{""Old"":417,""New"":421,""Reason"":3}"
121534546,"{""Old"":107,""New"":109,""Reason"":3}"
23558709,"{""Old"":654,""New"":670,""Reason"":3}"
23558709,"{""Old"":331,""New"":337,""Reason"":3}"
23399532,"{""Old"":1767,""New"":1769,""Reason"":3}"
10107034,"{""Old"":1407,""New"":1411,""Reason"":3}"
32027539,"{""Old"":1817,""New"":1825,""Reason"":3}"
31369018,"{""Old"":117,""New"":121,""Reason"":3}"
56610746,"{""Old"":2178,""New"":2188,""Reason"":3}"
13055333,"{""Old"":382,""New"":384,""Reason"":3}"
10455434,"{""Old"":204,""New"":210,""Reason"":3}"
17537862,"{""Old"":1136,""New"":1138,""Reason"":3}"
13055333,"{""Old"":385,""New"":387,""Reason"":3}"
17679868,"{""Old"":163,""New"":165,""Reason"":3}"
22979091,"{""Old"":10441,""New"":10443,""Reason"":3}"
38257905,"{""Old"":4242,""New"":4246,""Reason"":3}"
23558709,"{""Old"":292,""New"":298,""Reason"":3}"
23558709,"{""Old"":608,""New"":616,""Reason"":3}"
56652976,"{""Old"":8721,""New"":8743,""Reason"":3}"
121534546,"{""Old"":122,""New"":128,""Reason"":3}"
39230615,"{""Old"":113,""New"":119,""Reason"":3}"
23558709,"{""Old"":552,""New"":558,""Reason"":3}"
210865344,"{""Old"":349,""New"":365,""Reason"":3}"
12122284,"{""Old"":459,""New"":463,""Reason"":3}"
216704417,"{""Old"":850,""New"":852,""Reason"":3}"
216704417,"{""Old"":852,""New"":854,""Reason"":3}"
32027539,"{""Old"":1863,""New"":1873,""Reason"":3}"
32027539,"{""Old"":1849,""New"":1861,""Reason"":3}"
56610746,"{""Old"":1902,""New"":1908,""Reason"":3}"
56610746,"{""Old"":2132,""New"":2134,""Reason"":3}"
6667137,"{""Old"":1136,""New"":1146,""Reason"":3}"
15640979,"{""Old"":275,""New"":277,""Reason"":3}"
35494962,"{""Old"":33493,""New"":33495,""Reason"":3}"
23936740,"{""Old"":32,""New"":38,""Reason"":3}"
10455434,"{""Old"":171,""New"":173,""Reason"":3}"
43788487,"{""Old"":1130,""New"":1134,""Reason"":3}"
19299035,"{""Old"":97,""New"":99,""Reason"":3}"
33904862,"{""Old"":2323,""New"":2327,""Reason"":3}"
10107034,"{""Old"":1391,""New"":1393,""Reason"":3}"
24622188,"{""Old"":428,""New"":434,""Reason"":3}"
23558709,"{""Old"":568,""New"":608,""Reason"":3}"
22979091,"{""Old"":10398,""New"":10414,""Reason"":3}"
23558709,"{""Old"":670,""New"":678,""Reason"":3}"
32101513,"{""Old"":39,""New"":41,""Reason"":3}"
13591854,"{""Old"":1382,""New"":1404,""Reason"":3}"
17679868,"{""Old"":176,""New"":178,""Reason"":3}"
20919576,"{""Old"":86,""New"":92,""Reason"":3}"
80263555,"{""Old"":2491,""New"":2493,""Reason"":3}"
18703214,"{""Old"":3833,""New"":3851,""Reason"":3}"
82069472,"{""Old"":30132,""New"":30232,""Reason"":3}"
56610746,"{""Old"":2094,""New"":2096,""Reason"":3}"
2883013,"{""Old"":324,""New"":336,""Reason"":3}"
56610746,"{""Old"":1797,""New"":1803,""Reason"":3}"
56610746,"{""Old"":1821,""New"":1825,""Reason"":3}"
56610746,"{""Old"":1899,""New"":1901,""Reason"":3}"
56610746,"{""Old"":1780,""New"":1786,""Reason"":3}"
56610746,"{""Old"":2100,""New"":2102,""Reason"":3}"
56610746,"{""Old"":2086,""New"":2088,""Reason"":3}"
24622188,"{""Old"":423,""New"":427,""Reason"":3}"
32105486,"{""Old"":249,""New"":251,""Reason"":3}"
9597825,"{""Old"":18338,""New"":18340,""Reason"":3}"
9597825,"{""Old"":18344,""New"":18368,""Reason"":3}"
43788487,"{""Old"":1127,""New"":1129,""Reason"":3}"
212513991,"{""Old"":59,""New"":63,""Reason"":3}"
23558709,"{""Old"":488,""New"":506,""Reason"":3}"
81423562,"{""Old"":4039,""New"":4045,""Reason"":3}"
218645501,"{""Old"":94,""New"":96,""Reason"":3}"
46112126,"{""Old"":3542,""New"":3642,""Reason"":3}"
15640979,"{""Old"":278,""New"":280,""Reason"":3}"
23308512,"{""Old"":2066,""New"":2090,""Reason"":3}"
82069472,"{""Old"":20548,""New"":20580,""Reason"":3}"
32027539,"{""Old"":1826,""New"":1834,""Reason"":3}"
56610746,"{""Old"":1886,""New"":1888,""Reason"":3}"
17537862,"{""Old"":1134,""New"":1136,""Reason"":3}"
19299035,"{""Old"":100,""New"":102,""Reason"":3}"
23399532,"{""Old"":1779,""New"":1781,""Reason"":3}"
22104347,"{""Old"":88,""New"":90,""Reason"":3}"
31369018,"{""Old"":192,""New"":194,""Reason"":3}"
31369018,"{""Old"":208,""New"":210,""Reason"":3}"
38746584,"{""Old"":2541,""New"":2545,""Reason"":3}"
27837911,"{""Old"":3730,""New"":3732,""Reason"":3}"
23308512,"{""Old"":2063,""New"":2065,""Reason"":3}"
7162798,"{""Old"":105,""New"":109,""Reason"":3}"
17537862,"{""Old"":1138,""New"":1142,""Reason"":3}"
6667137,"{""Old"":1098,""New"":1102,""Reason"":3}"
56906587,"{""Old"":61,""New"":63,""Reason"":3}"
81423562,"{""Old"":4049,""New"":4065,""Reason"":3}"
24622188,"{""Old"":435,""New"":439,""Reason"":3}"
81423562,"{""Old"":4067,""New"":4075,""Reason"":3}"
4586142,"{""Old"":1471,""New"":1485,""Reason"":3}"
35489375,"{""Old"":190,""New"":192,""Reason"":3}"
9597825,"{""Old"":18286,""New"":18312,""Reason"":3}"
53698855,"{""Old"":4577,""New"":4579,""Reason"":3}"
56610746,"{""Old"":1877,""New"":1883,""Reason"":3}"
23308512,"{""Old"":2109,""New"":2113,""Reason"":3}"
82069472,"{""Old"":28374,""New"":28524,""Reason"":3}"
82382887,"{""Old"":517,""New"":519,""Reason"":3}"
17679868,"{""Old"":167,""New"":173,""Reason"":3}"
33904862,"{""Old"":2393,""New"":2395,""Reason"":3}"
15640979,"{""Old"":269,""New"":273,""Reason"":3}"
64785139,"{""Old"":47867,""New"":48971,""Reason"":3}"
56610746,"{""Old"":1813,""New"":1819,""Reason"":3}"
56610746,"{""Old"":2054,""New"":2056,""Reason"":3}"
56610746,"{""Old"":1894,""New"":1896,""Reason"":3}"
56610746,"{""Old"":2074,""New"":2080,""Reason"":3}"
29248240,"{""Old"":986,""New"":990,""Reason"":3}"
29248240,"{""Old"":992,""New"":994,""Reason"":3}"
23558709,"{""Old"":421,""New"":437,""Reason"":3}"
23558709,"{""Old"":616,""New"":624,""Reason"":3}"
12122284,"{""Old"":453,""New"":457,""Reason"":3}"
82069472,"{""Old"":26041,""New"":26283,""Reason"":3}"
82069472,"{""Old"":36166,""New"":36226,""Reason"":3}"
82069472,"{""Old"":24886,""New"":24902,""Reason"":3}"
82069472,"{""Old"":31643,""New"":31803,""Reason"":3}"
8654000,"{""Old"":9843,""New"":9853,""Reason"":3}"
218645501,"{""Old"":105,""New"":111,""Reason"":3}"
216704417,"{""Old"":820,""New"":822,""Reason"":3}"
38746584,"{""Old"":2539,""New"":2541,""Reason"":3}"
22979091,"{""Old"":10349,""New"":10355,""Reason"":3}"
9212364,"{""Old"":149,""New"":151,""Reason"":3}"
32105486,"{""Old"":251,""New"":257,""Reason"":3}"
34642494,"{""Old"":2229,""New"":2233,""Reason"":3}"
35489375,"{""Old"":188,""New"":190,""Reason"":3}"
33904862,"{""Old"":2349,""New"":2351,""Reason"":3}"
9597825,"{""Old"":18336,""New"":18338,""Reason"":3}"
10455434,"{""Old"":187,""New"":201,""Reason"":3}"
46112126,"{""Old"":3502,""New"":3542,""Reason"":3}"
46112126,"{""Old"":3642,""New"":3684,""Reason"":3}"
46112126,"{""Old"":3887,""New"":3897,""Reason"":3}"
7967368,"{""Old"":236,""New"":242,""Reason"":3}"
82069472,"{""Old"":36226,""New"":36256,""Reason"":3}"
32101513,"{""Old"":49,""New"":51,""Reason"":3}"
22464954,"{""Old"":2147,""New"":2149,""Reason"":3}"
64785139,"{""Old"":47863,""New"":47865,""Reason"":3}"
218036052,"{""Old"":32,""New"":34,""Reason"":3}"
123569508,"{""Old"":130,""New"":138,""Reason"":3}"
56652976,"{""Old"":8743,""New"":8753,""Reason"":3}"
22104347,"{""Old"":92,""New"":94,""Reason"":3}"
33904862,"{""Old"":2237,""New"":2257,""Reason"":3}"
33904862,"{""Old"":2257,""New"":2261,""Reason"":3}"
33904862,"{""Old"":2261,""New"":2323,""Reason"":3}"
84788448,"{""Old"":219,""New"":225,""Reason"":3}"
56610746,"{""Old"":1826,""New"":1828,""Reason"":3}"
56610746,"{""Old"":1852,""New"":1872,""Reason"":3}"
56610746,"{""Old"":2117,""New"":2125,""Reason"":3}"
84788448,"{""Old"":225,""New"":231,""Reason"":3}"
33904862,"{""Old"":2351,""New"":2363,""Reason"":3}"
33904862,"{""Old"":2333,""New"":2349,""Reason"":3}"
33904862,"{""Old"":2327,""New"":2333,""Reason"":3}"
9597825,"{""Old"":18264,""New"":18286,""Reason"":3}"
8964050,"{""Old"":845,""New"":873,""Reason"":3}"
8964050,"{""Old"":873,""New"":877,""Reason"":3}"
13735029,"{""Old"":1583,""New"":1587,""Reason"":3}"
22464954,"{""Old"":2134,""New"":2136,""Reason"":3}"
82069472,"{""Old"":28699,""New"":28853,""Reason"":3}"
82069472,"{""Old"":26792,""New"":26874,""Reason"":3}"
82069472,"{""Old"":27668,""New"":27860,""Reason"":3}"
46112126,"{""Old"":3897,""New"":3931,""Reason"":3}"
216704417,"{""Old"":836,""New"":850,""Reason"":3}"
19335482,"{""Old"":69,""New"":77,""Reason"":3}"
7087738,"{""Old"":1908,""New"":1912,""Reason"":3}"
11377220,"{""Old"":1481,""New"":1485,""Reason"":3}"
45632157,"{""Old"":22,""New"":24,""Reason"":3}"
22464954,"{""Old"":2095,""New"":2127,""Reason"":3}"
35494962,"{""Old"":33487,""New"":33489,""Reason"":3}"
44454038,"{""Old"":222,""New"":228,""Reason"":3}"
35494962,"{""Old"":33495,""New"":33499,""Reason"":3}"
46112126,"{""Old"":3170,""New"":3316,""Reason"":3}"
46112126,"{""Old"":3391,""New"":3477,""Reason"":3}"
46112126,"{""Old"":3847,""New"":3887,""Reason"":3}"
22464954,"{""Old"":2149,""New"":2153,""Reason"":3}"
46112126,"{""Old"":2563,""New"":2593,""Reason"":3}"
23558709,"{""Old"":437,""New"":477,""Reason"":3}"
9658942,"{""Old"":178805,""New"":178845,""Reason"":3}"
81423562,"{""Old"":4077,""New"":4091,""Reason"":3}"
32105486,"{""Old"":257,""New"":261,""Reason"":3}"
32105486,"{""Old"":231,""New"":233,""Reason"":3}"
39977184,"{""Old"":108,""New"":110,""Reason"":3}"
34642494,"{""Old"":2205,""New"":2207,""Reason"":3}"
41823185,"{""Old"":721,""New"":743,""Reason"":3}"
28608979,"{""Old"":70,""New"":74,""Reason"":3}"
32105486,"{""Old"":247,""New"":249,""Reason"":3}"
33904862,"{""Old"":2391,""New"":2393,""Reason"":3}"
60982766,"{""Old"":1,""New"":3,""Reason"":3}"
44454038,"{""Old"":233,""New"":239,""Reason"":3}"
82069472,"{""Old"":25421,""New"":25527,""Reason"":3}"
82069472,"{""Old"":26383,""New"":26717,""Reason"":3}"
21635172,"{""Old"":431,""New"":439,""Reason"":3}"
8654000,"{""Old"":9856,""New"":9926,""Reason"":3}"
64785139,"{""Old"":49460,""New"":49462,""Reason"":3}"
2883013,"{""Old"":348,""New"":362,""Reason"":3}"
35494962,"{""Old"":33491,""New"":33493,""Reason"":3}"
46112126,"{""Old"":2693,""New"":2721,""Reason"":3}"
33904862,"{""Old"":2233,""New"":2235,""Reason"":3}"
9597825,"{""Old"":18312,""New"":18336,""Reason"":3}"
81180726,"{""Old"":195,""New"":197,""Reason"":3}"
64785139,"{""Old"":47552,""New"":47572,""Reason"":3}"
23558709,"{""Old"":744,""New"":760,""Reason"":3}"
51009550,"{""Old"":436,""New"":438,""Reason"":3}"
64785139,"{""Old"":47775,""New"":47811,""Reason"":3}"
64785139,"{""Old"":49396,""New"":49400,""Reason"":3}"
72069571,"{""Old"":427,""New"":429,""Reason"":3}"
23399532,"{""Old"":1800,""New"":1804,""Reason"":3}"
10549156,"{""Old"":2890,""New"":2904,""Reason"":3}"
34642494,"{""Old"":2177,""New"":2191,""Reason"":3}"
34642494,"{""Old"":2207,""New"":2227,""Reason"":3}"
56610746,"{""Old"":1920,""New"":1932,""Reason"":3}"
46112126,"{""Old"":3835,""New"":3847,""Reason"":3}"
10455434,"{""Old"":175,""New"":181,""Reason"":3}"
64785139,"{""Old"":49400,""New"":49410,""Reason"":3}"
8654000,"{""Old"":9926,""New"":9936,""Reason"":3}"
28694850,"{""Old"":175,""New"":179,""Reason"":3}"
28694850,"{""Old"":182,""New"":200,""Reason"":3}"
57503448,"{""Old"":978,""New"":984,""Reason"":3}"
31369018,"{""Old"":263,""New"":271,""Reason"":3}"
31369018,"{""Old"":309,""New"":313,""Reason"":3}"
37602413,"{""Old"":1680,""New"":1684,""Reason"":3}"
37602413,"{""Old"":1658,""New"":1680,""Reason"":3}"
64785139,"{""Old"":47692,""New"":47700,""Reason"":3}"
46112126,"{""Old"":3767,""New"":3791,""Reason"":3}"
35489375,"{""Old"":183,""New"":185,""Reason"":3}"
37602413,"{""Old"":1642,""New"":1644,""Reason"":3}"
84788448,"{""Old"":204,""New"":208,""Reason"":3}"
123569508,"{""Old"":140,""New"":144,""Reason"":3}"
82069472,"{""Old"":25152,""New"":25196,""Reason"":3}"
57503448,"{""Old"":873,""New"":877,""Reason"":3}"
39977184,"{""Old"":120,""New"":124,""Reason"":3}"
34642494,"{""Old"":2191,""New"":2205,""Reason"":3}"
4980186,"{""Old"":7763,""New"":8101,""Reason"":3}"
123569508,"{""Old"":148,""New"":150,""Reason"":3}"
84002581,"{""Old"":347,""New"":351,""Reason"":3}"
31369018,"{""Old"":285,""New"":293,""Reason"":3}"
31369018,"{""Old"":295,""New"":309,""Reason"":3}"
81180726,"{""Old"":209,""New"":211,""Reason"":3}"
38746584,"{""Old"":2545,""New"":2547,""Reason"":3}"
33904862,"{""Old"":2379,""New"":2391,""Reason"":3}"
44228252,"{""Old"":2286,""New"":2290,""Reason"":3}"
82069472,"{""Old"":27910,""New"":28074,""Reason"":3}"
56610746,"{""Old"":2104,""New"":2116,""Reason"":3}"
10107034,"{""Old"":1401,""New"":1403,""Reason"":3}"
82069472,"{""Old"":29532,""New"":29732,""Reason"":3}"
17679868,"{""Old"":186,""New"":192,""Reason"":3}"
65821560,"{""Old"":11751,""New"":11753,""Reason"":3}"
64785139,"{""Old"":49511,""New"":49513,""Reason"":3}"
64785139,"{""Old"":47320,""New"":47324,""Reason"":3}"
123569508,"{""Old"":144,""New"":148,""Reason"":3}"
36054287,"{""Old"":82,""New"":86,""Reason"":3}"
28694850,"{""Old"":161,""New"":169,""Reason"":3}"
23558709,"{""Old"":796,""New"":806,""Reason"":3}"
57503448,"{""Old"":1040,""New"":1042,""Reason"":3}"
56652976,"{""Old"":8766,""New"":8776,""Reason"":3}"
57914955,"{""Old"":938,""New"":954,""Reason"":3}"
35489375,"{""Old"":176,""New"":182,""Reason"":3}"
33904862,"{""Old"":2235,""New"":2237,""Reason"":3}"
46112126,"{""Old"":2398,""New"":2408,""Reason"":3}"
23308512,"{""Old"":2091,""New"":2105,""Reason"":3}"
37602413,"{""Old"":1617,""New"":1631,""Reason"":3}"
13735029,"{""Old"":1606,""New"":1616,""Reason"":3}"
64785139,"{""Old"":49507,""New"":49511,""Reason"":3}"
63124439,"{""Old"":16448,""New"":16450,""Reason"":3}"
3393056,"{""Old"":1327,""New"":1341,""Reason"":3}"
22464954,"{""Old"":2139,""New"":2143,""Reason"":3}"
9254415,"{""Old"":53966,""New"":53968,""Reason"":3}"
57503448,"{""Old"":1044,""New"":1046,""Reason"":3}"
7087738,"{""Old"":1903,""New"":1907,""Reason"":3}"
63411683,"{""Old"":205,""New"":207,""Reason"":3}"
39977184,"{""Old"":103,""New"":105,""Reason"":3}"
23308512,"{""Old"":2107,""New"":2109,""Reason"":3}"
46844671,"{""Old"":5824,""New"":5836,""Reason"":3}"
60982766,"{""Old"":16,""New"":18,""Reason"":3}"
56610746,"{""Old"":1947,""New"":1951,""Reason"":3}"
81180726,"{""Old"":246,""New"":250,""Reason"":3}"
38242922,"{""Old"":158,""New"":160,""Reason"":3}"
56610746,"{""Old"":1965,""New"":1979,""Reason"":3}"
8815955,"{""Old"":45823,""New"":45845,""Reason"":3}"
11377220,"{""Old"":1485,""New"":1489,""Reason"":3}"
38124220,"{""Old"":707,""New"":709,""Reason"":3}"
78077845,"{""Old"":463,""New"":467,""Reason"":3}"
82069472,"{""Old"":36126,""New"":36166,""Reason"":3}"
44454038,"{""Old"":328,""New"":332,""Reason"":3}"
36054287,"{""Old"":78,""New"":80,""Reason"":3}"
57503448,"{""Old"":884,""New"":896,""Reason"":3}"
46112126,"{""Old"":3791,""New"":3811,""Reason"":3}"
64785139,"{""Old"":49503,""New"":49507,""Reason"":3}"
58882735,"{""Old"":289,""New"":303,""Reason"":3}"
56652976,"{""Old"":8780,""New"":8802,""Reason"":3}"
72069571,"{""Old"":438,""New"":440,""Reason"":3}"
44228252,"{""Old"":2290,""New"":2296,""Reason"":3}"
43435048,"{""Old"":3,""New"":5,""Reason"":3}"
9597825,"{""Old"":18340,""New"":18344,""Reason"":3}"
82069472,"{""Old"":21140,""New"":21210,""Reason"":3}"
41823185,"{""Old"":772,""New"":784,""Reason"":3}"
44454038,"{""Old"":250,""New"":254,""Reason"":3}"
13735029,"{""Old"":1598,""New"":1606,""Reason"":3}"
60826119,"{""Old"":1489,""New"":1521,""Reason"":3}"
58394729,"{""Old"":207,""New"":215,""Reason"":3}"
64785139,"{""Old"":47488,""New"":47502,""Reason"":3}"
51009550,"{""Old"":447,""New"":455,""Reason"":3}"
53457267,"{""Old"":1383,""New"":1389,""Reason"":3}"
57600953,"{""Old"":191,""New"":193,""Reason"":3}"
46265563,"{""Old"":80,""New"":84,""Reason"":3}"
3393056,"{""Old"":1347,""New"":1349,""Reason"":3}"
57503448,"{""Old"":932,""New"":962,""Reason"":3}"
29248240,"{""Old"":1006,""New"":1020,""Reason"":3}"
56610746,"{""Old"":1835,""New"":1837,""Reason"":3}"
81180726,"{""Old"":238,""New"":246,""Reason"":3}"
31369018,"{""Old"":313,""New"":317,""Reason"":3}"
57914955,"{""Old"":928,""New"":938,""Reason"":3}"
57503448,"{""Old"":1022,""New"":1036,""Reason"":3}"
43617762,"{""Old"":2060,""New"":2062,""Reason"":3}"
23399532,"{""Old"":1783,""New"":1795,""Reason"":3}"
23558709,"{""Old"":766,""New"":778,""Reason"":3}"
56906587,"{""Old"":65,""New"":69,""Reason"":3}"
57503448,"{""Old"":986,""New"":1000,""Reason"":3}"
23558709,"{""Old"":832,""New"":836,""Reason"":3}"
52567168,"{""Old"":204,""New"":206,""Reason"":3}"
57503448,"{""Old"":923,""New"":927,""Reason"":3}"
22464954,"{""Old"":2143,""New"":2147,""Reason"":3}"
37602413,"{""Old"":1634,""New"":1638,""Reason"":3}"
34642494,"{""Old"":2227,""New"":2229,""Reason"":3}"
31369018,"{""Old"":321,""New"":331,""Reason"":3}"
64785139,"{""Old"":49482,""New"":49494,""Reason"":3}"
56610746,"{""Old"":1849,""New"":1851,""Reason"":3}"
21635172,"{""Old"":423,""New"":431,""Reason"":3}"
78077845,"{""Old"":457,""New"":463,""Reason"":3}"
38746584,"{""Old"":2547,""New"":2559,""Reason"":3}"
56610746,"{""Old"":1952,""New"":1960,""Reason"":3}"
56610746,"{""Old"":2002,""New"":2014,""Reason"":3}"
56610746,"{""Old"":1807,""New"":1811,""Reason"":3}"
82069472,"{""Old"":30412,""New"":30432,""Reason"":3}"
8945235,"{""Old"":1883,""New"":1903,""Reason"":3}"
35494962,"{""Old"":33489,""New"":33491,""Reason"":3}"
218605508,"{""Old"":6524,""New"":6526,""Reason"":3}"
64785139,"{""Old"":47314,""New"":47316,""Reason"":3}"
41823185,"{""Old"":703,""New"":709,""Reason"":3}"
41823185,"{""Old"":745,""New"":759,""Reason"":3}"
82069472,"{""Old"":30432,""New"":30492,""Reason"":3}"
44454038,"{""Old"":261,""New"":269,""Reason"":3}"
82069472,"{""Old"":30898,""New"":30998,""Reason"":3}"
82069472,"{""Old"":33932,""New"":34394,""Reason"":3}"
64785139,"{""Old"":49462,""New"":49468,""Reason"":3}"
3393056,"{""Old"":1323,""New"":1325,""Reason"":3}"
64785139,"{""Old"":47326,""New"":47328,""Reason"":3}"
60749441,"{""Old"":1577,""New"":1591,""Reason"":3}"
5986546,"{""Old"":492,""New"":494,""Reason"":3}"
56610746,"{""Old"":1961,""New"":1965,""Reason"":3}"
7651372,"{""Old"":134,""New"":142,""Reason"":3}"
56610746,"{""Old"":2018,""New"":2044,""Reason"":3}"
81180726,"{""Old"":232,""New"":238,""Reason"":3}"
9254415,"{""Old"":53969,""New"":53971,""Reason"":3}"
28694850,"{""Old"":180,""New"":182,""Reason"":3}"
37602413,"{""Old"":1578,""New"":1588,""Reason"":3}"
44454038,"{""Old"":284,""New"":288,""Reason"":3}"
44454038,"{""Old"":350,""New"":358,""Reason"":3}"
46844671,"{""Old"":5849,""New"":5853,""Reason"":3}"
19299035,"{""Old"":122,""New"":124,""Reason"":3}"
41823185,"{""Old"":786,""New"":788,""Reason"":3}"
84101086,"{""Old"":2020,""New"":2032,""Reason"":3}"
23558709,"{""Old"":784,""New"":788,""Reason"":3}"
23558709,"{""Old"":814,""New"":824,""Reason"":3}"
44454038,"{""Old"":343,""New"":349,""Reason"":3}"
82069472,"{""Old"":20755,""New"":20829,""Reason"":3}"
82069472,"{""Old"":20979,""New"":21015,""Reason"":3}"
82069472,"{""Old"":27024,""New"":27206,""Reason"":3}"
82069472,"{""Old"":29982,""New"":30132,""Reason"":3}"
82069472,"{""Old"":32003,""New"":32333,""Reason"":3}"
44454038,"{""Old"":294,""New"":296,""Reason"":3}"
82069472,"{""Old"":33348,""New"":33832,""Reason"":3}"
7967368,"{""Old"":242,""New"":246,""Reason"":3}"
43617762,"{""Old"":2056,""New"":2060,""Reason"":3}"
37263988,"{""Old"":756,""New"":762,""Reason"":3}"
44454038,"{""Old"":247,""New"":249,""Reason"":3}"
44454038,"{""Old"":361,""New"":365,""Reason"":3}"
215107401,"{""Old"":128,""New"":130,""Reason"":3}"
41823185,"{""Old"":716,""New"":720,""Reason"":3}"
33904862,"{""Old"":2375,""New"":2379,""Reason"":3}"
78077845,"{""Old"":478,""New"":480,""Reason"":3}"
218645501,"{""Old"":99,""New"":105,""Reason"":3}"
65821560,"{""Old"":11914,""New"":11916,""Reason"":3}"
64785139,"{""Old"":47428,""New"":47438,""Reason"":3}"
82069472,"{""Old"":30232,""New"":30262,""Reason"":3}"
200004383,"{""Old"":4340,""New"":4346,""Reason"":3}"
48614050,"{""Old"":2673,""New"":2679,""Reason"":3}"
65594943,"{""Old"":9256,""New"":9272,""Reason"":3}"
81423562,"{""Old"":4091,""New"":4103,""Reason"":3}"
7087738,"{""Old"":1892,""New"":1896,""Reason"":3}"
44454038,"{""Old"":300,""New"":302,""Reason"":3}"
44454038,"{""Old"":375,""New"":377,""Reason"":3}"
46265563,"{""Old"":64,""New"":68,""Reason"":3}"
57503448,"{""Old"":970,""New"":974,""Reason"":3}"
82069472,"{""Old"":31298,""New"":31468,""Reason"":3}"
41823185,"{""Old"":714,""New"":716,""Reason"":3}"
82069472,"{""Old"":35776,""New"":35906,""Reason"":3}"
200004383,"{""Old"":4333,""New"":4337,""Reason"":3}"
31369018,"{""Old"":283,""New"":285,""Reason"":3}"
31369018,"{""Old"":317,""New"":321,""Reason"":3}"
43617762,"{""Old"":2048,""New"":2052,""Reason"":3}"
82069472,"{""Old"":30262,""New"":30292,""Reason"":3}"
64785139,"{""Old"":47836,""New"":47838,""Reason"":3}"
10549156,"{""Old"":2857,""New"":2887,""Reason"":3}"
72184537,"{""Old"":1462,""New"":1474,""Reason"":3}"
46265563,"{""Old"":75,""New"":77,""Reason"":3}"
43617762,"{""Old"":2026,""New"":2030,""Reason"":3}"
44454038,"{""Old"":272,""New"":274,""Reason"":3}"
84237559,"{""Old"":1533,""New"":1537,""Reason"":3}"
22464954,"{""Old"":2155,""New"":2157,""Reason"":3}"
48013050,"{""Old"":1456,""New"":1458,""Reason"":3}"
46112126,"{""Old"":3023,""New"":3095,""Reason"":3}"
63411683,"{""Old"":203,""New"":205,""Reason"":3}"
44454038,"{""Old"":289,""New"":291,""Reason"":3}"
35847621,"{""Old"":2029,""New"":2031,""Reason"":3}"
46112126,"{""Old"":3684,""New"":3766,""Reason"":3}"
56610746,"{""Old"":1939,""New"":1945,""Reason"":3}"
81180726,"{""Old"":228,""New"":232,""Reason"":3}"
61277138,"{""Old"":433,""New"":449,""Reason"":3}"
9290862,"{""Old"":2860,""New"":2876,""Reason"":3}"
72184537,"{""Old"":1458,""New"":1460,""Reason"":3}"
58882735,"{""Old"":361,""New"":363,""Reason"":3}"
58882735,"{""Old"":351,""New"":359,""Reason"":3}"
57503448,"{""Old"":1009,""New"":1011,""Reason"":3}"
65821560,"{""Old"":11805,""New"":11807,""Reason"":3}"
45632157,"{""Old"":32,""New"":34,""Reason"":3}"
82069472,"{""Old"":35424,""New"":35604,""Reason"":3}"
62239452,"{""Old"":426,""New"":428,""Reason"":3}"
33904862,"{""Old"":1985,""New"":2011,""Reason"":3}"
33904862,"{""Old"":2229,""New"":2233,""Reason"":3}"
57600953,"{""Old"":160,""New"":164,""Reason"":3}"
33904862,"{""Old"":2363,""New"":2375,""Reason"":3}"
65594943,"{""Old"":9243,""New"":9247,""Reason"":3}"
82069472,"{""Old"":29732,""New"":29982,""Reason"":3}"
44454038,"{""Old"":431,""New"":441,""Reason"":3}"
48614050,"{""Old"":2736,""New"":2748,""Reason"":3}"
43617762,"{""Old"":2045,""New"":2047,""Reason"":3}"
31369018,"{""Old"":293,""New"":295,""Reason"":3}"
43617762,"{""Old"":2018,""New"":2026,""Reason"":3}"
43617762,"{""Old"":2035,""New"":2039,""Reason"":3}"
82069472,"{""Old"":30332,""New"":30412,""Reason"":3}"
82069472,"{""Old"":30602,""New"":30612,""Reason"":3}"
82069472,"{""Old"":34419,""New"":34679,""Reason"":3}"
44454038,"{""Old"":307,""New"":323,""Reason"":3}"
22599829,"{""Old"":209,""New"":211,""Reason"":3}"
29248240,"{""Old"":1000,""New"":1004,""Reason"":3}"
82069472,"{""Old"":21210,""New"":23878,""Reason"":3}"
82069472,"{""Old"":20330,""New"":20348,""Reason"":3}"
65821560,"{""Old"":11790,""New"":11798,""Reason"":3}"
35847621,"{""Old"":2035,""New"":2039,""Reason"":3}"
25339241,"{""Old"":55,""New"":57,""Reason"":3}"
2883013,"{""Old"":345,""New"":347,""Reason"":3}"
8945235,"{""Old"":1933,""New"":1955,""Reason"":3}"
43428109,"{""Old"":214,""New"":226,""Reason"":3}"
33904862,"{""Old"":2213,""New"":2221,""Reason"":3}"
215107401,"{""Old"":96,""New"":108,""Reason"":3}"
44454038,"{""Old"":395,""New"":397,""Reason"":3}"
48614050,"{""Old"":2685,""New"":2703,""Reason"":3}"
82069472,"{""Old"":28978,""New"":29432,""Reason"":3}"
82069472,"{""Old"":25527,""New"":25841,""Reason"":3}"
82069472,"{""Old"":27206,""New"":27568,""Reason"":3}"
72184537,"{""Old"":1494,""New"":1500,""Reason"":3}"
72184537,"{""Old"":1505,""New"":1515,""Reason"":3}"
63411683,"{""Old"":201,""New"":203,""Reason"":3}"
44454038,"{""Old"":335,""New"":337,""Reason"":3}"
37602413,"{""Old"":1596,""New"":1610,""Reason"":3}"
82069472,"{""Old"":19574,""New"":19614,""Reason"":3}"
35749819,"{""Old"":404,""New"":406,""Reason"":3}"
35749819,"{""Old"":374,""New"":400,""Reason"":3}"
35749819,"{""Old"":400,""New"":404,""Reason"":3}"
84788448,"{""Old"":202,""New"":204,""Reason"":3}"
33904862,"{""Old"":1771,""New"":1793,""Reason"":3}"
82382887,"{""Old"":531,""New"":539,""Reason"":3}"
82069472,"{""Old"":36106,""New"":36126,""Reason"":3}"
73114123,"{""Old"":396,""New"":398,""Reason"":3}"
8945235,"{""Old"":1903,""New"":1913,""Reason"":3}"
8945235,"{""Old"":1965,""New"":1967,""Reason"":3}"
82069472,"{""Old"":35906,""New"":35956,""Reason"":3}"
82069472,"{""Old"":36046,""New"":36106,""Reason"":3}"
73114123,"{""Old"":399,""New"":415,""Reason"":3}"
84237559,"{""Old"":1537,""New"":1557,""Reason"":3}"
23053094,"{""Old"":2889,""New"":2891,""Reason"":3}"
33522320,"{""Old"":2456,""New"":2458,""Reason"":3}"
56652976,"{""Old"":8755,""New"":8765,""Reason"":3}"
58882735,"{""Old"":283,""New"":287,""Reason"":3}"
7087738,"{""Old"":1886,""New"":1890,""Reason"":3}"
9658942,"{""Old"":178845,""New"":178855,""Reason"":3}"
58882735,"{""Old"":318,""New"":322,""Reason"":3}"
35934063,"{""Old"":17,""New"":19,""Reason"":3}"
7651372,"{""Old"":154,""New"":156,""Reason"":3}"
22104347,"{""Old"":90,""New"":92,""Reason"":3}"
43428109,"{""Old"":208,""New"":212,""Reason"":3}"
33904862,"{""Old"":2117,""New"":2137,""Reason"":3}"
33904862,"{""Old"":2011,""New"":2059,""Reason"":3}"
81180726,"{""Old"":175,""New"":185,""Reason"":3}"
58882735,"{""Old"":232,""New"":236,""Reason"":3}"
82069472,"{""Old"":24428,""New"":24434,""Reason"":3}"
65821560,"{""Old"":11755,""New"":11761,""Reason"":3}"
69139439,"{""Old"":43,""New"":51,""Reason"":3}"
81180726,"{""Old"":185,""New"":195,""Reason"":3}"
56610746,"{""Old"":1981,""New"":1995,""Reason"":3}"
38321941,"{""Old"":30,""New"":32,""Reason"":3}"
53457267,"{""Old"":1373,""New"":1383,""Reason"":3}"
57600953,"{""Old"":184,""New"":188,""Reason"":3}"
58882735,"{""Old"":325,""New"":327,""Reason"":3}"
72184537,"{""Old"":1476,""New"":1488,""Reason"":3}"
65821560,"{""Old"":11786,""New"":11788,""Reason"":3}"
6667137,"{""Old"":1146,""New"":1156,""Reason"":3}"
65821560,"{""Old"":11777,""New"":11781,""Reason"":3}"
50347545,"{""Old"":1469,""New"":1475,""Reason"":3}"
82069472,"{""Old"":24734,""New"":24736,""Reason"":3}"
82069472,"{""Old"":35654,""New"":35776,""Reason"":3}"
41338112,"{""Old"":4142,""New"":4144,""Reason"":3}"
36054287,"{""Old"":75,""New"":77,""Reason"":3}"
58882735,"{""Old"":310,""New"":316,""Reason"":3}"
57503448,"{""Old"":899,""New"":923,""Reason"":3}"
82069472,"{""Old"":19558,""New"":19562,""Reason"":3}"
67391495,"{""Old"":1623,""New"":1633,""Reason"":3}"
44454038,"{""Old"":397,""New"":419,""Reason"":3}"
51009550,"{""Old"":431,""New"":435,""Reason"":3}"
65821560,"{""Old"":11876,""New"":11884,""Reason"":3}"
48009724,"{""Old"":2423,""New"":2453,""Reason"":3}"
22599829,"{""Old"":218,""New"":230,""Reason"":3}"
215107401,"{""Old"":110,""New"":128,""Reason"":3}"
58882735,"{""Old"":329,""New"":337,""Reason"":3}"
72184537,"{""Old"":1502,""New"":1504,""Reason"":3}"
65821560,"{""Old"":11865,""New"":11875,""Reason"":3}"
37602413,"{""Old"":1644,""New"":1658,""Reason"":3}"
64785139,"{""Old"":47622,""New"":47642,""Reason"":3}"
46112126,"{""Old"":2416,""New"":2438,""Reason"":3}"
8945235,"{""Old"":1967,""New"":1989,""Reason"":3}"
65821560,"{""Old"":11811,""New"":11831,""Reason"":3}"
33904862,"{""Old"":2153,""New"":2173,""Reason"":3}"
36360564,"{""Old"":24,""New"":28,""Reason"":3}"
25339241,"{""Old"":50,""New"":52,""Reason"":3}"
51009550,"{""Old"":427,""New"":431,""Reason"":3}"
58882735,"{""Old"":265,""New"":279,""Reason"":3}"
58882735,"{""Old"":255,""New"":263,""Reason"":3}"
44228252,"{""Old"":2270,""New"":2286,""Reason"":3}"
19299035,"{""Old"":117,""New"":119,""Reason"":3}"
69139439,"{""Old"":60,""New"":62,""Reason"":3}"
9290862,"{""Old"":2840,""New"":2860,""Reason"":3}"
8945235,"{""Old"":1955,""New"":1965,""Reason"":3}"
8815955,"{""Old"":45705,""New"":45727,""Reason"":3}"
218645501,"{""Old"":111,""New"":113,""Reason"":3}"
46112126,"{""Old"":2821,""New"":2923,""Reason"":3}"
65821560,"{""Old"":11892,""New"":11898,""Reason"":3}"
65821560,"{""Old"":11842,""New"":11848,""Reason"":3}"
58882735,"{""Old"":347,""New"":349,""Reason"":3}"
65594943,"{""Old"":9253,""New"":9255,""Reason"":3}"
33904862,"{""Old"":2173,""New"":2213,""Reason"":3}"
56610746,"{""Old"":2047,""New"":2053,""Reason"":3}"
41823185,"{""Old"":767,""New"":771,""Reason"":3}"
82069472,"{""Old"":30292,""New"":30332,""Reason"":3}"
35749819,"{""Old"":406,""New"":408,""Reason"":3}"
48614050,"{""Old"":2706,""New"":2736,""Reason"":3}"
22599829,"{""Old"":198,""New"":208,""Reason"":3}"
46844671,"{""Old"":5837,""New"":5847,""Reason"":3}"
8815955,"{""Old"":45761,""New"":45813,""Reason"":3}"
82069472,"{""Old"":19614,""New"":19662,""Reason"":3}"
82069472,"{""Old"":19662,""New"":19698,""Reason"":3}"
82069472,"{""Old"":35956,""New"":36016,""Reason"":3}"
82069472,"{""Old"":34754,""New"":35064,""Reason"":3}"
35847621,"{""Old"":2031,""New"":2035,""Reason"":3}"
50347545,"{""Old"":1463,""New"":1469,""Reason"":3}"
8815955,"{""Old"":45727,""New"":45761,""Reason"":3}"
44454038,"{""Old"":380,""New"":394,""Reason"":3}"
33904862,"{""Old"":1641,""New"":1645,""Reason"":3}"
33904862,"{""Old"":1931,""New"":1957,""Reason"":3}"
57503448,"{""Old"":1048,""New"":1060,""Reason"":3}"
58882735,"{""Old"":241,""New"":249,""Reason"":3}"
65821560,"{""Old"":11849,""New"":11863,""Reason"":3}"
50347545,"{""Old"":1437,""New"":1463,""Reason"":3}"
65821560,"{""Old"":11899,""New"":11913,""Reason"":3}"
21635172,"{""Old"":419,""New"":423,""Reason"":3}"
33904862,"{""Old"":2059,""New"":2117,""Reason"":3}"
82382887,"{""Old"":519,""New"":529,""Reason"":3}"
67391495,"{""Old"":1621,""New"":1623,""Reason"":3}"
82069472,"{""Old"":30542,""New"":30602,""Reason"":3}"
38451522,"{""Old"":187,""New"":193,""Reason"":3}"
46112126,"{""Old"":3811,""New"":3835,""Reason"":3}"
65821560,"{""Old"":11770,""New"":11774,""Reason"":3}"
65821560,"{""Old"":11775,""New"":11777,""Reason"":3}"
82069472,"{""Old"":19818,""New"":19820,""Reason"":3}"
61277138,"{""Old"":449,""New"":455,""Reason"":3}"
69139439,"{""Old"":63,""New"":69,""Reason"":3}"
82069472,"{""Old"":19550,""New"":19558,""Reason"":3}"
81180726,"{""Old"":147,""New"":151,""Reason"":3}"
41823185,"{""Old"":711,""New"":713,""Reason"":3}"
48009724,"{""Old"":2453,""New"":2467,""Reason"":3}"
82069472,"{""Old"":19698,""New"":19782,""Reason"":3}"
73114123,"{""Old"":418,""New"":422,""Reason"":3}"
9658942,"{""Old"":178774,""New"":178794,""Reason"":3}"
23558709,"{""Old"":693,""New"":699,""Reason"":3}"
9290862,"{""Old"":2903,""New"":2909,""Reason"":3}"
3393056,"{""Old"":1353,""New"":1355,""Reason"":3}"
43617762,"{""Old"":2010,""New"":2014,""Reason"":3}"
8945235,"{""Old"":1913,""New"":1933,""Reason"":3}"
82069472,"{""Old"":19820,""New"":19830,""Reason"":3}"
8945235,"{""Old"":1989,""New"":2011,""Reason"":3}"
38451522,"{""Old"":195,""New"":199,""Reason"":3}"
200004383,"{""Old"":4353,""New"":4363,""Reason"":3}"
38451522,"{""Old"":181,""New"":187,""Reason"":3}"
82069472,"{""Old"":30492,""New"":30542,""Reason"":3}"
41823185,"{""Old"":683,""New"":697,""Reason"":3}"
75109234,"{""Old"":2181,""New"":2185,""Reason"":3}"
33904862,"{""Old"":2221,""New"":2229,""Reason"":3}"
38451522,"{""Old"":173,""New"":175,""Reason"":3}"
82069472,"{""Old"":19562,""New"":19568,""Reason"":3}"
84788448,"{""Old"":231,""New"":235,""Reason"":3}"
8815955,"{""Old"":45813,""New"":45823,""Reason"":3}"
82069472,"{""Old"":32583,""New"":33023,""Reason"":3}"
200004383,"{""Old"":4325,""New"":4327,""Reason"":3}"
82069472,"{""Old"":36016,""New"":36046,""Reason"":3}"
38124220,"{""Old"":709,""New"":719,""Reason"":3}"
9290862,"{""Old"":2876,""New"":2892,""Reason"":3}"
9290862,"{""Old"":2838,""New"":2840,""Reason"":3}"
62239452,"{""Old"":422,""New"":426,""Reason"":3}"
82069472,"{""Old"":35064,""New"":35374,""Reason"":3}"
82069472,"{""Old"":19782,""New"":19818,""Reason"":3}"
82069472,"{""Old"":19568,""New"":19574,""Reason"":3}"
48009724,"{""Old"":2409,""New"":2423,""Reason"":3}"
67391495,"{""Old"":1595,""New"":1619,""Reason"":3}"
78077845,"{""Old"":443,""New"":453,""Reason"":3}"
83464327,"{""Old"":1277,""New"":1289,""Reason"":3}"
38321941,"{""Old"":33,""New"":35,""Reason"":3}"
83464327,"{""Old"":1289,""New"":1291,""Reason"":3}"
7651372,"{""Old"":150,""New"":152,""Reason"":3}"
57600953,"{""Old"":166,""New"":178,""Reason"":3}"
33904862,"{""Old"":2137,""New"":2151,""Reason"":3}"
8688734,"{""Old"":5588,""New"":5602,""Reason"":3}"
19299035,"{""Old"":125,""New"":129,""Reason"":3}"
33904862,"{""Old"":2151,""New"":2153,""Reason"":3}"
82382887,"{""Old"":529,""New"":531,""Reason"":3}"
33904862,"{""Old"":1838,""New"":1906,""Reason"":3}"
83464327,"{""Old"":1247,""New"":1277,""Reason"":3}"
78077845,"{""Old"":474,""New"":476,""Reason"":3}"
54289633,"{""Old"":42,""New"":44,""Reason"":3}"
19299035,"{""Old"":103,""New"":111,""Reason"":3}"
43617762,"{""Old"":2040,""New"":2044,""Reason"":3}"
38321941,"{""Old"":23,""New"":25,""Reason"":3}"
25339241,"{""Old"":41,""New"":43,""Reason"":3}"
71272968,"{""Old"":32,""New"":38,""Reason"":3}"
87252811,"{""Old"":831,""New"":833,""Reason"":3}"
87252811,"{""Old"":820,""New"":822,""Reason"":3}"
87252811,"{""Old"":808,""New"":810,""Reason"":3}"
34744928,"{""Old"":608,""New"":610,""Reason"":3}"
34744928,"{""Old"":596,""New"":598,""Reason"":3}"
87252811,"{""Old"":816,""New"":818,""Reason"":3}"
34744928,"{""Old"":589,""New"":591,""Reason"":3}"
32381984,"{""Old"":911,""New"":913,""Reason"":3}"
53318306,"{""Old"":1135,""New"":1137,""Reason"":3}"
208533783,"{""Old"":107,""New"":109,""Reason"":3}"
207477871,"{""Old"":12145,""New"":12147,""Reason"":3}"
36212068,"{""Old"":1364,""New"":1366,""Reason"":3}"
218523523,"{""Old"":5245,""New"":5249,""Reason"":3}"
206076203,"{""Old"":173,""New"":175,""Reason"":3}"
32381984,"{""Old"":939,""New"":941,""Reason"":3}"
18576356,"{""Old"":260,""New"":262,""Reason"":3}"
206076203,"{""Old"":175,""New"":177,""Reason"":3}"
206076203,"{""Old"":170,""New"":172,""Reason"":3}"
34744928,"{""Old"":621,""New"":623,""Reason"":3}"
18576356,"{""Old"":254,""New"":256,""Reason"":3}"
18576356,"{""Old"":262,""New"":264,""Reason"":3}"
16075204,"{""Old"":524,""New"":526,""Reason"":3}"
34744928,"{""Old"":612,""New"":614,""Reason"":3}"
34744928,"{""Old"":625,""New"":627,""Reason"":3}"
18576356,"{""Old"":271,""New"":275,""Reason"":3}"
18576356,"{""Old"":256,""New"":258,""Reason"":3}"
18576356,"{""Old"":246,""New"":248,""Reason"":3}"
17650167,"{""Old"":3286,""New"":3288,""Reason"":3}"
17650167,"{""Old"":3274,""New"":3276,""Reason"":3}"
17650167,"{""Old"":3244,""New"":3246,""Reason"":3}"
17650167,"{""Old"":3272,""New"":3274,""Reason"":3}"
11987030,"{""Old"":973,""New"":989,""Reason"":3}"
17650167,"{""Old"":3220,""New"":3230,""Reason"":3}"
17650167,"{""Old"":3252,""New"":3262,""Reason"":3}"
18576356,"{""Old"":258,""New"":260,""Reason"":3}"
17650167,"{""Old"":3234,""New"":3244,""Reason"":3}"
218523523,"{""Old"":5251,""New"":5255,""Reason"":3}"
17650167,"{""Old"":3232,""New"":3234,""Reason"":3}"
17650167,"{""Old"":3276,""New"":3286,""Reason"":3}"
16075204,"{""Old"":526,""New"":528,""Reason"":3}"
18643122,"{""Old"":4891,""New"":4923,""Reason"":3}"
32381984,"{""Old"":907,""New"":909,""Reason"":3}"
18576356,"{""Old"":275,""New"":277,""Reason"":3}"
218523523,"{""Old"":5230,""New"":5232,""Reason"":3}"
206076203,"{""Old"":183,""New"":185,""Reason"":3}"
17650167,"{""Old"":3292,""New"":3302,""Reason"":3}"
17650167,"{""Old"":3262,""New"":3272,""Reason"":3}"
17650167,"{""Old"":3322,""New"":3324,""Reason"":3}"
32381984,"{""Old"":969,""New"":971,""Reason"":3}"
17650167,"{""Old"":3324,""New"":3334,""Reason"":3}"
80564934,"{""Old"":1103,""New"":1105,""Reason"":3}"
17650167,"{""Old"":3230,""New"":3232,""Reason"":3}"
207477871,"{""Old"":12096,""New"":12098,""Reason"":3}"
207477871,"{""Old"":12074,""New"":12078,""Reason"":3}"
30761408,"{""Old"":390,""New"":392,""Reason"":3}"
22917097,"{""Old"":114,""New"":116,""Reason"":3}"
207477871,"{""Old"":12098,""New"":12100,""Reason"":3}"
207477871,"{""Old"":12121,""New"":12123,""Reason"":3}"
207477871,"{""Old"":12128,""New"":12130,""Reason"":3}"
207477871,"{""Old"":12166,""New"":12168,""Reason"":3}"
17650167,"{""Old"":3334,""New"":3336,""Reason"":3}"
17650167,"{""Old"":3246,""New"":3248,""Reason"":3}"
17650167,"{""Old"":3248,""New"":3250,""Reason"":3}"
17650167,"{""Old"":3250,""New"":3252,""Reason"":3}"
17650167,"{""Old"":3218,""New"":3220,""Reason"":3}"
218523523,"{""Old"":5210,""New"":5212,""Reason"":3}"
67519980,"{""Old"":1381,""New"":1383,""Reason"":3}"
16075204,"{""Old"":528,""New"":530,""Reason"":3}"
207477871,"{""Old"":12123,""New"":12125,""Reason"":3}"
207477871,"{""Old"":12178,""New"":12182,""Reason"":3}"
207477871,"{""Old"":12163,""New"":12165,""Reason"":3}"
218523523,"{""Old"":5226,""New"":5230,""Reason"":3}"
57851814,"{""Old"":1662,""New"":1664,""Reason"":3}"
207477871,"{""Old"":12063,""New"":12065,""Reason"":3}"
207477871,"{""Old"":12147,""New"":12149,""Reason"":3}"
36212068,"{""Old"":1368,""New"":1370,""Reason"":3}"
17650167,"{""Old"":3312,""New"":3322,""Reason"":3}"
17650167,"{""Old"":3302,""New"":3312,""Reason"":3}"
207477871,"{""Old"":12132,""New"":12134,""Reason"":3}"
207477871,"{""Old"":12170,""New"":12172,""Reason"":3}"
207477871,"{""Old"":12065,""New"":12067,""Reason"":3}"
207477871,"{""Old"":12070,""New"":12072,""Reason"":3}"
207477871,"{""Old"":12110,""New"":12120,""Reason"":3}"
218523523,"{""Old"":5232,""New"":5234,""Reason"":3}"
22917097,"{""Old"":116,""New"":118,""Reason"":3}"
207477871,"{""Old"":12028,""New"":12032,""Reason"":3}"
207477871,"{""Old"":12151,""New"":12153,""Reason"":3}"
218523523,"{""Old"":5212,""New"":5214,""Reason"":3}"
218523523,"{""Old"":5234,""New"":5236,""Reason"":3}"
17650167,"{""Old"":3290,""New"":3292,""Reason"":3}"
17650167,"{""Old"":3288,""New"":3290,""Reason"":3}"
207477871,"{""Old"":12081,""New"":12091,""Reason"":3}"
207477871,"{""Old"":12078,""New"":12080,""Reason"":3}"
207477871,"{""Old"":12091,""New"":12093,""Reason"":3}"
207477871,"{""Old"":12053,""New"":12055,""Reason"":3}"
207477871,"{""Old"":12183,""New"":12185,""Reason"":3}"
207477871,"{""Old"":12093,""New"":12095,""Reason"":3}"
218523523,"{""Old"":5214,""New"":5216,""Reason"":3}"
22917097,"{""Old"":118,""New"":128,""Reason"":3}"
207477871,"{""Old"":12044,""New"":12048,""Reason"":3}"
207477871,"{""Old"":12185,""New"":12187,""Reason"":3}"
207477871,"{""Old"":12067,""New"":12069,""Reason"":3}"
207477871,"{""Old"":12059,""New"":12061,""Reason"":3}"
207477871,"{""Old"":12130,""New"":12132,""Reason"":3}"
207477871,"{""Old"":12212,""New"":12214,""Reason"":3}"
207477871,"{""Old"":12072,""New"":12074,""Reason"":3}"
11021891,"{""Old"":264,""New"":266,""Reason"":3}"
19673144,"{""Old"":550,""New"":556,""Reason"":3}"
11021891,"{""Old"":262,""New"":264,""Reason"":3}"
207477871,"{""Old"":12061,""New"":12063,""Reason"":3}"
207477871,"{""Old"":12100,""New"":12102,""Reason"":3}"
207477871,"{""Old"":12153,""New"":12163,""Reason"":3}"
207477871,"{""Old"":12051,""New"":12053,""Reason"":3}"
207477871,"{""Old"":12135,""New"":12145,""Reason"":3}"
22917097,"{""Old"":128,""New"":130,""Reason"":3}"
36212068,"{""Old"":1370,""New"":1380,""Reason"":3}"
207477871,"{""Old"":12199,""New"":12201,""Reason"":3}"
207477871,"{""Old"":12042,""New"":12044,""Reason"":3}"
15401825,"{""Old"":74,""New"":76,""Reason"":3}"
36212068,"{""Old"":1356,""New"":1358,""Reason"":3}"
201591952,"{""Old"":9,""New"":11,""Reason"":3}"
207477871,"{""Old"":12209,""New"":12211,""Reason"":3}"
32381984,"{""Old"":951,""New"":955,""Reason"":3}"
36212068,"{""Old"":1358,""New"":1360,""Reason"":3}"
19673144,"{""Old"":559,""New"":561,""Reason"":3}"
67519980,"{""Old"":1379,""New"":1381,""Reason"":3}"
207477871,"{""Old"":12126,""New"":12128,""Reason"":3}"
32381984,"{""Old"":900,""New"":902,""Reason"":3}"
73867798,"{""Old"":2524,""New"":2526,""Reason"":3}"
207477871,"{""Old"":12194,""New"":12196,""Reason"":3}"
207477871,"{""Old"":12207,""New"":12209,""Reason"":3}"
73867798,"{""Old"":2526,""New"":2528,""Reason"":3}"
36212068,"{""Old"":1366,""New"":1368,""Reason"":3}"
36212068,"{""Old"":1348,""New"":1350,""Reason"":3}"
207477871,"{""Old"":12056,""New"":12058,""Reason"":3}"
36212068,"{""Old"":1354,""New"":1356,""Reason"":3}"
36212068,"{""Old"":1380,""New"":1382,""Reason"":3}"
36212068,"{""Old"":1362,""New"":1364,""Reason"":3}"
32381984,"{""Old"":955,""New"":957,""Reason"":3}"
32381984,"{""Old"":997,""New"":999,""Reason"":3}"
32381984,"{""Old"":975,""New"":977,""Reason"":3}"
84393747,"{""Old"":1792,""New"":1794,""Reason"":3}"
36212068,"{""Old"":1352,""New"":1354,""Reason"":3}"
67519980,"{""Old"":1383,""New"":1385,""Reason"":3}"
36212068,"{""Old"":1350,""New"":1352,""Reason"":3}"
84393747,"{""Old"":1777,""New"":1779,""Reason"":3}"
218523523,"{""Old"":5265,""New"":5267,""Reason"":3}"
218523523,"{""Old"":5263,""New"":5265,""Reason"":3}"
218523523,"{""Old"":5249,""New"":5251,""Reason"":3}"
207477871,"{""Old"":12049,""New"":12051,""Reason"":3}"
87252811,"{""Old"":753,""New"":755,""Reason"":3}"
218523523,"{""Old"":5256,""New"":5258,""Reason"":3}"
208533783,"{""Old"":103,""New"":105,""Reason"":3}"
84393747,"{""Old"":1779,""New"":1789,""Reason"":3}"
87252811,"{""Old"":740,""New"":742,""Reason"":3}"
87252811,"{""Old"":742,""New"":744,""Reason"":3}"
84393747,"{""Old"":1794,""New"":1800,""Reason"":3}"
34744928,"{""Old"":617,""New"":619,""Reason"":3}"
36212068,"{""Old"":1360,""New"":1362,""Reason"":3}"
41950582,"{""Old"":45,""New"":47,""Reason"":3}"
207477871,"{""Old"":12196,""New"":12198,""Reason"":3}"
22785189,"{""Old"":1071,""New"":1075,""Reason"":3}"
41172397,"{""Old"":2450,""New"":2454,""Reason"":3}"
34744928,"{""Old"":610,""New"":612,""Reason"":3}"
80564934,"{""Old"":1080,""New"":1082,""Reason"":3}"
34744928,"{""Old"":577,""New"":579,""Reason"":3}"
34744928,"{""Old"":585,""New"":589,""Reason"":3}"
80564934,"{""Old"":1088,""New"":1090,""Reason"":3}"
80564934,"{""Old"":1082,""New"":1084,""Reason"":3}"
34744928,"{""Old"":606,""New"":608,""Reason"":3}"
53318306,"{""Old"":1137,""New"":1147,""Reason"":3}"
34744928,"{""Old"":646,""New"":648,""Reason"":3}"
34744928,"{""Old"":644,""New"":646,""Reason"":3}"
80564934,"{""Old"":1099,""New"":1101,""Reason"":3}"
208533783,"{""Old"":109,""New"":111,""Reason"":3}"
53318306,"{""Old"":1149,""New"":1151,""Reason"":3}"
53318306,"{""Old"":1147,""New"":1149,""Reason"":3}"
34744928,"{""Old"":623,""New"":625,""Reason"":3}"
34744928,"{""Old"":604,""New"":606,""Reason"":3}"
30761408,"{""Old"":386,""New"":388,""Reason"":3}"
34744928,"{""Old"":642,""New"":644,""Reason"":3}"
87252811,"{""Old"":751,""New"":753,""Reason"":3}"
34744928,"{""Old"":628,""New"":638,""Reason"":3}"
34744928,"{""Old"":582,""New"":584,""Reason"":3}"
87252811,"{""Old"":745,""New"":747,""Reason"":3}"
34744928,"{""Old"":615,""New"":617,""Reason"":3}"
87252811,"{""Old"":834,""New"":836,""Reason"":3}"
34744928,"{""Old"":638,""New"":642,""Reason"":3}"
34744928,"{""Old"":602,""New"":604,""Reason"":3}"
87252811,"{""Old"":801,""New"":803,""Reason"":3}"
87252811,"{""Old"":810,""New"":812,""Reason"":3}"
19814937,"{""Old"":178,""New"":180,""Reason"":3}"
87252811,"{""Old"":822,""New"":824,""Reason"":3}"
87252811,"{""Old"":776,""New"":778,""Reason"":3}"
87252811,"{""Old"":758,""New"":760,""Reason"":3}"
87252811,"{""Old"":780,""New"":790,""Reason"":3}"
87252811,"{""Old"":818,""New"":820,""Reason"":3}"
87252811,"{""Old"":794,""New"":796,""Reason"":3}"
87252811,"{""Old"":792,""New"":794,""Reason"":3}"
87252811,"{""Old"":764,""New"":766,""Reason"":3}"
87252811,"{""Old"":778,""New"":780,""Reason"":3}"
87252811,"{""Old"":760,""New"":762,""Reason"":3}"
87252811,"{""Old"":812,""New"":814,""Reason"":3}"
87252811,"{""Old"":773,""New"":775,""Reason"":3}"
87252811,"{""Old"":797,""New"":799,""Reason"":3}"
87252811,"{""Old"":806,""New"":808,""Reason"":3}"
87252811,"{""Old"":814,""New"":816,""Reason"":3}"
87252811,"{""Old"":762,""New"":764,""Reason"":3}"
43106459,"{""Old"":64,""New"":66,""Reason"":3}"
87252811,"{""Old"":749,""New"":751,""Reason"":3}"
43106459,"{""Old"":56,""New"":60,""Reason"":3}"
43106459,"{""Old"":61,""New"":63,""Reason"":3}"
32381984,"{""Old"":943,""New"":945,""Reason"":3}"
30761408,"{""Old"":388,""New"":390,""Reason"":3}"
32381984,"{""Old"":985,""New"":987,""Reason"":3}"
32381984,"{""Old"":876,""New"":886,""Reason"":3}"
32381984,"{""Old"":902,""New"":904,""Reason"":3}"
32381984,"{""Old"":973,""New"":975,""Reason"":3}"
32381984,"{""Old"":983,""New"":985,""Reason"":3}"
32381984,"{""Old"":995,""New"":997,""Reason"":3}"
32381984,"{""Old"":999,""New"":1001,""Reason"":3}"
32381984,"{""Old"":921,""New"":931,""Reason"":3}"
32381984,"{""Old"":886,""New"":888,""Reason"":3}"
32381984,"{""Old"":888,""New"":898,""Reason"":3}"
32381984,"{""Old"":913,""New"":917,""Reason"":3}"
32381984,"{""Old"":981,""New"":983,""Reason"":3}"
58253534,"{""Old"":1814,""New"":1828,""Reason"":3}"
32381984,"{""Old"":1001,""New"":1003,""Reason"":3}"
32381984,"{""Old"":941,""New"":943,""Reason"":3}"
32381984,"{""Old"":898,""New"":900,""Reason"":3}"
32381984,"{""Old"":945,""New"":947,""Reason"":3}"
32381984,"{""Old"":971,""New"":973,""Reason"":3}"
32381984,"{""Old"":909,""New"":911,""Reason"":3}"
18735877,"{""Old"":295,""New"":299,""Reason"":3}"
18735877,"{""Old"":288,""New"":290,""Reason"":3}"
18735877,"{""Old"":311,""New"":313,""Reason"":3}"
18735877,"{""Old"":275,""New"":277,""Reason"":3}"
18735877,"{""Old"":303,""New"":305,""Reason"":3}"
18735877,"{""Old"":291,""New"":293,""Reason"":3}"
18735877,"{""Old"":305,""New"":307,""Reason"":3}"
206129955,"{""Old"":2467,""New"":2469,""Reason"":3}"
18735877,"{""Old"":301,""New"":303,""Reason"":3}"
208392743,"{""Old"":86509,""New"":86511,""Reason"":3}"
18735877,"{""Old"":280,""New"":282,""Reason"":3}"
18735877,"{""Old"":307,""New"":309,""Reason"":3}"
208392743,"{""Old"":86546,""New"":86548,""Reason"":3}"
208392743,"{""Old"":86511,""New"":86521,""Reason"":3}"
208392743,"{""Old"":86524,""New"":86526,""Reason"":3}"
31770614,"{""Old"":7243,""New"":7245,""Reason"":3}"
31770614,"{""Old"":7245,""New"":7247,""Reason"":3}"
217075905,"{""Old"":4098,""New"":4100,""Reason"":3}"
208392743,"{""Old"":86597,""New"":86599,""Reason"":3}"
18735877,"{""Old"":278,""New"":280,""Reason"":3}"
208392743,"{""Old"":86538,""New"":86540,""Reason"":3}"
208392743,"{""Old"":86492,""New"":86494,""Reason"":3}"
208392743,"{""Old"":86581,""New"":86591,""Reason"":3}"
31770614,"{""Old"":7241,""New"":7243,""Reason"":3}"
208392743,"{""Old"":86551,""New"":86571,""Reason"":3}"
208392743,"{""Old"":86526,""New"":86528,""Reason"":3}"
31770614,"{""Old"":7250,""New"":7252,""Reason"":3}"
208392743,"{""Old"":86591,""New"":86593,""Reason"":3}"
208392743,"{""Old"":86521,""New"":86523,""Reason"":3}"
208392743,"{""Old"":86571,""New"":86581,""Reason"":3}"
208392743,"{""Old"":86593,""New"":86595,""Reason"":3}"
31770614,"{""Old"":7188,""New"":7192,""Reason"":3}"
31770614,"{""Old"":7206,""New"":7208,""Reason"":3}"
31770614,"{""Old"":7217,""New"":7219,""Reason"":3}"
24196485,"{""Old"":129361,""New"":129371,""Reason"":3}"
208392743,"{""Old"":86544,""New"":86546,""Reason"":3}"
31770614,"{""Old"":7252,""New"":7254,""Reason"":3}"
24196485,"{""Old"":129162,""New"":129164,""Reason"":3}"
31770614,"{""Old"":7134,""New"":7144,""Reason"":3}"
31770614,"{""Old"":7223,""New"":7225,""Reason"":3}"
31770614,"{""Old"":7159,""New"":7169,""Reason"":3}"
31770614,"{""Old"":7157,""New"":7159,""Reason"":3}"
24196485,"{""Old"":129371,""New"":129373,""Reason"":3}"
24196485,"{""Old"":128997,""New"":128999,""Reason"":3}"
24196485,"{""Old"":129423,""New"":129433,""Reason"":3}"
24196485,"{""Old"":129377,""New"":129387,""Reason"":3}"
24196485,"{""Old"":129435,""New"":129437,""Reason"":3}"
24196485,"{""Old"":128970,""New"":128972,""Reason"":3}"
16274477,"{""Old"":106,""New"":108,""Reason"":3}"
41440335,"{""Old"":2995,""New"":2997,""Reason"":3}"
208392743,"{""Old"":86490,""New"":86492,""Reason"":3}"
16274477,"{""Old"":103,""New"":105,""Reason"":3}"
31770614,"{""Old"":7153,""New"":7155,""Reason"":3}"
31770614,"{""Old"":7260,""New"":7270,""Reason"":3}"
67836518,"{""Old"":20745,""New"":20747,""Reason"":3}"
24196485,"{""Old"":129332,""New"":129336,""Reason"":3}"
43780156,"{""Old"":476622,""New"":476632,""Reason"":3}"
24196485,"{""Old"":128999,""New"":129003,""Reason"":3}"
31770614,"{""Old"":7229,""New"":7231,""Reason"":3}"
31770614,"{""Old"":7177,""New"":7179,""Reason"":3}"
24196485,"{""Old"":129397,""New"":129399,""Reason"":3}"
67836518,"{""Old"":20709,""New"":20711,""Reason"":3}"
24196485,"{""Old"":129387,""New"":129397,""Reason"":3}"
31770614,"{""Old"":7358,""New"":7360,""Reason"":3}"
31770614,"{""Old"":7204,""New"":7206,""Reason"":3}"
43780156,"{""Old"":476290,""New"":476300,""Reason"":3}"
41440335,"{""Old"":2997,""New"":2999,""Reason"":3}"
36777778,"{""Old"":70,""New"":72,""Reason"":3}"
43780156,"{""Old"":476452,""New"":476462,""Reason"":3}"
31770614,"{""Old"":7186,""New"":7188,""Reason"":3}"
24196485,"{""Old"":128914,""New"":128916,""Reason"":3}"
24196485,"{""Old"":129373,""New"":129375,""Reason"":3}"
31770614,"{""Old"":7215,""New"":7217,""Reason"":3}"
43780156,"{""Old"":476722,""New"":476732,""Reason"":3}"
67836518,"{""Old"":20791,""New"":20793,""Reason"":3}"
18476461,"{""Old"":86,""New"":88,""Reason"":3}"
24196485,"{""Old"":129375,""New"":129377,""Reason"":3}"
31770614,"{""Old"":7113,""New"":7115,""Reason"":3}"
31770614,"{""Old"":7127,""New"":7129,""Reason"":3}"
31770614,"{""Old"":7148,""New"":7150,""Reason"":3}"
43780156,"{""Old"":476482,""New"":476492,""Reason"":3}"
43780156,"{""Old"":476942,""New"":476952,""Reason"":3}"
67836518,"{""Old"":20697,""New"":20699,""Reason"":3}"
67836518,"{""Old"":20678,""New"":20680,""Reason"":3}"
18476461,"{""Old"":82,""New"":84,""Reason"":3}"
24196485,"{""Old"":129326,""New"":129328,""Reason"":3}"
24196485,"{""Old"":129419,""New"":129421,""Reason"":3}"
24196485,"{""Old"":129017,""New"":129027,""Reason"":3}"
67836518,"{""Old"":20687,""New"":20689,""Reason"":3}"
43780156,"{""Old"":476382,""New"":476392,""Reason"":3}"
43780156,"{""Old"":476852,""New"":476862,""Reason"":3}"
31770614,"{""Old"":7219,""New"":7223,""Reason"":3}"
24196485,"{""Old"":129409,""New"":129419,""Reason"":3}"
43780156,"{""Old"":476952,""New"":476962,""Reason"":3}"
67836518,"{""Old"":20676,""New"":20678,""Reason"":3}"
43780156,"{""Old"":476370,""New"":476372,""Reason"":3}"
43780156,"{""Old"":476572,""New"":476582,""Reason"":3}"
43780156,"{""Old"":476712,""New"":476722,""Reason"":3}"
31770614,"{""Old"":7330,""New"":7332,""Reason"":3}"
31770614,"{""Old"":7334,""New"":7336,""Reason"":3}"
43780156,"{""Old"":476472,""New"":476482,""Reason"":3}"
43780156,"{""Old"":476682,""New"":476692,""Reason"":3}"
43780156,"{""Old"":476772,""New"":476782,""Reason"":3}"
43780156,"{""Old"":476832,""New"":476842,""Reason"":3}"
43780156,"{""Old"":476982,""New"":476992,""Reason"":3}"
43780156,"{""Old"":476872,""New"":476882,""Reason"":3}"
43780156,"{""Old"":476932,""New"":476942,""Reason"":3}"
67836518,"{""Old"":20775,""New"":20779,""Reason"":3}"
67836518,"{""Old"":20759,""New"":20761,""Reason"":3}"
67836518,"{""Old"":20747,""New"":20757,""Reason"":3}"
36777778,"{""Old"":72,""New"":74,""Reason"":3}"
67836518,"{""Old"":20731,""New"":20733,""Reason"":3}"
34352513,"{""Old"":1915,""New"":1917,""Reason"":3}"
31770614,"{""Old"":7332,""New"":7334,""Reason"":3}"
31770614,"{""Old"":7340,""New"":7342,""Reason"":3}"
31770614,"{""Old"":7362,""New"":7372,""Reason"":3}"
43780156,"{""Old"":476962,""New"":476972,""Reason"":3}"
31770614,"{""Old"":7258,""New"":7260,""Reason"":3}"
41440335,"{""Old"":2999,""New"":3001,""Reason"":3}"
24196485,"{""Old"":129433,""New"":129435,""Reason"":3}"
43780156,"{""Old"":476802,""New"":476812,""Reason"":3}"
31770614,"{""Old"":7303,""New"":7305,""Reason"":3}"
49616690,"{""Old"":731,""New"":733,""Reason"":3}"
67836518,"{""Old"":20769,""New"":20771,""Reason"":3}"
31770614,"{""Old"":7305,""New"":7307,""Reason"":3}"
31770614,"{""Old"":7289,""New"":7291,""Reason"":3}"
18735877,"{""Old"":313,""New"":315,""Reason"":3}"
43780156,"{""Old"":474882,""New"":474892,""Reason"":3}"
43780156,"{""Old"":472758,""New"":472760,""Reason"":3}"
43780156,"{""Old"":473853,""New"":473873,""Reason"":3}"
43780156,"{""Old"":476532,""New"":476542,""Reason"":3}"
208392743,"{""Old"":86540,""New"":86544,""Reason"":3}"
208392743,"{""Old"":86595,""New"":86597,""Reason"":3}"
208392743,"{""Old"":86609,""New"":86611,""Reason"":3}"
208392743,"{""Old"":86611,""New"":86621,""Reason"":3}"
67836518,"{""Old"":20658,""New"":20662,""Reason"":3}"
67836518,"{""Old"":20733,""New"":20743,""Reason"":3}"
49616690,"{""Old"":745,""New"":747,""Reason"":3}"
43780156,"{""Old"":475962,""New"":475972,""Reason"":3}"
43780156,"{""Old"":476002,""New"":476004,""Reason"":3}"
43780156,"{""Old"":471159,""New"":471161,""Reason"":3}"
43780156,"{""Old"":471317,""New"":471321,""Reason"":3}"
43780156,"{""Old"":472730,""New"":472732,""Reason"":3}"
43780156,"{""Old"":476692,""New"":476702,""Reason"":3}"
43780156,"{""Old"":476522,""New"":476532,""Reason"":3}"
43780156,"{""Old"":474386,""New"":474416,""Reason"":3}"
43780156,"{""Old"":474591,""New"":474611,""Reason"":3}"
43780156,"{""Old"":472772,""New"":472782,""Reason"":3}"
34352513,"{""Old"":1923,""New"":1925,""Reason"":3}"
18735877,"{""Old"":309,""New"":311,""Reason"":3}"
208392743,"{""Old"":86503,""New"":86505,""Reason"":3}"
24196485,"{""Old"":129421,""New"":129423,""Reason"":3}"
49616690,"{""Old"":737,""New"":739,""Reason"":3}"
8914963,"{""Old"":574,""New"":576,""Reason"":3}"
43780156,"{""Old"":472742,""New"":472744,""Reason"":3}"
43780156,"{""Old"":472991,""New"":472993,""Reason"":3}"
49616690,"{""Old"":613,""New"":623,""Reason"":3}"
43780156,"{""Old"":475768,""New"":475778,""Reason"":3}"
43780156,"{""Old"":475922,""New"":475932,""Reason"":3}"
43780156,"{""Old"":476250,""New"":476260,""Reason"":3}"
43780156,"{""Old"":475074,""New"":475084,""Reason"":3}"
43780156,"{""Old"":475220,""New"":475230,""Reason"":3}"
43780156,"{""Old"":475868,""New"":475878,""Reason"":3}"
31770614,"{""Old"":7378,""New"":7380,""Reason"":3}"
43780156,"{""Old"":475932,""New"":475942,""Reason"":3}"
43780156,"{""Old"":476178,""New"":476198,""Reason"":3}"
43780156,"{""Old"":475452,""New"":475462,""Reason"":3}"
43780156,"{""Old"":475260,""New"":475270,""Reason"":3}"
43780156,"{""Old"":475676,""New"":475686,""Reason"":3}"
43780156,"{""Old"":476004,""New"":476014,""Reason"":3}"
43780156,"{""Old"":473606,""New"":473616,""Reason"":3}"
41440335,"{""Old"":2988,""New"":2990,""Reason"":3}"
49616690,"{""Old"":769,""New"":771,""Reason"":3}"
67836518,"{""Old"":20781,""New"":20791,""Reason"":3}"
24196485,"{""Old"":128916,""New"":128956,""Reason"":3}"
24196485,"{""Old"":129013,""New"":129015,""Reason"":3}"
43780156,"{""Old"":475094,""New"":475104,""Reason"":3}"
43780156,"{""Old"":475230,""New"":475240,""Reason"":3}"
43780156,"{""Old"":475462,""New"":475472,""Reason"":3}"
43780156,"{""Old"":475972,""New"":475982,""Reason"":3}"
43780156,"{""Old"":476024,""New"":476034,""Reason"":3}"
49616690,"{""Old"":757,""New"":759,""Reason"":3}"
49616690,"{""Old"":789,""New"":791,""Reason"":3}"
67836518,"{""Old"":20699,""New"":20701,""Reason"":3}"
49616690,"{""Old"":747,""New"":749,""Reason"":3}"
49616690,"{""Old"":482,""New"":484,""Reason"":3}"
52990199,"{""Old"":10454,""New"":10456,""Reason"":3}"
41440335,"{""Old"":2986,""New"":2988,""Reason"":3}"
43780156,"{""Old"":471486,""New"":471488,""Reason"":3}"
43780156,"{""Old"":472447,""New"":472449,""Reason"":3}"
49616690,"{""Old"":717,""New"":719,""Reason"":3}"
43780156,"{""Old"":472802,""New"":472812,""Reason"":3}"
43780156,"{""Old"":471329,""New"":471331,""Reason"":3}"
43780156,"{""Old"":471494,""New"":471496,""Reason"":3}"
43780156,"{""Old"":472746,""New"":472748,""Reason"":3}"
43780156,"{""Old"":474656,""New"":474666,""Reason"":3}"
43780156,"{""Old"":472782,""New"":472792,""Reason"":3}"
75217526,"{""Old"":417,""New"":433,""Reason"":3}"
49616690,"{""Old"":785,""New"":787,""Reason"":3}"
43780156,"{""Old"":476902,""New"":476912,""Reason"":3}"
43780156,"{""Old"":475646,""New"":475656,""Reason"":3}"
43780156,"{""Old"":476412,""New"":476422,""Reason"":3}"
43780156,"{""Old"":475758,""New"":475768,""Reason"":3}"
43780156,"{""Old"":476632,""New"":476642,""Reason"":3}"
43780156,"{""Old"":474952,""New"":474962,""Reason"":3}"
26102531,"{""Old"":6211,""New"":6213,""Reason"":3}"
34352513,"{""Old"":1913,""New"":1915,""Reason"":3}"
34352513,"{""Old"":1917,""New"":1919,""Reason"":3}"
26102531,"{""Old"":6233,""New"":6243,""Reason"":3}"
49616690,"{""Old"":759,""New"":761,""Reason"":3}"
41440335,"{""Old"":2990,""New"":2992,""Reason"":3}"
49616690,"{""Old"":484,""New"":486,""Reason"":3}"
49616690,"{""Old"":563,""New"":565,""Reason"":3}"
49616690,"{""Old"":624,""New"":626,""Reason"":3}"
49616690,"{""Old"":723,""New"":725,""Reason"":3}"
67836518,"{""Old"":20771,""New"":20775,""Reason"":3}"
18735877,"{""Old"":299,""New"":301,""Reason"":3}"
43780156,"{""Old"":476762,""New"":476772,""Reason"":3}"
43780156,"{""Old"":474816,""New"":474818,""Reason"":3}"
43780156,"{""Old"":475044,""New"":475054,""Reason"":3}"
43780156,"{""Old"":475170,""New"":475180,""Reason"":3}"
43780156,"{""Old"":475566,""New"":475586,""Reason"":3}"
43780156,"{""Old"":475686,""New"":475696,""Reason"":3}"
67836518,"{""Old"":20695,""New"":20697,""Reason"":3}"
49616690,"{""Old"":753,""New"":755,""Reason"":3}"
49616690,"{""Old"":460,""New"":462,""Reason"":3}"
49616690,"{""Old"":555,""New"":557,""Reason"":3}"
49616690,"{""Old"":743,""New"":745,""Reason"":3}"
49616690,"{""Old"":787,""New"":789,""Reason"":3}"
80491185,"{""Old"":13516,""New"":13518,""Reason"":3}"
80491185,"{""Old"":13543,""New"":13545,""Reason"":3}"
31770614,"{""Old"":7307,""New"":7309,""Reason"":3}"
49616690,"{""Old"":463,""New"":473,""Reason"":3}"
67836518,"{""Old"":20666,""New"":20668,""Reason"":3}"
67836518,"{""Old"":20743,""New"":20745,""Reason"":3}"
49616690,"{""Old"":543,""New"":553,""Reason"":3}"
16274477,"{""Old"":108,""New"":110,""Reason"":3}"
26102531,"{""Old"":6253,""New"":6255,""Reason"":3}"
43780156,"{""Old"":476582,""New"":476592,""Reason"":3}"
43780156,"{""Old"":476972,""New"":476982,""Reason"":3}"
43780156,"{""Old"":471492,""New"":471494,""Reason"":3}"
43780156,"{""Old"":471639,""New"":471641,""Reason"":3}"
43780156,"{""Old"":473965,""New"":473967,""Reason"":3}"
31770614,"{""Old"":7129,""New"":7131,""Reason"":3}"
31770614,"{""Old"":7155,""New"":7157,""Reason"":3}"
24196485,"{""Old"":128910,""New"":128914,""Reason"":3}"
43780156,"{""Old"":476602,""New"":476612,""Reason"":3}"
43780156,"{""Old"":476822,""New"":476832,""Reason"":3}"
43780156,"{""Old"":476862,""New"":476872,""Reason"":3}"
43780156,"{""Old"":476922,""New"":476932,""Reason"":3}"
43780156,"{""Old"":474099,""New"":474109,""Reason"":3}"
43780156,"{""Old"":473492,""New"":473494,""Reason"":3}"
43780156,"{""Old"":476912,""New"":476922,""Reason"":3}"
31770614,"{""Old"":7213,""New"":7215,""Reason"":3}"
26102531,"{""Old"":6247,""New"":6249,""Reason"":3}"
43780156,"{""Old"":471313,""New"":471315,""Reason"":3}"
43780156,"{""Old"":471635,""New"":471637,""Reason"":3}"
43780156,"{""Old"":473941,""New"":473943,""Reason"":3}"
43780156,"{""Old"":475788,""New"":475798,""Reason"":3}"
43780156,"{""Old"":473569,""New"":473571,""Reason"":3}"
43780156,"{""Old"":474711,""New"":474721,""Reason"":3}"
43780156,"{""Old"":474982,""New"":474984,""Reason"":3}"
43780156,"{""Old"":475272,""New"":475292,""Reason"":3}"
43780156,"{""Old"":476260,""New"":476270,""Reason"":3}"
24196485,"{""Old"":129330,""New"":129332,""Reason"":3}"
43780156,"{""Old"":471641,""New"":471643,""Reason"":3}"
43780156,"{""Old"":474962,""New"":474972,""Reason"":3}"
221396965,"{""Old"":47400,""New"":47424,""Reason"":3}"
80491185,"{""Old"":13960,""New"":13962,""Reason"":3}"
80491185,"{""Old"":14064,""New"":14066,""Reason"":3}"
49616690,"{""Old"":490,""New"":492,""Reason"":3}"
80491185,"{""Old"":13589,""New"":13591,""Reason"":3}"
80491185,"{""Old"":13632,""New"":13634,""Reason"":3}"
43780156,"{""Old"":471643,""New"":471647,""Reason"":3}"
43780156,"{""Old"":474254,""New"":474256,""Reason"":3}"
43780156,"{""Old"":474701,""New"":474711,""Reason"":3}"
43780156,"{""Old"":475912,""New"":475922,""Reason"":3}"
24196485,"{""Old"":129437,""New"":129441,""Reason"":3}"
49616690,"{""Old"":479,""New"":481,""Reason"":3}"
49616690,"{""Old"":507,""New"":509,""Reason"":3}"
67836518,"{""Old"":20682,""New"":20684,""Reason"":3}"
49616690,"{""Old"":518,""New"":520,""Reason"":3}"
80491185,"{""Old"":13602,""New"":13604,""Reason"":3}"
43780156,"{""Old"":471325,""New"":471327,""Reason"":3}"
31770614,"{""Old"":7374,""New"":7376,""Reason"":3}"
52990199,"{""Old"":10441,""New"":10443,""Reason"":3}"
49616690,"{""Old"":486,""New"":488,""Reason"":3}"
49616690,"{""Old"":557,""New"":559,""Reason"":3}"
52990199,"{""Old"":10459,""New"":10463,""Reason"":3}"
67836518,"{""Old"":20779,""New"":20781,""Reason"":3}"
52990199,"{""Old"":10450,""New"":10452,""Reason"":3}"
84303672,"{""Old"":11543,""New"":11545,""Reason"":3}"
24196485,"{""Old"":128966,""New"":128968,""Reason"":3}"
43780156,"{""Old"":473945,""New"":473965,""Reason"":3}"
43780156,"{""Old"":474331,""New"":474341,""Reason"":3}"
43780156,"{""Old"":475494,""New"":475504,""Reason"":3}"
43780156,"{""Old"":476014,""New"":476024,""Reason"":3}"
43780156,"{""Old"":475524,""New"":475534,""Reason"":3}"
43780156,"{""Old"":475482,""New"":475492,""Reason"":3}"
43780156,"{""Old"":475910,""New"":475912,""Reason"":3}"
43780156,"{""Old"":474818,""New"":474820,""Reason"":3}"
43780156,"{""Old"":476094,""New"":476104,""Reason"":3}"
43780156,"{""Old"":475084,""New"":475094,""Reason"":3}"
43780156,"{""Old"":471347,""New"":471349,""Reason"":3}"
31770614,"{""Old"":7202,""New"":7204,""Reason"":3}"
31770614,"{""Old"":7179,""New"":7181,""Reason"":3}"
24196485,"{""Old"":129399,""New"":129409,""Reason"":3}"
43780156,"{""Old"":475908,""New"":475910,""Reason"":3}"
43780156,"{""Old"":476198,""New"":476208,""Reason"":3}"
31770614,"{""Old"":7181,""New"":7183,""Reason"":3}"
43780156,"{""Old"":474300,""New"":474306,""Reason"":3}"
80491185,"{""Old"":13630,""New"":13632,""Reason"":3}"
80491185,"{""Old"":13596,""New"":13598,""Reason"":3}"
80491185,"{""Old"":13494,""New"":13496,""Reason"":3}"
49616690,"{""Old"":493,""New"":495,""Reason"":3}"
49616690,"{""Old"":741,""New"":743,""Reason"":3}"
67836518,"{""Old"":20719,""New"":20721,""Reason"":3}"
43780156,"{""Old"":476642,""New"":476652,""Reason"":3}"
43780156,"{""Old"":475322,""New"":475332,""Reason"":3}"
43780156,"{""Old"":475544,""New"":475546,""Reason"":3}"
43780156,"{""Old"":476146,""New"":476156,""Reason"":3}"
43780156,"{""Old"":471498,""New"":471508,""Reason"":3}"
43780156,"{""Old"":475250,""New"":475260,""Reason"":3}"
43780156,"{""Old"":475738,""New"":475748,""Reason"":3}"
67836518,"{""Old"":20662,""New"":20664,""Reason"":3}"
52990199,"{""Old"":10466,""New"":10468,""Reason"":3}"
208392743,"{""Old"":86599,""New"":86609,""Reason"":3}"
49616690,"{""Old"":688,""New"":690,""Reason"":3}"
208392743,"{""Old"":86533,""New"":86535,""Reason"":3}"
31770614,"{""Old"":7273,""New"":7275,""Reason"":3}"
80491185,"{""Old"":14028,""New"":14030,""Reason"":3}"
80491185,"{""Old"":13486,""New"":13488,""Reason"":3}"
67836518,"{""Old"":20664,""New"":20666,""Reason"":3}"
31770614,"{""Old"":7131,""New"":7133,""Reason"":3}"
43780156,"{""Old"":471333,""New"":471335,""Reason"":3}"
43780156,"{""Old"":473143,""New"":473145,""Reason"":3}"
43780156,"{""Old"":473305,""New"":473307,""Reason"":3}"
24196485,"{""Old"":129441,""New"":129443,""Reason"":3}"
80491185,"{""Old"":13613,""New"":13615,""Reason"":3}"
49616690,"{""Old"":719,""New"":723,""Reason"":3}"
49616690,"{""Old"":751,""New"":753,""Reason"":3}"
52990199,"{""Old"":10463,""New"":10465,""Reason"":3}"
43780156,"{""Old"":470899,""New"":470905,""Reason"":3}"
43780156,"{""Old"":472750,""New"":472752,""Reason"":3}"
43780156,"{""Old"":476392,""New"":476402,""Reason"":3}"
43780156,"{""Old"":471357,""New"":471359,""Reason"":3}"
43780156,"{""Old"":473668,""New"":473670,""Reason"":3}"
43780156,"{""Old"":474054,""New"":474074,""Reason"":3}"
80491185,"{""Old"":13906,""New"":13908,""Reason"":3}"
80491185,"{""Old"":13898,""New"":13902,""Reason"":3}"
24196485,"{""Old"":129015,""New"":129017,""Reason"":3}"
24196485,"{""Old"":129003,""New"":129013,""Reason"":3}"
43780156,"{""Old"":475270,""New"":475272,""Reason"":3}"
43780156,"{""Old"":475798,""New"":475818,""Reason"":3}"
43780156,"{""Old"":476230,""New"":476240,""Reason"":3}"
43780156,"{""Old"":476280,""New"":476290,""Reason"":3}"
43780156,"{""Old"":472524,""New"":472526,""Reason"":3}"
43780156,"{""Old"":472744,""New"":472746,""Reason"":3}"
43780156,"{""Old"":473877,""New"":473881,""Reason"":3}"
43780156,"{""Old"":476372,""New"":476382,""Reason"":3}"
43780156,"{""Old"":476612,""New"":476622,""Reason"":3}"
43780156,"{""Old"":476882,""New"":476892,""Reason"":3}"
31770614,"{""Old"":7184,""New"":7186,""Reason"":3}"
206129955,"{""Old"":2465,""New"":2467,""Reason"":3}"
24196485,"{""Old"":129328,""New"":129330,""Reason"":3}"
43780156,"{""Old"":474416,""New"":474426,""Reason"":3}"
43780156,"{""Old"":475024,""New"":475044,""Reason"":3}"
31770614,"{""Old"":7336,""New"":7338,""Reason"":3}"
80491185,"{""Old"":13292,""New"":13294,""Reason"":3}"
80491185,"{""Old"":13143,""New"":13145,""Reason"":3}"
80491185,"{""Old"":13322,""New"":13326,""Reason"":3}"
49616690,"{""Old"":533,""New"":535,""Reason"":3}"
49616690,"{""Old"":522,""New"":524,""Reason"":3}"
43780156,"{""Old"":476652,""New"":476662,""Reason"":3}"
43780156,"{""Old"":476542,""New"":476552,""Reason"":3}"
67836518,"{""Old"":20721,""New"":20731,""Reason"":3}"
80491185,"{""Old"":14030,""New"":14036,""Reason"":3}"
80491185,"{""Old"":13492,""New"":13494,""Reason"":3}"
80491185,"{""Old"":13647,""New"":13649,""Reason"":3}"
80491185,"{""Old"":13440,""New"":13442,""Reason"":3}"
43780156,"{""Old"":475124,""New"":475134,""Reason"":3}"
43780156,"{""Old"":475982,""New"":475992,""Reason"":3}"
67836518,"{""Old"":20689,""New"":20691,""Reason"":3}"
26102531,"{""Old"":6245,""New"":6247,""Reason"":3}"
26102531,"{""Old"":6217,""New"":6229,""Reason"":3}"
26102531,"{""Old"":6251,""New"":6253,""Reason"":3}"
43780156,"{""Old"":476320,""New"":476330,""Reason"":3}"
43780156,"{""Old"":476300,""New"":476320,""Reason"":3}"
43780156,"{""Old"":476402,""New"":476412,""Reason"":3}"
24196485,"{""Old"":129102,""New"":129112,""Reason"":3}"
31770614,"{""Old"":7343,""New"":7345,""Reason"":3}"
49616690,"{""Old"":726,""New"":728,""Reason"":3}"
49616690,"{""Old"":567,""New"":569,""Reason"":3}"
49616690,"{""Old"":667,""New"":671,""Reason"":3}"
49616690,"{""Old"":520,""New"":522,""Reason"":3}"
49616690,"{""Old"":735,""New"":737,""Reason"":3}"
80491185,"{""Old"":13634,""New"":13636,""Reason"":3}"
54541363,"{""Old"":1587,""New"":1589,""Reason"":3}"
43780156,"{""Old"":475190,""New"":475200,""Reason"":3}"
43780156,"{""Old"":474806,""New"":474816,""Reason"":3}"
43780156,"{""Old"":471321,""New"":471323,""Reason"":3}"
43780156,"{""Old"":471323,""New"":471325,""Reason"":3}"
43780156,"{""Old"":471359,""New"":471361,""Reason"":3}"
43780156,"{""Old"":471490,""New"":471492,""Reason"":3}"
84303672,"{""Old"":11541,""New"":11543,""Reason"":3}"
49616690,"{""Old"":755,""New"":757,""Reason"":3}"
49616690,"{""Old"":773,""New"":783,""Reason"":3}"
60557614,"{""Old"":129,""New"":131,""Reason"":3}"
24196485,"{""Old"":128968,""New"":128970,""Reason"":3}"
24196485,"{""Old"":129299,""New"":129301,""Reason"":3}"
43780156,"{""Old"":476350,""New"":476360,""Reason"":3}"
43780156,"{""Old"":474860,""New"":474862,""Reason"":3}"
43780156,"{""Old"":474984,""New"":475004,""Reason"":3}"
31770614,"{""Old"":7376,""New"":7378,""Reason"":3}"
80491185,"{""Old"":13019,""New"":13021,""Reason"":3}"
80491185,"{""Old"":13092,""New"":13094,""Reason"":3}"
80491185,"{""Old"":13011,""New"":13015,""Reason"":3}"
80491185,"{""Old"":13087,""New"":13089,""Reason"":3}"
80491185,"{""Old"":13294,""New"":13304,""Reason"":3}"
52990199,"{""Old"":10471,""New"":10473,""Reason"":3}"
31770614,"{""Old"":7291,""New"":7301,""Reason"":3}"
31770614,"{""Old"":7328,""New"":7330,""Reason"":3}"
43780156,"{""Old"":475706,""New"":475716,""Reason"":3}"
43780156,"{""Old"":475992,""New"":476002,""Reason"":3}"
43780156,"{""Old"":476064,""New"":476074,""Reason"":3}"
80491185,"{""Old"":14066,""New"":14076,""Reason"":3}"
54525546,"{""Old"":1886,""New"":1888,""Reason"":3}"
43780156,"{""Old"":474942,""New"":474952,""Reason"":3}"
43780156,"{""Old"":475748,""New"":475758,""Reason"":3}"
43780156,"{""Old"":475878,""New"":475898,""Reason"":3}"
43780156,"{""Old"":476702,""New"":476712,""Reason"":3}"
43780156,"{""Old"":476330,""New"":476340,""Reason"":3}"
24196485,"{""Old"":128956,""New"":128966,""Reason"":3}"
31770614,"{""Old"":7287,""New"":7289,""Reason"":3}"
43780156,"{""Old"":476592,""New"":476602,""Reason"":3}"
80491185,"{""Old"":13472,""New"":13474,""Reason"":3}"
49616690,"{""Old"":654,""New"":664,""Reason"":3}"
49616690,"{""Old"":488,""New"":490,""Reason"":3}"
49616690,"{""Old"":636,""New"":638,""Reason"":3}"
49616690,"{""Old"":601,""New"":603,""Reason"":3}"
49616690,"{""Old"":475,""New"":477,""Reason"":3}"
49616690,"{""Old"":603,""New"":613,""Reason"":3}"
49616690,"{""Old"":528,""New"":532,""Reason"":3}"
49616690,"{""Old"":553,""New"":555,""Reason"":3}"
43780156,"{""Old"":476270,""New"":476280,""Reason"":3}"
43780156,"{""Old"":476442,""New"":476452,""Reason"":3}"
43780156,"{""Old"":476432,""New"":476442,""Reason"":3}"
43780156,"{""Old"":476742,""New"":476752,""Reason"":3}"
43780156,"{""Old"":476892,""New"":476902,""Reason"":3}"
31770614,"{""Old"":7208,""New"":7210,""Reason"":3}"
43780156,"{""Old"":474256,""New"":474260,""Reason"":3}"
43780156,"{""Old"":472576,""New"":472578,""Reason"":3}"
43780156,"{""Old"":473881,""New"":473891,""Reason"":3}"
43780156,"{""Old"":474461,""New"":474481,""Reason"":3}"
80491185,"{""Old"":13669,""New"":13671,""Reason"":3}"
80491185,"{""Old"":13164,""New"":13166,""Reason"":3}"
49616690,"{""Old"":749,""New"":751,""Reason"":3}"
31770614,"{""Old"":7356,""New"":7358,""Reason"":3}"
31770614,"{""Old"":7248,""New"":7250,""Reason"":3}"
31770614,"{""Old"":7309,""New"":7311,""Reason"":3}"
43780156,"{""Old"":472748,""New"":472750,""Reason"":3}"
43780156,"{""Old"":475616,""New"":475626,""Reason"":3}"
43780156,"{""Old"":475828,""New"":475848,""Reason"":3}"
43780156,"{""Old"":475150,""New"":475160,""Reason"":3}"
43780156,"{""Old"":471327,""New"":471329,""Reason"":3}"
43780156,"{""Old"":474646,""New"":474656,""Reason"":3}"
43780156,"{""Old"":476208,""New"":476218,""Reason"":3}"
43780156,"{""Old"":476240,""New"":476250,""Reason"":3}"
43780156,"{""Old"":476562,""New"":476572,""Reason"":3}"
43780156,"{""Old"":476662,""New"":476672,""Reason"":3}"
49616690,"{""Old"":765,""New"":767,""Reason"":3}"
49616690,"{""Old"":767,""New"":769,""Reason"":3}"
49616690,"{""Old"":535,""New"":537,""Reason"":3}"
84303672,"{""Old"":11545,""New"":11547,""Reason"":3}"
49616690,"{""Old"":477,""New"":479,""Reason"":3}"
49616690,"{""Old"":495,""New"":505,""Reason"":3}"
49616690,"{""Old"":690,""New"":692,""Reason"":3}"
49616690,"{""Old"":665,""New"":667,""Reason"":3}"
49616690,"{""Old"":733,""New"":735,""Reason"":3}"
49616690,"{""Old"":763,""New"":765,""Reason"":3}"
80491185,"{""Old"":14019,""New"":14021,""Reason"":3}"
80491185,"{""Old"":13009,""New"":13011,""Reason"":3}"
80491185,"{""Old"":13269,""New"":13271,""Reason"":3}"
80491185,"{""Old"":13474,""New"":13476,""Reason"":3}"
80491185,"{""Old"":13598,""New"":13600,""Reason"":3}"
43780156,"{""Old"":476552,""New"":476562,""Reason"":3}"
43780156,"{""Old"":476732,""New"":476742,""Reason"":3}"
43780156,"{""Old"":474636,""New"":474646,""Reason"":3}"
31770614,"{""Old"":7360,""New"":7362,""Reason"":3}"
49616690,"{""Old"":761,""New"":763,""Reason"":3}"
80491185,"{""Old"":13793,""New"":13795,""Reason"":3}"
80491185,"{""Old"":13587,""New"":13589,""Reason"":3}"
80491185,"{""Old"":13058,""New"":13060,""Reason"":3}"
80491185,"{""Old"":13362,""New"":13364,""Reason"":3}"
80491185,"{""Old"":13496,""New"":13498,""Reason"":3}"
43780156,"{""Old"":474260,""New"":474280,""Reason"":3}"
43780156,"{""Old"":474691,""New"":474701,""Reason"":3}"
43780156,"{""Old"":475818,""New"":475828,""Reason"":3}"
43780156,"{""Old"":475952,""New"":475962,""Reason"":3}"
31770614,"{""Old"":7372,""New"":7374,""Reason"":3}"
31770614,"{""Old"":7318,""New"":7320,""Reason"":3}"
84303672,"{""Old"":11547,""New"":11557,""Reason"":3}"
49616690,"{""Old"":739,""New"":741,""Reason"":3}"
49616690,"{""Old"":599,""New"":601,""Reason"":3}"
49616690,"{""Old"":686,""New"":688,""Reason"":3}"
43780156,"{""Old"":475546,""New"":475556,""Reason"":3}"
31770614,"{""Old"":7115,""New"":7117,""Reason"":3}"
43780156,"{""Old"":476492,""New"":476522,""Reason"":3}"
43780156,"{""Old"":476340,""New"":476350,""Reason"":3}"
43780156,"{""Old"":474912,""New"":474922,""Reason"":3}"
31770614,"{""Old"":7271,""New"":7273,""Reason"":3}"
49616690,"{""Old"":783,""New"":785,""Reason"":3}"
49616690,"{""Old"":771,""New"":773,""Reason"":3}"
67836518,"{""Old"":20757,""New"":20759,""Reason"":3}"
49616690,"{""Old"":628,""New"":630,""Reason"":3}"
43780156,"{""Old"":475134,""New"":475138,""Reason"":3}"
43780156,"{""Old"":475492,""New"":475494,""Reason"":3}"
43780156,"{""Old"":476218,""New"":476228,""Reason"":3}"
43780156,"{""Old"":472964,""New"":472966,""Reason"":3}"
43780156,"{""Old"":473407,""New"":473417,""Reason"":3}"
43780156,"{""Old"":476792,""New"":476802,""Reason"":3}"
43780156,"{""Old"":476672,""New"":476682,""Reason"":3}"
43780156,"{""Old"":476752,""New"":476762,""Reason"":3}"
24196485,"{""Old"":129264,""New"":129274,""Reason"":3}"
80491185,"{""Old"":13433,""New"":13435,""Reason"":3}"
80491185,"{""Old"":13446,""New"":13448,""Reason"":3}"
80491185,"{""Old"":13448,""New"":13450,""Reason"":3}"
80491185,"{""Old"":13460,""New"":13462,""Reason"":3}"
80491185,"{""Old"":13484,""New"":13486,""Reason"":3}"
49616690,"{""Old"":473,""New"":475,""Reason"":3}"
49616690,"{""Old"":711,""New"":715,""Reason"":3}"
49616690,"{""Old"":559,""New"":561,""Reason"":3}"
49616690,"{""Old"":643,""New"":653,""Reason"":3}"
49616690,"{""Old"":728,""New"":730,""Reason"":3}"
67836518,"{""Old"":20680,""New"":20682,""Reason"":3}"
67836518,"{""Old"":20711,""New"":20715,""Reason"":3}"
43780156,"{""Old"":471351,""New"":471353,""Reason"":3}"
43780156,"{""Old"":473571,""New"":473581,""Reason"":3}"
43780156,"{""Old"":476462,""New"":476472,""Reason"":3}"
43780156,"{""Old"":476812,""New"":476822,""Reason"":3}"
43780156,"{""Old"":476842,""New"":476852,""Reason"":3}"
43780156,"{""Old"":471343,""New"":471345,""Reason"":3}"
43780156,"{""Old"":472770,""New"":472772,""Reason"":3}"
43780156,"{""Old"":475432,""New"":475442,""Reason"":3}"
43780156,"{""Old"":476074,""New"":476094,""Reason"":3}"
80491185,"{""Old"":13335,""New"":13345,""Reason"":3}"
80491185,"{""Old"":14086,""New"":14088,""Reason"":3}"
80491185,"{""Old"":13636,""New"":13638,""Reason"":3}"
43780156,"{""Old"":475180,""New"":475190,""Reason"":3}"
43780156,"{""Old"":475718,""New"":475728,""Reason"":3}"
43780156,"{""Old"":475352,""New"":475362,""Reason"":3}"
31770614,"{""Old"":7227,""New"":7229,""Reason"":3}"
43780156,"{""Old"":474796,""New"":474806,""Reason"":3}"
43780156,"{""Old"":475004,""New"":475014,""Reason"":3}"
43780156,"{""Old"":475104,""New"":475114,""Reason"":3}"
43780156,"{""Old"":475696,""New"":475706,""Reason"":3}"
43780156,"{""Old"":476158,""New"":476168,""Reason"":3}"
43780156,"{""Old"":473822,""New"":473824,""Reason"":3}"
52990199,"{""Old"":10456,""New"":10458,""Reason"":3}"
52990199,"{""Old"":10468,""New"":10470,""Reason"":3}"
52990199,"{""Old"":10443,""New"":10445,""Reason"":3}"
52990199,"{""Old"":10452,""New"":10454,""Reason"":3}"
26102531,"{""Old"":6255,""New"":6257,""Reason"":3}"
50159755,"{""Old"":1863,""New"":1865,""Reason"":3}"
80491185,"{""Old"":13490,""New"":13492,""Reason"":3}"
43780156,"{""Old"":472603,""New"":472605,""Reason"":3}"
43780156,"{""Old"":471349,""New"":471351,""Reason"":3}"
43780156,"{""Old"":474756,""New"":474766,""Reason"":3}"
43780156,"{""Old"":476168,""New"":476178,""Reason"":3}"
43780156,"{""Old"":475504,""New"":475524,""Reason"":3}"
43780156,"{""Old"":475848,""New"":475868,""Reason"":3}"
43780156,"{""Old"":475412,""New"":475422,""Reason"":3}"
80491185,"{""Old"":13611,""New"":13613,""Reason"":3}"
80491185,"{""Old"":13145,""New"":13147,""Reason"":3}"
80491185,"{""Old"":13168,""New"":13170,""Reason"":3}"
80491185,"{""Old"":13749,""New"":13751,""Reason"":3}"
80491185,"{""Old"":14021,""New"":14023,""Reason"":3}"
43780156,"{""Old"":475556,""New"":475566,""Reason"":3}"
43780156,"{""Old"":472812,""New"":472814,""Reason"":3}"
43780156,"{""Old"":473695,""New"":473697,""Reason"":3}"
43780156,"{""Old"":474280,""New"":474300,""Reason"":3}"
43780156,"{""Old"":471315,""New"":471317,""Reason"":3}"
43780156,"{""Old"":471337,""New"":471341,""Reason"":3}"
31770614,"{""Old"":7321,""New"":7323,""Reason"":3}"
43780156,"{""Old"":471637,""New"":471639,""Reason"":3}"
43780156,"{""Old"":476422,""New"":476432,""Reason"":3}"
43780156,"{""Old"":476782,""New"":476792,""Reason"":3}"
80491185,"{""Old"":13031,""New"":13041,""Reason"":3}"
80491185,"{""Old"":13184,""New"":13194,""Reason"":3}"
80491185,"{""Old"":13726,""New"":13728,""Reason"":3}"
26102531,"{""Old"":6231,""New"":6233,""Reason"":3}"
43780156,"{""Old"":471331,""New"":471333,""Reason"":3}"
43780156,"{""Old"":472732,""New"":472742,""Reason"":3}"
43780156,"{""Old"":471345,""New"":471347,""Reason"":3}"
43780156,"{""Old"":471353,""New"":471355,""Reason"":3}"
43780156,"{""Old"":474850,""New"":474860,""Reason"":3}"
43780156,"{""Old"":475200,""New"":475220,""Reason"":3}"
43780156,"{""Old"":476144,""New"":476146,""Reason"":3}"
43780156,"{""Old"":472792,""New"":472802,""Reason"":3}"
43780156,"{""Old"":473873,""New"":473877,""Reason"":3}"
43780156,"{""Old"":471355,""New"":471357,""Reason"":3}"
43780156,"{""Old"":474972,""New"":474982,""Reason"":3}"
43780156,"{""Old"":475362,""New"":475412,""Reason"":3}"
43780156,"{""Old"":475472,""New"":475482,""Reason"":3}"
43780156,"{""Old"":476044,""New"":476054,""Reason"":3}"
43780156,"{""Old"":476104,""New"":476114,""Reason"":3}"
80491185,"{""Old"":13151,""New"":13153,""Reason"":3}"
80491185,"{""Old"":13580,""New"":13582,""Reason"":3}"
34352513,"{""Old"":1911,""New"":1913,""Reason"":3}"
80491185,"{""Old"":13180,""New"":13184,""Reason"":3}"
43780156,"{""Old"":475064,""New"":475074,""Reason"":3}"
43780156,"{""Old"":476114,""New"":476134,""Reason"":3}"
43780156,"{""Old"":471633,""New"":471635,""Reason"":3}"
43780156,"{""Old"":472760,""New"":472770,""Reason"":3}"
43780156,"{""Old"":473270,""New"":473280,""Reason"":3}"
43780156,"{""Old"":473641,""New"":473643,""Reason"":3}"
43780156,"{""Old"":474219,""New"":474229,""Reason"":3}"
43780156,"{""Old"":471335,""New"":471337,""Reason"":3}"
43780156,"{""Old"":474366,""New"":474386,""Reason"":3}"
43780156,"{""Old"":471130,""New"":471134,""Reason"":3}"
43780156,"{""Old"":474746,""New"":474756,""Reason"":3}"
43780156,"{""Old"":474820,""New"":474830,""Reason"":3}"
43780156,"{""Old"":475292,""New"":475302,""Reason"":3}"
80491185,"{""Old"":13561,""New"":13563,""Reason"":3}"
80491185,"{""Old"":13099,""New"":13101,""Reason"":3}"
80491185,"{""Old"":13728,""New"":13730,""Reason"":3}"
43780156,"{""Old"":475778,""New"":475788,""Reason"":3}"
43780156,"{""Old"":475898,""New"":475908,""Reason"":3}"
80491185,"{""Old"":13642,""New"":13644,""Reason"":3}"
43780156,"{""Old"":474892,""New"":474902,""Reason"":3}"
43780156,"{""Old"":475302,""New"":475322,""Reason"":3}"
64516532,"{""Old"":1024,""New"":1026,""Reason"":3}"
43780156,"{""Old"":474902,""New"":474912,""Reason"":3}"
43780156,"{""Old"":475606,""New"":475616,""Reason"":3}"
43780156,"{""Old"":475942,""New"":475952,""Reason"":3}"
43780156,"{""Old"":476054,""New"":476064,""Reason"":3}"
43780156,"{""Old"":476360,""New"":476370,""Reason"":3}"
43780156,"{""Old"":471496,""New"":471498,""Reason"":3}"
43780156,"{""Old"":474451,""New"":474461,""Reason"":3}"
50159755,"{""Old"":1861,""New"":1863,""Reason"":3}"
80491185,"{""Old"":13679,""New"":13683,""Reason"":3}"
80491185,"{""Old"":13873,""New"":13875,""Reason"":3}"
80491185,"{""Old"":13904,""New"":13906,""Reason"":3}"
80491185,"{""Old"":13902,""New"":13904,""Reason"":3}"
43780156,"{""Old"":472752,""New"":472758,""Reason"":3}"
43780156,"{""Old"":473992,""New"":473994,""Reason"":3}"
43780156,"{""Old"":474531,""New"":474591,""Reason"":3}"
43780156,"{""Old"":475586,""New"":475606,""Reason"":3}"
43780156,"{""Old"":475656,""New"":475666,""Reason"":3}"
43780156,"{""Old"":475716,""New"":475718,""Reason"":3}"
43780156,"{""Old"":475148,""New"":475150,""Reason"":3}"
43780156,"{""Old"":475666,""New"":475676,""Reason"":3}"
43780156,"{""Old"":474766,""New"":474796,""Reason"":3}"
43780156,"{""Old"":475636,""New"":475646,""Reason"":3}"
43780156,"{""Old"":474862,""New"":474882,""Reason"":3}"
43780156,"{""Old"":475332,""New"":475352,""Reason"":3}"
43780156,"{""Old"":476228,""New"":476230,""Reason"":3}"
80491185,"{""Old"":13640,""New"":13642,""Reason"":3}"
80491185,"{""Old"":14036,""New"":14038,""Reason"":3}"
43780156,"{""Old"":471488,""New"":471490,""Reason"":3}"
43780156,"{""Old"":471341,""New"":471343,""Reason"":3}"
219297162,"{""Old"":575,""New"":577,""Reason"":3}"
40871687,"{""Old"":1878,""New"":1880,""Reason"":3}"
43780156,"{""Old"":475422,""New"":475432,""Reason"":3}"
43780156,"{""Old"":475442,""New"":475452,""Reason"":3}"
43780156,"{""Old"":474932,""New"":474942,""Reason"":3}"
80491185,"{""Old"":13767,""New"":13777,""Reason"":3}"
55833892,"{""Old"":5574,""New"":5600,""Reason"":3}"
80491185,"{""Old"":13173,""New"":13177,""Reason"":3}"
80491185,"{""Old"":13320,""New"":13322,""Reason"":3}"
80491185,"{""Old"":13677,""New"":13679,""Reason"":3}"
80491185,"{""Old"":13021,""New"":13025,""Reason"":3}"
80491185,"{""Old"":13029,""New"":13031,""Reason"":3}"
80491185,"{""Old"":13215,""New"":13217,""Reason"":3}"
80491185,"{""Old"":13262,""New"":13264,""Reason"":3}"
43780156,"{""Old"":474830,""New"":474840,""Reason"":3}"
43780156,"{""Old"":475138,""New"":475148,""Reason"":3}"
43780156,"{""Old"":473943,""New"":473945,""Reason"":3}"
43780156,"{""Old"":475626,""New"":475636,""Reason"":3}"
43780156,"{""Old"":471236,""New"":471238,""Reason"":3}"
43780156,"{""Old"":473849,""New"":473853,""Reason"":3}"
43780156,"{""Old"":473994,""New"":474004,""Reason"":3}"
43780156,"{""Old"":474184,""New"":474194,""Reason"":3}"
43780156,"{""Old"":475114,""New"":475124,""Reason"":3}"
43780156,"{""Old"":475160,""New"":475170,""Reason"":3}"
43780156,"{""Old"":474922,""New"":474932,""Reason"":3}"
43780156,"{""Old"":475240,""New"":475250,""Reason"":3}"
43780156,"{""Old"":476156,""New"":476158,""Reason"":3}"
80491185,"{""Old"":13260,""New"":13262,""Reason"":3}"
80491185,"{""Old"":13285,""New"":13287,""Reason"":3}"
80491185,"{""Old"":13313,""New"":13315,""Reason"":3}"
43780156,"{""Old"":475014,""New"":475024,""Reason"":3}"
43780156,"{""Old"":475728,""New"":475738,""Reason"":3}"
43780156,"{""Old"":474840,""New"":474850,""Reason"":3}"
43780156,"{""Old"":475054,""New"":475064,""Reason"":3}"
43780156,"{""Old"":475534,""New"":475544,""Reason"":3}"
43780156,"{""Old"":476034,""New"":476044,""Reason"":3}"
43780156,"{""Old"":476134,""New"":476144,""Reason"":3}"
54541363,"{""Old"":1589,""New"":1593,""Reason"":3}"
26102531,"{""Old"":6243,""New"":6245,""Reason"":3}"
26102531,"{""Old"":6249,""New"":6251,""Reason"":3}"
9570697,"{""Old"":16864,""New"":16866,""Reason"":3}"
54541363,"{""Old"":1593,""New"":1595,""Reason"":3}"
9570697,"{""Old"":16868,""New"":16870,""Reason"":3}"
9570697,"{""Old"":16862,""New"":16864,""Reason"":3}"
54541363,"{""Old"":1595,""New"":1597,""Reason"":3}"
80491185,"{""Old"":13815,""New"":13817,""Reason"":3}"
34352513,"{""Old"":1921,""New"":1923,""Reason"":3}"
80491185,"{""Old"":13046,""New"":13048,""Reason"":3}"
80491185,"{""Old"":13442,""New"":13444,""Reason"":3}"
80491185,"{""Old"":13805,""New"":13815,""Reason"":3}"
80491185,"{""Old"":13882,""New"":13884,""Reason"":3}"
80491185,"{""Old"":13568,""New"":13570,""Reason"":3}"
80491185,"{""Old"":13948,""New"":13950,""Reason"":3}"
80491185,"{""Old"":13479,""New"":13481,""Reason"":3}"
80491185,"{""Old"":13101,""New"":13103,""Reason"":3}"
80491185,"{""Old"":13358,""New"":13360,""Reason"":3}"
80491185,"{""Old"":13975,""New"":13977,""Reason"":3}"
80491185,"{""Old"":13044,""New"":13046,""Reason"":3}"
80491185,"{""Old"":13115,""New"":13125,""Reason"":3}"
80491185,"{""Old"":13333,""New"":13335,""Reason"":3}"
80491185,"{""Old"":13545,""New"":13547,""Reason"":3}"
80491185,"{""Old"":13438,""New"":13440,""Reason"":3}"
80491185,"{""Old"":13431,""New"":13433,""Reason"":3}"
26102531,"{""Old"":6215,""New"":6217,""Reason"":3}"
80491185,"{""Old"":13615,""New"":13617,""Reason"":3}"
26102531,"{""Old"":6229,""New"":6231,""Reason"":3}"
80491185,"{""Old"":13718,""New"":13720,""Reason"":3}"
80491185,"{""Old"":13675,""New"":13677,""Reason"":3}"
80491185,"{""Old"":13758,""New"":13760,""Reason"":3}"
80491185,"{""Old"":13908,""New"":13910,""Reason"":3}"
80491185,"{""Old"":13848,""New"":13858,""Reason"":3}"
80491185,"{""Old"":13756,""New"":13758,""Reason"":3}"
80491185,"{""Old"":13940,""New"":13942,""Reason"":3}"
80491185,"{""Old"":13275,""New"":13285,""Reason"":3}"
80491185,"{""Old"":13079,""New"":13081,""Reason"":3}"
80491185,"{""Old"":13083,""New"":13087,""Reason"":3}"
80491185,"{""Old"":14084,""New"":14086,""Reason"":3}"
80491185,"{""Old"":13444,""New"":13446,""Reason"":3}"
80491185,"{""Old"":13205,""New"":13207,""Reason"":3}"
80491185,"{""Old"":13547,""New"":13549,""Reason"":3}"
80491185,"{""Old"":13417,""New"":13427,""Reason"":3}"
80491185,"{""Old"":13429,""New"":13431,""Reason"":3}"
80491185,"{""Old"":13539,""New"":13541,""Reason"":3}"
80491185,"{""Old"":13134,""New"":13136,""Reason"":3}"
34352513,"{""Old"":1909,""New"":1911,""Reason"":3}"
80491185,"{""Old"":13803,""New"":13805,""Reason"":3}"
80491185,"{""Old"":13824,""New"":13826,""Reason"":3}"
80491185,"{""Old"":13376,""New"":13386,""Reason"":3}"
80491185,"{""Old"":13229,""New"":13231,""Reason"":3}"
80491185,"{""Old"":14088,""New"":14090,""Reason"":3}"
80491185,"{""Old"":13703,""New"":13705,""Reason"":3}"
34352513,"{""Old"":1919,""New"":1921,""Reason"":3}"
80491185,"{""Old"":13910,""New"":13920,""Reason"":3}"
80491185,"{""Old"":13946,""New"":13948,""Reason"":3}"
80491185,"{""Old"":13386,""New"":13388,""Reason"":3}"
80491185,"{""Old"":13399,""New"":13401,""Reason"":3}"
80491185,"{""Old"":14005,""New"":14007,""Reason"":3}"
80491185,"{""Old"":14007,""New"":14009,""Reason"":3}"
80491185,"{""Old"":14023,""New"":14025,""Reason"":3}"
80491185,"{""Old"":13600,""New"":13602,""Reason"":3}"
80491185,"{""Old"":13942,""New"":13944,""Reason"":3}"
80491185,"{""Old"":13965,""New"":13975,""Reason"":3}"
80491185,"{""Old"":13707,""New"":13709,""Reason"":3}"
80491185,"{""Old"":13132,""New"":13134,""Reason"":3}"
80491185,"{""Old"":13264,""New"":13266,""Reason"":3}"
80491185,"{""Old"":13760,""New"":13762,""Reason"":3}"
80491185,"{""Old"":13858,""New"":13860,""Reason"":3}"
80491185,"{""Old"":13007,""New"":13009,""Reason"":3}"
80491185,"{""Old"":13509,""New"":13511,""Reason"":3}"
80491185,"{""Old"":14080,""New"":14082,""Reason"":3}"
80491185,"{""Old"":13889,""New"":13891,""Reason"":3}"
80491185,"{""Old"":13149,""New"":13151,""Reason"":3}"
80491185,"{""Old"":13739,""New"":13749,""Reason"":3}"
80491185,"{""Old"":13326,""New"":13328,""Reason"":3}"
80491185,"{""Old"":13507,""New"":13509,""Reason"":3}"
80491185,"{""Old"":13462,""New"":13472,""Reason"":3}"
26102531,"{""Old"":6213,""New"":6215,""Reason"":3}"
80491185,"{""Old"":13075,""New"":13077,""Reason"":3}"
80491185,"{""Old"":13166,""New"":13168,""Reason"":3}"
80491185,"{""Old"":13160,""New"":13164,""Reason"":3}"
80491185,"{""Old"":13315,""New"":13317,""Reason"":3}"
80491185,"{""Old"":13488,""New"":13490,""Reason"":3}"
80491185,"{""Old"":13304,""New"":13306,""Reason"":3}"
80491185,"{""Old"":13027,""New"":13029,""Reason"":3}"
80491185,"{""Old"":13158,""New"":13160,""Reason"":3}"
80491185,"{""Old"":13194,""New"":13196,""Reason"":3}"
80491185,"{""Old"":13213,""New"":13215,""Reason"":3}"
80491185,"{""Old"":13944,""New"":13946,""Reason"":3}"
80491185,"{""Old"":14048,""New"":14058,""Reason"":3}"
80491185,"{""Old"":13063,""New"":13065,""Reason"":3}"
80491185,"{""Old"":13549,""New"":13551,""Reason"":3}"
80491185,"{""Old"":13585,""New"":13587,""Reason"":3}"
80491185,"{""Old"":13649,""New"":13651,""Reason"":3}"
80491185,"{""Old"":13566,""New"":13568,""Reason"":3}"
80491185,"{""Old"":13077,""New"":13079,""Reason"":3}"
80491185,"{""Old"":13765,""New"":13767,""Reason"":3}"
80491185,"{""Old"":13831,""New"":13841,""Reason"":3}"
80491185,"{""Old"":13992,""New"":14002,""Reason"":3}"
80491185,"{""Old"":14078,""New"":14080,""Reason"":3}"
80491185,"{""Old"":13273,""New"":13275,""Reason"":3}"
80491185,"{""Old"":13860,""New"":13862,""Reason"":3}"
80491185,"{""Old"":13846,""New"":13848,""Reason"":3}"
80491185,"{""Old"":13638,""New"":13640,""Reason"":3}"
80491185,"{""Old"":13782,""New"":13784,""Reason"":3}"
80491185,"{""Old"":13730,""New"":13732,""Reason"":3}"
80491185,"{""Old"":13791,""New"":13793,""Reason"":3}"
80491185,"{""Old"":13686,""New"":13688,""Reason"":3}"
80491185,"{""Old"":13980,""New"":13982,""Reason"":3}"
80491185,"{""Old"":14060,""New"":14062,""Reason"":3}"
80491185,"{""Old"":13081,""New"":13083,""Reason"":3}"
80491185,"{""Old"":13345,""New"":13355,""Reason"":3}"
80491185,"{""Old"":13360,""New"":13362,""Reason"":3}"
80491185,"{""Old"":13048,""New"":13058,""Reason"":3}"
80491185,"{""Old"":13751,""New"":13753,""Reason"":3}"
80491185,"{""Old"":13887,""New"":13889,""Reason"":3}"
80491185,"{""Old"":13207,""New"":13211,""Reason"":3}"
80491185,"{""Old"":13271,""New"":13273,""Reason"":3}"
80491185,"{""Old"":13094,""New"":13096,""Reason"":3}"
80491185,"{""Old"":13671,""New"":13675,""Reason"":3}"
80491185,"{""Old"":13891,""New"":13893,""Reason"":3}"
80491185,"{""Old"":13801,""New"":13803,""Reason"":3}"
80491185,"{""Old"":13864,""New"":13866,""Reason"":3}"
80491185,"{""Old"":13415,""New"":13417,""Reason"":3}"
80491185,"{""Old"":13518,""New"":13528,""Reason"":3}"
80491185,"{""Old"":13401,""New"":13403,""Reason"":3}"
80491185,"{""Old"":13875,""New"":13877,""Reason"":3}"
80491185,"{""Old"":13127,""New"":13129,""Reason"":3}"
80491185,"{""Old"":13203,""New"":13205,""Reason"":3}"
80491185,"{""Old"":13328,""New"":13330,""Reason"":3}"
80491185,"{""Old"":14076,""New"":14078,""Reason"":3}"
80491185,"{""Old"":13392,""New"":13394,""Reason"":3}"
80491185,"{""Old"":13880,""New"":13882,""Reason"":3}"
80491185,"{""Old"":13844,""New"":13846,""Reason"":3}"
80491185,"{""Old"":13920,""New"":13930,""Reason"":3}"
80491185,"{""Old"":13594,""New"":13596,""Reason"":3}"
80491185,"{""Old"":13110,""New"":13112,""Reason"":3}"
80491185,"{""Old"":13211,""New"":13213,""Reason"":3}"
80491185,"{""Old"":13570,""New"":13580,""Reason"":3}"
80491185,"{""Old"":13244,""New"":13246,""Reason"":3}"
80491185,"{""Old"":13256,""New"":13258,""Reason"":3}"
80491185,"{""Old"":13427,""New"":13429,""Reason"":3}"
80491185,"{""Old"":13511,""New"":13513,""Reason"":3}"
80491185,"{""Old"":13780,""New"":13782,""Reason"":3}"
80491185,"{""Old"":13705,""New"":13707,""Reason"":3}"
80491185,"{""Old"":13219,""New"":13229,""Reason"":3}"
80491185,"{""Old"":13371,""New"":13373,""Reason"":3}"
80491185,"{""Old"":13290,""New"":13292,""Reason"":3}"
80491185,"{""Old"":13829,""New"":13831,""Reason"":3}"
80491185,"{""Old"":13505,""New"":13507,""Reason"":3}"
80491185,"{""Old"":13390,""New"":13392,""Reason"":3}"
80491185,"{""Old"":13403,""New"":13405,""Reason"":3}"
80491185,"{""Old"":13125,""New"":13127,""Reason"":3}"
80491185,"{""Old"":13147,""New"":13149,""Reason"":3}"
80491185,"{""Old"":13862,""New"":13864,""Reason"":3}"
80491185,"{""Old"":13025,""New"":13027,""Reason"":3}"
80491185,"{""Old"":13153,""New"":13155,""Reason"":3}"
80491185,"{""Old"":13258,""New"":13260,""Reason"":3}"
80491185,"{""Old"":13695,""New"":13697,""Reason"":3}"
80491185,"{""Old"":13397,""New"":13399,""Reason"":3}"
80491185,"{""Old"":13015,""New"":13019,""Reason"":3}"
80491185,"{""Old"":13388,""New"":13390,""Reason"":3}"
80491185,"{""Old"":13217,""New"":13219,""Reason"":3}"
80491185,"{""Old"":13231,""New"":13241,""Reason"":3}"
80491185,"{""Old"":13664,""New"":13666,""Reason"":3}"
80491185,"{""Old"":13716,""New"":13718,""Reason"":3}"
80491185,"{""Old"":13893,""New"":13895,""Reason"":3}"
4328218,"{""Old"":143,""New"":149,""Reason"":3}"
68778459,"{""Old"":93,""New"":101,""Reason"":3}"
24797713,"{""Old"":697,""New"":699,""Reason"":3}"
62448257,"{""Old"":3334,""New"":3336,""Reason"":3}"
37914602,"{""Old"":79,""New"":83,""Reason"":3}"
43582178,"{""Old"":504,""New"":506,""Reason"":3}"
40849881,"{""Old"":969,""New"":979,""Reason"":3}"
53324485,"{""Old"":29082,""New"":29182,""Reason"":3}"
40849881,"{""Old"":994,""New"":996,""Reason"":3}"
53324485,"{""Old"":30948,""New"":30978,""Reason"":3}"
53324485,"{""Old"":30978,""New"":31018,""Reason"":3}"
6217802,"{""Old"":3725,""New"":3733,""Reason"":3}"
43582178,"{""Old"":709,""New"":717,""Reason"":3}"
53324485,"{""Old"":28041,""New"":28053,""Reason"":3}"
27801143,"{""Old"":2502,""New"":2504,""Reason"":3}"
75217747,"{""Old"":1641,""New"":1651,""Reason"":3}"
57320977,"{""Old"":714,""New"":716,""Reason"":3}"
71223757,"{""Old"":684,""New"":692,""Reason"":3}"
82703855,"{""Old"":19,""New"":21,""Reason"":3}"
53324485,"{""Old"":29207,""New"":29227,""Reason"":3}"
17920625,"{""Old"":3547,""New"":3569,""Reason"":3}"
43582178,"{""Old"":655,""New"":659,""Reason"":3}"
35494962,"{""Old"":33394,""New"":33396,""Reason"":3}"
6217802,"{""Old"":3671,""New"":3675,""Reason"":3}"
76016253,"{""Old"":2466,""New"":2504,""Reason"":3}"
57320977,"{""Old"":614,""New"":620,""Reason"":3}"
57320977,"{""Old"":642,""New"":656,""Reason"":3}"
49993613,"{""Old"":10759,""New"":10775,""Reason"":3}"
47704680,"{""Old"":886,""New"":902,""Reason"":3}"
40849881,"{""Old"":1008,""New"":1022,""Reason"":3}"
43582178,"{""Old"":413,""New"":425,""Reason"":3}"
4328218,"{""Old"":260,""New"":264,""Reason"":3}"
30617128,"{""Old"":200,""New"":212,""Reason"":3}"
57320977,"{""Old"":608,""New"":612,""Reason"":3}"
53324485,"{""Old"":27275,""New"":27323,""Reason"":3}"
40849881,"{""Old"":932,""New"":950,""Reason"":3}"
53324485,"{""Old"":28228,""New"":28330,""Reason"":3}"
53324485,"{""Old"":29460,""New"":29500,""Reason"":3}"
51672058,"{""Old"":574,""New"":576,""Reason"":3}"
43582178,"{""Old"":369,""New"":373,""Reason"":3}"
7710759,"{""Old"":901,""New"":903,""Reason"":3}"
53324485,"{""Old"":29359,""New"":29389,""Reason"":3}"
57320977,"{""Old"":624,""New"":630,""Reason"":3}"
47704680,"{""Old"":1184,""New"":1192,""Reason"":3}"
6217802,"{""Old"":3676,""New"":3682,""Reason"":3}"
8557317,"{""Old"":128,""New"":130,""Reason"":3}"
67394942,"{""Old"":42,""New"":46,""Reason"":3}"
57320977,"{""Old"":621,""New"":623,""Reason"":3}"
53324485,"{""Old"":29872,""New"":29932,""Reason"":3}"
19254018,"{""Old"":354,""New"":370,""Reason"":3}"
53324485,"{""Old"":28021,""New"":28041,""Reason"":3}"
53324485,"{""Old"":28380,""New"":28442,""Reason"":3}"
47704680,"{""Old"":1195,""New"":1209,""Reason"":3}"
55918400,"{""Old"":75,""New"":77,""Reason"":3}"
47704680,"{""Old"":1165,""New"":1171,""Reason"":3}"
40849881,"{""Old"":997,""New"":1007,""Reason"":3}"
47704680,"{""Old"":1139,""New"":1153,""Reason"":3}"
4328218,"{""Old"":234,""New"":236,""Reason"":3}"
40849881,"{""Old"":986,""New"":990,""Reason"":3}"
43582178,"{""Old"":448,""New"":466,""Reason"":3}"
43582178,"{""Old"":466,""New"":494,""Reason"":3}"
43582178,"{""Old"":659,""New"":699,""Reason"":3}"
45632747,"{""Old"":346,""New"":350,""Reason"":3}"
53324485,"{""Old"":29605,""New"":29685,""Reason"":3}"
35494962,"{""Old"":33308,""New"":33312,""Reason"":3}"
47704680,"{""Old"":1129,""New"":1135,""Reason"":3}"
40849881,"{""Old"":920,""New"":930,""Reason"":3}"
47704680,"{""Old"":1209,""New"":1213,""Reason"":3}"
43582178,"{""Old"":558,""New"":590,""Reason"":3}"
57320977,"{""Old"":583,""New"":587,""Reason"":3}"
53324485,"{""Old"":28128,""New"":28178,""Reason"":3}"
53324485,"{""Old"":28897,""New"":28977,""Reason"":3}"
48242635,"{""Old"":492,""New"":494,""Reason"":3}"
53324485,"{""Old"":27582,""New"":27730,""Reason"":3}"
43582178,"{""Old"":518,""New"":532,""Reason"":3}"
53324485,"{""Old"":27901,""New"":27929,""Reason"":3}"
48242635,"{""Old"":484,""New"":486,""Reason"":3}"
201153927,"{""Old"":1536,""New"":1548,""Reason"":3}"
48242635,"{""Old"":505,""New"":507,""Reason"":3}"
35494962,"{""Old"":33396,""New"":33398,""Reason"":3}"
35345266,"{""Old"":52,""New"":54,""Reason"":3}"
47704680,"{""Old"":1125,""New"":1127,""Reason"":3}"
218155358,"{""Old"":52787,""New"":52819,""Reason"":3}"
218155358,"{""Old"":51504,""New"":51538,""Reason"":3}"
218155358,"{""Old"":53691,""New"":53807,""Reason"":3}"
15188858,"{""Old"":303,""New"":307,""Reason"":3}"
211904728,"{""Old"":212992,""New"":213188,""Reason"":3}"
15188858,"{""Old"":251,""New"":267,""Reason"":3}"
29342093,"{""Old"":13997,""New"":14009,""Reason"":3}"
11163912,"{""Old"":173,""New"":175,""Reason"":3}"
20969598,"{""Old"":50,""New"":62,""Reason"":3}"
203419104,"{""Old"":102,""New"":104,""Reason"":3}"
203419104,"{""Old"":177,""New"":179,""Reason"":3}"
20969598,"{""Old"":39,""New"":49,""Reason"":3}"
211904728,"{""Old"":207543,""New"":211223,""Reason"":3}"
218155358,"{""Old"":52775,""New"":52787,""Reason"":3}"
218155358,"{""Old"":54392,""New"":54424,""Reason"":3}"
15188858,"{""Old"":270,""New"":274,""Reason"":3}"
218155358,"{""Old"":52905,""New"":52925,""Reason"":3}"
218155358,"{""Old"":53554,""New"":53616,""Reason"":3}"
11163912,"{""Old"":167,""New"":173,""Reason"":3}"
29342093,"{""Old"":13967,""New"":13997,""Reason"":3}"
14286191,"{""Old"":1458,""New"":1462,""Reason"":3}"
20969598,"{""Old"":26,""New"":30,""Reason"":3}"
14286191,"{""Old"":1464,""New"":1466,""Reason"":3}"
203419104,"{""Old"":105,""New"":111,""Reason"":3}"
200921156,"{""Old"":1774,""New"":1780,""Reason"":3}"
23099724,"{""Old"":1464,""New"":1468,""Reason"":3}"
14286191,"{""Old"":1467,""New"":1469,""Reason"":3}"
23099724,"{""Old"":1448,""New"":1454,""Reason"":3}"
29342093,"{""Old"":14009,""New"":14035,""Reason"":3}"
211904728,"{""Old"":213190,""New"":213444,""Reason"":3}"
218155358,"{""Old"":54442,""New"":54488,""Reason"":3}"
218155358,"{""Old"":53357,""New"":53443,""Reason"":3}"
218155358,"{""Old"":52957,""New"":52959,""Reason"":3}"
218155358,"{""Old"":54128,""New"":54172,""Reason"":3}"
200921156,"{""Old"":1781,""New"":1783,""Reason"":3}"
14286191,"{""Old"":1444,""New"":1450,""Reason"":3}"
203419104,"{""Old"":143,""New"":157,""Reason"":3}"
20353082,"{""Old"":121,""New"":129,""Reason"":3}"
15188858,"{""Old"":280,""New"":282,""Reason"":3}"
218155358,"{""Old"":52925,""New"":52957,""Reason"":3}"
218155358,"{""Old"":53656,""New"":53666,""Reason"":3}"
15188858,"{""Old"":248,""New"":250,""Reason"":3}"
203419104,"{""Old"":97,""New"":101,""Reason"":3}"
203419104,"{""Old"":131,""New"":133,""Reason"":3}"
29342093,"{""Old"":13678,""New"":13692,""Reason"":3}"
203419104,"{""Old"":181,""New"":191,""Reason"":3}"
23099724,"{""Old"":1439,""New"":1441,""Reason"":3}"
203419104,"{""Old"":84,""New"":86,""Reason"":3}"
203419104,"{""Old"":139,""New"":143,""Reason"":3}"
29342093,"{""Old"":13518,""New"":13528,""Reason"":3}"
22941429,"{""Old"":147,""New"":149,""Reason"":3}"
26072040,"{""Old"":2128,""New"":2142,""Reason"":3}"
22941429,"{""Old"":194,""New"":196,""Reason"":3}"
11163912,"{""Old"":142,""New"":144,""Reason"":3}"
22941429,"{""Old"":189,""New"":193,""Reason"":3}"
23099724,"{""Old"":1441,""New"":1443,""Reason"":3}"
211041399,"{""Old"":429,""New"":431,""Reason"":3}"
22941429,"{""Old"":163,""New"":165,""Reason"":3}"
22941429,"{""Old"":134,""New"":138,""Reason"":3}"
26072040,"{""Old"":2126,""New"":2128,""Reason"":3}"
22941429,"{""Old"":199,""New"":207,""Reason"":3}"
218155358,"{""Old"":53123,""New"":53125,""Reason"":3}"
16161694,"{""Old"":253,""New"":263,""Reason"":3}"
211904728,"{""Old"":213444,""New"":213620,""Reason"":3}"
218155358,"{""Old"":52041,""New"":52125,""Reason"":3}"
211904728,"{""Old"":206766,""New"":206788,""Reason"":3}"
15438680,"{""Old"":961,""New"":967,""Reason"":3}"
13830921,"{""Old"":800,""New"":802,""Reason"":3}"
203419104,"{""Old"":77,""New"":79,""Reason"":3}"
203419104,"{""Old"":69,""New"":75,""Reason"":3}"
203419104,"{""Old"":196,""New"":198,""Reason"":3}"
220981327,"{""Old"":113,""New"":115,""Reason"":3}"
29342093,"{""Old"":14109,""New"":15857,""Reason"":3}"
203419104,"{""Old"":51,""New"":55,""Reason"":3}"
211904728,"{""Old"":212398,""New"":212428,""Reason"":3}"
218155358,"{""Old"":52409,""New"":52515,""Reason"":3}"
218155358,"{""Old"":52819,""New"":52905,""Reason"":3}"
218155358,"{""Old"":54434,""New"":54442,""Reason"":3}"
218155358,"{""Old"":54183,""New"":54243,""Reason"":3}"
218155358,"{""Old"":53905,""New"":53971,""Reason"":3}"
15188858,"{""Old"":285,""New"":303,""Reason"":3}"
2126771,"{""Old"":17776,""New"":17788,""Reason"":3}"
18479295,"{""Old"":256,""New"":258,""Reason"":3}"
202943605,"{""Old"":3790,""New"":3804,""Reason"":3}"
203419104,"{""Old"":168,""New"":172,""Reason"":3}"
11139491,"{""Old"":271,""New"":285,""Reason"":3}"
16319032,"{""Old"":3774,""New"":3794,""Reason"":3}"
11115494,"{""Old"":602,""New"":612,""Reason"":3}"
12832335,"{""Old"":981,""New"":991,""Reason"":3}"
12832335,"{""Old"":975,""New"":981,""Reason"":3}"
12832335,"{""Old"":995,""New"":997,""Reason"":3}"
11115494,"{""Old"":600,""New"":602,""Reason"":3}"
13074595,"{""Old"":64351,""New"":64361,""Reason"":3}"
13074595,"{""Old"":60995,""New"":61057,""Reason"":3}"
12832335,"{""Old"":999,""New"":1001,""Reason"":3}"
12832335,"{""Old"":991,""New"":995,""Reason"":3}"
201989156,"{""Old"":2403,""New"":2419,""Reason"":3}"
11139491,"{""Old"":267,""New"":271,""Reason"":3}"
13074595,"{""Old"":60775,""New"":60829,""Reason"":3}"
13074595,"{""Old"":61298,""New"":61318,""Reason"":3}"
13074595,"{""Old"":61528,""New"":63756,""Reason"":3}"
16319032,"{""Old"":3757,""New"":3767,""Reason"":3}"
22941429,"{""Old"":154,""New"":162,""Reason"":3}"
218155358,"{""Old"":52029,""New"":52041,""Reason"":3}"
15245272,"{""Old"":877,""New"":881,""Reason"":3}"
217941963,"{""Old"":13557,""New"":13561,""Reason"":3}"
14286234,"{""Old"":1814,""New"":1830,""Reason"":3}"
218155358,"{""Old"":54508,""New"":54524,""Reason"":3}"
16161694,"{""Old"":245,""New"":249,""Reason"":3}"
13107662,"{""Old"":81,""New"":83,""Reason"":3}"
218155358,"{""Old"":53079,""New"":53081,""Reason"":3}"
11163912,"{""Old"":152,""New"":164,""Reason"":3}"
203419104,"{""Old"":91,""New"":95,""Reason"":3}"
22941429,"{""Old"":129,""New"":131,""Reason"":3}"
121824296,"{""Old"":456,""New"":460,""Reason"":3}"
29342093,"{""Old"":14035,""New"":14059,""Reason"":3}"
14897428,"{""Old"":727,""New"":731,""Reason"":3}"
17700646,"{""Old"":21352,""New"":21354,""Reason"":3}"
17700646,"{""Old"":19450,""New"":19464,""Reason"":3}"
12265633,"{""Old"":2182,""New"":2184,""Reason"":3}"
13074595,"{""Old"":61107,""New"":61197,""Reason"":3}"
13074595,"{""Old"":64331,""New"":64351,""Reason"":3}"
13074595,"{""Old"":61318,""New"":61372,""Reason"":3}"
13107662,"{""Old"":62,""New"":64,""Reason"":3}"
218155358,"{""Old"":53321,""New"":53333,""Reason"":3}"
12935058,"{""Old"":523,""New"":525,""Reason"":3}"
13074595,"{""Old"":60499,""New"":60519,""Reason"":3}"
217941963,"{""Old"":13561,""New"":13563,""Reason"":3}"
15245272,"{""Old"":845,""New"":855,""Reason"":3}"
15245272,"{""Old"":931,""New"":933,""Reason"":3}"
15245272,"{""Old"":902,""New"":916,""Reason"":3}"
13074595,"{""Old"":64361,""New"":64363,""Reason"":3}"
13074595,"{""Old"":60619,""New"":60643,""Reason"":3}"
13074595,"{""Old"":64401,""New"":64413,""Reason"":3}"
210640850,"{""Old"":1981,""New"":1995,""Reason"":3}"
11380910,"{""Old"":2633,""New"":2637,""Reason"":3}"
12766621,"{""Old"":160,""New"":164,""Reason"":3}"
32377577,"{""Old"":1705,""New"":1725,""Reason"":3}"
32377577,"{""Old"":1809,""New"":1827,""Reason"":3}"
12766621,"{""Old"":171,""New"":173,""Reason"":3}"
12265633,"{""Old"":2154,""New"":2172,""Reason"":3}"
12265633,"{""Old"":2176,""New"":2180,""Reason"":3}"
12265633,"{""Old"":2187,""New"":2197,""Reason"":3}"
121824296,"{""Old"":466,""New"":478,""Reason"":3}"
32377577,"{""Old"":1770,""New"":1780,""Reason"":3}"
32377577,"{""Old"":1695,""New"":1705,""Reason"":3}"
32377577,"{""Old"":1768,""New"":1770,""Reason"":3}"
17700646,"{""Old"":19492,""New"":19502,""Reason"":3}"
14358374,"{""Old"":2154,""New"":2166,""Reason"":3}"
206105954,"{""Old"":110,""New"":112,""Reason"":3}"
204621248,"{""Old"":116,""New"":122,""Reason"":3}"
218807939,"{""Old"":319,""New"":321,""Reason"":3}"
204513086,"{""Old"":995,""New"":999,""Reason"":3}"
20523616,"{""Old"":994,""New"":996,""Reason"":3}"
204513086,"{""Old"":969,""New"":977,""Reason"":3}"
218807939,"{""Old"":273,""New"":279,""Reason"":3}"
14358374,"{""Old"":2169,""New"":2181,""Reason"":3}"
23568177,"{""Old"":5003,""New"":5023,""Reason"":3}"
14897428,"{""Old"":733,""New"":735,""Reason"":3}"
14897428,"{""Old"":713,""New"":715,""Reason"":3}"
23568177,"{""Old"":4915,""New"":4951,""Reason"":3}"
22941429,"{""Old"":166,""New"":174,""Reason"":3}"
17700646,"{""Old"":19402,""New"":19442,""Reason"":3}"
14358374,"{""Old"":2251,""New"":2267,""Reason"":3}"
14358374,"{""Old"":2361,""New"":2369,""Reason"":3}"
20122563,"{""Old"":1101,""New"":1103,""Reason"":3}"
17700646,"{""Old"":19132,""New"":19146,""Reason"":3}"
218807939,"{""Old"":191,""New"":197,""Reason"":3}"
17700646,"{""Old"":19400,""New"":19402,""Reason"":3}"
218807939,"{""Old"":211,""New"":215,""Reason"":3}"
14358374,"{""Old"":2069,""New"":2083,""Reason"":3}"
14897428,"{""Old"":731,""New"":733,""Reason"":3}"
20523616,"{""Old"":1413,""New"":1429,""Reason"":3}"
121824296,"{""Old"":481,""New"":483,""Reason"":3}"
11380910,"{""Old"":2623,""New"":2627,""Reason"":3}"
12422802,"{""Old"":55,""New"":57,""Reason"":3}"
15855125,"{""Old"":272,""New"":290,""Reason"":3}"
20353072,"{""Old"":616,""New"":620,""Reason"":3}"
218155358,"{""Old"":52275,""New"":52409,""Reason"":3}"
16161694,"{""Old"":263,""New"":265,""Reason"":3}"
11139491,"{""Old"":265,""New"":267,""Reason"":3}"
16620082,"{""Old"":333,""New"":355,""Reason"":3}"
203738169,"{""Old"":402,""New"":410,""Reason"":3}"
218155358,"{""Old"":51688,""New"":51754,""Reason"":3}"
218155358,"{""Old"":52703,""New"":52775,""Reason"":3}"
19989551,"{""Old"":174,""New"":176,""Reason"":3}"
12935058,"{""Old"":532,""New"":538,""Reason"":3}"
21852487,"{""Old"":187,""New"":191,""Reason"":3}"
11380910,"{""Old"":2652,""New"":2656,""Reason"":3}"
202946472,"{""Old"":1218,""New"":1228,""Reason"":3}"
13074595,"{""Old"":64379,""New"":64401,""Reason"":3}"
12935058,"{""Old"":526,""New"":530,""Reason"":3}"
24910137,"{""Old"":144,""New"":146,""Reason"":3}"
13074595,"{""Old"":61372,""New"":61412,""Reason"":3}"
220848525,"{""Old"":289,""New"":291,""Reason"":3}"
202946472,"{""Old"":1206,""New"":1218,""Reason"":3}"
12832335,"{""Old"":997,""New"":999,""Reason"":3}"
201989156,"{""Old"":2389,""New"":2403,""Reason"":3}"
12265633,"{""Old"":2173,""New"":2175,""Reason"":3}"
218807939,"{""Old"":342,""New"":344,""Reason"":3}"
218807939,"{""Old"":393,""New"":399,""Reason"":3}"
10944915,"{""Old"":1561,""New"":1563,""Reason"":3}"
15667707,"{""Old"":476,""New"":480,""Reason"":3}"
32377577,"{""Old"":1731,""New"":1751,""Reason"":3}"
15667707,"{""Old"":480,""New"":482,""Reason"":3}"
11380910,"{""Old"":2599,""New"":2615,""Reason"":3}"
21852487,"{""Old"":201,""New"":205,""Reason"":3}"
11380910,"{""Old"":2639,""New"":2645,""Reason"":3}"
206950450,"{""Old"":790,""New"":794,""Reason"":3}"
29342093,"{""Old"":13316,""New"":13318,""Reason"":3}"
200921156,"{""Old"":1785,""New"":1787,""Reason"":3}"
14897428,"{""Old"":710,""New"":712,""Reason"":3}"
14897428,"{""Old"":716,""New"":718,""Reason"":3}"
204513086,"{""Old"":985,""New"":993,""Reason"":3}"
22941429,"{""Old"":180,""New"":188,""Reason"":3}"
14358374,"{""Old"":2124,""New"":2138,""Reason"":3}"
14358374,"{""Old"":2196,""New"":2198,""Reason"":3}"
14358374,"{""Old"":1813,""New"":1815,""Reason"":3}"
218807939,"{""Old"":385,""New"":389,""Reason"":3}"
16077417,"{""Old"":455,""New"":457,""Reason"":3}"
218807939,"{""Old"":335,""New"":341,""Reason"":3}"
14358374,"{""Old"":2087,""New"":2117,""Reason"":3}"
16620082,"{""Old"":358,""New"":360,""Reason"":3}"
13074595,"{""Old"":60854,""New"":60870,""Reason"":3}"
11380910,"{""Old"":2648,""New"":2652,""Reason"":3}"
32377577,"{""Old"":1766,""New"":1768,""Reason"":3}"
32377577,"{""Old"":1787,""New"":1803,""Reason"":3}"
32377577,"{""Old"":1827,""New"":1837,""Reason"":3}"
21852487,"{""Old"":194,""New"":200,""Reason"":3}"
16473350,"{""Old"":732,""New"":740,""Reason"":3}"
211375285,"{""Old"":1766,""New"":1780,""Reason"":3}"
218155358,"{""Old"":54367,""New"":54381,""Reason"":3}"
218155358,"{""Old"":53444,""New"":53536,""Reason"":3}"
218155358,"{""Old"":53255,""New"":53267,""Reason"":3}"
218155358,"{""Old"":53031,""New"":53043,""Reason"":3}"
17700646,"{""Old"":19146,""New"":19150,""Reason"":3}"
23568177,"{""Old"":4754,""New"":4796,""Reason"":3}"
12935058,"{""Old"":509,""New"":511,""Reason"":3}"
16077417,"{""Old"":457,""New"":461,""Reason"":3}"
218807939,"{""Old"":260,""New"":262,""Reason"":3}"
14897428,"{""Old"":735,""New"":747,""Reason"":3}"
15245272,"{""Old"":920,""New"":930,""Reason"":3}"
206105954,"{""Old"":92,""New"":94,""Reason"":3}"
16077417,"{""Old"":79,""New"":81,""Reason"":3}"
28464765,"{""Old"":4794,""New"":4822,""Reason"":3}"
28464765,"{""Old"":4748,""New"":4754,""Reason"":3}"
20523616,"{""Old"":1257,""New"":1291,""Reason"":3}"
17700646,"{""Old"":19464,""New"":19470,""Reason"":3}"
14358374,"{""Old"":2371,""New"":2383,""Reason"":3}"
14358374,"{""Old"":1787,""New"":1813,""Reason"":3}"
14782560,"{""Old"":922,""New"":924,""Reason"":3}"
218807939,"{""Old"":354,""New"":362,""Reason"":3}"
218807939,"{""Old"":263,""New"":265,""Reason"":3}"
218972480,"{""Old"":11090,""New"":11092,""Reason"":3}"
10300967,"{""Old"":53,""New"":55,""Reason"":3}"
13571791,"{""Old"":3442,""New"":3444,""Reason"":3}"
16319032,"{""Old"":3796,""New"":3800,""Reason"":3}"
11380910,"{""Old"":2699,""New"":2713,""Reason"":3}"
10300967,"{""Old"":56,""New"":58,""Reason"":3}"
11380910,"{""Old"":2677,""New"":2679,""Reason"":3}"
15667707,"{""Old"":458,""New"":462,""Reason"":3}"
32377577,"{""Old"":1725,""New"":1731,""Reason"":3}"
12265633,"{""Old"":2135,""New"":2147,""Reason"":3}"
201565207,"{""Old"":2336,""New"":2338,""Reason"":3}"
11380910,"{""Old"":2656,""New"":2674,""Reason"":3}"
10944915,"{""Old"":1611,""New"":1613,""Reason"":3}"
21852487,"{""Old"":210,""New"":216,""Reason"":3}"
32377577,"{""Old"":1677,""New"":1681,""Reason"":3}"
12259144,"{""Old"":4436,""New"":4440,""Reason"":3}"
13074595,"{""Old"":61512,""New"":61528,""Reason"":3}"
15545255,"{""Old"":1916,""New"":1922,""Reason"":3}"
21373587,"{""Old"":79,""New"":81,""Reason"":3}"
15245272,"{""Old"":827,""New"":845,""Reason"":3}"
20795899,"{""Old"":21854,""New"":21856,""Reason"":3}"
211904728,"{""Old"":213620,""New"":213690,""Reason"":3}"
19490607,"{""Old"":242,""New"":248,""Reason"":3}"
23099724,"{""Old"":1455,""New"":1457,""Reason"":3}"
203419104,"{""Old"":34,""New"":36,""Reason"":3}"
206105954,"{""Old"":108,""New"":110,""Reason"":3}"
20523616,"{""Old"":996,""New"":998,""Reason"":3}"
202943605,"{""Old"":3776,""New"":3786,""Reason"":3}"
18935255,"{""Old"":1540,""New"":1566,""Reason"":3}"
203419104,"{""Old"":135,""New"":137,""Reason"":3}"
204513086,"{""Old"":1000,""New"":1002,""Reason"":3}"
20523616,"{""Old"":1249,""New"":1253,""Reason"":3}"
17700646,"{""Old"":19502,""New"":21352,""Reason"":3}"
14358374,"{""Old"":2053,""New"":2069,""Reason"":3}"
23568177,"{""Old"":5023,""New"":5029,""Reason"":3}"
17700646,"{""Old"":19124,""New"":19132,""Reason"":3}"
218972480,"{""Old"":11096,""New"":11098,""Reason"":3}"
202863679,"{""Old"":114210,""New"":114220,""Reason"":3}"
11380910,"{""Old"":2620,""New"":2622,""Reason"":3}"
207982180,"{""Old"":6757,""New"":6771,""Reason"":3}"
220848525,"{""Old"":291,""New"":293,""Reason"":3}"
209767329,"{""Old"":767,""New"":775,""Reason"":3}"
15601095,"{""Old"":113,""New"":115,""Reason"":3}"
218807939,"{""Old"":155,""New"":163,""Reason"":3}"
16473350,"{""Old"":693,""New"":723,""Reason"":3}"
12714938,"{""Old"":387,""New"":391,""Reason"":3}"
14897428,"{""Old"":755,""New"":757,""Reason"":3}"
14358374,"{""Old"":2234,""New"":2238,""Reason"":3}"
28464765,"{""Old"":4754,""New"":4762,""Reason"":3}"
204621248,"{""Old"":109,""New"":115,""Reason"":3}"
24168705,"{""Old"":280,""New"":284,""Reason"":3}"
24168705,"{""Old"":285,""New"":293,""Reason"":3}"
218807939,"{""Old"":294,""New"":318,""Reason"":3}"
11160943,"{""Old"":1615,""New"":1617,""Reason"":3}"
19893734,"{""Old"":31004,""New"":31484,""Reason"":3}"
14358374,"{""Old"":2352,""New"":2356,""Reason"":3}"
14897428,"{""Old"":751,""New"":755,""Reason"":3}"
17700646,"{""Old"":19442,""New"":19450,""Reason"":3}"
16077417,"{""Old"":163,""New"":181,""Reason"":3}"
218155358,"{""Old"":54548,""New"":54622,""Reason"":3}"
15245272,"{""Old"":865,""New"":869,""Reason"":3}"
217941963,"{""Old"":13419,""New"":13429,""Reason"":3}"
19893734,"{""Old"":52230,""New"":52250,""Reason"":3}"
19893734,"{""Old"":15859,""New"":17119,""Reason"":3}"
24910137,"{""Old"":156,""New"":162,""Reason"":3}"
11160943,"{""Old"":1552,""New"":1554,""Reason"":3}"
11160943,"{""Old"":1606,""New"":1612,""Reason"":3}"
16077417,"{""Old"":154,""New"":160,""Reason"":3}"
12714938,"{""Old"":378,""New"":380,""Reason"":3}"
218807939,"{""Old"":220,""New"":226,""Reason"":3}"
14286234,"{""Old"":1832,""New"":1838,""Reason"":3}"
13591854,"{""Old"":1340,""New"":1342,""Reason"":3}"
218155358,"{""Old"":54279,""New"":54361,""Reason"":3}"
13591854,"{""Old"":1342,""New"":1348,""Reason"":3}"
19893734,"{""Old"":13594,""New"":15184,""Reason"":3}"
19893734,"{""Old"":19530,""New"":20604,""Reason"":3}"
217941963,"{""Old"":13263,""New"":13265,""Reason"":3}"
21386490,"{""Old"":980,""New"":990,""Reason"":3}"
10300967,"{""Old"":50,""New"":52,""Reason"":3}"
22941429,"{""Old"":150,""New"":152,""Reason"":3}"
20523616,"{""Old"":1794,""New"":1796,""Reason"":3}"
20523616,"{""Old"":1796,""New"":1798,""Reason"":3}"
28464765,"{""Old"":4834,""New"":4836,""Reason"":3}"
207982180,"{""Old"":6777,""New"":6779,""Reason"":3}"
20523616,"{""Old"":1798,""New"":1814,""Reason"":3}"
15601095,"{""Old"":117,""New"":119,""Reason"":3}"
20523616,"{""Old"":972,""New"":994,""Reason"":3}"
207982180,"{""Old"":6793,""New"":6801,""Reason"":3}"
218807939,"{""Old"":473,""New"":477,""Reason"":3}"
218807939,"{""Old"":266,""New"":272,""Reason"":3}"
218972480,"{""Old"":11076,""New"":11078,""Reason"":3}"
26468924,"{""Old"":327,""New"":329,""Reason"":3}"
24168705,"{""Old"":315,""New"":325,""Reason"":3}"
14286234,"{""Old"":1838,""New"":1846,""Reason"":3}"
211863890,"{""Old"":536,""New"":550,""Reason"":3}"
19893734,"{""Old"":52380,""New"":52400,""Reason"":3}"
19893734,"{""Old"":23729,""New"":24909,""Reason"":3}"
20795899,"{""Old"":21856,""New"":21858,""Reason"":3}"
12935058,"{""Old"":540,""New"":550,""Reason"":3}"
13107662,"{""Old"":75,""New"":79,""Reason"":3}"
218155358,"{""Old"":53101,""New"":53123,""Reason"":3}"
11160943,"{""Old"":1649,""New"":1655,""Reason"":3}"
48591626,"{""Old"":14309,""New"":14319,""Reason"":3}"
11160943,"{""Old"":1618,""New"":1628,""Reason"":3}"
218155358,"{""Old"":53081,""New"":53101,""Reason"":3}"
210646194,"{""Old"":165,""New"":167,""Reason"":3}"
23568177,"{""Old"":4891,""New"":4897,""Reason"":3}"
14358374,"{""Old"":2314,""New"":2348,""Reason"":3}"
14358374,"{""Old"":2030,""New"":2042,""Reason"":3}"
23568177,"{""Old"":4844,""New"":4860,""Reason"":3}"
20523616,"{""Old"":1025,""New"":1041,""Reason"":3}"
20523616,"{""Old"":1571,""New"":1613,""Reason"":3}"
14358374,"{""Old"":2208,""New"":2222,""Reason"":3}"
20523616,"{""Old"":1790,""New"":1792,""Reason"":3}"
18504836,"{""Old"":2648,""New"":2670,""Reason"":3}"
20523616,"{""Old"":1338,""New"":1348,""Reason"":3}"
20523616,"{""Old"":1636,""New"":1652,""Reason"":3}"
20523616,"{""Old"":1090,""New"":1096,""Reason"":3}"
218807939,"{""Old"":52,""New"":54,""Reason"":3}"
23568177,"{""Old"":5263,""New"":5267,""Reason"":3}"
16077417,"{""Old"":181,""New"":185,""Reason"":3}"
23568177,"{""Old"":4963,""New"":5003,""Reason"":3}"
23246777,"{""Old"":83,""New"":85,""Reason"":3}"
12265633,"{""Old"":2129,""New"":2133,""Reason"":3}"
220848525,"{""Old"":276,""New"":286,""Reason"":3}"
19893734,"{""Old"":1590,""New"":1602,""Reason"":3}"
25882392,"{""Old"":422,""New"":428,""Reason"":3}"
14676876,"{""Old"":3,""New"":5,""Reason"":3}"
212429295,"{""Old"":152,""New"":158,""Reason"":3}"
27214385,"{""Old"":148,""New"":150,""Reason"":3}"
19893734,"{""Old"":52330,""New"":52360,""Reason"":3}"
19893734,"{""Old"":2327,""New"":2371,""Reason"":3}"
17920625,"{""Old"":2987,""New"":2989,""Reason"":3}"
211839075,"{""Old"":1493,""New"":1497,""Reason"":3}"
15245272,"{""Old"":870,""New"":874,""Reason"":3}"
218155358,"{""Old"":53807,""New"":53875,""Reason"":3}"
19893734,"{""Old"":55709,""New"":55739,""Reason"":3}"
217941963,"{""Old"":13555,""New"":13557,""Reason"":3}"
213270020,"{""Old"":1704,""New"":1722,""Reason"":3}"
13074595,"{""Old"":60718,""New"":60750,""Reason"":3}"
27840904,"{""Old"":362,""New"":364,""Reason"":3}"
32377577,"{""Old"":1837,""New"":1849,""Reason"":3}"
20766060,"{""Old"":91,""New"":95,""Reason"":3}"
209211365,"{""Old"":32,""New"":34,""Reason"":3}"
24910137,"{""Old"":113,""New"":115,""Reason"":3}"
29194654,"{""Old"":22152,""New"":22162,""Reason"":3}"
29194654,"{""Old"":22174,""New"":22184,""Reason"":3}"
217941963,"{""Old"":13225,""New"":13257,""Reason"":3}"
211904728,"{""Old"":207238,""New"":207268,""Reason"":3}"
211904728,"{""Old"":212732,""New"":212980,""Reason"":3}"
218155358,"{""Old"":54243,""New"":54279,""Reason"":3}"
211863890,"{""Old"":519,""New"":527,""Reason"":3}"
19893734,"{""Old"":52200,""New"":52230,""Reason"":3}"
19893734,"{""Old"":52425,""New"":52485,""Reason"":3}"
217941963,"{""Old"":13389,""New"":13391,""Reason"":3}"
19893734,"{""Old"":52360,""New"":52380,""Reason"":3}"
29194654,"{""Old"":22164,""New"":22174,""Reason"":3}"
211765402,"{""Old"":347,""New"":355,""Reason"":3}"
209211365,"{""Old"":36,""New"":38,""Reason"":3}"
19893734,"{""Old"":11720,""New"":12944,""Reason"":3}"
19893734,"{""Old"":17469,""New"":18605,""Reason"":3}"
209211365,"{""Old"":50,""New"":52,""Reason"":3}"
217941963,"{""Old"":13565,""New"":13567,""Reason"":3}"
209538568,"{""Old"":19394,""New"":19396,""Reason"":3}"
202943605,"{""Old"":3786,""New"":3790,""Reason"":3}"
20523616,"{""Old"":1746,""New"":1752,""Reason"":3}"
17700646,"{""Old"":19470,""New"":19492,""Reason"":3}"
16077417,"{""Old"":123,""New"":129,""Reason"":3}"
14358374,"{""Old"":2274,""New"":2302,""Reason"":3}"
19490607,"{""Old"":261,""New"":263,""Reason"":3}"
32377577,"{""Old"":1803,""New"":1809,""Reason"":3}"
25566753,"{""Old"":4383,""New"":4385,""Reason"":3}"
50457286,"{""Old"":202,""New"":204,""Reason"":3}"
11761166,"{""Old"":175,""New"":181,""Reason"":3}"
20523616,"{""Old"":1002,""New"":1004,""Reason"":3}"
14079233,"{""Old"":575,""New"":577,""Reason"":3}"
20523616,"{""Old"":1758,""New"":1770,""Reason"":3}"
26468924,"{""Old"":410,""New"":426,""Reason"":3}"
218807939,"{""Old"":229,""New"":245,""Reason"":3}"
210646194,"{""Old"":153,""New"":165,""Reason"":3}"
218807939,"{""Old"":368,""New"":378,""Reason"":3}"
220981327,"{""Old"":118,""New"":122,""Reason"":3}"
2985676,"{""Old"":4976,""New"":5016,""Reason"":3}"
207982180,"{""Old"":6779,""New"":6793,""Reason"":3}"
20523616,"{""Old"":954,""New"":956,""Reason"":3}"
26468924,"{""Old"":341,""New"":343,""Reason"":3}"
20523616,"{""Old"":1157,""New"":1191,""Reason"":3}"
20523616,"{""Old"":1191,""New"":1209,""Reason"":3}"
26468924,"{""Old"":308,""New"":314,""Reason"":3}"
22941429,"{""Old"":432,""New"":436,""Reason"":3}"
218155358,"{""Old"":53125,""New"":53127,""Reason"":3}"
211904728,"{""Old"":214206,""New"":214216,""Reason"":3}"
12935058,"{""Old"":556,""New"":560,""Reason"":3}"
22344692,"{""Old"":1175,""New"":1177,""Reason"":3}"
218819964,"{""Old"":1324,""New"":1326,""Reason"":3}"
217941963,"{""Old"":13317,""New"":13319,""Reason"":3}"
217941963,"{""Old"":13327,""New"":13347,""Reason"":3}"
19893734,"{""Old"":35679,""New"":36559,""Reason"":3}"
51672058,"{""Old"":608,""New"":624,""Reason"":3}"
217941963,"{""Old"":13455,""New"":13459,""Reason"":3}"
211863890,"{""Old"":556,""New"":570,""Reason"":3}"
11683847,"{""Old"":619,""New"":641,""Reason"":3}"
11380910,"{""Old"":2679,""New"":2699,""Reason"":3}"
15667707,"{""Old"":482,""New"":484,""Reason"":3}"
12259144,"{""Old"":4590,""New"":4604,""Reason"":3}"
11761166,"{""Old"":187,""New"":191,""Reason"":3}"
16620082,"{""Old"":322,""New"":326,""Reason"":3}"
11139491,"{""Old"":244,""New"":254,""Reason"":3}"
203236673,"{""Old"":7260,""New"":7294,""Reason"":3}"
217941963,"{""Old"":13273,""New"":13303,""Reason"":3}"
217941963,"{""Old"":13451,""New"":13455,""Reason"":3}"
212495637,"{""Old"":1703,""New"":1709,""Reason"":3}"
212495637,"{""Old"":1750,""New"":1752,""Reason"":3}"
212495637,"{""Old"":1730,""New"":1742,""Reason"":3}"
9460679,"{""Old"":723,""New"":727,""Reason"":3}"
19989551,"{""Old"":172,""New"":174,""Reason"":3}"
19893734,"{""Old"":3021,""New"":3583,""Reason"":3}"
19893734,"{""Old"":4183,""New"":5049,""Reason"":3}"
218155358,"{""Old"":52959,""New"":53031,""Reason"":3}"
13520744,"{""Old"":51,""New"":57,""Reason"":3}"
29194654,"{""Old"":22122,""New"":22152,""Reason"":3}"
23406002,"{""Old"":1223,""New"":1225,""Reason"":3}"
218807939,"{""Old"":251,""New"":253,""Reason"":3}"
218807939,"{""Old"":49,""New"":51,""Reason"":3}"
16077417,"{""Old"":262,""New"":264,""Reason"":3}"
16077417,"{""Old"":358,""New"":378,""Reason"":3}"
218807939,"{""Old"":77,""New"":85,""Reason"":3}"
218807939,"{""Old"":113,""New"":119,""Reason"":3}"
28464765,"{""Old"":4826,""New"":4830,""Reason"":3}"
28464765,"{""Old"":4830,""New"":4834,""Reason"":3}"
29342093,"{""Old"":16307,""New"":16311,""Reason"":3}"
11198746,"{""Old"":77,""New"":81,""Reason"":3}"
218807939,"{""Old"":199,""New"":201,""Reason"":3}"
23568177,"{""Old"":5267,""New"":5283,""Reason"":3}"
218807939,"{""Old"":166,""New"":170,""Reason"":3}"
2985676,"{""Old"":4027,""New"":4153,""Reason"":3}"
2985676,"{""Old"":4535,""New"":4615,""Reason"":3}"
20523616,"{""Old"":1686,""New"":1700,""Reason"":3}"
26468924,"{""Old"":331,""New"":339,""Reason"":3}"
24168705,"{""Old"":325,""New"":333,""Reason"":3}"
217941963,"{""Old"":13563,""New"":13565,""Reason"":3}"
212429295,"{""Old"":134,""New"":138,""Reason"":3}"
212429295,"{""Old"":163,""New"":173,""Reason"":3}"
209538568,"{""Old"":19389,""New"":19391,""Reason"":3}"
16050309,"{""Old"":273,""New"":279,""Reason"":3}"
207033072,"{""Old"":1334,""New"":1340,""Reason"":3}"
16050309,"{""Old"":251,""New"":273,""Reason"":3}"
23406002,"{""Old"":1218,""New"":1220,""Reason"":3}"
26065276,"{""Old"":110,""New"":112,""Reason"":3}"
20810549,"{""Old"":576,""New"":584,""Reason"":3}"
11160943,"{""Old"":1639,""New"":1647,""Reason"":3}"
212495637,"{""Old"":1756,""New"":1760,""Reason"":3}"
218807939,"{""Old"":446,""New"":448,""Reason"":3}"
218807939,"{""Old"":187,""New"":189,""Reason"":3}"
210614478,"{""Old"":836,""New"":840,""Reason"":3}"
28724757,"{""Old"":255,""New"":257,""Reason"":3}"
28464765,"{""Old"":4822,""New"":4826,""Reason"":3}"
23568177,"{""Old"":5179,""New"":5191,""Reason"":3}"
24615521,"{""Old"":290,""New"":292,""Reason"":3}"
218807939,"{""Old"":202,""New"":208,""Reason"":3}"
210614478,"{""Old"":809,""New"":829,""Reason"":3}"
19490607,"{""Old"":256,""New"":258,""Reason"":3}"
20523616,"{""Old"":1209,""New"":1215,""Reason"":3}"
22941429,"{""Old"":436,""New"":440,""Reason"":3}"
20523616,"{""Old"":1774,""New"":1790,""Reason"":3}"
20523616,"{""Old"":1792,""New"":1794,""Reason"":3}"
20523616,"{""Old"":1055,""New"":1057,""Reason"":3}"
18504836,"{""Old"":2640,""New"":2648,""Reason"":3}"
20523616,"{""Old"":1652,""New"":1686,""Reason"":3}"
15667707,"{""Old"":465,""New"":475,""Reason"":3}"
10944915,"{""Old"":1590,""New"":1602,""Reason"":3}"
11847756,"{""Old"":121,""New"":137,""Reason"":3}"
87080912,"{""Old"":1458,""New"":1460,""Reason"":3}"
203738169,"{""Old"":419,""New"":421,""Reason"":3}"
10944915,"{""Old"":1577,""New"":1587,""Reason"":3}"
21887371,"{""Old"":123,""New"":129,""Reason"":3}"
10944915,"{""Old"":1607,""New"":1609,""Reason"":3}"
25566753,"{""Old"":4021,""New"":4023,""Reason"":3}"
23246777,"{""Old"":76,""New"":78,""Reason"":3}"
217941963,"{""Old"":13347,""New"":13353,""Reason"":3}"
209538568,"{""Old"":19362,""New"":19364,""Reason"":3}"
29194654,"{""Old"":22162,""New"":22164,""Reason"":3}"
211375285,"{""Old"":1750,""New"":1766,""Reason"":3}"
17920625,"{""Old"":11129,""New"":11159,""Reason"":3}"
17920625,"{""Old"":2985,""New"":2987,""Reason"":3}"
17920625,"{""Old"":2979,""New"":2985,""Reason"":3}"
19893734,"{""Old"":7768,""New"":9022,""Reason"":3}"
27214385,"{""Old"":160,""New"":164,""Reason"":3}"
27214385,"{""Old"":152,""New"":154,""Reason"":3}"
11160943,"{""Old"":1542,""New"":1550,""Reason"":3}"
19893734,"{""Old"":9722,""New"":10970,""Reason"":3}"
211765402,"{""Old"":355,""New"":357,""Reason"":3}"
16077417,"{""Old"":312,""New"":330,""Reason"":3}"
29342093,"{""Old"":16317,""New"":16319,""Reason"":3}"
26517196,"{""Old"":1397,""New"":1399,""Reason"":3}"
16077417,"{""Old"":379,""New"":391,""Reason"":3}"
37781144,"{""Old"":8117,""New"":8121,""Reason"":3}"
2985676,"{""Old"":3601,""New"":4027,""Reason"":3}"
20523616,"{""Old"":998,""New"":1002,""Reason"":3}"
20523616,"{""Old"":1724,""New"":1746,""Reason"":3}"
21250520,"{""Old"":6479,""New"":6481,""Reason"":3}"
21852487,"{""Old"":219,""New"":223,""Reason"":3}"
11761166,"{""Old"":194,""New"":202,""Reason"":3}"
24098332,"{""Old"":43,""New"":45,""Reason"":3}"
50457286,"{""Old"":223,""New"":229,""Reason"":3}"
202863679,"{""Old"":114220,""New"":114224,""Reason"":3}"
19433915,"{""Old"":85,""New"":89,""Reason"":3}"
218155358,"{""Old"":53075,""New"":53079,""Reason"":3}"
20810549,"{""Old"":594,""New"":602,""Reason"":3}"
11160943,"{""Old"":1573,""New"":1585,""Reason"":3}"
17920625,"{""Old"":3128,""New"":3138,""Reason"":3}"
11160943,"{""Old"":1538,""New"":1542,""Reason"":3}"
11160943,"{""Old"":1498,""New"":1500,""Reason"":3}"
212495637,"{""Old"":1817,""New"":1831,""Reason"":3}"
211863890,"{""Old"":554,""New"":556,""Reason"":3}"
209538568,"{""Old"":19414,""New"":19440,""Reason"":3}"
19893734,"{""Old"":52250,""New"":52330,""Reason"":3}"
217941963,"{""Old"":13167,""New"":13185,""Reason"":3}"
217941963,"{""Old"":13459,""New"":13485,""Reason"":3}"
27214385,"{""Old"":166,""New"":174,""Reason"":3}"
20222125,"{""Old"":141,""New"":145,""Reason"":3}"
29194654,"{""Old"":21964,""New"":21974,""Reason"":3}"
14612804,"{""Old"":470,""New"":474,""Reason"":3}"
217941963,"{""Old"":13146,""New"":13152,""Reason"":3}"
210640850,"{""Old"":1969,""New"":1981,""Reason"":3}"
203738169,"{""Old"":423,""New"":425,""Reason"":3}"
25882392,"{""Old"":407,""New"":413,""Reason"":3}"
21386490,"{""Old"":991,""New"":995,""Reason"":3}"
75449739,"{""Old"":1901,""New"":1915,""Reason"":3}"
217941499,"{""Old"":321,""New"":325,""Reason"":3}"
21852487,"{""Old"":223,""New"":225,""Reason"":3}"
211863890,"{""Old"":570,""New"":572,""Reason"":3}"
19893734,"{""Old"":39390,""New"":40712,""Reason"":3}"
19893734,"{""Old"":5699,""New"":7093,""Reason"":3}"
209538568,"{""Old"":19340,""New"":19362,""Reason"":3}"
13943989,"{""Old"":93,""New"":101,""Reason"":3}"
20478911,"{""Old"":439,""New"":441,""Reason"":3}"
13591854,"{""Old"":1348,""New"":1352,""Reason"":3}"
218155358,"{""Old"":52515,""New"":52703,""Reason"":3}"
23406002,"{""Old"":1201,""New"":1203,""Reason"":3}"
23406002,"{""Old"":1208,""New"":1212,""Reason"":3}"
26072040,"{""Old"":2705,""New"":2727,""Reason"":3}"
2985676,"{""Old"":6200,""New"":6374,""Reason"":3}"
2985676,"{""Old"":7036,""New"":7046,""Reason"":3}"
20523616,"{""Old"":1215,""New"":1227,""Reason"":3}"
26468924,"{""Old"":372,""New"":374,""Reason"":3}"
26468924,"{""Old"":432,""New"":434,""Reason"":3}"
2985676,"{""Old"":6994,""New"":6996,""Reason"":3}"
207982180,"{""Old"":6749,""New"":6753,""Reason"":3}"
207982180,"{""Old"":6775,""New"":6777,""Reason"":3}"
26468924,"{""Old"":391,""New"":407,""Reason"":3}"
18504836,"{""Old"":2306,""New"":2308,""Reason"":3}"
20523616,"{""Old"":1291,""New"":1305,""Reason"":3}"
26072040,"{""Old"":2776,""New"":2850,""Reason"":3}"
218972480,"{""Old"":11114,""New"":11118,""Reason"":3}"
218807939,"{""Old"":103,""New"":111,""Reason"":3}"
218807939,"{""Old"":405,""New"":439,""Reason"":3}"
23246777,"{""Old"":69,""New"":73,""Reason"":3}"
27853630,"{""Old"":42652,""New"":42672,""Reason"":3}"
12259144,"{""Old"":4628,""New"":4632,""Reason"":3}"
25225869,"{""Old"":23223,""New"":23273,""Reason"":3}"
25882392,"{""Old"":431,""New"":443,""Reason"":3}"
25566753,"{""Old"":3999,""New"":4021,""Reason"":3}"
25566753,"{""Old"":4313,""New"":4327,""Reason"":3}"
25566753,"{""Old"":4327,""New"":4349,""Reason"":3}"
19941468,"{""Old"":52,""New"":54,""Reason"":3}"
207033072,"{""Old"":1340,""New"":1344,""Reason"":3}"
35494962,"{""Old"":33400,""New"":33402,""Reason"":3}"
20478911,"{""Old"":457,""New"":459,""Reason"":3}"
217941963,"{""Old"":13359,""New"":13361,""Reason"":3}"
29194654,"{""Old"":22090,""New"":22122,""Reason"":3}"
15245272,"{""Old"":887,""New"":899,""Reason"":3}"
217941963,"{""Old"":13567,""New"":13571,""Reason"":3}"
29194654,"{""Old"":21934,""New"":21964,""Reason"":3}"
218155358,"{""Old"":53975,""New"":54089,""Reason"":3}"
209538568,"{""Old"":19387,""New"":19389,""Reason"":3}"
19893734,"{""Old"":55949,""New"":55971,""Reason"":3}"
19893734,"{""Old"":21804,""New"":23004,""Reason"":3}"
19893734,"{""Old"":37210,""New"":38540,""Reason"":3}"
11160943,"{""Old"":1600,""New"":1606,""Reason"":3}"
17920625,"{""Old"":11159,""New"":11179,""Reason"":3}"
16161694,"{""Old"":251,""New"":253,""Reason"":3}"
206105954,"{""Old"":105,""New"":107,""Reason"":3}"
14079233,"{""Old"":573,""New"":575,""Reason"":3}"
56756635,"{""Old"":52036,""New"":53922,""Reason"":3}"
22979091,"{""Old"":9773,""New"":9775,""Reason"":3}"
26072040,"{""Old"":2566,""New"":2658,""Reason"":3}"
18504836,"{""Old"":2281,""New"":2303,""Reason"":3}"
27222556,"{""Old"":4284,""New"":4298,""Reason"":3}"
20523616,"{""Old"":1700,""New"":1724,""Reason"":3}"
20523616,"{""Old"":1752,""New"":1758,""Reason"":3}"
20523616,"{""Old"":1614,""New"":1636,""Reason"":3}"
20523616,"{""Old"":1227,""New"":1231,""Reason"":3}"
20523616,"{""Old"":1429,""New"":1433,""Reason"":3}"
218807939,"{""Old"":132,""New"":138,""Reason"":3}"
16077417,"{""Old"":335,""New"":347,""Reason"":3}"
16077417,"{""Old"":423,""New"":427,""Reason"":3}"
218807939,"{""Old"":61,""New"":63,""Reason"":3}"
218807939,"{""Old"":98,""New"":100,""Reason"":3}"
16077417,"{""Old"":427,""New"":431,""Reason"":3}"
218807939,"{""Old"":477,""New"":479,""Reason"":3}"
20523616,"{""Old"":1377,""New"":1379,""Reason"":3}"
28464765,"{""Old"":4762,""New"":4766,""Reason"":3}"
28464765,"{""Old"":4722,""New"":4728,""Reason"":3}"
210683875,"{""Old"":3204,""New"":3214,""Reason"":3}"
35740144,"{""Old"":1718,""New"":1720,""Reason"":3}"
20523616,"{""Old"":1348,""New"":1350,""Reason"":3}"
20346988,"{""Old"":1800,""New"":1802,""Reason"":3}"
27853630,"{""Old"":42672,""New"":42732,""Reason"":3}"
75449739,"{""Old"":2046,""New"":2054,""Reason"":3}"
26898124,"{""Old"":2480,""New"":2482,""Reason"":3}"
28505678,"{""Old"":2793,""New"":2795,""Reason"":3}"
203236673,"{""Old"":7382,""New"":7414,""Reason"":3}"
29194654,"{""Old"":21880,""New"":21934,""Reason"":3}"
51672058,"{""Old"":587,""New"":589,""Reason"":3}"
211375285,"{""Old"":1806,""New"":1816,""Reason"":3}"
211375285,"{""Old"":1816,""New"":1818,""Reason"":3}"
19893734,"{""Old"":55859,""New"":55879,""Reason"":3}"
29194654,"{""Old"":22042,""New"":22084,""Reason"":3}"
11160943,"{""Old"":1592,""New"":1594,""Reason"":3}"
207033072,"{""Old"":1352,""New"":1364,""Reason"":3}"
218155358,"{""Old"":53043,""New"":53075,""Reason"":3}"
209538568,"{""Old"":19364,""New"":19378,""Reason"":3}"
19893734,"{""Old"":52105,""New"":52175,""Reason"":3}"
20523616,"{""Old"":1012,""New"":1020,""Reason"":3}"
26468924,"{""Old"":387,""New"":389,""Reason"":3}"
204621248,"{""Old"":136,""New"":138,""Reason"":3}"
12714938,"{""Old"":394,""New"":396,""Reason"":3}"
16077417,"{""Old"":431,""New"":443,""Reason"":3}"
23568177,"{""Old"":5030,""New"":5034,""Reason"":3}"
23568177,"{""Old"":5223,""New"":5263,""Reason"":3}"
28464765,"{""Old"":4728,""New"":4732,""Reason"":3}"
206100721,"{""Old"":46,""New"":48,""Reason"":3}"
20523616,"{""Old"":1379,""New"":1401,""Reason"":3}"
27222556,"{""Old"":4298,""New"":4300,""Reason"":3}"
209767329,"{""Old"":754,""New"":758,""Reason"":3}"
2985676,"{""Old"":4913,""New"":4933,""Reason"":3}"
21669245,"{""Old"":2463,""New"":2469,""Reason"":3}"
28464765,"{""Old"":4732,""New"":4746,""Reason"":3}"
211041399,"{""Old"":357,""New"":369,""Reason"":3}"
2985676,"{""Old"":5016,""New"":5056,""Reason"":3}"
2985676,"{""Old"":6996,""New"":7026,""Reason"":3}"
20523616,"{""Old"":1253,""New"":1257,""Reason"":3}"
2985676,"{""Old"":4779,""New"":4903,""Reason"":3}"
23568177,"{""Old"":5295,""New"":5299,""Reason"":3}"
218807939,"{""Old"":282,""New"":284,""Reason"":3}"
14897428,"{""Old"":695,""New"":709,""Reason"":3}"
210646194,"{""Old"":148,""New"":150,""Reason"":3}"
85208736,"{""Old"":549,""New"":551,""Reason"":3}"
25566753,"{""Old"":4371,""New"":4383,""Reason"":3}"
25566753,"{""Old"":4385,""New"":4387,""Reason"":3}"
27853630,"{""Old"":42844,""New"":42854,""Reason"":3}"
87080912,"{""Old"":1463,""New"":1467,""Reason"":3}"
12259144,"{""Old"":4498,""New"":4524,""Reason"":3}"
10944915,"{""Old"":1609,""New"":1611,""Reason"":3}"
11761166,"{""Old"":203,""New"":205,""Reason"":3}"
26065276,"{""Old"":103,""New"":107,""Reason"":3}"
210683875,"{""Old"":3186,""New"":3188,""Reason"":3}"
218807939,"{""Old"":175,""New"":181,""Reason"":3}"
21669245,"{""Old"":2560,""New"":2576,""Reason"":3}"
18504836,"{""Old"":2445,""New"":2463,""Reason"":3}"
2985676,"{""Old"":4349,""New"":4453,""Reason"":3}"
11198746,"{""Old"":82,""New"":96,""Reason"":3}"
23568177,"{""Old"":5301,""New"":5303,""Reason"":3}"
210683875,"{""Old"":3232,""New"":3244,""Reason"":3}"
56906587,"{""Old"":57,""New"":59,""Reason"":3}"
212253049,"{""Old"":371,""New"":377,""Reason"":3}"
24615521,"{""Old"":313,""New"":333,""Reason"":3}"
16050309,"{""Old"":279,""New"":283,""Reason"":3}"
22979091,"{""Old"":9789,""New"":9827,""Reason"":3}"
19893734,"{""Old"":41537,""New"":42819,""Reason"":3}"
209538568,"{""Old"":19398,""New"":19402,""Reason"":3}"
31318798,"{""Old"":161,""New"":165,""Reason"":3}"
17920625,"{""Old"":2989,""New"":2995,""Reason"":3}"
17920625,"{""Old"":10969,""New"":11099,""Reason"":3}"
201916735,"{""Old"":673,""New"":675,""Reason"":3}"
19893734,"{""Old"":48106,""New"":48186,""Reason"":3}"
217941963,"{""Old"":13134,""New"":13146,""Reason"":3}"
29194654,"{""Old"":21848,""New"":21860,""Reason"":3}"
23406002,"{""Old"":1204,""New"":1206,""Reason"":3}"
10215928,"{""Old"":100,""New"":108,""Reason"":3}"
13943989,"{""Old"":63,""New"":69,""Reason"":3}"
20478911,"{""Old"":444,""New"":446,""Reason"":3}"
16050309,"{""Old"":297,""New"":299,""Reason"":3}"
2845298,"{""Old"":7240,""New"":7246,""Reason"":3}"
28117708,"{""Old"":624,""New"":626,""Reason"":3}"
201448252,"{""Old"":4149,""New"":4151,""Reason"":3}"
12301610,"{""Old"":6317,""New"":6329,""Reason"":3}"
27853630,"{""Old"":42782,""New"":42792,""Reason"":3}"
20346988,"{""Old"":1793,""New"":1797,""Reason"":3}"
10944915,"{""Old"":1568,""New"":1576,""Reason"":3}"
23568177,"{""Old"":5217,""New"":5223,""Reason"":3}"
10699783,"{""Old"":1562,""New"":1568,""Reason"":3}"
23568177,"{""Old"":5299,""New"":5301,""Reason"":3}"
16077417,"{""Old"":443,""New"":445,""Reason"":3}"
16077417,"{""Old"":445,""New"":455,""Reason"":3}"
26065276,"{""Old"":93,""New"":97,""Reason"":3}"
9313031,"{""Old"":555,""New"":557,""Reason"":3}"
14079233,"{""Old"":589,""New"":607,""Reason"":3}"
4874161,"{""Old"":141,""New"":143,""Reason"":3}"
2985676,"{""Old"":6740,""New"":6826,""Reason"":3}"
2985676,"{""Old"":5842,""New"":5890,""Reason"":3}"
2985676,"{""Old"":4657,""New"":4779,""Reason"":3}"
21669245,"{""Old"":2444,""New"":2448,""Reason"":3}"
20523616,"{""Old"":1369,""New"":1373,""Reason"":3}"
26072040,"{""Old"":2903,""New"":3041,""Reason"":3}"
20523616,"{""Old"":1057,""New"":1061,""Reason"":3}"
20523616,"{""Old"":1351,""New"":1361,""Reason"":3}"
20523616,"{""Old"":1502,""New"":1536,""Reason"":3}"
43774463,"{""Old"":1247,""New"":1255,""Reason"":3}"
218972480,"{""Old"":11088,""New"":11090,""Reason"":3}"
204621248,"{""Old"":134,""New"":136,""Reason"":3}"
19893734,"{""Old"":48186,""New"":48236,""Reason"":3}"
25431052,"{""Old"":56,""New"":60,""Reason"":3}"
31755658,"{""Old"":825,""New"":827,""Reason"":3}"
217941963,"{""Old"":13353,""New"":13359,""Reason"":3}"
29194654,"{""Old"":21860,""New"":21880,""Reason"":3}"
203236673,"{""Old"":7414,""New"":7424,""Reason"":3}"
11160943,"{""Old"":1504,""New"":1522,""Reason"":3}"
25225869,"{""Old"":24598,""New"":24658,""Reason"":3}"
25225869,"{""Old"":24790,""New"":24880,""Reason"":3}"
30190098,"{""Old"":180,""New"":184,""Reason"":3}"
10453971,"{""Old"":1028,""New"":1036,""Reason"":3}"
27853630,"{""Old"":42794,""New"":42814,""Reason"":3}"
75449739,"{""Old"":1924,""New"":1928,""Reason"":3}"
75449739,"{""Old"":1952,""New"":1954,""Reason"":3}"
50457286,"{""Old"":198,""New"":202,""Reason"":3}"
28505678,"{""Old"":2787,""New"":2791,""Reason"":3}"
23568177,"{""Old"":5191,""New"":5217,""Reason"":3}"
11198746,"{""Old"":58,""New"":62,""Reason"":3}"
11198746,"{""Old"":47,""New"":51,""Reason"":3}"
22979091,"{""Old"":9717,""New"":9723,""Reason"":3}"
23568177,"{""Old"":5125,""New"":5143,""Reason"":3}"
2985676,"{""Old"":4153,""New"":4349,""Reason"":3}"
2985676,"{""Old"":4615,""New"":4657,""Reason"":3}"
24615521,"{""Old"":337,""New"":339,""Reason"":3}"
83272424,"{""Old"":128,""New"":130,""Reason"":3}"
28830236,"{""Old"":91,""New"":93,""Reason"":3}"
14358374,"{""Old"":2388,""New"":2396,""Reason"":3}"
33124299,"{""Old"":439,""New"":443,""Reason"":3}"
33639865,"{""Old"":275,""New"":281,""Reason"":3}"
26517196,"{""Old"":1431,""New"":1435,""Reason"":3}"
12259144,"{""Old"":4301,""New"":4305,""Reason"":3}"
12259144,"{""Old"":4440,""New"":4452,""Reason"":3}"
12259144,"{""Old"":4452,""New"":4456,""Reason"":3}"
210620087,"{""Old"":36,""New"":42,""Reason"":3}"
31035453,"{""Old"":12931,""New"":12935,""Reason"":3}"
201565207,"{""Old"":2330,""New"":2334,""Reason"":3}"
201565207,"{""Old"":2334,""New"":2336,""Reason"":3}"
20346988,"{""Old"":1777,""New"":1779,""Reason"":3}"
14897428,"{""Old"":747,""New"":751,""Reason"":3}"
2985676,"{""Old"":6374,""New"":6472,""Reason"":3}"
26072040,"{""Old"":2279,""New"":2291,""Reason"":3}"
2985676,"{""Old"":5890,""New"":6070,""Reason"":3}"
2985676,"{""Old"":6890,""New"":6940,""Reason"":3}"
35740144,"{""Old"":1695,""New"":1701,""Reason"":3}"
15601095,"{""Old"":328,""New"":336,""Reason"":3}"
2985676,"{""Old"":7066,""New"":7086,""Reason"":3}"
32116408,"{""Old"":6577,""New"":6579,""Reason"":3}"
23568177,"{""Old"":5143,""New"":5153,""Reason"":3}"
27222556,"{""Old"":4300,""New"":4302,""Reason"":3}"
22979091,"{""Old"":9754,""New"":9760,""Reason"":3}"
18504836,"{""Old"":2599,""New"":2615,""Reason"":3}"
35740144,"{""Old"":1674,""New"":1682,""Reason"":3}"
56756635,"{""Old"":51489,""New"":51539,""Reason"":3}"
13943989,"{""Old"":91,""New"":93,""Reason"":3}"
19893734,"{""Old"":25359,""New"":28359,""Reason"":3}"
11160943,"{""Old"":1656,""New"":1680,""Reason"":3}"
17920625,"{""Old"":11179,""New"":11189,""Reason"":3}"
209538568,"{""Old"":19440,""New"":19448,""Reason"":3}"
19893734,"{""Old"":48056,""New"":48106,""Reason"":3}"
19893734,"{""Old"":51880,""New"":51970,""Reason"":3}"
217941963,"{""Old"":13361,""New"":13369,""Reason"":3}"
27214385,"{""Old"":175,""New"":179,""Reason"":3}"
19893734,"{""Old"":51447,""New"":51629,""Reason"":3}"
24812479,"{""Old"":56,""New"":58,""Reason"":3}"
20795899,"{""Old"":21846,""New"":21854,""Reason"":3}"
51672058,"{""Old"":591,""New"":593,""Reason"":3}"
51672058,"{""Old"":581,""New"":583,""Reason"":3}"
27853630,"{""Old"":42585,""New"":42617,""Reason"":3}"
33449318,"{""Old"":3935,""New"":3937,""Reason"":3}"
25566753,"{""Old"":4351,""New"":4371,""Reason"":3}"
25225869,"{""Old"":25230,""New"":25312,""Reason"":3}"
8688734,"{""Old"":431,""New"":433,""Reason"":3}"
20346988,"{""Old"":1780,""New"":1784,""Reason"":3}"
12259144,"{""Old"":4432,""New"":4436,""Reason"":3}"
12259144,"{""Old"":4552,""New"":4590,""Reason"":3}"
211847661,"{""Old"":1510,""New"":1512,""Reason"":3}"
19893734,"{""Old"":31584,""New"":34504,""Reason"":3}"
29194654,"{""Old"":22184,""New"":22194,""Reason"":3}"
217941963,"{""Old"":13154,""New"":13156,""Reason"":3}"
19893734,"{""Old"":55739,""New"":55809,""Reason"":3}"
212495637,"{""Old"":1664,""New"":1666,""Reason"":3}"
212495637,"{""Old"":1627,""New"":1649,""Reason"":3}"
212495637,"{""Old"":1649,""New"":1655,""Reason"":3}"
56906587,"{""Old"":49,""New"":51,""Reason"":3}"
19893734,"{""Old"":52050,""New"":52060,""Reason"":3}"
209900380,"{""Old"":2668,""New"":2672,""Reason"":3}"
18504836,"{""Old"":2308,""New"":2310,""Reason"":3}"
25225869,"{""Old"":23988,""New"":24042,""Reason"":3}"
27213067,"{""Old"":5112,""New"":5114,""Reason"":3}"
211041399,"{""Old"":395,""New"":411,""Reason"":3}"
26517196,"{""Old"":1403,""New"":1415,""Reason"":3}"
28464765,"{""Old"":4836,""New"":4838,""Reason"":3}"
27222556,"{""Old"":4184,""New"":4252,""Reason"":3}"
21669245,"{""Old"":2640,""New"":2646,""Reason"":3}"
18504836,"{""Old"":2310,""New"":2320,""Reason"":3}"
21669245,"{""Old"":2412,""New"":2444,""Reason"":3}"
16077417,"{""Old"":403,""New"":423,""Reason"":3}"
33639865,"{""Old"":224,""New"":230,""Reason"":3}"
23568177,"{""Old"":5283,""New"":5295,""Reason"":3}"
11198746,"{""Old"":64,""New"":76,""Reason"":3}"
206950450,"{""Old"":769,""New"":775,""Reason"":3}"
19433915,"{""Old"":78,""New"":84,""Reason"":3}"
25225869,"{""Old"":25085,""New"":25105,""Reason"":3}"
24098332,"{""Old"":19,""New"":21,""Reason"":3}"
24098332,"{""Old"":52,""New"":54,""Reason"":3}"
12301610,"{""Old"":6343,""New"":6345,""Reason"":3}"
27853630,"{""Old"":44653,""New"":44663,""Reason"":3}"
218807939,"{""Old"":141,""New"":147,""Reason"":3}"
10249527,"{""Old"":1654,""New"":1656,""Reason"":3}"
26468924,"{""Old"":317,""New"":321,""Reason"":3}"
31050334,"{""Old"":3405,""New"":3437,""Reason"":3}"
21669245,"{""Old"":2646,""New"":2652,""Reason"":3}"
20523616,"{""Old"":1770,""New"":1774,""Reason"":3}"
30660899,"{""Old"":749,""New"":763,""Reason"":3}"
210614478,"{""Old"":793,""New"":807,""Reason"":3}"
23568177,"{""Old"":5113,""New"":5119,""Reason"":3}"
32116408,"{""Old"":6497,""New"":6513,""Reason"":3}"
14358374,"{""Old"":2541,""New"":2551,""Reason"":3}"
218807939,"{""Old"":89,""New"":91,""Reason"":3}"
218807939,"{""Old"":172,""New"":174,""Reason"":3}"
16077417,"{""Old"":391,""New"":399,""Reason"":3}"
16077417,"{""Old"":399,""New"":403,""Reason"":3}"
21669245,"{""Old"":2634,""New"":2640,""Reason"":3}"
26072040,"{""Old"":3046,""New"":3072,""Reason"":3}"
2985676,"{""Old"":7046,""New"":7066,""Reason"":3}"
15601095,"{""Old"":258,""New"":272,""Reason"":3}"
15601095,"{""Old"":297,""New"":303,""Reason"":3}"
27978244,"{""Old"":695,""New"":707,""Reason"":3}"
46012307,"{""Old"":1035,""New"":1039,""Reason"":3}"
212495637,"{""Old"":1790,""New"":1814,""Reason"":3}"
19893734,"{""Old"":51970,""New"":52000,""Reason"":3}"
19893734,"{""Old"":49567,""New"":49737,""Reason"":3}"
29194654,"{""Old"":22004,""New"":22024,""Reason"":3}"
20478911,"{""Old"":452,""New"":456,""Reason"":3}"
209211365,"{""Old"":40,""New"":42,""Reason"":3}"
211375285,"{""Old"":1820,""New"":1822,""Reason"":3}"
17920625,"{""Old"":11219,""New"":11229,""Reason"":3}"
31755658,"{""Old"":823,""New"":825,""Reason"":3}"
19893734,"{""Old"":52000,""New"":52050,""Reason"":3}"
19893734,"{""Old"":47256,""New"":47576,""Reason"":3}"
19893734,"{""Old"":48236,""New"":48316,""Reason"":3}"
14612804,"{""Old"":464,""New"":468,""Reason"":3}"
211375285,"{""Old"":1712,""New"":1734,""Reason"":3}"
25431052,"{""Old"":62,""New"":66,""Reason"":3}"
75449739,"{""Old"":1869,""New"":1893,""Reason"":3}"
75449739,"{""Old"":2014,""New"":2028,""Reason"":3}"
31035453,"{""Old"":12941,""New"":12945,""Reason"":3}"
73660558,"{""Old"":11026,""New"":11042,""Reason"":3}"
27853630,"{""Old"":44613,""New"":44623,""Reason"":3}"
20346988,"{""Old"":1802,""New"":1804,""Reason"":3}"
206950450,"{""Old"":756,""New"":768,""Reason"":3}"
25225869,"{""Old"":23337,""New"":23359,""Reason"":3}"
25225869,"{""Old"":24486,""New"":24548,""Reason"":3}"
50457286,"{""Old"":218,""New"":220,""Reason"":3}"
25225869,"{""Old"":24881,""New"":25083,""Reason"":3}"
75449739,"{""Old"":2078,""New"":2084,""Reason"":3}"
25225869,"{""Old"":23359,""New"":23371,""Reason"":3}"
211041399,"{""Old"":308,""New"":310,""Reason"":3}"
26072040,"{""Old"":3284,""New"":3290,""Reason"":3}"
2985676,"{""Old"":3175,""New"":3351,""Reason"":3}"
210683875,"{""Old"":3214,""New"":3232,""Reason"":3}"
35740144,"{""Old"":1686,""New"":1694,""Reason"":3}"
86802600,"{""Old"":1355,""New"":1359,""Reason"":3}"
11198746,"{""Old"":44,""New"":46,""Reason"":3}"
22689590,"{""Old"":1511,""New"":1515,""Reason"":3}"
20523616,"{""Old"":1231,""New"":1249,""Reason"":3}"
22941429,"{""Old"":276,""New"":280,""Reason"":3}"
2126771,"{""Old"":17792,""New"":17794,""Reason"":3}"
21669245,"{""Old"":2738,""New"":2740,""Reason"":3}"
26072040,"{""Old"":2435,""New"":2517,""Reason"":3}"
21669245,"{""Old"":2694,""New"":2738,""Reason"":3}"
43368388,"{""Old"":433,""New"":435,""Reason"":3}"
43368388,"{""Old"":455,""New"":457,""Reason"":3}"
26072040,"{""Old"":3134,""New"":3136,""Reason"":3}"
26072040,"{""Old"":3170,""New"":3198,""Reason"":3}"
11160943,"{""Old"":1522,""New"":1528,""Reason"":3}"
27978244,"{""Old"":745,""New"":747,""Reason"":3}"
212495637,"{""Old"":1682,""New"":1686,""Reason"":3}"
212495637,"{""Old"":1691,""New"":1693,""Reason"":3}"
25799691,"{""Old"":4775,""New"":4787,""Reason"":3}"
205119297,"{""Old"":53,""New"":55,""Reason"":3}"
22980187,"{""Old"":500,""New"":512,""Reason"":3}"
53324485,"{""Old"":30864,""New"":30934,""Reason"":3}"
46012307,"{""Old"":999,""New"":1015,""Reason"":3}"
218733227,"{""Old"":28887,""New"":28891,""Reason"":3}"
21250520,"{""Old"":6467,""New"":6473,""Reason"":3}"
10249527,"{""Old"":1682,""New"":1686,""Reason"":3}"
17920625,"{""Old"":11099,""New"":11129,""Reason"":3}"
27978244,"{""Old"":731,""New"":745,""Reason"":3}"
11160943,"{""Old"":1557,""New"":1561,""Reason"":3}"
17920625,"{""Old"":11199,""New"":11219,""Reason"":3}"
8688734,"{""Old"":433,""New"":441,""Reason"":3}"
28117708,"{""Old"":620,""New"":622,""Reason"":3}"
28117708,"{""Old"":628,""New"":634,""Reason"":3}"
20478911,"{""Old"":429,""New"":435,""Reason"":3}"
9460679,"{""Old"":727,""New"":759,""Reason"":3}"
347550,"{""Old"":241,""New"":253,""Reason"":3}"
37781144,"{""Old"":8013,""New"":8021,""Reason"":3}"
24143465,"{""Old"":506,""New"":508,""Reason"":3}"
26517196,"{""Old"":1415,""New"":1419,""Reason"":3}"
29342093,"{""Old"":16311,""New"":16315,""Reason"":3}"
14358374,"{""Old"":2494,""New"":2502,""Reason"":3}"
218807939,"{""Old"":56,""New"":58,""Reason"":3}"
19100392,"{""Old"":284,""New"":288,""Reason"":3}"
19100392,"{""Old"":280,""New"":282,""Reason"":3}"
21669245,"{""Old"":2480,""New"":2484,""Reason"":3}"
50681822,"{""Old"":6715,""New"":6717,""Reason"":3}"
26468924,"{""Old"":364,""New"":366,""Reason"":3}"
22979091,"{""Old"":9746,""New"":9752,""Reason"":3}"
33449318,"{""Old"":3938,""New"":3942,""Reason"":3}"
24783782,"{""Old"":929,""New"":931,""Reason"":3}"
6051690,"{""Old"":1469,""New"":1475,""Reason"":3}"
85734715,"{""Old"":1,""New"":5,""Reason"":3}"
206950450,"{""Old"":784,""New"":786,""Reason"":3}"
25225869,"{""Old"":23371,""New"":23391,""Reason"":3}"
32568814,"{""Old"":8356,""New"":8378,""Reason"":3}"
25225869,"{""Old"":23678,""New"":23730,""Reason"":3}"
24168705,"{""Old"":310,""New"":314,""Reason"":3}"
26072040,"{""Old"":3302,""New"":3320,""Reason"":3}"
27222556,"{""Old"":4262,""New"":4264,""Reason"":3}"
12259144,"{""Old"":4616,""New"":4628,""Reason"":3}"
21669245,"{""Old"":2618,""New"":2634,""Reason"":3}"
32116408,"{""Old"":6579,""New"":6581,""Reason"":3}"
22979091,"{""Old"":9766,""New"":9770,""Reason"":3}"
14358374,"{""Old"":1944,""New"":1986,""Reason"":3}"
204621248,"{""Old"":124,""New"":134,""Reason"":3}"
18504836,"{""Old"":2513,""New"":2549,""Reason"":3}"
30660899,"{""Old"":767,""New"":773,""Reason"":3}"
22344692,"{""Old"":1162,""New"":1170,""Reason"":3}"
218807939,"{""Old"":462,""New"":472,""Reason"":3}"
209900380,"{""Old"":2713,""New"":2715,""Reason"":3}"
14358374,"{""Old"":2521,""New"":2531,""Reason"":3}"
27978244,"{""Old"":718,""New"":730,""Reason"":3}"
19893734,"{""Old"":29534,""New"":30604,""Reason"":3}"
201729274,"{""Old"":153,""New"":155,""Reason"":3}"
209085127,"{""Old"":139,""New"":143,""Reason"":3}"
12259144,"{""Old"":4386,""New"":4432,""Reason"":3}"
26072040,"{""Old"":3272,""New"":3276,""Reason"":3}"
30834896,"{""Old"":220,""New"":222,""Reason"":3}"
27853630,"{""Old"":42732,""New"":42742,""Reason"":3}"
27853630,"{""Old"":42642,""New"":42652,""Reason"":3}"
28505678,"{""Old"":2795,""New"":2799,""Reason"":3}"
32568814,"{""Old"":8342,""New"":8356,""Reason"":3}"
26511837,"{""Old"":3246,""New"":3250,""Reason"":3}"
2985676,"{""Old"":7128,""New"":7148,""Reason"":3}"
2985676,"{""Old"":6962,""New"":6994,""Reason"":3}"
2985676,"{""Old"":3031,""New"":3175,""Reason"":3}"
218807939,"{""Old"":68,""New"":72,""Reason"":3}"
28464765,"{""Old"":4746,""New"":4748,""Reason"":3}"
2985676,"{""Old"":5076,""New"":5086,""Reason"":3}"
21669245,"{""Old"":2672,""New"":2684,""Reason"":3}"
2985676,"{""Old"":5162,""New"":5182,""Reason"":3}"
22344692,"{""Old"":1177,""New"":1181,""Reason"":3}"
22873602,"{""Old"":2326,""New"":2358,""Reason"":3}"
24615521,"{""Old"":334,""New"":336,""Reason"":3}"
211041399,"{""Old"":423,""New"":429,""Reason"":3}"
50681822,"{""Old"":6712,""New"":6714,""Reason"":3}"
56973682,"{""Old"":341,""New"":343,""Reason"":3}"
53324485,"{""Old"":30936,""New"":30948,""Reason"":3}"
21669245,"{""Old"":2740,""New"":2742,""Reason"":3}"
21669245,"{""Old"":2486,""New"":2526,""Reason"":3}"
2985676,"{""Old"":6070,""New"":6200,""Reason"":3}"
20810549,"{""Old"":537,""New"":541,""Reason"":3}"
62772870,"{""Old"":368,""New"":372,""Reason"":3}"
212495637,"{""Old"":1714,""New"":1728,""Reason"":3}"
20795899,"{""Old"":21858,""New"":21862,""Reason"":3}"
27853630,"{""Old"":44380,""New"":44440,""Reason"":3}"
28117708,"{""Old"":616,""New"":620,""Reason"":3}"
19893734,"{""Old"":52060,""New"":52080,""Reason"":3}"
20478911,"{""Old"":462,""New"":466,""Reason"":3}"
35494962,"{""Old"":33402,""New"":33404,""Reason"":3}"
35494962,"{""Old"":33404,""New"":33408,""Reason"":3}"
25566753,"{""Old"":4349,""New"":4351,""Reason"":3}"
28967234,"{""Old"":1464,""New"":1466,""Reason"":3}"
23109672,"{""Old"":49548,""New"":49570,""Reason"":3}"
4749137,"{""Old"":1688,""New"":1692,""Reason"":3}"
38378243,"{""Old"":1617,""New"":1639,""Reason"":3}"
23110191,"{""Old"":1233,""New"":1243,""Reason"":3}"
24098332,"{""Old"":36,""New"":40,""Reason"":3}"
27853630,"{""Old"":44470,""New"":44480,""Reason"":3}"
27853630,"{""Old"":42824,""New"":42844,""Reason"":3}"
27853630,"{""Old"":44088,""New"":44140,""Reason"":3}"
27853630,"{""Old"":43333,""New"":43347,""Reason"":3}"
27853630,"{""Old"":44440,""New"":44460,""Reason"":3}"
47704680,"{""Old"":962,""New"":964,""Reason"":3}"
201916735,"{""Old"":671,""New"":673,""Reason"":3}"
19846321,"{""Old"":4704,""New"":4712,""Reason"":3}"
2985676,"{""Old"":5056,""New"":5076,""Reason"":3}"
24615521,"{""Old"":296,""New"":298,""Reason"":3}"
200921156,"{""Old"":1739,""New"":1743,""Reason"":3}"
53324485,"{""Old"":30493,""New"":30513,""Reason"":3}"
17920625,"{""Old"":3152,""New"":3236,""Reason"":3}"
14358374,"{""Old"":1844,""New"":1850,""Reason"":3}"
14358374,"{""Old"":2551,""New"":2619,""Reason"":3}"
33639865,"{""Old"":315,""New"":327,""Reason"":3}"
26517196,"{""Old"":1439,""New"":1443,""Reason"":3}"
38518128,"{""Old"":3236,""New"":3240,""Reason"":3}"
28464765,"{""Old"":4838,""New"":4840,""Reason"":3}"
6051690,"{""Old"":1460,""New"":1464,""Reason"":3}"
24143465,"{""Old"":502,""New"":504,""Reason"":3}"
210683875,"{""Old"":3200,""New"":3202,""Reason"":3}"
34683790,"{""Old"":18168,""New"":18172,""Reason"":3}"
40572960,"{""Old"":2354,""New"":2356,""Reason"":3}"
212495637,"{""Old"":1815,""New"":1817,""Reason"":3}"
27853630,"{""Old"":42742,""New"":42762,""Reason"":3}"
27853630,"{""Old"":42854,""New"":42884,""Reason"":3}"
58212824,"{""Old"":1250,""New"":1262,""Reason"":3}"
26898124,"{""Old"":2466,""New"":2480,""Reason"":3}"
34127757,"{""Old"":108,""New"":114,""Reason"":3}"
33449318,"{""Old"":3922,""New"":3926,""Reason"":3}"
32568814,"{""Old"":8239,""New"":8241,""Reason"":3}"
27853630,"{""Old"":42361,""New"":42381,""Reason"":3}"
2845298,"{""Old"":7234,""New"":7240,""Reason"":3}"
27853630,"{""Old"":42929,""New"":43005,""Reason"":3}"
32568814,"{""Old"":8019,""New"":8041,""Reason"":3}"
50457286,"{""Old"":214,""New"":216,""Reason"":3}"
53324485,"{""Old"":30212,""New"":30292,""Reason"":3}"
53324485,"{""Old"":30428,""New"":30468,""Reason"":3}"
19893734,"{""Old"":50137,""New"":50537,""Reason"":3}"
19893734,"{""Old"":51629,""New"":51709,""Reason"":3}"
56756635,"{""Old"":51896,""New"":51976,""Reason"":3}"
26072040,"{""Old"":3122,""New"":3130,""Reason"":3}"
26072040,"{""Old"":3136,""New"":3146,""Reason"":3}"
2985676,"{""Old"":3429,""New"":3601,""Reason"":3}"
2985676,"{""Old"":6940,""New"":6962,""Reason"":3}"
4328218,"{""Old"":153,""New"":159,""Reason"":3}"
20810549,"{""Old"":551,""New"":569,""Reason"":3}"
212495637,"{""Old"":1782,""New"":1784,""Reason"":3}"
21669245,"{""Old"":2602,""New"":2612,""Reason"":3}"
31050334,"{""Old"":3397,""New"":3399,""Reason"":3}"
19100392,"{""Old"":282,""New"":284,""Reason"":3}"
209900380,"{""Old"":2709,""New"":2713,""Reason"":3}"
14358374,"{""Old"":1893,""New"":1905,""Reason"":3}"
14358374,"{""Old"":2005,""New"":2009,""Reason"":3}"
209900380,"{""Old"":2701,""New"":2705,""Reason"":3}"
14358374,"{""Old"":2460,""New"":2468,""Reason"":3}"
64739543,"{""Old"":376,""New"":378,""Reason"":3}"
32116408,"{""Old"":6581,""New"":6591,""Reason"":3}"
6051690,"{""Old"":1482,""New"":1496,""Reason"":3}"
21669245,"{""Old"":2526,""New"":2560,""Reason"":3}"
21669245,"{""Old"":2599,""New"":2601,""Reason"":3}"
56756635,"{""Old"":51322,""New"":51414,""Reason"":3}"
2985676,"{""Old"":6472,""New"":6606,""Reason"":3}"
75449739,"{""Old"":2065,""New"":2069,""Reason"":3}"
25225869,"{""Old"":23960,""New"":23980,""Reason"":3}"
75449739,"{""Old"":1987,""New"":2001,""Reason"":3}"
75449739,"{""Old"":2008,""New"":2010,""Reason"":3}"
75449739,"{""Old"":1918,""New"":1922,""Reason"":3}"
8159597,"{""Old"":39670,""New"":39688,""Reason"":3}"
86802600,"{""Old"":1379,""New"":1381,""Reason"":3}"
30122349,"{""Old"":252110,""New"":252162,""Reason"":3}"
26072040,"{""Old"":3130,""New"":3134,""Reason"":3}"
24615521,"{""Old"":298,""New"":306,""Reason"":3}"
33639865,"{""Old"":204,""New"":206,""Reason"":3}"
33639865,"{""Old"":334,""New"":348,""Reason"":3}"
6051690,"{""Old"":1497,""New"":1499,""Reason"":3}"
22979091,"{""Old"":9731,""New"":9737,""Reason"":3}"
6051690,"{""Old"":1475,""New"":1479,""Reason"":3}"
23568177,"{""Old"":4673,""New"":4679,""Reason"":3}"
218807939,"{""Old"":32,""New"":34,""Reason"":3}"
33639865,"{""Old"":478,""New"":482,""Reason"":3}"
12259144,"{""Old"":4604,""New"":4616,""Reason"":3}"
35740144,"{""Old"":1708,""New"":1716,""Reason"":3}"
26072040,"{""Old"":3276,""New"":3284,""Reason"":3}"
21669245,"{""Old"":2589,""New"":2591,""Reason"":3}"
43368388,"{""Old"":435,""New"":439,""Reason"":3}"
56756635,"{""Old"":51152,""New"":51172,""Reason"":3}"
10249527,"{""Old"":1668,""New"":1682,""Reason"":3}"
7150468,"{""Old"":99,""New"":103,""Reason"":3}"
56143592,"{""Old"":388,""New"":390,""Reason"":3}"
26898124,"{""Old"":2448,""New"":2466,""Reason"":3}"
23315198,"{""Old"":375,""New"":383,""Reason"":3}"
27853630,"{""Old"":44004,""New"":44088,""Reason"":3}"
27853630,"{""Old"":43347,""New"":43379,""Reason"":3}"
38378243,"{""Old"":1678,""New"":1692,""Reason"":3}"
209538568,"{""Old"":19448,""New"":19454,""Reason"":3}"
31755658,"{""Old"":827,""New"":829,""Reason"":3}"
56143592,"{""Old"":376,""New"":382,""Reason"":3}"
33372137,"{""Old"":6735,""New"":6757,""Reason"":3}"
211929705,"{""Old"":2778,""New"":2780,""Reason"":3}"
212495637,"{""Old"":1674,""New"":1676,""Reason"":3}"
22344692,"{""Old"":1155,""New"":1161,""Reason"":3}"
19893734,"{""Old"":48647,""New"":48767,""Reason"":3}"
45319593,"{""Old"":735,""New"":737,""Reason"":3}"
23860044,"{""Old"":1095,""New"":1097,""Reason"":3}"
27853630,"{""Old"":44174,""New"":44214,""Reason"":3}"
73660558,"{""Old"":11100,""New"":11122,""Reason"":3}"
43428109,"{""Old"":176,""New"":182,""Reason"":3}"
210683875,"{""Old"":3244,""New"":3248,""Reason"":3}"
211028627,"{""Old"":11261,""New"":11267,""Reason"":3}"
26511837,"{""Old"":3236,""New"":3246,""Reason"":3}"
85208736,"{""Old"":655,""New"":689,""Reason"":3}"
23420319,"{""Old"":384,""New"":386,""Reason"":3}"
23420319,"{""Old"":338,""New"":340,""Reason"":3}"
50457286,"{""Old"":237,""New"":241,""Reason"":3}"
202946472,"{""Old"":1196,""New"":1200,""Reason"":3}"
27853630,"{""Old"":42762,""New"":42782,""Reason"":3}"
27853630,"{""Old"":42814,""New"":42824,""Reason"":3}"
27853630,"{""Old"":44330,""New"":44380,""Reason"":3}"
41190481,"{""Old"":8481,""New"":8623,""Reason"":3}"
211028627,"{""Old"":11528,""New"":11532,""Reason"":3}"
45319593,"{""Old"":1129,""New"":1149,""Reason"":3}"
29342093,"{""Old"":16315,""New"":16317,""Reason"":3}"
32116408,"{""Old"":6495,""New"":6497,""Reason"":3}"
14358374,"{""Old"":2651,""New"":2655,""Reason"":3}"
28562228,"{""Old"":354,""New"":360,""Reason"":3}"
33639865,"{""Old"":232,""New"":234,""Reason"":3}"
15601095,"{""Old"":179,""New"":183,""Reason"":3}"
26072040,"{""Old"":3236,""New"":3242,""Reason"":3}"
30299431,"{""Old"":973,""New"":975,""Reason"":3}"
29194654,"{""Old"":21984,""New"":22004,""Reason"":3}"
37945125,"{""Old"":16,""New"":20,""Reason"":3}"
31755658,"{""Old"":806,""New"":814,""Reason"":3}"
20795899,"{""Old"":21842,""New"":21846,""Reason"":3}"
24910137,"{""Old"":249,""New"":251,""Reason"":3}"
34659987,"{""Old"":1889,""New"":1895,""Reason"":3}"
25431052,"{""Old"":67,""New"":69,""Reason"":3}"
19893734,"{""Old"":50537,""New"":50927,""Reason"":3}"
19893734,"{""Old"":51730,""New"":51880,""Reason"":3}"
28967234,"{""Old"":1452,""New"":1464,""Reason"":3}"
20795899,"{""Old"":19417,""New"":19429,""Reason"":3}"
20795899,"{""Old"":21828,""New"":21840,""Reason"":3}"
218733227,"{""Old"":28921,""New"":28945,""Reason"":3}"
21271458,"{""Old"":3059,""New"":3061,""Reason"":3}"
48984720,"{""Old"":194,""New"":198,""Reason"":3}"
21887371,"{""Old"":129,""New"":131,""Reason"":3}"
2985676,"{""Old"":7086,""New"":7096,""Reason"":3}"
26072040,"{""Old"":3320,""New"":3322,""Reason"":3}"
26072040,"{""Old"":3322,""New"":3332,""Reason"":3}"
38378243,"{""Old"":1530,""New"":1534,""Reason"":3}"
85208736,"{""Old"":547,""New"":549,""Reason"":3}"
56906587,"{""Old"":54,""New"":56,""Reason"":3}"
12351190,"{""Old"":2467,""New"":2545,""Reason"":3}"
2985676,"{""Old"":2335,""New"":2381,""Reason"":3}"
27222556,"{""Old"":4264,""New"":4284,""Reason"":3}"
35549372,"{""Old"":61251,""New"":61313,""Reason"":3}"
212253049,"{""Old"":355,""New"":365,""Reason"":3}"
33639865,"{""Old"":207,""New"":215,""Reason"":3}"
218807939,"{""Old"":29,""New"":31,""Reason"":3}"
47504703,"{""Old"":964,""New"":966,""Reason"":3}"
76321816,"{""Old"":270,""New"":278,""Reason"":3}"
211375285,"{""Old"":1780,""New"":1806,""Reason"":3}"
212495637,"{""Old"":1788,""New"":1790,""Reason"":3}"
11160943,"{""Old"":1496,""New"":1498,""Reason"":3}"
212495637,"{""Old"":1623,""New"":1625,""Reason"":3}"
23860044,"{""Old"":1097,""New"":1099,""Reason"":3}"
53324485,"{""Old"":29957,""New"":30017,""Reason"":3}"
24783600,"{""Old"":986,""New"":998,""Reason"":3}"
32543986,"{""Old"":48,""New"":50,""Reason"":3}"
28117708,"{""Old"":635,""New"":639,""Reason"":3}"
38378243,"{""Old"":1550,""New"":1554,""Reason"":3}"
75568836,"{""Old"":65,""New"":67,""Reason"":3}"
41190481,"{""Old"":8643,""New"":8657,""Reason"":3}"
75449739,"{""Old"":2037,""New"":2041,""Reason"":3}"
20795899,"{""Old"":19456,""New"":19460,""Reason"":3}"
20795899,"{""Old"":19474,""New"":19480,""Reason"":3}"
25799691,"{""Old"":4787,""New"":4805,""Reason"":3}"
212495637,"{""Old"":1831,""New"":1837,""Reason"":3}"
17920625,"{""Old"":3083,""New"":3093,""Reason"":3}"
25799691,"{""Old"":4805,""New"":4807,""Reason"":3}"
50457286,"{""Old"":243,""New"":245,""Reason"":3}"
45319593,"{""Old"":663,""New"":687,""Reason"":3}"
24783782,"{""Old"":925,""New"":929,""Reason"":3}"
211362929,"{""Old"":176,""New"":178,""Reason"":3}"
25225869,"{""Old"":23492,""New"":23520,""Reason"":3}"
10249527,"{""Old"":1666,""New"":1668,""Reason"":3}"
3016041,"{""Old"":122,""New"":124,""Reason"":3}"
33372137,"{""Old"":6757,""New"":6759,""Reason"":3}"
25225869,"{""Old"":25543,""New"":25621,""Reason"":3}"
42218918,"{""Old"":1883,""New"":1891,""Reason"":3}"
42218918,"{""Old"":1861,""New"":1869,""Reason"":3}"
34696227,"{""Old"":775,""New"":779,""Reason"":3}"
34696227,"{""Old"":812,""New"":824,""Reason"":3}"
25225869,"{""Old"":23391,""New"":23401,""Reason"":3}"
40572960,"{""Old"":2328,""New"":2354,""Reason"":3}"
45319593,"{""Old"":695,""New"":697,""Reason"":3}"
202943605,"{""Old"":3704,""New"":3706,""Reason"":3}"
56756635,"{""Old"":51614,""New"":51654,""Reason"":3}"
26072040,"{""Old"":3220,""New"":3236,""Reason"":3}"
209900380,"{""Old"":2676,""New"":2696,""Reason"":3}"
22979091,"{""Old"":9739,""New"":9745,""Reason"":3}"
14358374,"{""Old"":1830,""New"":1838,""Reason"":3}"
38518128,"{""Old"":3213,""New"":3233,""Reason"":3}"
15601095,"{""Old"":144,""New"":154,""Reason"":3}"
26468924,"{""Old"":292,""New"":294,""Reason"":3}"
31050334,"{""Old"":3448,""New"":3452,""Reason"":3}"
22941429,"{""Old"":219,""New"":223,""Reason"":3}"
22941429,"{""Old"":224,""New"":228,""Reason"":3}"
28830236,"{""Old"":61,""New"":63,""Reason"":3}"
35549372,"{""Old"":61962,""New"":62144,""Reason"":3}"
16077417,"{""Old"":276,""New"":300,""Reason"":3}"
32543986,"{""Old"":46,""New"":48,""Reason"":3}"
31318798,"{""Old"":165,""New"":167,""Reason"":3}"
19893734,"{""Old"":48527,""New"":48547,""Reason"":3}"
21297005,"{""Old"":1288,""New"":1294,""Reason"":3}"
29194654,"{""Old"":21974,""New"":21984,""Reason"":3}"
31755658,"{""Old"":829,""New"":831,""Reason"":3}"
14358374,"{""Old"":2012,""New"":2016,""Reason"":3}"
33639865,"{""Old"":483,""New"":491,""Reason"":3}"
36072891,"{""Old"":434,""New"":440,""Reason"":3}"
23420319,"{""Old"":403,""New"":405,""Reason"":3}"
48194534,"{""Old"":875,""New"":881,""Reason"":3}"
47504703,"{""Old"":1041,""New"":1083,""Reason"":3}"
76321816,"{""Old"":254,""New"":258,""Reason"":3}"
218733227,"{""Old"":28907,""New"":28911,""Reason"":3}"
40849881,"{""Old"":1031,""New"":1037,""Reason"":3}"
53324485,"{""Old"":30779,""New"":30791,""Reason"":3}"
53324485,"{""Old"":30318,""New"":30378,""Reason"":3}"
47704680,"{""Old"":1001,""New"":1005,""Reason"":3}"
25225869,"{""Old"":23830,""New"":23874,""Reason"":3}"
22699772,"{""Old"":822,""New"":828,""Reason"":3}"
51672058,"{""Old"":599,""New"":605,""Reason"":3}"
20346988,"{""Old"":1798,""New"":1800,""Reason"":3}"
33226466,"{""Old"":2253,""New"":2257,""Reason"":3}"
25225869,"{""Old"":24168,""New"":24210,""Reason"":3}"
25225869,"{""Old"":24310,""New"":24396,""Reason"":3}"
12351190,"{""Old"":2771,""New"":2807,""Reason"":3}"
63999387,"{""Old"":788,""New"":790,""Reason"":3}"
33639865,"{""Old"":443,""New"":477,""Reason"":3}"
58140678,"{""Old"":7614,""New"":7626,""Reason"":3}"
33639865,"{""Old"":196,""New"":202,""Reason"":3}"
73175911,"{""Old"":55,""New"":57,""Reason"":3}"
206950450,"{""Old"":748,""New"":750,""Reason"":3}"
10453971,"{""Old"":1047,""New"":1051,""Reason"":3}"
22699772,"{""Old"":853,""New"":855,""Reason"":3}"
53217066,"{""Old"":137,""New"":141,""Reason"":3}"
27222556,"{""Old"":4252,""New"":4262,""Reason"":3}"
58212824,"{""Old"":1264,""New"":1266,""Reason"":3}"
33639865,"{""Old"":511,""New"":517,""Reason"":3}"
2985676,"{""Old"":4903,""New"":4913,""Reason"":3}"
22941429,"{""Old"":311,""New"":317,""Reason"":3}"
19893734,"{""Old"":47946,""New"":48056,""Reason"":3}"
34659987,"{""Old"":1897,""New"":1903,""Reason"":3}"
218733227,"{""Old"":28994,""New"":29004,""Reason"":3}"
19893734,"{""Old"":44946,""New"":45376,""Reason"":3}"
19893734,"{""Old"":55879,""New"":55949,""Reason"":3}"
47504703,"{""Old"":1001,""New"":1007,""Reason"":3}"
19893734,"{""Old"":43194,""New"":44946,""Reason"":3}"
27978244,"{""Old"":747,""New"":749,""Reason"":3}"
19893734,"{""Old"":48792,""New"":48892,""Reason"":3}"
12301610,"{""Old"":6338,""New"":6340,""Reason"":3}"
75449739,"{""Old"":1936,""New"":1950,""Reason"":3}"
8688734,"{""Old"":415,""New"":429,""Reason"":3}"
22980187,"{""Old"":512,""New"":516,""Reason"":3}"
48591626,"{""Old"":14277,""New"":14285,""Reason"":3}"
201078557,"{""Old"":128,""New"":130,""Reason"":3}"
34696227,"{""Old"":753,""New"":773,""Reason"":3}"
34696227,"{""Old"":727,""New"":753,""Reason"":3}"
34696227,"{""Old"":832,""New"":842,""Reason"":3}"
50457286,"{""Old"":245,""New"":253,""Reason"":3}"
41190481,"{""Old"":7769,""New"":7791,""Reason"":3}"
33226466,"{""Old"":2206,""New"":2208,""Reason"":3}"
200308757,"{""Old"":985,""New"":1001,""Reason"":3}"
209989850,"{""Old"":376,""New"":380,""Reason"":3}"
6305433,"{""Old"":954,""New"":986,""Reason"":3}"
38378243,"{""Old"":1562,""New"":1568,""Reason"":3}"
41190481,"{""Old"":8145,""New"":8171,""Reason"":3}"
41190481,"{""Old"":9807,""New"":9817,""Reason"":3}"
58212824,"{""Old"":1230,""New"":1240,""Reason"":3}"
34696227,"{""Old"":781,""New"":791,""Reason"":3}"
75449739,"{""Old"":1969,""New"":1985,""Reason"":3}"
41248658,"{""Old"":438,""New"":454,""Reason"":3}"
64408895,"{""Old"":14,""New"":16,""Reason"":3}"
27853630,"{""Old"":42516,""New"":42560,""Reason"":3}"
200308757,"{""Old"":1020,""New"":1022,""Reason"":3}"
48550785,"{""Old"":1866,""New"":1870,""Reason"":3}"
41190481,"{""Old"":9907,""New"":10001,""Reason"":3}"
73660558,"{""Old"":10975,""New"":11003,""Reason"":3}"
203738169,"{""Old"":395,""New"":401,""Reason"":3}"
45319593,"{""Old"":698,""New"":712,""Reason"":3}"
48958128,"{""Old"":566,""New"":586,""Reason"":3}"
211929705,"{""Old"":2760,""New"":2778,""Reason"":3}"
27853630,"{""Old"":42792,""New"":42794,""Reason"":3}"
218733227,"{""Old"":28965,""New"":28979,""Reason"":3}"
211904728,"{""Old"":214146,""New"":214206,""Reason"":3}"
19893734,"{""Old"":47576,""New"":47946,""Reason"":3}"
35971941,"{""Old"":1765,""New"":1775,""Reason"":3}"
211904728,"{""Old"":214086,""New"":214096,""Reason"":3}"
23109672,"{""Old"":49570,""New"":49572,""Reason"":3}"
14723698,"{""Old"":502,""New"":508,""Reason"":3}"
14723698,"{""Old"":521,""New"":529,""Reason"":3}"
25431052,"{""Old"":81,""New"":83,""Reason"":3}"
218096592,"{""Old"":631,""New"":635,""Reason"":3}"
86802600,"{""Old"":1366,""New"":1378,""Reason"":3}"
32116408,"{""Old"":6525,""New"":6539,""Reason"":3}"
33639865,"{""Old"":254,""New"":266,""Reason"":3}"
24143465,"{""Old"":514,""New"":516,""Reason"":3}"
22941429,"{""Old"":440,""New"":444,""Reason"":3}"
26072040,"{""Old"":2337,""New"":2371,""Reason"":3}"
22941429,"{""Old"":246,""New"":250,""Reason"":3}"
22941429,"{""Old"":293,""New"":297,""Reason"":3}"
18069930,"{""Old"":28,""New"":30,""Reason"":3}"
19893734,"{""Old"":51720,""New"":51730,""Reason"":3}"
47504703,"{""Old"":926,""New"":950,""Reason"":3}"
47504703,"{""Old"":1145,""New"":1161,""Reason"":3}"
50681822,"{""Old"":6700,""New"":6704,""Reason"":3}"
56973682,"{""Old"":442,""New"":448,""Reason"":3}"
28309922,"{""Old"":360,""New"":364,""Reason"":3}"
33639865,"{""Old"":386,""New"":394,""Reason"":3}"
28309922,"{""Old"":355,""New"":359,""Reason"":3}"
32116408,"{""Old"":6243,""New"":6245,""Reason"":3}"
14358374,"{""Old"":1987,""New"":1991,""Reason"":3}"
211041399,"{""Old"":411,""New"":423,""Reason"":3}"
83272424,"{""Old"":130,""New"":132,""Reason"":3}"
42098274,"{""Old"":3174,""New"":3188,""Reason"":3}"
31050712,"{""Old"":437,""New"":447,""Reason"":3}"
2985676,"{""Old"":6606,""New"":6710,""Reason"":3}"
26511837,"{""Old"":3232,""New"":3236,""Reason"":3}"
24098332,"{""Old"":58,""New"":60,""Reason"":3}"
32568814,"{""Old"":8237,""New"":8239,""Reason"":3}"
20795899,"{""Old"":21840,""New"":21842,""Reason"":3}"
19893734,"{""Old"":48507,""New"":48527,""Reason"":3}"
20795899,"{""Old"":19480,""New"":19490,""Reason"":3}"
17920625,"{""Old"":3268,""New"":3274,""Reason"":3}"
11160943,"{""Old"":1565,""New"":1567,""Reason"":3}"
19893734,"{""Old"":48992,""New"":49092,""Reason"":3}"
10215928,"{""Old"":98,""New"":100,""Reason"":3}"
25225869,"{""Old"":23900,""New"":23954,""Reason"":3}"
25225869,"{""Old"":25656,""New"":25728,""Reason"":3}"
206950450,"{""Old"":786,""New"":790,""Reason"":3}"
75449739,"{""Old"":2133,""New"":2145,""Reason"":3}"
15438680,"{""Old"":970,""New"":974,""Reason"":3}"
37781144,"{""Old"":7992,""New"":8004,""Reason"":3}"
43368388,"{""Old"":449,""New"":451,""Reason"":3}"
82992489,"{""Old"":1657,""New"":1659,""Reason"":3}"
63999387,"{""Old"":774,""New"":776,""Reason"":3}"
25225869,"{""Old"":24421,""New"":24461,""Reason"":3}"
40572960,"{""Old"":2312,""New"":2328,""Reason"":3}"
33639865,"{""Old"":354,""New"":360,""Reason"":3}"
14358374,"{""Old"":1872,""New"":1880,""Reason"":3}"
56756635,"{""Old"":51729,""New"":51821,""Reason"":3}"
26072040,"{""Old"":3146,""New"":3170,""Reason"":3}"
26072040,"{""Old"":3334,""New"":3354,""Reason"":3}"
30122349,"{""Old"":252224,""New"":252250,""Reason"":3}"
218807939,"{""Old"":401,""New"":403,""Reason"":3}"
22979091,"{""Old"":9843,""New"":9851,""Reason"":3}"
22941429,"{""Old"":318,""New"":322,""Reason"":3}"
33226466,"{""Old"":2176,""New"":2178,""Reason"":3}"
31035453,"{""Old"":12935,""New"":12937,""Reason"":3}"
201448252,"{""Old"":4127,""New"":4149,""Reason"":3}"
41190481,"{""Old"":7735,""New"":7769,""Reason"":3}"
87080912,"{""Old"":1467,""New"":1475,""Reason"":3}"
25225869,"{""Old"":25778,""New"":25840,""Reason"":3}"
25225869,"{""Old"":25621,""New"":25631,""Reason"":3}"
25225869,"{""Old"":23451,""New"":23467,""Reason"":3}"
75449739,"{""Old"":2071,""New"":2077,""Reason"":3}"
75449739,"{""Old"":2085,""New"":2097,""Reason"":3}"
25225869,"{""Old"":24043,""New"":24063,""Reason"":3}"
25225869,"{""Old"":24113,""New"":24143,""Reason"":3}"
26898124,"{""Old"":2436,""New"":2448,""Reason"":3}"
29194654,"{""Old"":20167,""New"":20169,""Reason"":3}"
201916735,"{""Old"":668,""New"":670,""Reason"":3}"
47504703,"{""Old"":950,""New"":958,""Reason"":3}"
20795899,"{""Old"":21814,""New"":21828,""Reason"":3}"
218733227,"{""Old"":29017,""New"":29021,""Reason"":3}"
51672058,"{""Old"":624,""New"":626,""Reason"":3}"
22941429,"{""Old"":52,""New"":54,""Reason"":3}"
2985676,"{""Old"":5128,""New"":5152,""Reason"":3}"
33639865,"{""Old"":237,""New"":243,""Reason"":3}"
32554079,"{""Old"":438,""New"":444,""Reason"":3}"
23568177,"{""Old"":4690,""New"":4708,""Reason"":3}"
34354309,"{""Old"":1285,""New"":1287,""Reason"":3}"
11160943,"{""Old"":1680,""New"":1686,""Reason"":3}"
51415160,"{""Old"":372,""New"":380,""Reason"":3}"
35740144,"{""Old"":1664,""New"":1672,""Reason"":3}"
56906587,"{""Old"":40,""New"":42,""Reason"":3}"
83272424,"{""Old"":126,""New"":128,""Reason"":3}"
35549372,"{""Old"":62194,""New"":62252,""Reason"":3}"
24143465,"{""Old"":504,""New"":506,""Reason"":3}"
24143465,"{""Old"":498,""New"":502,""Reason"":3}"
33639865,"{""Old"":290,""New"":310,""Reason"":3}"
26517196,"{""Old"":1435,""New"":1437,""Reason"":3}"
56973682,"{""Old"":360,""New"":374,""Reason"":3}"
85208736,"{""Old"":475,""New"":477,""Reason"":3}"
28505678,"{""Old"":2791,""New"":2793,""Reason"":3}"
48194534,"{""Old"":881,""New"":883,""Reason"":3}"
46973434,"{""Old"":287,""New"":293,""Reason"":3}"
17920625,"{""Old"":3448,""New"":3478,""Reason"":3}"
27853630,"{""Old"":42215,""New"":42311,""Reason"":3}"
38378243,"{""Old"":1738,""New"":1754,""Reason"":3}"
217941499,"{""Old"":316,""New"":318,""Reason"":3}"
27853630,"{""Old"":43207,""New"":43333,""Reason"":3}"
27853630,"{""Old"":43704,""New"":43904,""Reason"":3}"
23420319,"{""Old"":350,""New"":354,""Reason"":3}"
47504703,"{""Old"":1201,""New"":1203,""Reason"":3}"
47504703,"{""Old"":958,""New"":964,""Reason"":3}"
29194654,"{""Old"":22024,""New"":22034,""Reason"":3}"
30299431,"{""Old"":999,""New"":1001,""Reason"":3}"
10453971,"{""Old"":1051,""New"":1055,""Reason"":3}"
34696227,"{""Old"":903,""New"":929,""Reason"":3}"
23568177,"{""Old"":4680,""New"":4690,""Reason"":3}"
206950450,"{""Old"":746,""New"":748,""Reason"":3}"
32116408,"{""Old"":6241,""New"":6243,""Reason"":3}"
42098274,"{""Old"":3192,""New"":3194,""Reason"":3}"
209900380,"{""Old"":2673,""New"":2675,""Reason"":3}"
56973682,"{""Old"":422,""New"":432,""Reason"":3}"
76309675,"{""Old"":1388,""New"":1390,""Reason"":3}"
82992489,"{""Old"":1647,""New"":1653,""Reason"":3}"
56636784,"{""Old"":919,""New"":921,""Reason"":3}"
36072891,"{""Old"":488,""New"":492,""Reason"":3}"
17920625,"{""Old"":3765,""New"":3767,""Reason"":3}"
85208736,"{""Old"":717,""New"":719,""Reason"":3}"
19846321,"{""Old"":4712,""New"":4714,""Reason"":3}"
30122349,"{""Old"":252099,""New"":252109,""Reason"":3}"
42098274,"{""Old"":3170,""New"":3174,""Reason"":3}"
53324485,"{""Old"":30187,""New"":30207,""Reason"":3}"
41190481,"{""Old"":9837,""New"":9907,""Reason"":3}"
75449739,"{""Old"":1958,""New"":1968,""Reason"":3}"
7661211,"{""Old"":41,""New"":43,""Reason"":3}"
34696227,"{""Old"":793,""New"":795,""Reason"":3}"
56636784,"{""Old"":925,""New"":931,""Reason"":3}"
27777369,"{""Old"":119095,""New"":119155,""Reason"":3}"
32568814,"{""Old"":7822,""New"":7824,""Reason"":3}"
45319593,"{""Old"":714,""New"":726,""Reason"":3}"
27853630,"{""Old"":44501,""New"":44611,""Reason"":3}"
27853630,"{""Old"":44480,""New"":44490,""Reason"":3}"
22699772,"{""Old"":851,""New"":853,""Reason"":3}"
23420319,"{""Old"":368,""New"":384,""Reason"":3}"
47704680,"{""Old"":967,""New"":973,""Reason"":3}"
51415160,"{""Old"":399,""New"":403,""Reason"":3}"
24910137,"{""Old"":124,""New"":126,""Reason"":3}"
212495637,"{""Old"":1625,""New"":1627,""Reason"":3}"
19893734,"{""Old"":53201,""New"":53251,""Reason"":3}"
67962623,"{""Old"":12058,""New"":12072,""Reason"":3}"
68778459,"{""Old"":166,""New"":170,""Reason"":3}"
27213067,"{""Old"":5119,""New"":5121,""Reason"":3}"
23109672,"{""Old"":45914,""New"":45932,""Reason"":3}"
19893734,"{""Old"":54368,""New"":54518,""Reason"":3}"
28309922,"{""Old"":349,""New"":353,""Reason"":3}"
33639865,"{""Old"":268,""New"":272,""Reason"":3}"
41027898,"{""Old"":125,""New"":127,""Reason"":3}"
41027898,"{""Old"":130,""New"":144,""Reason"":3}"
218733227,"{""Old"":28914,""New"":28916,""Reason"":3}"
70367218,"{""Old"":4547,""New"":4557,""Reason"":3}"
43060407,"{""Old"":56637,""New"":58215,""Reason"":3}"
19893734,"{""Old"":53351,""New"":53601,""Reason"":3}"
23420319,"{""Old"":348,""New"":350,""Reason"":3}"
26072040,"{""Old"":3242,""New"":3254,""Reason"":3}"
28309922,"{""Old"":335,""New"":339,""Reason"":3}"
14358374,"{""Old"":2396,""New"":2400,""Reason"":3}"
27222556,"{""Old"":4090,""New"":4104,""Reason"":3}"
14358374,"{""Old"":2426,""New"":2460,""Reason"":3}"
13186631,"{""Old"":17920,""New"":17926,""Reason"":3}"
202943605,"{""Old"":3706,""New"":3748,""Reason"":3}"
26517196,"{""Old"":1399,""New"":1403,""Reason"":3}"
27853630,"{""Old"":44140,""New"":44172,""Reason"":3}"
27853630,"{""Old"":44214,""New"":44308,""Reason"":3}"
76309675,"{""Old"":1403,""New"":1431,""Reason"":3}"
8688734,"{""Old"":441,""New"":445,""Reason"":3}"
73660558,"{""Old"":11402,""New"":11404,""Reason"":3}"
42218918,"{""Old"":1895,""New"":1897,""Reason"":3}"
71446593,"{""Old"":192,""New"":212,""Reason"":3}"
71446593,"{""Old"":226,""New"":228,""Reason"":3}"
27853630,"{""Old"":42406,""New"":42466,""Reason"":3}"
32568814,"{""Old"":8009,""New"":8011,""Reason"":3}"
52232750,"{""Old"":1048,""New"":1060,""Reason"":3}"
34696227,"{""Old"":843,""New"":859,""Reason"":3}"
34696227,"{""Old"":860,""New"":882,""Reason"":3}"
200308757,"{""Old"":1002,""New"":1008,""Reason"":3}"
26898124,"{""Old"":2426,""New"":2436,""Reason"":3}"
14358374,"{""Old"":2619,""New"":2627,""Reason"":3}"
33639865,"{""Old"":544,""New"":558,""Reason"":3}"
14723698,"{""Old"":541,""New"":545,""Reason"":3}"
34683790,"{""Old"":18148,""New"":18154,""Reason"":3}"
200921156,"{""Old"":1751,""New"":1757,""Reason"":3}"
30122349,"{""Old"":252166,""New"":252222,""Reason"":3}"
83272424,"{""Old"":122,""New"":126,""Reason"":3}"
2985676,"{""Old"":6828,""New"":6890,""Reason"":3}"
2985676,"{""Old"":7026,""New"":7036,""Reason"":3}"
35358256,"{""Old"":1445,""New"":1459,""Reason"":3}"
30660899,"{""Old"":784,""New"":788,""Reason"":3}"
27222556,"{""Old"":4180,""New"":4184,""Reason"":3}"
27222556,"{""Old"":4104,""New"":4110,""Reason"":3}"
73432002,"{""Old"":567,""New"":569,""Reason"":3}"
33639865,"{""Old"":81,""New"":83,""Reason"":3}"
26517196,"{""Old"":1427,""New"":1429,""Reason"":3}"
17920625,"{""Old"":10823,""New"":10843,""Reason"":3}"
211765402,"{""Old"":340,""New"":344,""Reason"":3}"
67962623,"{""Old"":11621,""New"":11625,""Reason"":3}"
70367218,"{""Old"":4785,""New"":4799,""Reason"":3}"
211904728,"{""Old"":214096,""New"":214136,""Reason"":3}"
43774463,"{""Old"":1236,""New"":1240,""Reason"":3}"
68778459,"{""Old"":147,""New"":151,""Reason"":3}"
19893734,"{""Old"":55259,""New"":55309,""Reason"":3}"
39175883,"{""Old"":831,""New"":843,""Reason"":3}"
19650940,"{""Old"":1890,""New"":1904,""Reason"":3}"
201565207,"{""Old"":2324,""New"":2330,""Reason"":3}"
38378243,"{""Old"":1514,""New"":1530,""Reason"":3}"
85208736,"{""Old"":551,""New"":553,""Reason"":3}"
25225869,"{""Old"":23273,""New"":23287,""Reason"":3}"
24783782,"{""Old"":888,""New"":912,""Reason"":3}"
9400282,"{""Old"":1460,""New"":1464,""Reason"":3}"
46432620,"{""Old"":471,""New"":483,""Reason"":3}"
33639865,"{""Old"":71,""New"":73,""Reason"":3}"
26517196,"{""Old"":1421,""New"":1427,""Reason"":3}"
35549372,"{""Old"":61740,""New"":61862,""Reason"":3}"
7830653,"{""Old"":37,""New"":39,""Reason"":3}"
70125906,"{""Old"":462,""New"":464,""Reason"":3}"
598089,"{""Old"":1015,""New"":1017,""Reason"":3}"
33639865,"{""Old"":52,""New"":54,""Reason"":3}"
22941429,"{""Old"":377,""New"":389,""Reason"":3}"
22941429,"{""Old"":394,""New"":398,""Reason"":3}"
12351190,"{""Old"":2917,""New"":2939,""Reason"":3}"
26468924,"{""Old"":467,""New"":469,""Reason"":3}"
24812479,"{""Old"":44,""New"":46,""Reason"":3}"
212495637,"{""Old"":1611,""New"":1623,""Reason"":3}"
47704680,"{""Old"":982,""New"":994,""Reason"":3}"
48591626,"{""Old"":14285,""New"":14295,""Reason"":3}"
43368388,"{""Old"":439,""New"":443,""Reason"":3}"
46012307,"{""Old"":1017,""New"":1027,""Reason"":3}"
37945125,"{""Old"":21,""New"":23,""Reason"":3}"
43060407,"{""Old"":56273,""New"":56301,""Reason"":3}"
22980187,"{""Old"":516,""New"":520,""Reason"":3}"
12351190,"{""Old"":2449,""New"":2467,""Reason"":3}"
56973682,"{""Old"":386,""New"":388,""Reason"":3}"
56973682,"{""Old"":650,""New"":668,""Reason"":3}"
88569534,"{""Old"":1062,""New"":1064,""Reason"":3}"
33639865,"{""Old"":398,""New"":410,""Reason"":3}"
33639865,"{""Old"":76,""New"":80,""Reason"":3}"
26468924,"{""Old"":346,""New"":356,""Reason"":3}"
211232772,"{""Old"":278,""New"":282,""Reason"":3}"
76309675,"{""Old"":1396,""New"":1400,""Reason"":3}"
30299431,"{""Old"":975,""New"":999,""Reason"":3}"
30299431,"{""Old"":1001,""New"":1013,""Reason"":3}"
20795899,"{""Old"":19890,""New"":21264,""Reason"":3}"
25799691,"{""Old"":4770,""New"":4772,""Reason"":3}"
211904728,"{""Old"":214136,""New"":214146,""Reason"":3}"
203236673,"{""Old"":7294,""New"":7382,""Reason"":3}"
19650940,"{""Old"":1904,""New"":1926,""Reason"":3}"
29350329,"{""Old"":1025,""New"":1027,""Reason"":3}"
19650940,"{""Old"":1800,""New"":1850,""Reason"":3}"
38378243,"{""Old"":1574,""New"":1592,""Reason"":3}"
38378243,"{""Old"":1534,""New"":1536,""Reason"":3}"
67962623,"{""Old"":12072,""New"":12084,""Reason"":3}"
27978244,"{""Old"":715,""New"":717,""Reason"":3}"
218733227,"{""Old"":28895,""New"":28899,""Reason"":3}"
33226466,"{""Old"":2180,""New"":2184,""Reason"":3}"
16050309,"{""Old"":283,""New"":285,""Reason"":3}"
16050309,"{""Old"":285,""New"":297,""Reason"":3}"
45319593,"{""Old"":1117,""New"":1127,""Reason"":3}"
40572960,"{""Old"":2356,""New"":2358,""Reason"":3}"
211929705,"{""Old"":2756,""New"":2758,""Reason"":3}"
34127757,"{""Old"":106,""New"":108,""Reason"":3}"
200308757,"{""Old"":1015,""New"":1017,""Reason"":3}"
85208736,"{""Old"":711,""New"":713,""Reason"":3}"
19893734,"{""Old"":54543,""New"":54595,""Reason"":3}"
22980187,"{""Old"":496,""New"":500,""Reason"":3}"
25431052,"{""Old"":71,""New"":73,""Reason"":3}"
67962623,"{""Old"":12045,""New"":12057,""Reason"":3}"
24910137,"{""Old"":196,""New"":198,""Reason"":3}"
19893734,"{""Old"":48317,""New"":48507,""Reason"":3}"
19893734,"{""Old"":54221,""New"":54293,""Reason"":3}"
19650940,"{""Old"":1882,""New"":1890,""Reason"":3}"
9453157,"{""Old"":2785,""New"":2811,""Reason"":3}"
9453157,"{""Old"":2840,""New"":2846,""Reason"":3}"
54377448,"{""Old"":349,""New"":353,""Reason"":3}"
47704680,"{""Old"":955,""New"":959,""Reason"":3}"
201916735,"{""Old"":659,""New"":665,""Reason"":3}"
201916735,"{""Old"":675,""New"":677,""Reason"":3}"
32458918,"{""Old"":380,""New"":382,""Reason"":3}"
61363550,"{""Old"":256,""New"":262,""Reason"":3}"
88569534,"{""Old"":1058,""New"":1060,""Reason"":3}"
37569323,"{""Old"":617,""New"":621,""Reason"":3}"
53324485,"{""Old"":30538,""New"":30600,""Reason"":3}"
56451856,"{""Old"":106,""New"":108,""Reason"":3}"
70367218,"{""Old"":4539,""New"":4541,""Reason"":3}"
14612804,"{""Old"":456,""New"":458,""Reason"":3}"
14723698,"{""Old"":549,""New"":555,""Reason"":3}"
83788628,"{""Old"":2032,""New"":2036,""Reason"":3}"
19893734,"{""Old"":55057,""New"":55259,""Reason"":3}"
2985676,"{""Old"":6710,""New"":6740,""Reason"":3}"
31510531,"{""Old"":3811,""New"":3815,""Reason"":3}"
37781144,"{""Old"":8028,""New"":8030,""Reason"":3}"
21669245,"{""Old"":2814,""New"":2830,""Reason"":3}"
19893734,"{""Old"":55644,""New"":55684,""Reason"":3}"
39175883,"{""Old"":817,""New"":831,""Reason"":3}"
22980187,"{""Old"":488,""New"":496,""Reason"":3}"
67962623,"{""Old"":11667,""New"":11669,""Reason"":3}"
34696227,"{""Old"":824,""New"":828,""Reason"":3}"
58338017,"{""Old"":767,""New"":769,""Reason"":3}"
3016041,"{""Old"":124,""New"":128,""Reason"":3}"
8688734,"{""Old"":391,""New"":415,""Reason"":3}"
38378243,"{""Old"":1694,""New"":1738,""Reason"":3}"
218155358,"{""Old"":53137,""New"":53139,""Reason"":3}"
70367218,"{""Old"":4572,""New"":4574,""Reason"":3}"
38244523,"{""Old"":489,""New"":491,""Reason"":3}"
32568814,"{""Old"":7827,""New"":7829,""Reason"":3}"
34696227,"{""Old"":564,""New"":566,""Reason"":3}"
14358374,"{""Old"":2633,""New"":2651,""Reason"":3}"
38374425,"{""Old"":150,""New"":160,""Reason"":3}"
76189582,"{""Old"":56,""New"":60,""Reason"":3}"
206950450,"{""Old"":751,""New"":755,""Reason"":3}"
33372137,"{""Old"":6715,""New"":6717,""Reason"":3}"
41190481,"{""Old"":9501,""New"":9683,""Reason"":3}"
27853630,"{""Old"":44308,""New"":44330,""Reason"":3}"
14723698,"{""Old"":555,""New"":557,""Reason"":3}"
12351190,"{""Old"":2959,""New"":2969,""Reason"":3}"
24143465,"{""Old"":492,""New"":498,""Reason"":3}"
55818431,"{""Old"":205,""New"":209,""Reason"":3}"
47704680,"{""Old"":1024,""New"":1030,""Reason"":3}"
48194534,"{""Old"":827,""New"":861,""Reason"":3}"
347550,"{""Old"":257,""New"":261,""Reason"":3}"
47504703,"{""Old"":831,""New"":843,""Reason"":3}"
19893734,"{""Old"":53871,""New"":54121,""Reason"":3}"
62448257,"{""Old"":3353,""New"":3355,""Reason"":3}"
21297005,"{""Old"":1276,""New"":1280,""Reason"":3}"
32235580,"{""Old"":435,""New"":437,""Reason"":3}"
71642682,"{""Old"":1304,""New"":1306,""Reason"":3}"
54541363,"{""Old"":1657,""New"":1659,""Reason"":3}"
218155358,"{""Old"":53127,""New"":53137,""Reason"":3}"
51227531,"{""Old"":149,""New"":157,""Reason"":3}"
56973682,"{""Old"":412,""New"":414,""Reason"":3}"
63999387,"{""Old"":770,""New"":774,""Reason"":3}"
26072040,"{""Old"":3254,""New"":3264,""Reason"":3}"
23109672,"{""Old"":46207,""New"":46225,""Reason"":3}"
70367218,"{""Old"":4560,""New"":4564,""Reason"":3}"
48353212,"{""Old"":3617,""New"":3623,""Reason"":3}"
21297005,"{""Old"":1296,""New"":1310,""Reason"":3}"
4328218,"{""Old"":149,""New"":153,""Reason"":3}"
53324485,"{""Old"":30791,""New"":30863,""Reason"":3}"
8557317,"{""Old"":107,""New"":111,""Reason"":3}"
76321816,"{""Old"":284,""New"":292,""Reason"":3}"
52232750,"{""Old"":1060,""New"":1098,""Reason"":3}"
27853630,"{""Old"":42903,""New"":42923,""Reason"":3}"
8688734,"{""Old"":461,""New"":473,""Reason"":3}"
38169134,"{""Old"":2096,""New"":2120,""Reason"":3}"
73660558,"{""Old"":11474,""New"":11484,""Reason"":3}"
8159597,"{""Old"":39688,""New"":39692,""Reason"":3}"
210640850,"{""Old"":1945,""New"":1959,""Reason"":3}"
27853630,"{""Old"":42884,""New"":42894,""Reason"":3}"
201565207,"{""Old"":2320,""New"":2324,""Reason"":3}"
41248658,"{""Old"":454,""New"":460,""Reason"":3}"
33226466,"{""Old"":2185,""New"":2189,""Reason"":3}"
9400282,"{""Old"":1464,""New"":1468,""Reason"":3}"
23110191,"{""Old"":1269,""New"":1271,""Reason"":3}"
40506099,"{""Old"":1466,""New"":1470,""Reason"":3}"
32568814,"{""Old"":8225,""New"":8237,""Reason"":3}"
23267191,"{""Old"":2725,""New"":2729,""Reason"":3}"
73660558,"{""Old"":11122,""New"":11152,""Reason"":3}"
21271458,"{""Old"":3050,""New"":3056,""Reason"":3}"
68768776,"{""Old"":175,""New"":177,""Reason"":3}"
68768776,"{""Old"":131,""New"":147,""Reason"":3}"
41190481,"{""Old"":8447,""New"":8481,""Reason"":3}"
33226466,"{""Old"":2215,""New"":2229,""Reason"":3}"
41190481,"{""Old"":9239,""New"":9305,""Reason"":3}"
85208736,"{""Old"":719,""New"":727,""Reason"":3}"
52426631,"{""Old"":326,""New"":328,""Reason"":3}"
39175883,"{""Old"":845,""New"":851,""Reason"":3}"
19650940,"{""Old"":1850,""New"":1866,""Reason"":3}"
4749137,"{""Old"":1544,""New"":1554,""Reason"":3}"
43060407,"{""Old"":56351,""New"":56369,""Reason"":3}"
34696227,"{""Old"":574,""New"":576,""Reason"":3}"
64074200,"{""Old"":338,""New"":350,""Reason"":3}"
33372137,"{""Old"":6695,""New"":6715,""Reason"":3}"
53324485,"{""Old"":30112,""New"":30162,""Reason"":3}"
35494962,"{""Old"":33302,""New"":33308,""Reason"":3}"
34343897,"{""Old"":2529,""New"":2539,""Reason"":3}"
17920625,"{""Old"":10945,""New"":10947,""Reason"":3}"
51591414,"{""Old"":1511,""New"":1515,""Reason"":3}"
19893734,"{""Old"":54595,""New"":54665,""Reason"":3}"
19893734,"{""Old"":54847,""New"":54907,""Reason"":3}"
67962623,"{""Old"":11709,""New"":11729,""Reason"":3}"
77312159,"{""Old"":1641,""New"":1643,""Reason"":3}"
8745388,"{""Old"":331,""New"":333,""Reason"":3}"
35237359,"{""Old"":3617,""New"":3623,""Reason"":3}"
202943605,"{""Old"":3770,""New"":3776,""Reason"":3}"
26072040,"{""Old"":2222,""New"":2252,""Reason"":3}"
31622396,"{""Old"":93,""New"":95,""Reason"":3}"
56973682,"{""Old"":619,""New"":623,""Reason"":3}"
20122563,"{""Old"":1095,""New"":1099,""Reason"":3}"
57809091,"{""Old"":78,""New"":80,""Reason"":3}"
33639865,"{""Old"":521,""New"":535,""Reason"":3}"
35614624,"{""Old"":446,""New"":448,""Reason"":3}"
38733450,"{""Old"":253,""New"":255,""Reason"":3}"
44392793,"{""Old"":710,""New"":712,""Reason"":3}"
82992489,"{""Old"":1483,""New"":1491,""Reason"":3}"
2985676,"{""Old"":1166,""New"":1174,""Reason"":3}"
30299431,"{""Old"":1013,""New"":1019,""Reason"":3}"
82992489,"{""Old"":1625,""New"":1639,""Reason"":3}"
2985676,"{""Old"":816,""New"":828,""Reason"":3}"
30299431,"{""Old"":1051,""New"":1055,""Reason"":3}"
66954885,"{""Old"":12078,""New"":12082,""Reason"":3}"
73660558,"{""Old"":10938,""New"":10942,""Reason"":3}"
23110191,"{""Old"":1243,""New"":1255,""Reason"":3}"
73660558,"{""Old"":11054,""New"":11080,""Reason"":3}"
209989850,"{""Old"":360,""New"":374,""Reason"":3}"
73660558,"{""Old"":11460,""New"":11462,""Reason"":3}"
45319593,"{""Old"":765,""New"":767,""Reason"":3}"
44659425,"{""Old"":4551,""New"":4557,""Reason"":3}"
32568814,"{""Old"":8132,""New"":8158,""Reason"":3}"
82717800,"{""Old"":3433,""New"":3445,""Reason"":3}"
28231429,"{""Old"":595,""New"":599,""Reason"":3}"
85208736,"{""Old"":477,""New"":479,""Reason"":3}"
26399013,"{""Old"":820,""New"":824,""Reason"":3}"
32222243,"{""Old"":82,""New"":90,""Reason"":3}"
48194534,"{""Old"":823,""New"":827,""Reason"":3}"
59160248,"{""Old"":12626,""New"":12630,""Reason"":3}"
34354309,"{""Old"":1293,""New"":1297,""Reason"":3}"
20222125,"{""Old"":145,""New"":153,""Reason"":3}"
47504703,"{""Old"":1161,""New"":1201,""Reason"":3}"
24910137,"{""Old"":259,""New"":261,""Reason"":3}"
19650940,"{""Old"":1778,""New"":1800,""Reason"":3}"
35549372,"{""Old"":62252,""New"":64186,""Reason"":3}"
200921156,"{""Old"":1758,""New"":1762,""Reason"":3}"
24910137,"{""Old"":202,""New"":208,""Reason"":3}"
58164604,"{""Old"":665,""New"":667,""Reason"":3}"
58164604,"{""Old"":667,""New"":675,""Reason"":3}"
21669245,"{""Old"":2830,""New"":2834,""Reason"":3}"
22941429,"{""Old"":344,""New"":352,""Reason"":3}"
13186631,"{""Old"":17907,""New"":17909,""Reason"":3}"
13186631,"{""Old"":17912,""New"":17918,""Reason"":3}"
81766619,"{""Old"":263,""New"":265,""Reason"":3}"
46614851,"{""Old"":3064,""New"":3088,""Reason"":3}"
43376749,"{""Old"":83,""New"":91,""Reason"":3}"
8159597,"{""Old"":39663,""New"":39665,""Reason"":3}"
85208736,"{""Old"":695,""New"":701,""Reason"":3}"
14358374,"{""Old"":1906,""New"":1930,""Reason"":3}"
75449739,"{""Old"":2153,""New"":2169,""Reason"":3}"
598089,"{""Old"":1007,""New"":1009,""Reason"":3}"
22941429,"{""Old"":229,""New"":231,""Reason"":3}"
68768776,"{""Old"":80,""New"":82,""Reason"":3}"
48958128,"{""Old"":588,""New"":592,""Reason"":3}"
85208736,"{""Old"":713,""New"":717,""Reason"":3}"
58338017,"{""Old"":769,""New"":787,""Reason"":3}"
58338017,"{""Old"":752,""New"":758,""Reason"":3}"
209085127,"{""Old"":137,""New"":139,""Reason"":3}"
56143592,"{""Old"":382,""New"":386,""Reason"":3}"
67962623,"{""Old"":11327,""New"":11329,""Reason"":3}"
4749137,"{""Old"":1662,""New"":1680,""Reason"":3}"
77312159,"{""Old"":1598,""New"":1610,""Reason"":3}"
27853630,"{""Old"":44172,""New"":44174,""Reason"":3}"
48550785,"{""Old"":1879,""New"":1881,""Reason"":3}"
6305433,"{""Old"":926,""New"":954,""Reason"":3}"
25225869,"{""Old"":24708,""New"":24740,""Reason"":3}"
62772870,"{""Old"":372,""New"":374,""Reason"":3}"
27230447,"{""Old"":855,""New"":857,""Reason"":3}"
50457286,"{""Old"":234,""New"":236,""Reason"":3}"
51415160,"{""Old"":397,""New"":399,""Reason"":3}"
77312159,"{""Old"":1633,""New"":1635,""Reason"":3}"
218096592,"{""Old"":643,""New"":647,""Reason"":3}"
34343897,"{""Old"":2539,""New"":2561,""Reason"":3}"
38733450,"{""Old"":262,""New"":268,""Reason"":3}"
14358374,"{""Old"":2408,""New"":2422,""Reason"":3}"
24910137,"{""Old"":166,""New"":168,""Reason"":3}"
22941429,"{""Old"":358,""New"":368,""Reason"":3}"
17920625,"{""Old"":4846,""New"":4898,""Reason"":3}"
39175883,"{""Old"":843,""New"":845,""Reason"":3}"
82992489,"{""Old"":1574,""New"":1604,""Reason"":3}"
57809091,"{""Old"":81,""New"":83,""Reason"":3}"
14358374,"{""Old"":2627,""New"":2633,""Reason"":3}"
33639865,"{""Old"":33,""New"":35,""Reason"":3}"
30660899,"{""Old"":774,""New"":776,""Reason"":3}"
68768776,"{""Old"":152,""New"":166,""Reason"":3}"
38378243,"{""Old"":1615,""New"":1617,""Reason"":3}"
200308757,"{""Old"":982,""New"":984,""Reason"":3}"
48958128,"{""Old"":586,""New"":588,""Reason"":3}"
33639865,"{""Old"":439,""New"":441,""Reason"":3}"
33639865,"{""Old"":518,""New"":520,""Reason"":3}"
13074595,"{""Old"":60260,""New"":60274,""Reason"":3}"
31035453,"{""Old"":12937,""New"":12941,""Reason"":3}"
28967234,"{""Old"":1479,""New"":1487,""Reason"":3}"
26072040,"{""Old"":3198,""New"":3220,""Reason"":3}"
69132095,"{""Old"":1740,""New"":1742,""Reason"":3}"
37781144,"{""Old"":8087,""New"":8091,""Reason"":3}"
71642682,"{""Old"":1282,""New"":1286,""Reason"":3}"
38096868,"{""Old"":307,""New"":323,""Reason"":3}"
38096868,"{""Old"":389,""New"":399,""Reason"":3}"
11139491,"{""Old"":285,""New"":287,""Reason"":3}"
67316961,"{""Old"":9878,""New"":9882,""Reason"":3}"
34696227,"{""Old"":796,""New"":806,""Reason"":3}"
27978244,"{""Old"":749,""New"":751,""Reason"":3}"
67962623,"{""Old"":12084,""New"":12094,""Reason"":3}"
70367218,"{""Old"":4558,""New"":4560,""Reason"":3}"
29194654,"{""Old"":20973,""New"":21009,""Reason"":3}"
67962623,"{""Old"":11767,""New"":11801,""Reason"":3}"
23109672,"{""Old"":46553,""New"":48967,""Reason"":3}"
17920625,"{""Old"":10419,""New"":10589,""Reason"":3}"
82629288,"{""Old"":29361,""New"":29395,""Reason"":3}"
35614947,"{""Old"":948,""New"":956,""Reason"":3}"
67962623,"{""Old"":11468,""New"":11480,""Reason"":3}"
29194654,"{""Old"":21670,""New"":21680,""Reason"":3}"
37621689,"{""Old"":2609,""New"":2615,""Reason"":3}"
70367218,"{""Old"":4752,""New"":4760,""Reason"":3}"
34354309,"{""Old"":1299,""New"":1305,""Reason"":3}"
38549927,"{""Old"":1,""New"":5,""Reason"":3}"
42098274,"{""Old"":3188,""New"":3192,""Reason"":3}"
12351190,"{""Old"":2252,""New"":2282,""Reason"":3}"
59961124,"{""Old"":56128,""New"":56138,""Reason"":3}"
33639865,"{""Old"":501,""New"":509,""Reason"":3}"
85208736,"{""Old"":701,""New"":711,""Reason"":3}"
22941429,"{""Old"":401,""New"":417,""Reason"":3}"
46973434,"{""Old"":272,""New"":284,""Reason"":3}"
19650940,"{""Old"":1132,""New"":1138,""Reason"":3}"
83788628,"{""Old"":2030,""New"":2032,""Reason"":3}"
41068488,"{""Old"":109,""New"":111,""Reason"":3}"
2985676,"{""Old"":1190,""New"":1196,""Reason"":3}"
44289284,"{""Old"":92,""New"":94,""Reason"":3}"
33639865,"{""Old"":351,""New"":353,""Reason"":3}"
73531147,"{""Old"":3858,""New"":3860,""Reason"":3}"
14358374,"{""Old"":1816,""New"":1818,""Reason"":3}"
47422838,"{""Old"":896,""New"":900,""Reason"":3}"
56638770,"{""Old"":690,""New"":698,""Reason"":3}"
68768776,"{""Old"":188,""New"":190,""Reason"":3}"
218027547,"{""Old"":3669,""New"":3673,""Reason"":3}"
33226466,"{""Old"":2191,""New"":2203,""Reason"":3}"
7150468,"{""Old"":88,""New"":98,""Reason"":3}"
24783782,"{""Old"":931,""New"":935,""Reason"":3}"
19941468,"{""Old"":50,""New"":52,""Reason"":3}"
27777369,"{""Old"":119345,""New"":119357,""Reason"":3}"
36607525,"{""Old"":2854,""New"":2856,""Reason"":3}"
32381984,"{""Old"":2469,""New"":2471,""Reason"":3}"
12265633,"{""Old"":2063,""New"":2067,""Reason"":3}"
25225869,"{""Old"":22970,""New"":22972,""Reason"":3}"
32568814,"{""Old"":8063,""New"":8127,""Reason"":3}"
218027547,"{""Old"":3679,""New"":3683,""Reason"":3}"
34696227,"{""Old"":480,""New"":484,""Reason"":3}"
210640850,"{""Old"":1959,""New"":1969,""Reason"":3}"
32235580,"{""Old"":439,""New"":445,""Reason"":3}"
52232750,"{""Old"":1119,""New"":1133,""Reason"":3}"
41190481,"{""Old"":7791,""New"":7827,""Reason"":3}"
41190481,"{""Old"":8077,""New"":8093,""Reason"":3}"
41190481,"{""Old"":8171,""New"":8197,""Reason"":3}"
7639585,"{""Old"":1464,""New"":1468,""Reason"":3}"
71458070,"{""Old"":272,""New"":274,""Reason"":3}"
41248658,"{""Old"":430,""New"":438,""Reason"":3}"
48180696,"{""Old"":3069,""New"":3089,""Reason"":3}"
79928100,"{""Old"":918,""New"":920,""Reason"":3}"
23109672,"{""Old"":45312,""New"":45314,""Reason"":3}"
347550,"{""Old"":253,""New"":257,""Reason"":3}"
71228420,"{""Old"":2309,""New"":2311,""Reason"":3}"
58164604,"{""Old"":675,""New"":681,""Reason"":3}"
54525546,"{""Old"":3494,""New"":3496,""Reason"":3}"
34343897,"{""Old"":2561,""New"":2587,""Reason"":3}"
82629288,"{""Old"":28418,""New"":28478,""Reason"":3}"
70367218,"{""Old"":4723,""New"":4727,""Reason"":3}"
17920625,"{""Old"":10105,""New"":10315,""Reason"":3}"
217941963,"{""Old"":13157,""New"":13159,""Reason"":3}"
86802600,"{""Old"":1388,""New"":1400,""Reason"":3}"
61322110,"{""Old"":465,""New"":481,""Reason"":3}"
212253049,"{""Old"":378,""New"":388,""Reason"":3}"
59961124,"{""Old"":56138,""New"":56142,""Reason"":3}"
26517196,"{""Old"":1429,""New"":1431,""Reason"":3}"
82992489,"{""Old"":1530,""New"":1544,""Reason"":3}"
82992489,"{""Old"":1665,""New"":1667,""Reason"":3}"
47504703,"{""Old"":871,""New"":873,""Reason"":3}"
34683790,"{""Old"":18192,""New"":18200,""Reason"":3}"
3275117,"{""Old"":6350,""New"":6356,""Reason"":3}"
31050334,"{""Old"":3439,""New"":3447,""Reason"":3}"
52598655,"{""Old"":524,""New"":528,""Reason"":3}"
32568814,"{""Old"":8394,""New"":8416,""Reason"":3}"
26511837,"{""Old"":3250,""New"":3256,""Reason"":3}"
201078557,"{""Old"":130,""New"":134,""Reason"":3}"
75449739,"{""Old"":2185,""New"":2197,""Reason"":3}"
218027547,"{""Old"":3610,""New"":3624,""Reason"":3}"
56674287,"{""Old"":2906,""New"":2910,""Reason"":3}"
45319593,"{""Old"":818,""New"":830,""Reason"":3}"
68768776,"{""Old"":104,""New"":106,""Reason"":3}"
81766619,"{""Old"":270,""New"":272,""Reason"":3}"
53698855,"{""Old"":4419,""New"":4441,""Reason"":3}"
53698855,"{""Old"":4486,""New"":4488,""Reason"":3}"
46432620,"{""Old"":871,""New"":875,""Reason"":3}"
68768776,"{""Old"":179,""New"":183,""Reason"":3}"
33840386,"{""Old"":670,""New"":672,""Reason"":3}"
38733450,"{""Old"":189,""New"":191,""Reason"":3}"
56756635,"{""Old"":52001,""New"":52011,""Reason"":3}"
52880077,"{""Old"":9822,""New"":9824,""Reason"":3}"
49261765,"{""Old"":2381,""New"":2393,""Reason"":3}"
35740144,"{""Old"":1720,""New"":1722,""Reason"":3}"
82992489,"{""Old"":1571,""New"":1573,""Reason"":3}"
30122349,"{""Old"":252041,""New"":252099,""Reason"":3}"
82629288,"{""Old"":28608,""New"":28642,""Reason"":3}"
17920625,"{""Old"":9805,""New"":10105,""Reason"":3}"
77312159,"{""Old"":1525,""New"":1537,""Reason"":3}"
66592258,"{""Old"":317,""New"":319,""Reason"":3}"
35971941,"{""Old"":1776,""New"":1790,""Reason"":3}"
23420319,"{""Old"":407,""New"":411,""Reason"":3}"
47504703,"{""Old"":1119,""New"":1135,""Reason"":3}"
34574446,"{""Old"":12877,""New"":12887,""Reason"":3}"
21669245,"{""Old"":2796,""New"":2814,""Reason"":3}"
82992489,"{""Old"":1681,""New"":1685,""Reason"":3}"
2985676,"{""Old"":5086,""New"":5128,""Reason"":3}"
81766619,"{""Old"":279,""New"":281,""Reason"":3}"
35549372,"{""Old"":61014,""New"":61026,""Reason"":3}"
12351190,"{""Old"":2811,""New"":2833,""Reason"":3}"
82629288,"{""Old"":29260,""New"":29286,""Reason"":3}"
32101526,"{""Old"":6294,""New"":6298,""Reason"":3}"
57377221,"{""Old"":1094,""New"":1100,""Reason"":3}"
43060407,"{""Old"":56071,""New"":56073,""Reason"":3}"
201729274,"{""Old"":149,""New"":153,""Reason"":3}"
48194534,"{""Old"":861,""New"":873,""Reason"":3}"
19893734,"{""Old"":54667,""New"":54821,""Reason"":3}"
4749137,"{""Old"":1583,""New"":1597,""Reason"":3}"
201565207,"{""Old"":2305,""New"":2307,""Reason"":3}"
75449739,"{""Old"":2203,""New"":2205,""Reason"":3}"
52598655,"{""Old"":506,""New"":524,""Reason"":3}"
33226466,"{""Old"":2247,""New"":2251,""Reason"":3}"
70367218,"{""Old"":4574,""New"":4578,""Reason"":3}"
68778459,"{""Old"":155,""New"":161,""Reason"":3}"
41190481,"{""Old"":8093,""New"":8123,""Reason"":3}"
27853630,"{""Old"":43055,""New"":43057,""Reason"":3}"
38096868,"{""Old"":365,""New"":375,""Reason"":3}"
21271458,"{""Old"":3079,""New"":3083,""Reason"":3}"
33226466,"{""Old"":2230,""New"":2236,""Reason"":3}"
33226466,"{""Old"":2238,""New"":2246,""Reason"":3}"
56636784,"{""Old"":915,""New"":919,""Reason"":3}"
56674287,"{""Old"":2888,""New"":2890,""Reason"":3}"
71446593,"{""Old"":222,""New"":224,""Reason"":3}"
60224134,"{""Old"":216,""New"":222,""Reason"":3}"
67962623,"{""Old"":11404,""New"":11418,""Reason"":3}"
48197039,"{""Old"":440,""New"":446,""Reason"":3}"
48197039,"{""Old"":387,""New"":391,""Reason"":3}"
23109672,"{""Old"":46400,""New"":46428,""Reason"":3}"
17920625,"{""Old"":6382,""New"":6736,""Reason"":3}"
56451856,"{""Old"":115,""New"":121,""Reason"":3}"
47704680,"{""Old"":1079,""New"":1085,""Reason"":3}"
47504703,"{""Old"":1211,""New"":1241,""Reason"":3}"
29194654,"{""Old"":20567,""New"":20577,""Reason"":3}"
29194654,"{""Old"":20817,""New"":20819,""Reason"":3}"
52621737,"{""Old"":11394,""New"":11398,""Reason"":3}"
41027898,"{""Old"":113,""New"":117,""Reason"":3}"
69132095,"{""Old"":1772,""New"":1774,""Reason"":3}"
211232772,"{""Old"":274,""New"":278,""Reason"":3}"
20122563,"{""Old"":1064,""New"":1090,""Reason"":3}"
38374425,"{""Old"":160,""New"":164,""Reason"":3}"
36072891,"{""Old"":446,""New"":456,""Reason"":3}"
8160573,"{""Old"":419,""New"":423,""Reason"":3}"
59511678,"{""Old"":539,""New"":543,""Reason"":3}"
12351190,"{""Old"":2809,""New"":2811,""Reason"":3}"
41068488,"{""Old"":125,""New"":131,""Reason"":3}"
68854926,"{""Old"":1377,""New"":1389,""Reason"":3}"
30834896,"{""Old"":217,""New"":219,""Reason"":3}"
2985676,"{""Old"":1218,""New"":1224,""Reason"":3}"
82992489,"{""Old"":1679,""New"":1681,""Reason"":3}"
25225869,"{""Old"":25312,""New"":25342,""Reason"":3}"
24098332,"{""Old"":78,""New"":82,""Reason"":3}"
34696227,"{""Old"":527,""New"":533,""Reason"":3}"
28967234,"{""Old"":1570,""New"":1576,""Reason"":3}"
34696227,"{""Old"":584,""New"":586,""Reason"":3}"
56674287,"{""Old"":2890,""New"":2900,""Reason"":3}"
43634643,"{""Old"":149,""New"":151,""Reason"":3}"
44659425,"{""Old"":4527,""New"":4545,""Reason"":3}"
61036709,"{""Old"":1696,""New"":1698,""Reason"":3}"
27777369,"{""Old"":119243,""New"":119273,""Reason"":3}"
56636784,"{""Old"":909,""New"":915,""Reason"":3}"
34696227,"{""Old"":883,""New"":901,""Reason"":3}"
211028627,"{""Old"":11518,""New"":11528,""Reason"":3}"
75449739,"{""Old"":2197,""New"":2203,""Reason"":3}"
48984720,"{""Old"":198,""New"":200,""Reason"":3}"
73660558,"{""Old"":11404,""New"":11452,""Reason"":3}"
56756847,"{""Old"":683,""New"":693,""Reason"":3}"
12265633,"{""Old"":2073,""New"":2095,""Reason"":3}"
36607525,"{""Old"":2856,""New"":2882,""Reason"":3}"
27777369,"{""Old"":119217,""New"":119243,""Reason"":3}"
24910137,"{""Old"":233,""New"":243,""Reason"":3}"
66592258,"{""Old"":323,""New"":331,""Reason"":3}"
27777369,"{""Old"":119295,""New"":119305,""Reason"":3}"
24910137,"{""Old"":212,""New"":222,""Reason"":3}"
67962623,"{""Old"":11274,""New"":11284,""Reason"":3}"
38096868,"{""Old"":271,""New"":275,""Reason"":3}"
210552037,"{""Old"":1459,""New"":1473,""Reason"":3}"
44659425,"{""Old"":4510,""New"":4512,""Reason"":3}"
45319593,"{""Old"":794,""New"":814,""Reason"":3}"
34642494,"{""Old"":1869,""New"":1885,""Reason"":3}"
22699772,"{""Old"":847,""New"":851,""Reason"":3}"
70071823,"{""Old"":1331,""New"":1335,""Reason"":3}"
67962623,"{""Old"":11607,""New"":11621,""Reason"":3}"
29194654,"{""Old"":20416,""New"":20430,""Reason"":3}"
29194654,"{""Old"":21283,""New"":21305,""Reason"":3}"
36072891,"{""Old"":604,""New"":622,""Reason"":3}"
31351467,"{""Old"":438,""New"":440,""Reason"":3}"
31318798,"{""Old"":167,""New"":171,""Reason"":3}"
53324485,"{""Old"":30625,""New"":30665,""Reason"":3}"
57320977,"{""Old"":548,""New"":558,""Reason"":3}"
218155358,"{""Old"":53205,""New"":53225,""Reason"":3}"
53324485,"{""Old"":30690,""New"":30754,""Reason"":3}"
43582178,"{""Old"":717,""New"":719,""Reason"":3}"
70367218,"{""Old"":4661,""New"":4673,""Reason"":3}"
26468924,"{""Old"":369,""New"":371,""Reason"":3}"
27236554,"{""Old"":1212,""New"":1218,""Reason"":3}"
80920886,"{""Old"":35,""New"":37,""Reason"":3}"
73271573,"{""Old"":2436,""New"":2446,""Reason"":3}"
26072040,"{""Old"":3072,""New"":3122,""Reason"":3}"
26072040,"{""Old"":3290,""New"":3302,""Reason"":3}"
9453157,"{""Old"":2780,""New"":2784,""Reason"":3}"
36072891,"{""Old"":462,""New"":476,""Reason"":3}"
87498778,"{""Old"":15,""New"":17,""Reason"":3}"
211765402,"{""Old"":337,""New"":339,""Reason"":3}"
57618750,"{""Old"":1474,""New"":1478,""Reason"":3}"
35614947,"{""Old"":1004,""New"":1018,""Reason"":3}"
37781144,"{""Old"":8101,""New"":8117,""Reason"":3}"
16077417,"{""Old"":220,""New"":226,""Reason"":3}"
52621737,"{""Old"":11448,""New"":11462,""Reason"":3}"
8688734,"{""Old"":367,""New"":375,""Reason"":3}"
68768776,"{""Old"":76,""New"":78,""Reason"":3}"
44659425,"{""Old"":4707,""New"":4721,""Reason"":3}"
38096868,"{""Old"":216,""New"":224,""Reason"":3}"
38096868,"{""Old"":399,""New"":403,""Reason"":3}"
44659425,"{""Old"":4667,""New"":4673,""Reason"":3}"
86617310,"{""Old"":163,""New"":167,""Reason"":3}"
8688734,"{""Old"":429,""New"":431,""Reason"":3}"
41013725,"{""Old"":1675,""New"":1677,""Reason"":3}"
41190481,"{""Old"":7397,""New"":7453,""Reason"":3}"
41190481,"{""Old"":7733,""New"":7735,""Reason"":3}"
79928100,"{""Old"":944,""New"":946,""Reason"":3}"
73660558,"{""Old"":11452,""New"":11460,""Reason"":3}"
44659425,"{""Old"":4779,""New"":4785,""Reason"":3}"
39479820,"{""Old"":8349,""New"":8353,""Reason"":3}"
34642494,"{""Old"":1833,""New"":1835,""Reason"":3}"
41190481,"{""Old"":9817,""New"":9837,""Reason"":3}"
35914837,"{""Old"":656,""New"":662,""Reason"":3}"
56867829,"{""Old"":180,""New"":184,""Reason"":3}"
45319593,"{""Old"":831,""New"":841,""Reason"":3}"
39479820,"{""Old"":8398,""New"":9172,""Reason"":3}"
24507103,"{""Old"":825,""New"":827,""Reason"":3}"
68768776,"{""Old"":90,""New"":92,""Reason"":3}"
44659425,"{""Old"":4630,""New"":4632,""Reason"":3}"
61988559,"{""Old"":1368,""New"":1372,""Reason"":3}"
9400282,"{""Old"":1447,""New"":1453,""Reason"":3}"
22699772,"{""Old"":834,""New"":846,""Reason"":3}"
27777369,"{""Old"":119155,""New"":119157,""Reason"":3}"
27777369,"{""Old"":119273,""New"":119285,""Reason"":3}"
4749137,"{""Old"":1615,""New"":1617,""Reason"":3}"
28967234,"{""Old"":1510,""New"":1522,""Reason"":3}"
34696227,"{""Old"":513,""New"":515,""Reason"":3}"
34696227,"{""Old"":601,""New"":605,""Reason"":3}"
82629288,"{""Old"":29094,""New"":29224,""Reason"":3}"
8745388,"{""Old"":333,""New"":343,""Reason"":3}"
29194654,"{""Old"":21531,""New"":21541,""Reason"":3}"
217941963,"{""Old"":13485,""New"":13503,""Reason"":3}"
24910137,"{""Old"":188,""New"":190,""Reason"":3}"
77312159,"{""Old"":1637,""New"":1641,""Reason"":3}"
17920625,"{""Old"":10967,""New"":10969,""Reason"":3}"
74103204,"{""Old"":469,""New"":477,""Reason"":3}"
43376749,"{""Old"":102,""New"":104,""Reason"":3}"
23568177,"{""Old"":5119,""New"":5125,""Reason"":3}"
23568177,"{""Old"":5153,""New"":5165,""Reason"":3}"
43060407,"{""Old"":56631,""New"":56637,""Reason"":3}"
77312159,"{""Old"":1519,""New"":1525,""Reason"":3}"
66592258,"{""Old"":319,""New"":323,""Reason"":3}"
22941429,"{""Old"":424,""New"":426,""Reason"":3}"
37781144,"{""Old"":8093,""New"":8101,""Reason"":3}"
25154055,"{""Old"":1446,""New"":1452,""Reason"":3}"
43368388,"{""Old"":445,""New"":449,""Reason"":3}"
74103204,"{""Old"":484,""New"":490,""Reason"":3}"
25154055,"{""Old"":1528,""New"":1532,""Reason"":3}"
598089,"{""Old"":1003,""New"":1007,""Reason"":3}"
45845602,"{""Old"":3703,""New"":3711,""Reason"":3}"
45845602,"{""Old"":3801,""New"":3805,""Reason"":3}"
70367218,"{""Old"":4518,""New"":4532,""Reason"":3}"
43728581,"{""Old"":1095,""New"":1115,""Reason"":3}"
57618750,"{""Old"":1484,""New"":1492,""Reason"":3}"
56973682,"{""Old"":375,""New"":377,""Reason"":3}"
7207312,"{""Old"":1237,""New"":1241,""Reason"":3}"
48197039,"{""Old"":351,""New"":367,""Reason"":3}"
63082603,"{""Old"":23482,""New"":23488,""Reason"":3}"
68778459,"{""Old"":151,""New"":153,""Reason"":3}"
40849881,"{""Old"":845,""New"":863,""Reason"":3}"
207033072,"{""Old"":1348,""New"":1352,""Reason"":3}"
24910137,"{""Old"":339,""New"":343,""Reason"":3}"
35614947,"{""Old"":982,""New"":992,""Reason"":3}"
56862541,"{""Old"":121,""New"":129,""Reason"":3}"
67962623,"{""Old"":11749,""New"":11767,""Reason"":3}"
82629288,"{""Old"":28970,""New"":29044,""Reason"":3}"
4749137,"{""Old"":1611,""New"":1615,""Reason"":3}"
35971941,"{""Old"":1791,""New"":1797,""Reason"":3}"
212109674,"{""Old"":285,""New"":289,""Reason"":3}"
43728581,"{""Old"":1129,""New"":1131,""Reason"":3}"
44659425,"{""Old"":4512,""New"":4526,""Reason"":3}"
48197039,"{""Old"":347,""New"":349,""Reason"":3}"
67962623,"{""Old"":11294,""New"":11308,""Reason"":3}"
40849881,"{""Old"":890,""New"":892,""Reason"":3}"
54377448,"{""Old"":345,""New"":349,""Reason"":3}"
29350329,"{""Old"":1018,""New"":1022,""Reason"":3}"
63082603,"{""Old"":23506,""New"":23510,""Reason"":3}"
34696227,"{""Old"":499,""New"":501,""Reason"":3}"
34696227,"{""Old"":505,""New"":511,""Reason"":3}"
82629288,"{""Old"":28843,""New"":28895,""Reason"":3}"
67962623,"{""Old"":11308,""New"":11312,""Reason"":3}"
68768776,"{""Old"":168,""New"":170,""Reason"":3}"
34642494,"{""Old"":1951,""New"":1959,""Reason"":3}"
34642494,"{""Old"":1785,""New"":1805,""Reason"":3}"
32568814,"{""Old"":8059,""New"":8063,""Reason"":3}"
3857981,"{""Old"":2281,""New"":2287,""Reason"":3}"
47462189,"{""Old"":1047,""New"":1057,""Reason"":3}"
81093831,"{""Old"":5741,""New"":5751,""Reason"":3}"
6051690,"{""Old"":1507,""New"":1511,""Reason"":3}"
59961124,"{""Old"":56668,""New"":56678,""Reason"":3}"
63999387,"{""Old"":776,""New"":788,""Reason"":3}"
24143465,"{""Old"":508,""New"":514,""Reason"":3}"
81766619,"{""Old"":266,""New"":270,""Reason"":3}"
26072040,"{""Old"":3264,""New"":3272,""Reason"":3}"
30299431,"{""Old"":1024,""New"":1032,""Reason"":3}"
41190481,"{""Old"":10041,""New"":10071,""Reason"":3}"
41190481,"{""Old"":8907,""New"":8989,""Reason"":3}"
8159597,"{""Old"":39692,""New"":39694,""Reason"":3}"
35740144,"{""Old"":1604,""New"":1608,""Reason"":3}"
30122349,"{""Old"":251985,""New"":252041,""Reason"":3}"
14736135,"{""Old"":50,""New"":52,""Reason"":3}"
26072040,"{""Old"":3332,""New"":3334,""Reason"":3}"
8688734,"{""Old"":445,""New"":457,""Reason"":3}"
28226374,"{""Old"":1165,""New"":1167,""Reason"":3}"
41068488,"{""Old"":111,""New"":115,""Reason"":3}"
59961124,"{""Old"":56652,""New"":56668,""Reason"":3}"
25566753,"{""Old"":4273,""New"":4313,""Reason"":3}"
46614851,"{""Old"":3088,""New"":3092,""Reason"":3}"
47422838,"{""Old"":906,""New"":908,""Reason"":3}"
23110191,"{""Old"":1263,""New"":1267,""Reason"":3}"
58790686,"{""Old"":21382,""New"":21386,""Reason"":3}"
25154055,"{""Old"":1559,""New"":1561,""Reason"":3}"
22689590,"{""Old"":1516,""New"":1520,""Reason"":3}"
33639865,"{""Old"":41,""New"":43,""Reason"":3}"
33639865,"{""Old"":433,""New"":437,""Reason"":3}"
16077417,"{""Old"":211,""New"":213,""Reason"":3}"
16077417,"{""Old"":235,""New"":243,""Reason"":3}"
25154055,"{""Old"":1526,""New"":1528,""Reason"":3}"
37569323,"{""Old"":628,""New"":638,""Reason"":3}"
35887608,"{""Old"":42,""New"":44,""Reason"":3}"
22941429,"{""Old"":322,""New"":332,""Reason"":3}"
35358256,"{""Old"":1465,""New"":1467,""Reason"":3}"
36072891,"{""Old"":498,""New"":508,""Reason"":3}"
19893734,"{""Old"":50927,""New"":51247,""Reason"":3}"
35740144,"{""Old"":1590,""New"":1602,""Reason"":3}"
14736135,"{""Old"":47,""New"":49,""Reason"":3}"
46973434,"{""Old"":259,""New"":263,""Reason"":3}"
66019170,"{""Old"":199,""New"":205,""Reason"":3}"
56973682,"{""Old"":435,""New"":441,""Reason"":3}"
23420319,"{""Old"":359,""New"":361,""Reason"":3}"
23420319,"{""Old"":391,""New"":393,""Reason"":3}"
80172312,"{""Old"":1144,""New"":1146,""Reason"":3}"
47504703,"{""Old"":801,""New"":831,""Reason"":3}"
217941963,"{""Old"":13517,""New"":13531,""Reason"":3}"
35971941,"{""Old"":1753,""New"":1755,""Reason"":3}"
82629288,"{""Old"":28355,""New"":28417,""Reason"":3}"
23420319,"{""Old"":331,""New"":335,""Reason"":3}"
17920625,"{""Old"":7011,""New"":7693,""Reason"":3}"
47704680,"{""Old"":1056,""New"":1060,""Reason"":3}"
47704680,"{""Old"":1069,""New"":1071,""Reason"":3}"
21297005,"{""Old"":1273,""New"":1275,""Reason"":3}"
8160573,"{""Old"":406,""New"":416,""Reason"":3}"
34696227,"{""Old"":439,""New"":447,""Reason"":3}"
56674287,"{""Old"":2884,""New"":2886,""Reason"":3}"
47422838,"{""Old"":900,""New"":902,""Reason"":3}"
82629288,"{""Old"":27633,""New"":27639,""Reason"":3}"
48197039,"{""Old"":402,""New"":404,""Reason"":3}"
29194654,"{""Old"":20799,""New"":20809,""Reason"":3}"
70071823,"{""Old"":1311,""New"":1325,""Reason"":3}"
71906094,"{""Old"":924,""New"":928,""Reason"":3}"
34696227,"{""Old"":515,""New"":519,""Reason"":3}"
53698855,"{""Old"":4483,""New"":4485,""Reason"":3}"
61159801,"{""Old"":123,""New"":127,""Reason"":3}"
5968693,"{""Old"":99,""New"":101,""Reason"":3}"
45319593,"{""Old"":775,""New"":791,""Reason"":3}"
32568814,"{""Old"":7798,""New"":7814,""Reason"":3}"
24797713,"{""Old"":673,""New"":675,""Reason"":3}"
24797713,"{""Old"":677,""New"":695,""Reason"":3}"
43060407,"{""Old"":56369,""New"":56401,""Reason"":3}"
84648640,"{""Old"":1031,""New"":1035,""Reason"":3}"
212109674,"{""Old"":289,""New"":293,""Reason"":3}"
218155358,"{""Old"":53149,""New"":53153,""Reason"":3}"
211847661,"{""Old"":1501,""New"":1503,""Reason"":3}"
34642494,"{""Old"":1805,""New"":1817,""Reason"":3}"
39175883,"{""Old"":773,""New"":817,""Reason"":3}"
29194654,"{""Old"":20187,""New"":20191,""Reason"":3}"
47504703,"{""Old"":745,""New"":761,""Reason"":3}"
66019170,"{""Old"":195,""New"":199,""Reason"":3}"
29194654,"{""Old"":21630,""New"":21670,""Reason"":3}"
29194654,"{""Old"":20809,""New"":20817,""Reason"":3}"
32101526,"{""Old"":6340,""New"":6366,""Reason"":3}"
63082603,"{""Old"":23510,""New"":23512,""Reason"":3}"
72069571,"{""Old"":418,""New"":420,""Reason"":3}"
38727655,"{""Old"":317,""New"":319,""Reason"":3}"
33639865,"{""Old"":45,""New"":47,""Reason"":3}"
45845602,"{""Old"":3833,""New"":3841,""Reason"":3}"
202943605,"{""Old"":3748,""New"":3770,""Reason"":3}"
34696227,"{""Old"":476,""New"":478,""Reason"":3}"
71446593,"{""Old"":293,""New"":313,""Reason"":3}"
34696227,"{""Old"":135,""New"":137,""Reason"":3}"
34696227,"{""Old"":587,""New"":599,""Reason"":3}"
7187396,"{""Old"":395,""New"":399,""Reason"":3}"
47462189,"{""Old"":915,""New"":919,""Reason"":3}"
82992489,"{""Old"":1615,""New"":1623,""Reason"":3}"
22941429,"{""Old"":303,""New"":307,""Reason"":3}"
48319936,"{""Old"":940,""New"":948,""Reason"":3}"
46614851,"{""Old"":3124,""New"":3134,""Reason"":3}"
52621737,"{""Old"":11095,""New"":11105,""Reason"":3}"
52621737,"{""Old"":11512,""New"":12540,""Reason"":3}"
47422838,"{""Old"":902,""New"":906,""Reason"":3}"
24930635,"{""Old"":1676,""New"":1680,""Reason"":3}"
211028627,"{""Old"":11496,""New"":11518,""Reason"":3}"
81093831,"{""Old"":5721,""New"":5735,""Reason"":3}"
34696227,"{""Old"":167,""New"":171,""Reason"":3}"
62239452,"{""Old"":276,""New"":278,""Reason"":3}"
29194654,"{""Old"":21151,""New"":21183,""Reason"":3}"
71446593,"{""Old"":213,""New"":215,""Reason"":3}"
80172312,"{""Old"":1117,""New"":1121,""Reason"":3}"
38378243,"{""Old"":1654,""New"":1676,""Reason"":3}"
71458070,"{""Old"":268,""New"":270,""Reason"":3}"
32568814,"{""Old"":8191,""New"":8203,""Reason"":3}"
19650940,"{""Old"":1388,""New"":1470,""Reason"":3}"
29194654,"{""Old"":21786,""New"":21848,""Reason"":3}"
8145378,"{""Old"":291,""New"":293,""Reason"":3}"
27853630,"{""Old"":44460,""New"":44470,""Reason"":3}"
19893734,"{""Old"":52674,""New"":52704,""Reason"":3}"
39175883,"{""Old"":394,""New"":396,""Reason"":3}"
29194654,"{""Old"":20559,""New"":20567,""Reason"":3}"
17920625,"{""Old"":10315,""New"":10419,""Reason"":3}"
24910137,"{""Old"":332,""New"":334,""Reason"":3}"
48353212,"{""Old"":3623,""New"":3629,""Reason"":3}"
36072891,"{""Old"":480,""New"":482,""Reason"":3}"
35614947,"{""Old"":942,""New"":944,""Reason"":3}"
34343897,"{""Old"":2819,""New"":2823,""Reason"":3}"
4749137,"{""Old"":1682,""New"":1684,""Reason"":3}"
86580266,"{""Old"":1053,""New"":1073,""Reason"":3}"
43060407,"{""Old"":56064,""New"":56070,""Reason"":3}"
46614851,"{""Old"":3052,""New"":3054,""Reason"":3}"
2985676,"{""Old"":828,""New"":850,""Reason"":3}"
28226374,"{""Old"":1187,""New"":1201,""Reason"":3}"
38096868,"{""Old"":203,""New"":207,""Reason"":3}"
38096868,"{""Old"":341,""New"":361,""Reason"":3}"
28562228,"{""Old"":362,""New"":374,""Reason"":3}"
57809091,"{""Old"":83,""New"":87,""Reason"":3}"
80809480,"{""Old"":16606,""New"":16610,""Reason"":3}"
2985676,"{""Old"":850,""New"":866,""Reason"":3}"
2985676,"{""Old"":1196,""New"":1200,""Reason"":3}"
2985676,"{""Old"":1324,""New"":1348,""Reason"":3}"
13186631,"{""Old"":17894,""New"":17896,""Reason"":3}"
56973682,"{""Old"":582,""New"":592,""Reason"":3}"
12351190,"{""Old"":3127,""New"":3143,""Reason"":3}"
18209125,"{""Old"":323,""New"":327,""Reason"":3}"
42878232,"{""Old"":11635,""New"":11637,""Reason"":3}"
4640799,"{""Old"":954,""New"":958,""Reason"":3}"
45319593,"{""Old"":613,""New"":615,""Reason"":3}"
44659425,"{""Old"":4610,""New"":4614,""Reason"":3}"
53324485,"{""Old"":26911,""New"":26919,""Reason"":3}"
47704680,"{""Old"":1064,""New"":1068,""Reason"":3}"
47704680,"{""Old"":823,""New"":827,""Reason"":3}"
218027547,"{""Old"":3562,""New"":3578,""Reason"":3}"
80744637,"{""Old"":482819,""New"":482821,""Reason"":3}"
55522266,"{""Old"":2437,""New"":2439,""Reason"":3}"
46432620,"{""Old"":1083,""New"":1087,""Reason"":3}"
210640850,"{""Old"":1937,""New"":1943,""Reason"":3}"
40849881,"{""Old"":818,""New"":822,""Reason"":3}"
17920625,"{""Old"":7693,""New"":8265,""Reason"":3}"
25225869,"{""Old"":23120,""New"":23148,""Reason"":3}"
25225869,"{""Old"":25417,""New"":25493,""Reason"":3}"
25225869,"{""Old"":23057,""New"":23095,""Reason"":3}"
6149384,"{""Old"":1245,""New"":1247,""Reason"":3}"
77312159,"{""Old"":1625,""New"":1633,""Reason"":3}"
35971941,"{""Old"":1756,""New"":1758,""Reason"":3}"
82629288,"{""Old"":29224,""New"":29260,""Reason"":3}"
34642494,"{""Old"":1823,""New"":1825,""Reason"":3}"
71642682,"{""Old"":1306,""New"":1308,""Reason"":3}"
65284896,"{""Old"":104,""New"":106,""Reason"":3}"
19893734,"{""Old"":55384,""New"":55644,""Reason"":3}"
218096592,"{""Old"":648,""New"":652,""Reason"":3}"
52880077,"{""Old"":9808,""New"":9822,""Reason"":3}"
68323524,"{""Old"":1158,""New"":1162,""Reason"":3}"
73531147,"{""Old"":3854,""New"":3856,""Reason"":3}"
63169192,"{""Old"":641,""New"":647,""Reason"":3}"
33639865,"{""Old"":413,""New"":425,""Reason"":3}"
14723698,"{""Old"":509,""New"":521,""Reason"":3}"
58164604,"{""Old"":681,""New"":687,""Reason"":3}"
24910137,"{""Old"":392,""New"":394,""Reason"":3}"
29194654,"{""Old"":21477,""New"":21499,""Reason"":3}"
217941963,"{""Old"":13551,""New"":13553,""Reason"":3}"
19650940,"{""Old"":1926,""New"":1930,""Reason"":3}"
61363550,"{""Old"":250,""New"":256,""Reason"":3}"
59404388,"{""Old"":46,""New"":50,""Reason"":3}"
73271573,"{""Old"":2382,""New"":2400,""Reason"":3}"
56973682,"{""Old"":486,""New"":490,""Reason"":3}"
12351190,"{""Old"":2869,""New"":2889,""Reason"":3}"
12351190,"{""Old"":2979,""New"":3037,""Reason"":3}"
28309922,"{""Old"":339,""New"":343,""Reason"":3}"
80172312,"{""Old"":1130,""New"":1142,""Reason"":3}"
40849881,"{""Old"":839,""New"":843,""Reason"":3}"
6217802,"{""Old"":3700,""New"":3722,""Reason"":3}"
17920625,"{""Old"":3759,""New"":3765,""Reason"":3}"
57411895,"{""Old"":6315,""New"":6319,""Reason"":3}"
212495637,"{""Old"":1760,""New"":1774,""Reason"":3}"
39175883,"{""Old"":622,""New"":648,""Reason"":3}"
213270020,"{""Old"":1774,""New"":1792,""Reason"":3}"
33372137,"{""Old"":6717,""New"":6721,""Reason"":3}"
68778459,"{""Old"":122,""New"":124,""Reason"":3}"
34642494,"{""Old"":1817,""New"":1819,""Reason"":3}"
49833858,"{""Old"":2624,""New"":2626,""Reason"":3}"
49833858,"{""Old"":2632,""New"":2634,""Reason"":3}"
66019170,"{""Old"":132,""New"":148,""Reason"":3}"
29194654,"{""Old"":20826,""New"":20836,""Reason"":3}"
36072891,"{""Old"":572,""New"":576,""Reason"":3}"
47462189,"{""Old"":710,""New"":722,""Reason"":3}"
34696227,"{""Old"":152,""New"":154,""Reason"":3}"
34696227,"{""Old"":549,""New"":563,""Reason"":3}"
61159801,"{""Old"":129,""New"":141,""Reason"":3}"
4640799,"{""Old"":842,""New"":846,""Reason"":3}"
33449318,"{""Old"":3945,""New"":3947,""Reason"":3}"
37781144,"{""Old"":8039,""New"":8043,""Reason"":3}"
34840972,"{""Old"":1333,""New"":1357,""Reason"":3}"
12351190,"{""Old"":3115,""New"":3119,""Reason"":3}"
3275117,"{""Old"":6304,""New"":6328,""Reason"":3}"
35914837,"{""Old"":646,""New"":654,""Reason"":3}"
34574446,"{""Old"":12932,""New"":12944,""Reason"":3}"
72069571,"{""Old"":411,""New"":413,""Reason"":3}"
35740144,"{""Old"":1544,""New"":1548,""Reason"":3}"
35740144,"{""Old"":1626,""New"":1630,""Reason"":3}"
35614624,"{""Old"":444,""New"":446,""Reason"":3}"
86802600,"{""Old"":1409,""New"":1419,""Reason"":3}"
45845602,"{""Old"":3752,""New"":3776,""Reason"":3}"
81766619,"{""Old"":283,""New"":285,""Reason"":3}"
3275117,"{""Old"":6336,""New"":6350,""Reason"":3}"
48197039,"{""Old"":421,""New"":425,""Reason"":3}"
48350939,"{""Old"":1081,""New"":1093,""Reason"":3}"
70367218,"{""Old"":4811,""New"":4813,""Reason"":3}"
19254018,"{""Old"":350,""New"":354,""Reason"":3}"
8145378,"{""Old"":293,""New"":295,""Reason"":3}"
4328218,"{""Old"":218,""New"":220,""Reason"":3}"
35319634,"{""Old"":1518,""New"":1524,""Reason"":3}"
47704680,"{""Old"":904,""New"":906,""Reason"":3}"
57377221,"{""Old"":1077,""New"":1081,""Reason"":3}"
45845602,"{""Old"":3683,""New"":3685,""Reason"":3}"
56973682,"{""Old"":391,""New"":407,""Reason"":3}"
30122349,"{""Old"":248234,""New"":250990,""Reason"":3}"
50681822,"{""Old"":6694,""New"":6698,""Reason"":3}"
8160573,"{""Old"":429,""New"":433,""Reason"":3}"
19650940,"{""Old"":1649,""New"":1703,""Reason"":3}"
29194654,"{""Old"":21499,""New"":21531,""Reason"":3}"
211904728,"{""Old"":213842,""New"":213932,""Reason"":3}"
67962623,"{""Old"":11247,""New"":11249,""Reason"":3}"
82629288,"{""Old"":27789,""New"":27809,""Reason"":3}"
48197039,"{""Old"":393,""New"":397,""Reason"":3}"
48197039,"{""Old"":418,""New"":420,""Reason"":3}"
49833858,"{""Old"":2640,""New"":2654,""Reason"":3}"
34696227,"{""Old"":429,""New"":439,""Reason"":3}"
71446593,"{""Old"":230,""New"":232,""Reason"":3}"
64739543,"{""Old"":385,""New"":387,""Reason"":3}"
64739543,"{""Old"":391,""New"":397,""Reason"":3}"
59126316,"{""Old"":2356,""New"":2358,""Reason"":3}"
56674287,"{""Old"":2886,""New"":2888,""Reason"":3}"
38096868,"{""Old"":161,""New"":163,""Reason"":3}"
12766621,"{""Old"":138,""New"":140,""Reason"":3}"
28967234,"{""Old"":1492,""New"":1498,""Reason"":3}"
6084170,"{""Old"":14023,""New"":14029,""Reason"":3}"
61036709,"{""Old"":1664,""New"":1666,""Reason"":3}"
28231429,"{""Old"":577,""New"":593,""Reason"":3}"
21669245,"{""Old"":2768,""New"":2780,""Reason"":3}"
22941429,"{""Old"":334,""New"":338,""Reason"":3}"
26072040,"{""Old"":3364,""New"":3368,""Reason"":3}"
45310161,"{""Old"":4251,""New"":4265,""Reason"":3}"
82992489,"{""Old"":1641,""New"":1647,""Reason"":3}"
82992489,"{""Old"":1670,""New"":1676,""Reason"":3}"
33639865,"{""Old"":361,""New"":367,""Reason"":3}"
52621737,"{""Old"":11068,""New"":11072,""Reason"":3}"
3275117,"{""Old"":6356,""New"":6358,""Reason"":3}"
82629288,"{""Old"":28344,""New"":28352,""Reason"":3}"
34343897,"{""Old"":2497,""New"":2501,""Reason"":3}"
48353212,"{""Old"":3640,""New"":3642,""Reason"":3}"
57377221,"{""Old"":1090,""New"":1092,""Reason"":3}"
39175883,"{""Old"":354,""New"":366,""Reason"":3}"
39175883,"{""Old"":366,""New"":370,""Reason"":3}"
37781144,"{""Old"":8060,""New"":8064,""Reason"":3}"
30122349,"{""Old"":251584,""New"":251604,""Reason"":3}"
45845602,"{""Old"":3816,""New"":3822,""Reason"":3}"
20810549,"{""Old"":573,""New"":575,""Reason"":3}"
56862541,"{""Old"":147,""New"":149,""Reason"":3}"
24910137,"{""Old"":246,""New"":248,""Reason"":3}"
84648640,"{""Old"":1037,""New"":1045,""Reason"":3}"
28718815,"{""Old"":855,""New"":857,""Reason"":3}"
6084170,"{""Old"":14061,""New"":14091,""Reason"":3}"
38169134,"{""Old"":1790,""New"":1852,""Reason"":3}"
28967234,"{""Old"":1531,""New"":1533,""Reason"":3}"
76016253,"{""Old"":2512,""New"":2528,""Reason"":3}"
4328218,"{""Old"":76,""New"":78,""Reason"":3}"
57411895,"{""Old"":6301,""New"":6305,""Reason"":3}"
217941963,"{""Old"":13553,""New"":13555,""Reason"":3}"
49833858,"{""Old"":2666,""New"":2670,""Reason"":3}"
83788628,"{""Old"":2036,""New"":2048,""Reason"":3}"
57377221,"{""Old"":1075,""New"":1077,""Reason"":3}"
27365152,"{""Old"":23925,""New"":23939,""Reason"":3}"
71228420,"{""Old"":2295,""New"":2301,""Reason"":3}"
26065276,"{""Old"":112,""New"":114,""Reason"":3}"
7207312,"{""Old"":1222,""New"":1234,""Reason"":3}"
35791616,"{""Old"":172,""New"":174,""Reason"":3}"
41314505,"{""Old"":1315,""New"":1319,""Reason"":3}"
76309675,"{""Old"":1381,""New"":1383,""Reason"":3}"
88569534,"{""Old"":1064,""New"":1074,""Reason"":3}"
37569323,"{""Old"":586,""New"":596,""Reason"":3}"
12351190,"{""Old"":2645,""New"":2771,""Reason"":3}"
64739543,"{""Old"":397,""New"":401,""Reason"":3}"
34696227,"{""Old"":137,""New"":143,""Reason"":3}"
9400282,"{""Old"":1454,""New"":1460,""Reason"":3}"
14723698,"{""Old"":500,""New"":502,""Reason"":3}"
43931948,"{""Old"":119,""New"":123,""Reason"":3}"
3857981,"{""Old"":2297,""New"":2301,""Reason"":3}"
35887608,"{""Old"":22,""New"":24,""Reason"":3}"
82992489,"{""Old"":1553,""New"":1557,""Reason"":3}"
32568814,"{""Old"":8177,""New"":8189,""Reason"":3}"
6774573,"{""Old"":404,""New"":440,""Reason"":3}"
71446593,"{""Old"":332,""New"":342,""Reason"":3}"
25154055,"{""Old"":1388,""New"":1398,""Reason"":3}"
68768776,"{""Old"":116,""New"":122,""Reason"":3}"
46780040,"{""Old"":34,""New"":36,""Reason"":3}"
43931948,"{""Old"":126,""New"":128,""Reason"":3}"
41314505,"{""Old"":1266,""New"":1282,""Reason"":3}"
69132095,"{""Old"":1742,""New"":1772,""Reason"":3}"
47480486,"{""Old"":4827,""New"":4831,""Reason"":3}"
6921102,"{""Old"":1269,""New"":1305,""Reason"":3}"
71446593,"{""Old"":346,""New"":364,""Reason"":3}"
30418271,"{""Old"":17,""New"":19,""Reason"":3}"
73660558,"{""Old"":11462,""New"":11466,""Reason"":3}"
67316961,"{""Old"":9863,""New"":9873,""Reason"":3}"
47480486,"{""Old"":4817,""New"":4819,""Reason"":3}"
9452892,"{""Old"":225,""New"":229,""Reason"":3}"
43428109,"{""Old"":192,""New"":194,""Reason"":3}"
45319593,"{""Old"":847,""New"":859,""Reason"":3}"
82992489,"{""Old"":1563,""New"":1567,""Reason"":3}"
35887608,"{""Old"":116,""New"":122,""Reason"":3}"
26517196,"{""Old"":1419,""New"":1421,""Reason"":3}"
22979091,"{""Old"":9839,""New"":9841,""Reason"":3}"
25154055,"{""Old"":1564,""New"":1568,""Reason"":3}"
27236554,"{""Old"":1207,""New"":1209,""Reason"":3}"
38727655,"{""Old"":285,""New"":291,""Reason"":3}"
44289284,"{""Old"":98,""New"":100,""Reason"":3}"
65928364,"{""Old"":1501,""New"":1511,""Reason"":3}"
19650940,"{""Old"":1545,""New"":1549,""Reason"":3}"
58763717,"{""Old"":111,""New"":117,""Reason"":3}"
19893734,"{""Old"":53701,""New"":53871,""Reason"":3}"
48194534,"{""Old"":873,""New"":875,""Reason"":3}"
32101526,"{""Old"":6324,""New"":6340,""Reason"":3}"
19893734,"{""Old"":45376,""New"":47256,""Reason"":3}"
42878232,"{""Old"":11637,""New"":11639,""Reason"":3}"
14723698,"{""Old"":496,""New"":500,""Reason"":3}"
56973682,"{""Old"":517,""New"":535,""Reason"":3}"
40849881,"{""Old"":823,""New"":829,""Reason"":3}"
4749137,"{""Old"":1568,""New"":1574,""Reason"":3}"
64442454,"{""Old"":14830,""New"":14846,""Reason"":3}"
67962623,"{""Old"":11287,""New"":11291,""Reason"":3}"
82629288,"{""Old"":29286,""New"":29330,""Reason"":3}"
218155358,"{""Old"":53245,""New"":53255,""Reason"":3}"
53324485,"{""Old"":30067,""New"":30087,""Reason"":3}"
76226595,"{""Old"":7620,""New"":7624,""Reason"":3}"
47462189,"{""Old"":574,""New"":578,""Reason"":3}"
28967234,"{""Old"":1524,""New"":1528,""Reason"":3}"
6950897,"{""Old"":88,""New"":90,""Reason"":3}"
38378243,"{""Old"":1764,""New"":1766,""Reason"":3}"
81093831,"{""Old"":5735,""New"":5741,""Reason"":3}"
6921102,"{""Old"":1186,""New"":1194,""Reason"":3}"
6921102,"{""Old"":1380,""New"":1384,""Reason"":3}"
32568814,"{""Old"":7818,""New"":7822,""Reason"":3}"
44659425,"{""Old"":4644,""New"":4648,""Reason"":3}"
24098332,"{""Old"":84,""New"":86,""Reason"":3}"
70367218,"{""Old"":4578,""New"":4586,""Reason"":3}"
43582178,"{""Old"":719,""New"":723,""Reason"":3}"
213270020,"{""Old"":1795,""New"":1799,""Reason"":3}"
45319593,"{""Old"":1187,""New"":1189,""Reason"":3}"
46432620,"{""Old"":459,""New"":471,""Reason"":3}"
70367218,"{""Old"":4564,""New"":4568,""Reason"":3}"
4640799,"{""Old"":912,""New"":922,""Reason"":3}"
51591414,"{""Old"":1503,""New"":1511,""Reason"":3}"
47704680,"{""Old"":1035,""New"":1039,""Reason"":3}"
47704680,"{""Old"":1101,""New"":1115,""Reason"":3}"
68778459,"{""Old"":108,""New"":112,""Reason"":3}"
64442454,"{""Old"":14651,""New"":14675,""Reason"":3}"
51415160,"{""Old"":357,""New"":361,""Reason"":3}"
17920625,"{""Old"":11189,""New"":11199,""Reason"":3}"
47504703,"{""Old"":865,""New"":871,""Reason"":3}"
217941963,"{""Old"":13515,""New"":13517,""Reason"":3}"
28718815,"{""Old"":867,""New"":871,""Reason"":3}"
56862541,"{""Old"":145,""New"":147,""Reason"":3}"
34343897,"{""Old"":2881,""New"":2885,""Reason"":3}"
6149384,"{""Old"":1252,""New"":1254,""Reason"":3}"
57662119,"{""Old"":14,""New"":20,""Reason"":3}"
38727655,"{""Old"":292,""New"":294,""Reason"":3}"
22941429,"{""Old"":284,""New"":290,""Reason"":3}"
67962623,"{""Old"":11655,""New"":11667,""Reason"":3}"
41068488,"{""Old"":148,""New"":152,""Reason"":3}"
73531147,"{""Old"":3852,""New"":3854,""Reason"":3}"
41314505,"{""Old"":1313,""New"":1315,""Reason"":3}"
26468924,"{""Old"":469,""New"":479,""Reason"":3}"
35237359,"{""Old"":3623,""New"":3627,""Reason"":3}"
37781144,"{""Old"":8091,""New"":8093,""Reason"":3}"
12351190,"{""Old"":2895,""New"":2915,""Reason"":3}"
81766619,"{""Old"":255,""New"":261,""Reason"":3}"
21271458,"{""Old"":3062,""New"":3076,""Reason"":3}"
61036709,"{""Old"":1684,""New"":1696,""Reason"":3}"
50494222,"{""Old"":85820,""New"":85840,""Reason"":3}"
39479820,"{""Old"":8364,""New"":8398,""Reason"":3}"
4861422,"{""Old"":10837,""New"":10849,""Reason"":3}"
12351190,"{""Old"":3083,""New"":3103,""Reason"":3}"
49261765,"{""Old"":2393,""New"":2395,""Reason"":3}"
12351190,"{""Old"":2290,""New"":2308,""Reason"":3}"
56973682,"{""Old"":450,""New"":462,""Reason"":3}"
45845602,"{""Old"":3788,""New"":3798,""Reason"":3}"
29342093,"{""Old"":16319,""New"":16321,""Reason"":3}"
12351190,"{""Old"":2942,""New"":2956,""Reason"":3}"
12265633,"{""Old"":2109,""New"":2113,""Reason"":3}"
52232750,"{""Old"":1145,""New"":1163,""Reason"":3}"
34642494,"{""Old"":1941,""New"":1943,""Reason"":3}"
84490801,"{""Old"":91182,""New"":91230,""Reason"":3}"
48353212,"{""Old"":3645,""New"":3655,""Reason"":3}"
32222243,"{""Old"":63,""New"":69,""Reason"":3}"
82629288,"{""Old"":28516,""New"":28558,""Reason"":3}"
52232750,"{""Old"":1098,""New"":1102,""Reason"":3}"
8688734,"{""Old"":323,""New"":329,""Reason"":3}"
40849881,"{""Old"":865,""New"":869,""Reason"":3}"
36072891,"{""Old"":516,""New"":522,""Reason"":3}"
218155358,"{""Old"":53139,""New"":53149,""Reason"":3}"
218155358,"{""Old"":53153,""New"":53175,""Reason"":3}"
35614947,"{""Old"":993,""New"":997,""Reason"":3}"
34343897,"{""Old"":2587,""New"":2599,""Reason"":3}"
34343897,"{""Old"":2605,""New"":2613,""Reason"":3}"
86580266,"{""Old"":1147,""New"":1153,""Reason"":3}"
82629288,"{""Old"":28009,""New"":28029,""Reason"":3}"
6051690,"{""Old"":1423,""New"":1439,""Reason"":3}"
29194654,"{""Old"":22194,""New"":22196,""Reason"":3}"
56862541,"{""Old"":139,""New"":143,""Reason"":3}"
82629288,"{""Old"":28696,""New"":28718,""Reason"":3}"
2985676,"{""Old"":1506,""New"":1518,""Reason"":3}"
23568177,"{""Old"":5070,""New"":5096,""Reason"":3}"
52621737,"{""Old"":11382,""New"":11394,""Reason"":3}"
34574446,"{""Old"":12945,""New"":12949,""Reason"":3}"
42321766,"{""Old"":90,""New"":96,""Reason"":3}"
45319593,"{""Old"":617,""New"":623,""Reason"":3}"
24098332,"{""Old"":103,""New"":109,""Reason"":3}"
26399013,"{""Old"":805,""New"":809,""Reason"":3}"
56636784,"{""Old"":921,""New"":925,""Reason"":3}"
64074200,"{""Old"":350,""New"":358,""Reason"":3}"
68768776,"{""Old"":109,""New"":115,""Reason"":3}"
46432620,"{""Old"":907,""New"":911,""Reason"":3}"
45319593,"{""Old"":742,""New"":762,""Reason"":3}"
6921102,"{""Old"":775,""New"":807,""Reason"":3}"
35549372,"{""Old"":60980,""New"":61014,""Reason"":3}"
56973682,"{""Old"":647,""New"":649,""Reason"":3}"
4874161,"{""Old"":159,""New"":161,""Reason"":3}"
6774573,"{""Old"":1354,""New"":1408,""Reason"":3}"
26468924,"{""Old"":444,""New"":446,""Reason"":3}"
53698855,"{""Old"":4488,""New"":4490,""Reason"":3}"
47462189,"{""Old"":447,""New"":449,""Reason"":3}"
62239452,"{""Old"":272,""New"":276,""Reason"":3}"
85208736,"{""Old"":541,""New"":543,""Reason"":3}"
38096868,"{""Old"":246,""New"":254,""Reason"":3}"
47480486,"{""Old"":4831,""New"":4843,""Reason"":3}"
6921102,"{""Old"":1410,""New"":1412,""Reason"":3}"
62239452,"{""Old"":268,""New"":272,""Reason"":3}"
44659425,"{""Old"":4679,""New"":4705,""Reason"":3}"
44481882,"{""Old"":1702,""New"":1704,""Reason"":3}"
12985282,"{""Old"":479,""New"":483,""Reason"":3}"
44659425,"{""Old"":4582,""New"":4588,""Reason"":3}"
32568814,"{""Old"":7736,""New"":7748,""Reason"":3}"
44659425,"{""Old"":4588,""New"":4592,""Reason"":3}"
68854926,"{""Old"":1389,""New"":1393,""Reason"":3}"
17920625,"{""Old"":3372,""New"":3420,""Reason"":3}"
37621689,"{""Old"":2615,""New"":2631,""Reason"":3}"
23973385,"{""Old"":1287,""New"":1295,""Reason"":3}"
4558571,"{""Old"":1128,""New"":1132,""Reason"":3}"
21386490,"{""Old"":995,""New"":999,""Reason"":3}"
52130629,"{""Old"":704,""New"":710,""Reason"":3}"
4749137,"{""Old"":1684,""New"":1688,""Reason"":3}"
35971941,"{""Old"":1798,""New"":1800,""Reason"":3}"
35494962,"{""Old"":33326,""New"":33346,""Reason"":3}"
53324485,"{""Old"":27373,""New"":27425,""Reason"":3}"
53324485,"{""Old"":27525,""New"":27557,""Reason"":3}"
218155358,"{""Old"":53175,""New"":53195,""Reason"":3}"
17920625,"{""Old"":8265,""New"":9105,""Reason"":3}"
56451856,"{""Old"":121,""New"":123,""Reason"":3}"
4328218,"{""Old"":176,""New"":200,""Reason"":3}"
47704680,"{""Old"":828,""New"":840,""Reason"":3}"
39175883,"{""Old"":390,""New"":394,""Reason"":3}"
29194654,"{""Old"":20840,""New"":20842,""Reason"":3}"
54525546,"{""Old"":3469,""New"":3485,""Reason"":3}"
46973434,"{""Old"":293,""New"":297,""Reason"":3}"
57320977,"{""Old"":687,""New"":693,""Reason"":3}"
57320977,"{""Old"":638,""New"":640,""Reason"":3}"
9453157,"{""Old"":2849,""New"":2851,""Reason"":3}"
47704680,"{""Old"":937,""New"":945,""Reason"":3}"
33931104,"{""Old"":555,""New"":565,""Reason"":3}"
17920625,"{""Old"":3587,""New"":3657,""Reason"":3}"
28718815,"{""Old"":860,""New"":862,""Reason"":3}"
211904728,"{""Old"":213690,""New"":213772,""Reason"":3}"
35494962,"{""Old"":33360,""New"":33378,""Reason"":3}"
32921991,"{""Old"":1027,""New"":1031,""Reason"":3}"
67962623,"{""Old"":11946,""New"":12000,""Reason"":3}"
75981953,"{""Old"":380,""New"":384,""Reason"":3}"
6149384,"{""Old"":1234,""New"":1236,""Reason"":3}"
76016253,"{""Old"":2428,""New"":2434,""Reason"":3}"
29194654,"{""Old"":21616,""New"":21630,""Reason"":3}"
36072891,"{""Old"":626,""New"":632,""Reason"":3}"
30299431,"{""Old"":1041,""New"":1051,""Reason"":3}"
22941429,"{""Old"":122,""New"":124,""Reason"":3}"
41068488,"{""Old"":119,""New"":125,""Reason"":3}"
4861422,"{""Old"":11169,""New"":11191,""Reason"":3}"
38980177,"{""Old"":396,""New"":410,""Reason"":3}"
45310161,"{""Old"":4240,""New"":4244,""Reason"":3}"
6051690,"{""Old"":1531,""New"":1533,""Reason"":3}"
34840972,"{""Old"":1387,""New"":1391,""Reason"":3}"
211232772,"{""Old"":289,""New"":299,""Reason"":3}"
2985676,"{""Old"":1136,""New"":1166,""Reason"":3}"
6774573,"{""Old"":1490,""New"":1504,""Reason"":3}"
34683790,"{""Old"":18172,""New"":18178,""Reason"":3}"
2845298,"{""Old"":7225,""New"":7231,""Reason"":3}"
75449739,"{""Old"":2179,""New"":2185,""Reason"":3}"
6882419,"{""Old"":674,""New"":694,""Reason"":3}"
34642494,"{""Old"":1897,""New"":1915,""Reason"":3}"
53217066,"{""Old"":133,""New"":135,""Reason"":3}"
48183015,"{""Old"":298,""New"":308,""Reason"":3}"
72069571,"{""Old"":420,""New"":422,""Reason"":3}"
41314505,"{""Old"":1323,""New"":1325,""Reason"":3}"
23716838,"{""Old"":343,""New"":353,""Reason"":3}"
44659425,"{""Old"":4758,""New"":4760,""Reason"":3}"
44659425,"{""Old"":4601,""New"":4607,""Reason"":3}"
64739543,"{""Old"":365,""New"":375,""Reason"":3}"
13129297,"{""Old"":598,""New"":608,""Reason"":3}"
84490801,"{""Old"":91480,""New"":93436,""Reason"":3}"
64074200,"{""Old"":370,""New"":374,""Reason"":3}"
32377577,"{""Old"":1458,""New"":1482,""Reason"":3}"
28231429,"{""Old"":559,""New"":567,""Reason"":3}"
34696227,"{""Old"":161,""New"":163,""Reason"":3}"
85208736,"{""Old"":689,""New"":695,""Reason"":3}"
4558571,"{""Old"":1028,""New"":1050,""Reason"":3}"
4558571,"{""Old"":1092,""New"":1094,""Reason"":3}"
218155358,"{""Old"":53195,""New"":53205,""Reason"":3}"
57320977,"{""Old"":597,""New"":599,""Reason"":3}"
76189582,"{""Old"":75,""New"":77,""Reason"":3}"
4546671,"{""Old"":48,""New"":50,""Reason"":3}"
60749441,"{""Old"":1553,""New"":1557,""Reason"":3}"
32101526,"{""Old"":6304,""New"":6316,""Reason"":3}"
29194654,"{""Old"":21129,""New"":21151,""Reason"":3}"
40849881,"{""Old"":895,""New"":901,""Reason"":3}"
70367218,"{""Old"":4799,""New"":4811,""Reason"":3}"
8688734,"{""Old"":235,""New"":245,""Reason"":3}"
29194654,"{""Old"":21742,""New"":21782,""Reason"":3}"
47504703,"{""Old"":799,""New"":801,""Reason"":3}"
47504703,"{""Old"":857,""New"":863,""Reason"":3}"
67962623,"{""Old"":11869,""New"":11891,""Reason"":3}"
52764950,"{""Old"":596,""New"":610,""Reason"":3}"
59511678,"{""Old"":547,""New"":553,""Reason"":3}"
67962623,"{""Old"":11625,""New"":11629,""Reason"":3}"
67962623,"{""Old"":11743,""New"":11745,""Reason"":3}"
12351190,"{""Old"":2835,""New"":2865,""Reason"":3}"
56973682,"{""Old"":626,""New"":640,""Reason"":3}"
35740144,"{""Old"":1552,""New"":1560,""Reason"":3}"
35549372,"{""Old"":61413,""New"":61615,""Reason"":3}"
14723698,"{""Old"":529,""New"":541,""Reason"":3}"
86802600,"{""Old"":1385,""New"":1387,""Reason"":3}"
34840972,"{""Old"":1379,""New"":1387,""Reason"":3}"
69132095,"{""Old"":1774,""New"":1776,""Reason"":3}"
2985676,"{""Old"":3351,""New"":3429,""Reason"":3}"
2985676,"{""Old"":4453,""New"":4535,""Reason"":3}"
2985676,"{""Old"":4934,""New"":4974,""Reason"":3}"
2985676,"{""Old"":1498,""New"":1502,""Reason"":3}"
6774573,"{""Old"":570,""New"":638,""Reason"":3}"
38727655,"{""Old"":305,""New"":309,""Reason"":3}"
2985676,"{""Old"":866,""New"":876,""Reason"":3}"
37781144,"{""Old"":8085,""New"":8087,""Reason"":3}"
44392793,"{""Old"":679,""New"":695,""Reason"":3}"
65586117,"{""Old"":333,""New"":335,""Reason"":3}"
30122349,"{""Old"":251933,""New"":251985,""Reason"":3}"
20887961,"{""Old"":1129,""New"":1147,""Reason"":3}"
57809091,"{""Old"":51,""New"":67,""Reason"":3}"
30834896,"{""Old"":199,""New"":211,""Reason"":3}"
34574446,"{""Old"":12890,""New"":12908,""Reason"":3}"
38096868,"{""Old"":254,""New"":262,""Reason"":3}"
38096868,"{""Old"":175,""New"":187,""Reason"":3}"
41190481,"{""Old"":8623,""New"":8643,""Reason"":3}"
41190481,"{""Old"":9683,""New"":9807,""Reason"":3}"
71228420,"{""Old"":2302,""New"":2304,""Reason"":3}"
71642682,"{""Old"":1286,""New"":1290,""Reason"":3}"
50494222,"{""Old"":85810,""New"":85820,""Reason"":3}"
8688734,"{""Old"":473,""New"":475,""Reason"":3}"
17299565,"{""Old"":220,""New"":234,""Reason"":3}"
52232750,"{""Old"":1290,""New"":1302,""Reason"":3}"
34642494,"{""Old"":1887,""New"":1897,""Reason"":3}"
32377577,"{""Old"":1631,""New"":1651,""Reason"":3}"
47462189,"{""Old"":408,""New"":412,""Reason"":3}"
47462189,"{""Old"":433,""New"":445,""Reason"":3}"
32381984,"{""Old"":2473,""New"":2477,""Reason"":3}"
47462189,"{""Old"":944,""New"":958,""Reason"":3}"
24783782,"{""Old"":915,""New"":925,""Reason"":3}"
211362929,"{""Old"":166,""New"":168,""Reason"":3}"
13074595,"{""Old"":60177,""New"":60179,""Reason"":3}"
50191697,"{""Old"":2569,""New"":2571,""Reason"":3}"
52232750,"{""Old"":1139,""New"":1145,""Reason"":3}"
34696227,"{""Old"":538,""New"":546,""Reason"":3}"
28967234,"{""Old"":1504,""New"":1508,""Reason"":3}"
42365611,"{""Old"":3,""New"":9,""Reason"":3}"
79928100,"{""Old"":948,""New"":954,""Reason"":3}"
4640799,"{""Old"":884,""New"":888,""Reason"":3}"
32568814,"{""Old"":8163,""New"":8177,""Reason"":3}"
71642682,"{""Old"":1308,""New"":1312,""Reason"":3}"
6244615,"{""Old"":739,""New"":741,""Reason"":3}"
48353212,"{""Old"":3610,""New"":3616,""Reason"":3}"
86594619,"{""Old"":366,""New"":368,""Reason"":3}"
29194654,"{""Old"":21680,""New"":21702,""Reason"":3}"
70071823,"{""Old"":1335,""New"":1349,""Reason"":3}"
8557317,"{""Old"":130,""New"":132,""Reason"":3}"
4558571,"{""Old"":1050,""New"":1066,""Reason"":3}"
64442454,"{""Old"":14770,""New"":14792,""Reason"":3}"
49833858,"{""Old"":2626,""New"":2632,""Reason"":3}"
47704680,"{""Old"":1072,""New"":1074,""Reason"":3}"
47704680,"{""Old"":1088,""New"":1100,""Reason"":3}"
36072891,"{""Old"":458,""New"":460,""Reason"":3}"
36072891,"{""Old"":590,""New"":594,""Reason"":3}"
32921991,"{""Old"":1031,""New"":1033,""Reason"":3}"
17920625,"{""Old"":3514,""New"":3544,""Reason"":3}"
51591414,"{""Old"":1501,""New"":1503,""Reason"":3}"
17920625,"{""Old"":10793,""New"":10823,""Reason"":3}"
9460679,"{""Old"":759,""New"":765,""Reason"":3}"
77312159,"{""Old"":1576,""New"":1594,""Reason"":3}"
19650940,"{""Old"":1866,""New"":1882,""Reason"":3}"
598089,"{""Old"":1001,""New"":1003,""Reason"":3}"
68323524,"{""Old"":1148,""New"":1158,""Reason"":3}"
46614851,"{""Old"":3046,""New"":3048,""Reason"":3}"
33639865,"{""Old"":166,""New"":168,""Reason"":3}"
72069571,"{""Old"":413,""New"":417,""Reason"":3}"
73016675,"{""Old"":632,""New"":638,""Reason"":3}"
56973682,"{""Old"":593,""New"":597,""Reason"":3}"
14782560,"{""Old"":903,""New"":915,""Reason"":3}"
6774573,"{""Old"":1438,""New"":1490,""Reason"":3}"
26468924,"{""Old"":458,""New"":464,""Reason"":3}"
30122349,"{""Old"":251566,""New"":251584,""Reason"":3}"
75568836,"{""Old"":67,""New"":75,""Reason"":3}"
52232750,"{""Old"":1170,""New"":1172,""Reason"":3}"
32377577,"{""Old"":1863,""New"":1897,""Reason"":3}"
4593813,"{""Old"":866,""New"":874,""Reason"":3}"
211028627,"{""Old"":11533,""New"":11537,""Reason"":3}"
56674287,"{""Old"":2865,""New"":2867,""Reason"":3}"
4861422,"{""Old"":10649,""New"":10651,""Reason"":3}"
25154055,"{""Old"":1400,""New"":1404,""Reason"":3}"
33639865,"{""Old"":98,""New"":100,""Reason"":3}"
6774573,"{""Old"":648,""New"":720,""Reason"":3}"
2985676,"{""Old"":1470,""New"":1498,""Reason"":3}"
13571791,"{""Old"":3429,""New"":3433,""Reason"":3}"
80809480,"{""Old"":16613,""New"":16615,""Reason"":3}"
32116408,"{""Old"":6539,""New"":6561,""Reason"":3}"
8525883,"{""Old"":10802,""New"":10814,""Reason"":3}"
20887961,"{""Old"":1166,""New"":1168,""Reason"":3}"
25154055,"{""Old"":1568,""New"":1582,""Reason"":3}"
28562228,"{""Old"":384,""New"":390,""Reason"":3}"
35614624,"{""Old"":436,""New"":444,""Reason"":3}"
38727655,"{""Old"":296,""New"":298,""Reason"":3}"
82992489,"{""Old"":1545,""New"":1549,""Reason"":3}"
34840972,"{""Old"":1357,""New"":1371,""Reason"":3}"
211232772,"{""Old"":286,""New"":288,""Reason"":3}"
17920625,"{""Old"":3657,""New"":3665,""Reason"":3}"
47504703,"{""Old"":863,""New"":865,""Reason"":3}"
42157224,"{""Old"":34,""New"":36,""Reason"":3}"
86580266,"{""Old"":1153,""New"":1155,""Reason"":3}"
23267191,"{""Old"":2721,""New"":2723,""Reason"":3}"
52598655,"{""Old"":229,""New"":247,""Reason"":3}"
46432620,"{""Old"":1087,""New"":1093,""Reason"":3}"
32615668,"{""Old"":47,""New"":49,""Reason"":3}"
64074200,"{""Old"":362,""New"":366,""Reason"":3}"
46375448,"{""Old"":36,""New"":38,""Reason"":3}"
48197039,"{""Old"":372,""New"":374,""Reason"":3}"
24910137,"{""Old"":416,""New"":418,""Reason"":3}"
68778459,"{""Old"":115,""New"":119,""Reason"":3}"
57320977,"{""Old"":723,""New"":727,""Reason"":3}"
17920625,"{""Old"":3687,""New"":3709,""Reason"":3}"
211904728,"{""Old"":213932,""New"":214054,""Reason"":3}"
33931104,"{""Old"":550,""New"":552,""Reason"":3}"
75835433,"{""Old"":3941,""New"":3943,""Reason"":3}"
46432620,"{""Old"":590,""New"":596,""Reason"":3}"
4640799,"{""Old"":830,""New"":838,""Reason"":3}"
56674287,"{""Old"":2875,""New"":2881,""Reason"":3}"
47504703,"{""Old"":775,""New"":785,""Reason"":3}"
68854926,"{""Old"":1345,""New"":1377,""Reason"":3}"
8688734,"{""Old"":264,""New"":266,""Reason"":3}"
58151101,"{""Old"":14466,""New"":14470,""Reason"":3}"
39175883,"{""Old"":296,""New"":330,""Reason"":3}"
217941963,"{""Old"":13541,""New"":13543,""Reason"":3}"
50191697,"{""Old"":2575,""New"":2577,""Reason"":3}"
28718815,"{""Old"":863,""New"":867,""Reason"":3}"
4620824,"{""Old"":858,""New"":860,""Reason"":3}"
4620824,"{""Old"":852,""New"":856,""Reason"":3}"
56862541,"{""Old"":149,""New"":153,""Reason"":3}"
83456158,"{""Old"":388,""New"":398,""Reason"":3}"
52130629,"{""Old"":697,""New"":701,""Reason"":3}"
19893734,"{""Old"":51247,""New"":51447,""Reason"":3}"
24910137,"{""Old"":306,""New"":324,""Reason"":3}"
64442454,"{""Old"":14792,""New"":14818,""Reason"":3}"
77312159,"{""Old"":1610,""New"":1624,""Reason"":3}"
31351467,"{""Old"":458,""New"":470,""Reason"":3}"
49833858,"{""Old"":2662,""New"":2666,""Reason"":3}"
51415160,"{""Old"":383,""New"":397,""Reason"":3}"
82629288,"{""Old"":28271,""New"":28283,""Reason"":3}"
24910137,"{""Old"":283,""New"":285,""Reason"":3}"
48197039,"{""Old"":438,""New"":440,""Reason"":3}"
82629288,"{""Old"":28328,""New"":28334,""Reason"":3}"
82629288,"{""Old"":28558,""New"":28608,""Reason"":3}"
35319634,"{""Old"":1490,""New"":1492,""Reason"":3}"
4749137,"{""Old"":1617,""New"":1629,""Reason"":3}"
4749137,"{""Old"":1629,""New"":1631,""Reason"":3}"
56049845,"{""Old"":3034,""New"":3038,""Reason"":3}"
68175790,"{""Old"":347,""New"":349,""Reason"":3}"
63169192,"{""Old"":626,""New"":630,""Reason"":3}"
33639865,"{""Old"":185,""New"":187,""Reason"":3}"
35887608,"{""Old"":123,""New"":127,""Reason"":3}"
68323524,"{""Old"":1140,""New"":1142,""Reason"":3}"
73531147,"{""Old"":3848,""New"":3852,""Reason"":3}"
43931948,"{""Old"":124,""New"":126,""Reason"":3}"
76189582,"{""Old"":77,""New"":83,""Reason"":3}"
37569323,"{""Old"":645,""New"":647,""Reason"":3}"
207218208,"{""Old"":496,""New"":504,""Reason"":3}"
82992489,"{""Old"":1639,""New"":1641,""Reason"":3}"
2985676,"{""Old"":1174,""New"":1182,""Reason"":3}"
80920886,"{""Old"":31,""New"":35,""Reason"":3}"
6774573,"{""Old"":1566,""New"":1584,""Reason"":3}"
12351190,"{""Old"":3143,""New"":3155,""Reason"":3}"
56973682,"{""Old"":603,""New"":609,""Reason"":3}"
80961884,"{""Old"":569,""New"":571,""Reason"":3}"
12351190,"{""Old"":2238,""New"":2248,""Reason"":3}"
76189582,"{""Old"":87,""New"":89,""Reason"":3}"
35740144,"{""Old"":1638,""New"":1652,""Reason"":3}"
5141616,"{""Old"":152,""New"":154,""Reason"":3}"
30122349,"{""Old"":251679,""New"":251683,""Reason"":3}"
12351190,"{""Old"":3047,""New"":3083,""Reason"":3}"
35740144,"{""Old"":1584,""New"":1590,""Reason"":3}"
3275117,"{""Old"":6360,""New"":6364,""Reason"":3}"
43368388,"{""Old"":443,""New"":445,""Reason"":3}"
35740144,"{""Old"":1632,""New"":1638,""Reason"":3}"
207218208,"{""Old"":474,""New"":496,""Reason"":3}"
8190086,"{""Old"":601,""New"":603,""Reason"":3}"
47704680,"{""Old"":880,""New"":886,""Reason"":3}"
8160573,"{""Old"":423,""New"":429,""Reason"":3}"
83788628,"{""Old"":2054,""New"":2056,""Reason"":3}"
33639865,"{""Old"":92,""New"":94,""Reason"":3}"
29194654,"{""Old"":20677,""New"":20699,""Reason"":3}"
86580266,"{""Old"":1120,""New"":1126,""Reason"":3}"
24910137,"{""Old"":277,""New"":279,""Reason"":3}"
24910137,"{""Old"":398,""New"":400,""Reason"":3}"
12351190,"{""Old"":3163,""New"":3165,""Reason"":3}"
46080690,"{""Old"":118,""New"":120,""Reason"":3}"
41068488,"{""Old"":117,""New"":119,""Reason"":3}"
53324485,"{""Old"":26657,""New"":26661,""Reason"":3}"
62015824,"{""Old"":143,""New"":145,""Reason"":3}"
34354309,"{""Old"":1307,""New"":1311,""Reason"":3}"
32568814,"{""Old"":8305,""New"":8325,""Reason"":3}"
44659425,"{""Old"":4640,""New"":4642,""Reason"":3}"
47462189,"{""Old"":894,""New"":912,""Reason"":3}"
58338017,"{""Old"":788,""New"":794,""Reason"":3}"
6921102,"{""Old"":747,""New"":757,""Reason"":3}"
52598655,"{""Old"":187,""New"":189,""Reason"":3}"
71356238,"{""Old"":1176,""New"":1192,""Reason"":3}"
61988559,"{""Old"":1350,""New"":1354,""Reason"":3}"
76226595,"{""Old"":7702,""New"":7744,""Reason"":3}"
32377577,"{""Old"":1205,""New"":1211,""Reason"":3}"
21250520,"{""Old"":6476,""New"":6478,""Reason"":3}"
45319593,"{""Old"":1055,""New"":1057,""Reason"":3}"
17920625,"{""Old"":3709,""New"":3729,""Reason"":3}"
6217802,"{""Old"":3741,""New"":3757,""Reason"":3}"
48197039,"{""Old"":275,""New"":279,""Reason"":3}"
82629288,"{""Old"":28642,""New"":28696,""Reason"":3}"
4558571,"{""Old"":1132,""New"":1134,""Reason"":3}"
20810549,"{""Old"":522,""New"":530,""Reason"":3}"
212109674,"{""Old"":293,""New"":295,""Reason"":3}"
27801143,"{""Old"":2518,""New"":2540,""Reason"":3}"
48197039,"{""Old"":377,""New"":381,""Reason"":3}"
58338017,"{""Old"":796,""New"":798,""Reason"":3}"
85208736,"{""Old"":479,""New"":491,""Reason"":3}"
7187396,"{""Old"":339,""New"":341,""Reason"":3}"
32377577,"{""Old"":1258,""New"":1260,""Reason"":3}"
71532491,"{""Old"":4133,""New"":4137,""Reason"":3}"
32615668,"{""Old"":44,""New"":46,""Reason"":3}"
32615668,"{""Old"":59,""New"":61,""Reason"":3}"
32568814,"{""Old"":7566,""New"":7572,""Reason"":3}"
32381984,"{""Old"":2483,""New"":2487,""Reason"":3}"
86778802,"{""Old"":47761,""New"":50419,""Reason"":3}"
72219864,"{""Old"":1746,""New"":1764,""Reason"":3}"
79878389,"{""Old"":5578,""New"":5580,""Reason"":3}"
68768776,"{""Old"":123,""New"":127,""Reason"":3}"
45332006,"{""Old"":320,""New"":328,""Reason"":3}"
46432620,"{""Old"":551,""New"":571,""Reason"":3}"
80172312,"{""Old"":1121,""New"":1123,""Reason"":3}"
83788628,"{""Old"":2026,""New"":2030,""Reason"":3}"
29798681,"{""Old"":821,""New"":829,""Reason"":3}"
33226466,"{""Old"":2139,""New"":2153,""Reason"":3}"
8688734,"{""Old"":485,""New"":487,""Reason"":3}"
40849881,"{""Old"":917,""New"":919,""Reason"":3}"
40849881,"{""Old"":886,""New"":890,""Reason"":3}"
19893734,"{""Old"":52904,""New"":53076,""Reason"":3}"
83788628,"{""Old"":2019,""New"":2025,""Reason"":3}"
59126316,"{""Old"":2341,""New"":2347,""Reason"":3}"
38169134,"{""Old"":2055,""New"":2065,""Reason"":3}"
54525546,"{""Old"":3485,""New"":3491,""Reason"":3}"
45632747,"{""Old"":330,""New"":332,""Reason"":3}"
32458918,"{""Old"":367,""New"":369,""Reason"":3}"
24910137,"{""Old"":293,""New"":301,""Reason"":3}"
46080690,"{""Old"":103,""New"":113,""Reason"":3}"
17920625,"{""Old"":10843,""New"":10883,""Reason"":3}"
55918400,"{""Old"":77,""New"":79,""Reason"":3}"
17920625,"{""Old"":3729,""New"":3759,""Reason"":3}"
49833858,"{""Old"":2636,""New"":2640,""Reason"":3}"
24910137,"{""Old"":400,""New"":416,""Reason"":3}"
33471760,"{""Old"":32,""New"":34,""Reason"":3}"
55818431,"{""Old"":225,""New"":227,""Reason"":3}"
34343897,"{""Old"":2672,""New"":2674,""Reason"":3}"
43582178,"{""Old"":701,""New"":709,""Reason"":3}"
36562126,"{""Old"":7,""New"":9,""Reason"":3}"
25154055,"{""Old"":1502,""New"":1504,""Reason"":3}"
37781144,"{""Old"":8055,""New"":8057,""Reason"":3}"
2985676,"{""Old"":876,""New"":880,""Reason"":3}"
6774573,"{""Old"":1656,""New"":1666,""Reason"":3}"
21669245,"{""Old"":2687,""New"":2689,""Reason"":3}"
73016675,"{""Old"":610,""New"":612,""Reason"":3}"
55818431,"{""Old"":223,""New"":225,""Reason"":3}"
57320977,"{""Old"":560,""New"":562,""Reason"":3}"
17920625,"{""Old"":3569,""New"":3587,""Reason"":3}"
48353212,"{""Old"":3659,""New"":3661,""Reason"":3}"
29194654,"{""Old"":21421,""New"":21477,""Reason"":3}"
217941963,"{""Old"":13503,""New"":13515,""Reason"":3}"
76321816,"{""Old"":279,""New"":283,""Reason"":3}"
39175883,"{""Old"":233,""New"":241,""Reason"":3}"
38733450,"{""Old"":163,""New"":173,""Reason"":3}"
2985676,"{""Old"":880,""New"":886,""Reason"":3}"
2985676,"{""Old"":1182,""New"":1190,""Reason"":3}"
73271573,"{""Old"":2434,""New"":2436,""Reason"":3}"
6774573,"{""Old"":272,""New"":282,""Reason"":3}"
56973682,"{""Old"":569,""New"":573,""Reason"":3}"
30122349,"{""Old"":248206,""New"":248234,""Reason"":3}"
14736135,"{""Old"":37,""New"":39,""Reason"":3}"
2985676,"{""Old"":5152,""New"":5162,""Reason"":3}"
86580266,"{""Old"":1050,""New"":1052,""Reason"":3}"
35740144,"{""Old"":1570,""New"":1582,""Reason"":3}"
75217747,"{""Old"":1639,""New"":1641,""Reason"":3}"
211904728,"{""Old"":214054,""New"":214086,""Reason"":3}"
35614947,"{""Old"":1026,""New"":1032,""Reason"":3}"
34343897,"{""Old"":2779,""New"":2783,""Reason"":3}"
34343897,"{""Old"":2823,""New"":2827,""Reason"":3}"
34343897,"{""Old"":2861,""New"":2865,""Reason"":3}"
48197039,"{""Old"":425,""New"":431,""Reason"":3}"
5832665,"{""Old"":20695,""New"":20701,""Reason"":3}"
47085919,"{""Old"":98,""New"":102,""Reason"":3}"
4558571,"{""Old"":872,""New"":882,""Reason"":3}"
52598655,"{""Old"":496,""New"":506,""Reason"":3}"
63082603,"{""Old"":23492,""New"":23496,""Reason"":3}"
76016253,"{""Old"":2510,""New"":2512,""Reason"":3}"
9453157,"{""Old"":2813,""New"":2827,""Reason"":3}"
45632747,"{""Old"":334,""New"":340,""Reason"":3}"
35494962,"{""Old"":33398,""New"":33400,""Reason"":3}"
67962623,"{""Old"":12008,""New"":12010,""Reason"":3}"
34343897,"{""Old"":2849,""New"":2861,""Reason"":3}"
67962623,"{""Old"":11263,""New"":11265,""Reason"":3}"
4640799,"{""Old"":925,""New"":933,""Reason"":3}"
70071823,"{""Old"":1327,""New"":1329,""Reason"":3}"
84648640,"{""Old"":1057,""New"":1059,""Reason"":3}"
58338017,"{""Old"":1125,""New"":1135,""Reason"":3}"
7187396,"{""Old"":399,""New"":403,""Reason"":3}"
31383030,"{""Old"":293,""New"":299,""Reason"":3}"
44659425,"{""Old"":4677,""New"":4679,""Reason"":3}"
32568814,"{""Old"":8282,""New"":8302,""Reason"":3}"
32568814,"{""Old"":8338,""New"":8340,""Reason"":3}"
45319593,"{""Old"":657,""New"":663,""Reason"":3}"
34696227,"{""Old"":576,""New"":578,""Reason"":3}"
12735607,"{""Old"":27529,""New"":27531,""Reason"":3}"
25739034,"{""Old"":456,""New"":460,""Reason"":3}"
25225869,"{""Old"":23545,""New"":23653,""Reason"":3}"
59126316,"{""Old"":2348,""New"":2350,""Reason"":3}"
72219864,"{""Old"":1732,""New"":1740,""Reason"":3}"
52598655,"{""Old"":478,""New"":496,""Reason"":3}"
27777369,"{""Old"":119157,""New"":119217,""Reason"":3}"
38308190,"{""Old"":1873,""New"":1877,""Reason"":3}"
50494222,"{""Old"":85840,""New"":85850,""Reason"":3}"
5968693,"{""Old"":95,""New"":97,""Reason"":3}"
12766621,"{""Old"":148,""New"":154,""Reason"":3}"
34642494,"{""Old"":1827,""New"":1829,""Reason"":3}"
38378243,"{""Old"":1754,""New"":1758,""Reason"":3}"
84490801,"{""Old"":91090,""New"":91124,""Reason"":3}"
48984720,"{""Old"":200,""New"":202,""Reason"":3}"
46375448,"{""Old"":78,""New"":80,""Reason"":3}"
17920625,"{""Old"":3665,""New"":3687,""Reason"":3}"
53324485,"{""Old"":27929,""New"":27969,""Reason"":3}"
72933677,"{""Old"":845,""New"":861,""Reason"":3}"
52232750,"{""Old"":1374,""New"":1378,""Reason"":3}"
34642494,"{""Old"":1749,""New"":1785,""Reason"":3}"
34642494,"{""Old"":1819,""New"":1823,""Reason"":3}"
52232750,"{""Old"":1016,""New"":1048,""Reason"":3}"
30190098,"{""Old"":178,""New"":180,""Reason"":3}"
27840904,"{""Old"":326,""New"":330,""Reason"":3}"
218027547,"{""Old"":3673,""New"":3679,""Reason"":3}"
41190481,"{""Old"":7463,""New"":7477,""Reason"":3}"
41190481,"{""Old"":7477,""New"":7483,""Reason"":3}"
41190481,"{""Old"":8123,""New"":8145,""Reason"":3}"
6084170,"{""Old"":14007,""New"":14023,""Reason"":3}"
6217802,"{""Old"":3694,""New"":3698,""Reason"":3}"
201153927,"{""Old"":1518,""New"":1522,""Reason"":3}"
48242635,"{""Old"":524,""New"":530,""Reason"":3}"
29350329,"{""Old"":1069,""New"":1083,""Reason"":3}"
24910137,"{""Old"":265,""New"":267,""Reason"":3}"
34659987,"{""Old"":1877,""New"":1881,""Reason"":3}"
35358256,"{""Old"":1463,""New"":1465,""Reason"":3}"
34840972,"{""Old"":1375,""New"":1379,""Reason"":3}"
33639865,"{""Old"":379,""New"":385,""Reason"":3}"
6051690,"{""Old"":1521,""New"":1523,""Reason"":3}"
28562228,"{""Old"":390,""New"":394,""Reason"":3}"
45845602,"{""Old"":3738,""New"":3752,""Reason"":3}"
22941429,"{""Old"":80,""New"":82,""Reason"":3}"
2985676,"{""Old"":7096,""New"":7128,""Reason"":3}"
35358256,"{""Old"":1437,""New"":1439,""Reason"":3}"
51227531,"{""Old"":165,""New"":167,""Reason"":3}"
57411895,"{""Old"":6307,""New"":6315,""Reason"":3}"
37784995,"{""Old"":9803,""New"":9805,""Reason"":3}"
32222243,"{""Old"":72,""New"":74,""Reason"":3}"
54525546,"{""Old"":3441,""New"":3459,""Reason"":3}"
36072891,"{""Old"":578,""New"":588,""Reason"":3}"
68778459,"{""Old"":162,""New"":166,""Reason"":3}"
49993613,"{""Old"":10751,""New"":10757,""Reason"":3}"
43728581,"{""Old"":1115,""New"":1129,""Reason"":3}"
86594619,"{""Old"":386,""New"":392,""Reason"":3}"
17920625,"{""Old"":10693,""New"":10723,""Reason"":3}"
88569534,"{""Old"":1042,""New"":1058,""Reason"":3}"
35887608,"{""Old"":87,""New"":95,""Reason"":3}"
2985676,"{""Old"":1348,""New"":1386,""Reason"":3}"
33124299,"{""Old"":457,""New"":477,""Reason"":3}"
33639865,"{""Old"":108,""New"":110,""Reason"":3}"
76189582,"{""Old"":71,""New"":75,""Reason"":3}"
5141616,"{""Old"":146,""New"":150,""Reason"":3}"
35740144,"{""Old"":1612,""New"":1618,""Reason"":3}"
38727655,"{""Old"":269,""New"":285,""Reason"":3}"
7027175,"{""Old"":1580,""New"":1604,""Reason"":3}"
26072040,"{""Old"":3368,""New"":3370,""Reason"":3}"
58338017,"{""Old"":1172,""New"":1174,""Reason"":3}"
42218918,"{""Old"":1897,""New"":1899,""Reason"":3}"
6084170,"{""Old"":14059,""New"":14061,""Reason"":3}"
209989850,"{""Old"":374,""New"":376,""Reason"":3}"
85208736,"{""Old"":501,""New"":503,""Reason"":3}"
40506099,"{""Old"":1446,""New"":1452,""Reason"":3}"
32381984,"{""Old"":2521,""New"":2525,""Reason"":3}"
218027547,"{""Old"":3625,""New"":3657,""Reason"":3}"
6921102,"{""Old"":1437,""New"":1443,""Reason"":3}"
4593813,"{""Old"":827,""New"":833,""Reason"":3}"
84490801,"{""Old"":91450,""New"":91480,""Reason"":3}"
86252946,"{""Old"":1070,""New"":1082,""Reason"":3}"
66019170,"{""Old"":205,""New"":207,""Reason"":3}"
4304786,"{""Old"":1882,""New"":1886,""Reason"":3}"
64074200,"{""Old"":80,""New"":82,""Reason"":3}"
7150468,"{""Old"":81,""New"":85,""Reason"":3}"
8279087,"{""Old"":2225,""New"":2227,""Reason"":3}"
56674287,"{""Old"":2900,""New"":2906,""Reason"":3}"
84490801,"{""Old"":91360,""New"":91390,""Reason"":3}"
8688734,"{""Old"":330,""New"":354,""Reason"":3}"
32235580,"{""Old"":472,""New"":476,""Reason"":3}"
43656083,"{""Old"":404,""New"":406,""Reason"":3}"
26901127,"{""Old"":2369,""New"":2381,""Reason"":3}"
86580266,"{""Old"":1138,""New"":1146,""Reason"":3}"
68175790,"{""Old"":345,""New"":347,""Reason"":3}"
35887608,"{""Old"":37,""New"":41,""Reason"":3}"
69132095,"{""Old"":1719,""New"":1729,""Reason"":3}"
73016675,"{""Old"":607,""New"":609,""Reason"":3}"
22941429,"{""Old"":210,""New"":214,""Reason"":3}"
4558571,"{""Old"":882,""New"":908,""Reason"":3}"
67962623,"{""Old"":11817,""New"":11869,""Reason"":3}"
77312159,"{""Old"":1548,""New"":1552,""Reason"":3}"
29194654,"{""Old"":21702,""New"":21742,""Reason"":3}"
52764950,"{""Old"":590,""New"":594,""Reason"":3}"
57411895,"{""Old"":6319,""New"":6323,""Reason"":3}"
53324485,"{""Old"":27755,""New"":27757,""Reason"":3}"
47704680,"{""Old"":811,""New"":817,""Reason"":3}"
45845602,"{""Old"":3825,""New"":3827,""Reason"":3}"
48350939,"{""Old"":1095,""New"":1097,""Reason"":3}"
67962623,"{""Old"":11923,""New"":11935,""Reason"":3}"
66592258,"{""Old"":347,""New"":363,""Reason"":3}"
16077417,"{""Old"":243,""New"":247,""Reason"":3}"
63169192,"{""Old"":635,""New"":639,""Reason"":3}"
32554079,"{""Old"":444,""New"":448,""Reason"":3}"
58338017,"{""Old"":1111,""New"":1117,""Reason"":3}"
9452892,"{""Old"":239,""New"":249,""Reason"":3}"
26399013,"{""Old"":824,""New"":836,""Reason"":3}"
60749441,"{""Old"":1503,""New"":1509,""Reason"":3}"
85208736,"{""Old"":307,""New"":309,""Reason"":3}"
5968693,"{""Old"":85,""New"":87,""Reason"":3}"
66273046,"{""Old"":12654,""New"":12662,""Reason"":3}"
8190086,"{""Old"":603,""New"":605,""Reason"":3}"
6882419,"{""Old"":645,""New"":649,""Reason"":3}"
32568814,"{""Old"":7975,""New"":8007,""Reason"":3}"
68768776,"{""Old"":291,""New"":293,""Reason"":3}"
44659425,"{""Old"":4822,""New"":4826,""Reason"":3}"
50191697,"{""Old"":2577,""New"":2579,""Reason"":3}"
55554306,"{""Old"":2576,""New"":2604,""Reason"":3}"
44659425,"{""Old"":4804,""New"":4808,""Reason"":3}"
46432620,"{""Old"":633,""New"":637,""Reason"":3}"
4640799,"{""Old"":860,""New"":874,""Reason"":3}"
34696227,"{""Old"":463,""New"":473,""Reason"":3}"
58338017,"{""Old"":1137,""New"":1139,""Reason"":3}"
53698855,"{""Old"":4401,""New"":4403,""Reason"":3}"
31383030,"{""Old"":271,""New"":275,""Reason"":3}"
71563520,"{""Old"":997,""New"":1003,""Reason"":3}"
34696227,"{""Old"":605,""New"":607,""Reason"":3}"
60749441,"{""Old"":1516,""New"":1520,""Reason"":3}"
85208736,"{""Old"":362,""New"":390,""Reason"":3}"
47480486,"{""Old"":4824,""New"":4826,""Reason"":3}"
6921102,"{""Old"":817,""New"":839,""Reason"":3}"
6921102,"{""Old"":1097,""New"":1101,""Reason"":3}"
39290153,"{""Old"":883,""New"":885,""Reason"":3}"
45319593,"{""Old"":1015,""New"":1017,""Reason"":3}"
46432620,"{""Old"":845,""New"":867,""Reason"":3}"
3857981,"{""Old"":2261,""New"":2275,""Reason"":3}"
32568814,"{""Old"":7941,""New"":7943,""Reason"":3}"
32377577,"{""Old"":1315,""New"":1317,""Reason"":3}"
58338017,"{""Old"":835,""New"":839,""Reason"":3}"
85208736,"{""Old"":151,""New"":153,""Reason"":3}"
34696227,"{""Old"":144,""New"":146,""Reason"":3}"
47462189,"{""Old"":324,""New"":330,""Reason"":3}"
47462189,"{""Old"":1057,""New"":1081,""Reason"":3}"
39479328,"{""Old"":759,""New"":761,""Reason"":3}"
52232750,"{""Old"":978,""New"":990,""Reason"":3}"
34642494,"{""Old"":1915,""New"":1927,""Reason"":3}"
17299565,"{""Old"":244,""New"":254,""Reason"":3}"
52232750,"{""Old"":1356,""New"":1374,""Reason"":3}"
57320977,"{""Old"":575,""New"":581,""Reason"":3}"
57411895,"{""Old"":6305,""New"":6307,""Reason"":3}"
24910137,"{""Old"":362,""New"":390,""Reason"":3}"
201153927,"{""Old"":1548,""New"":1560,""Reason"":3}"
48197039,"{""Old"":289,""New"":305,""Reason"":3}"
46220970,"{""Old"":4455,""New"":5745,""Reason"":3}"
47504703,"{""Old"":1203,""New"":1211,""Reason"":3}"
19650940,"{""Old"":1130,""New"":1132,""Reason"":3}"
9453157,"{""Old"":2847,""New"":2849,""Reason"":3}"
27801143,"{""Old"":2540,""New"":2544,""Reason"":3}"
27801143,"{""Old"":2544,""New"":2558,""Reason"":3}"
37914602,"{""Old"":72,""New"":78,""Reason"":3}"
47085919,"{""Old"":71,""New"":73,""Reason"":3}"
35833980,"{""Old"":117,""New"":125,""Reason"":3}"
67962623,"{""Old"":11322,""New"":11324,""Reason"":3}"
5463773,"{""Old"":70,""New"":74,""Reason"":3}"
64442454,"{""Old"":14828,""New"":14830,""Reason"":3}"
46080690,"{""Old"":82,""New"":88,""Reason"":3}"
40849881,"{""Old"":814,""New"":816,""Reason"":3}"
59961124,"{""Old"":56700,""New"":56714,""Reason"":3}"
26072040,"{""Old"":3354,""New"":3364,""Reason"":3}"
25154055,"{""Old"":1504,""New"":1506,""Reason"":3}"
82992489,"{""Old"":1498,""New"":1528,""Reason"":3}"
2985676,"{""Old"":1285,""New"":1311,""Reason"":3}"
65586117,"{""Old"":327,""New"":333,""Reason"":3}"
5141616,"{""Old"":131,""New"":139,""Reason"":3}"
45845602,"{""Old"":3814,""New"":3816,""Reason"":3}"
45845602,"{""Old"":3841,""New"":3847,""Reason"":3}"
55818431,"{""Old"":211,""New"":223,""Reason"":3}"
49261765,"{""Old"":2395,""New"":2401,""Reason"":3}"
56973682,"{""Old"":563,""New"":567,""Reason"":3}"
70125906,"{""Old"":475,""New"":479,""Reason"":3}"
75449739,"{""Old"":2221,""New"":2225,""Reason"":3}"
27236554,"{""Old"":1210,""New"":1212,""Reason"":3}"
598089,"{""Old"":1009,""New"":1015,""Reason"":3}"
43368388,"{""Old"":451,""New"":455,""Reason"":3}"
14723698,"{""Old"":545,""New"":549,""Reason"":3}"
45845602,"{""Old"":3685,""New"":3687,""Reason"":3}"
56973682,"{""Old"":470,""New"":474,""Reason"":3}"
38727655,"{""Old"":310,""New"":316,""Reason"":3}"
33639865,"{""Old"":369,""New"":371,""Reason"":3}"
25154055,"{""Old"":1519,""New"":1525,""Reason"":3}"
58140678,"{""Old"":7626,""New"":7628,""Reason"":3}"
59961124,"{""Old"":56680,""New"":56700,""Reason"":3}"
4861422,"{""Old"":11194,""New"":11198,""Reason"":3}"
84490801,"{""Old"":91390,""New"":91450,""Reason"":3}"
44659425,"{""Old"":4729,""New"":4731,""Reason"":3}"
68768776,"{""Old"":86,""New"":88,""Reason"":3}"
53698855,"{""Old"":4490,""New"":4494,""Reason"":3}"
47462189,"{""Old"":1156,""New"":1194,""Reason"":3}"
48183015,"{""Old"":308,""New"":312,""Reason"":3}"
30190098,"{""Old"":176,""New"":178,""Reason"":3}"
46432620,"{""Old"":888,""New"":906,""Reason"":3}"
48958128,"{""Old"":592,""New"":596,""Reason"":3}"
45319593,"{""Old"":920,""New"":922,""Reason"":3}"
32377577,"{""Old"":1176,""New"":1190,""Reason"":3}"
47462189,"{""Old"":1507,""New"":1577,""Reason"":3}"
8279087,"{""Old"":2227,""New"":2239,""Reason"":3}"
85208736,"{""Old"":499,""New"":501,""Reason"":3}"
53698855,"{""Old"":4478,""New"":4482,""Reason"":3}"
6051690,"{""Old"":1523,""New"":1527,""Reason"":3}"
73531147,"{""Old"":3856,""New"":3858,""Reason"":3}"
4546671,"{""Old"":51,""New"":57,""Reason"":3}"
52232750,"{""Old"":705,""New"":721,""Reason"":3}"
34642494,"{""Old"":1959,""New"":1961,""Reason"":3}"
86778802,"{""Old"":47176,""New"":47266,""Reason"":3}"
63169192,"{""Old"":667,""New"":683,""Reason"":3}"
32116408,"{""Old"":6563,""New"":6565,""Reason"":3}"
6051690,"{""Old"":1527,""New"":1531,""Reason"":3}"
35740144,"{""Old"":1494,""New"":1498,""Reason"":3}"
8190086,"{""Old"":605,""New"":613,""Reason"":3}"
34574446,"{""Old"":12910,""New"":12926,""Reason"":3}"
2985676,"{""Old"":7148,""New"":7170,""Reason"":3}"
22941429,"{""Old"":369,""New"":377,""Reason"":3}"
6051690,"{""Old"":1387,""New"":1393,""Reason"":3}"
53217066,"{""Old"":135,""New"":137,""Reason"":3}"
22941429,"{""Old"":339,""New"":343,""Reason"":3}"
72069571,"{""Old"":405,""New"":411,""Reason"":3}"
38980177,"{""Old"":410,""New"":430,""Reason"":3}"
25357612,"{""Old"":61,""New"":65,""Reason"":3}"
20887961,"{""Old"":1168,""New"":1172,""Reason"":3}"
46614851,"{""Old"":3092,""New"":3124,""Reason"":3}"
67962623,"{""Old"":11530,""New"":11532,""Reason"":3}"
46220970,"{""Old"":4435,""New"":4455,""Reason"":3}"
62448257,"{""Old"":3328,""New"":3330,""Reason"":3}"
43582178,"{""Old"":373,""New"":383,""Reason"":3}"
201153927,"{""Old"":1560,""New"":1572,""Reason"":3}"
55522266,"{""Old"":2470,""New"":2476,""Reason"":3}"
38244523,"{""Old"":491,""New"":523,""Reason"":3}"
46432620,"{""Old"":882,""New"":886,""Reason"":3}"
25225869,"{""Old"":23022,""New"":23032,""Reason"":3}"
45319593,"{""Old"":1026,""New"":1050,""Reason"":3}"
32568814,"{""Old"":7871,""New"":7891,""Reason"":3}"
53324485,"{""Old"":28830,""New"":28872,""Reason"":3}"
68768776,"{""Old"":313,""New"":321,""Reason"":3}"
55522266,"{""Old"":2414,""New"":2430,""Reason"":3}"
24910137,"{""Old"":179,""New"":185,""Reason"":3}"
34343897,"{""Old"":2879,""New"":2881,""Reason"":3}"
58763717,"{""Old"":133,""New"":139,""Reason"":3}"
47704680,"{""Old"":806,""New"":808,""Reason"":3}"
6217802,"{""Old"":3684,""New"":3686,""Reason"":3}"
82629288,"{""Old"":29641,""New"":31165,""Reason"":3}"
53324485,"{""Old"":27214,""New"":27250,""Reason"":3}"
53324485,"{""Old"":28467,""New"":28601,""Reason"":3}"
48197039,"{""Old"":450,""New"":454,""Reason"":3}"
77312159,"{""Old"":1557,""New"":1559,""Reason"":3}"
52130629,"{""Old"":683,""New"":689,""Reason"":3}"
52232750,"{""Old"":915,""New"":939,""Reason"":3}"
24098332,"{""Old"":90,""New"":96,""Reason"":3}"
88569534,"{""Old"":1030,""New"":1034,""Reason"":3}"
76189582,"{""Old"":69,""New"":71,""Reason"":3}"
3275117,"{""Old"":6358,""New"":6360,""Reason"":3}"
56973682,"{""Old"":541,""New"":553,""Reason"":3}"
2985676,"{""Old"":776,""New"":802,""Reason"":3}"
33639865,"{""Old"":154,""New"":156,""Reason"":3}"
58790686,"{""Old"":21386,""New"":21398,""Reason"":3}"
38096868,"{""Old"":299,""New"":307,""Reason"":3}"
84490801,"{""Old"":91124,""New"":91182,""Reason"":3}"
25154055,"{""Old"":1437,""New"":1445,""Reason"":3}"
4861422,"{""Old"":10874,""New"":10876,""Reason"":3}"
25154055,"{""Old"":1465,""New"":1481,""Reason"":3}"
56138952,"{""Old"":262,""New"":280,""Reason"":3}"
52621737,"{""Old"":11130,""New"":11132,""Reason"":3}"
6921102,"{""Old"":1968,""New"":1982,""Reason"":3}"
45319593,"{""Old"":1004,""New"":1014,""Reason"":3}"
46432620,"{""Old"":1058,""New"":1062,""Reason"":3}"
45319593,"{""Old"":1157,""New"":1187,""Reason"":3}"
44659425,"{""Old"":4625,""New"":4629,""Reason"":3}"
36607525,"{""Old"":2882,""New"":2886,""Reason"":3}"
46432620,"{""Old"":525,""New"":531,""Reason"":3}"
45319593,"{""Old"":641,""New"":651,""Reason"":3}"
59961124,"{""Old"":56392,""New"":56400,""Reason"":3}"
12351190,"{""Old"":2308,""New"":2324,""Reason"":3}"
76189582,"{""Old"":89,""New"":91,""Reason"":3}"
30122349,"{""Old"":247801,""New"":247831,""Reason"":3}"
37569323,"{""Old"":605,""New"":613,""Reason"":3}"
8190086,"{""Old"":579,""New"":593,""Reason"":3}"
8190086,"{""Old"":593,""New"":601,""Reason"":3}"
5141616,"{""Old"":154,""New"":156,""Reason"":3}"
45845602,"{""Old"":3827,""New"":3831,""Reason"":3}"
38096868,"{""Old"":236,""New"":238,""Reason"":3}"
67898653,"{""Old"":1721,""New"":1731,""Reason"":3}"
63169192,"{""Old"":619,""New"":621,""Reason"":3}"
4749137,"{""Old"":1680,""New"":1682,""Reason"":3}"
29194654,"{""Old"":21305,""New"":21421,""Reason"":3}"
29194654,"{""Old"":20967,""New"":20973,""Reason"":3}"
39175883,"{""Old"":330,""New"":354,""Reason"":3}"
211230900,"{""Old"":436,""New"":438,""Reason"":3}"
65928364,"{""Old"":1511,""New"":1513,""Reason"":3}"
217941963,"{""Old"":13543,""New"":13551,""Reason"":3}"
49833858,"{""Old"":2656,""New"":2662,""Reason"":3}"
35494962,"{""Old"":33378,""New"":33380,""Reason"":3}"
57320977,"{""Old"":658,""New"":660,""Reason"":3}"
57320977,"{""Old"":678,""New"":682,""Reason"":3}"
57320977,"{""Old"":729,""New"":731,""Reason"":3}"
53324485,"{""Old"":26919,""New"":26957,""Reason"":3}"
24910137,"{""Old"":394,""New"":398,""Reason"":3}"
77312159,"{""Old"":1553,""New"":1555,""Reason"":3}"
8688734,"{""Old"":223,""New"":227,""Reason"":3}"
65048852,"{""Old"":53,""New"":61,""Reason"":3}"
32235580,"{""Old"":466,""New"":472,""Reason"":3}"
30190098,"{""Old"":170,""New"":176,""Reason"":3}"
46432620,"{""Old"":535,""New"":541,""Reason"":3}"
46432620,"{""Old"":680,""New"":682,""Reason"":3}"
45319593,"{""Old"":930,""New"":942,""Reason"":3}"
48197039,"{""Old"":446,""New"":450,""Reason"":3}"
61658100,"{""Old"":3356,""New"":3358,""Reason"":3}"
29350329,"{""Old"":1051,""New"":1053,""Reason"":3}"
218027547,"{""Old"":3657,""New"":3669,""Reason"":3}"
52232750,"{""Old"":1380,""New"":1382,""Reason"":3}"
24930635,"{""Old"":1684,""New"":1686,""Reason"":3}"
52232750,"{""Old"":1283,""New"":1287,""Reason"":3}"
34696227,"{""Old"":474,""New"":476,""Reason"":3}"
6921102,"{""Old"":1384,""New"":1410,""Reason"":3}"
82717800,"{""Old"":3480,""New"":3482,""Reason"":3}"
35546969,"{""Old"":154,""New"":156,""Reason"":3}"
71446593,"{""Old"":314,""New"":316,""Reason"":3}"
34696227,"{""Old"":489,""New"":493,""Reason"":3}"
71446593,"{""Old"":364,""New"":366,""Reason"":3}"
47462189,"{""Old"":385,""New"":401,""Reason"":3}"
32377577,"{""Old"":1164,""New"":1168,""Reason"":3}"
45319593,"{""Old"":993,""New"":1003,""Reason"":3}"
68768776,"{""Old"":262,""New"":264,""Reason"":3}"
46432620,"{""Old"":511,""New"":513,""Reason"":3}"
38733450,"{""Old"":174,""New"":176,""Reason"":3}"
59961124,"{""Old"":56714,""New"":56716,""Reason"":3}"
82992489,"{""Old"":1677,""New"":1679,""Reason"":3}"
22941429,"{""Old"":42,""New"":44,""Reason"":3}"
212331358,"{""Old"":1772,""New"":1784,""Reason"":3}"
38980177,"{""Old"":386,""New"":396,""Reason"":3}"
32116408,"{""Old"":6565,""New"":6575,""Reason"":3}"
6051690,"{""Old"":1502,""New"":1506,""Reason"":3}"
6774573,"{""Old"":477,""New"":529,""Reason"":3}"
37569323,"{""Old"":622,""New"":628,""Reason"":3}"
7207312,"{""Old"":1243,""New"":1249,""Reason"":3}"
7207312,"{""Old"":1250,""New"":1252,""Reason"":3}"
56973682,"{""Old"":512,""New"":516,""Reason"":3}"
4861422,"{""Old"":10804,""New"":10812,""Reason"":3}"
4861422,"{""Old"":11079,""New"":11091,""Reason"":3}"
73271573,"{""Old"":2418,""New"":2434,""Reason"":3}"
46973434,"{""Old"":269,""New"":271,""Reason"":3}"
19893734,"{""Old"":52489,""New"":52549,""Reason"":3}"
31351467,"{""Old"":449,""New"":455,""Reason"":3}"
4328218,"{""Old"":200,""New"":216,""Reason"":3}"
34343897,"{""Old"":2865,""New"":2879,""Reason"":3}"
34574446,"{""Old"":12950,""New"":12962,""Reason"":3}"
17920625,"{""Old"":10883,""New"":10925,""Reason"":3}"
29194654,"{""Old"":21109,""New"":21129,""Reason"":3}"
48197039,"{""Old"":367,""New"":369,""Reason"":3}"
4749137,"{""Old"":1597,""New"":1603,""Reason"":3}"
35614947,"{""Old"":1001,""New"":1003,""Reason"":3}"
65928364,"{""Old"":1499,""New"":1501,""Reason"":3}"
71223757,"{""Old"":693,""New"":705,""Reason"":3}"
45632747,"{""Old"":342,""New"":346,""Reason"":3}"
83788628,"{""Old"":2049,""New"":2051,""Reason"":3}"
49833858,"{""Old"":2654,""New"":2656,""Reason"":3}"
31351467,"{""Old"":441,""New"":443,""Reason"":3}"
26399013,"{""Old"":839,""New"":841,""Reason"":3}"
39175883,"{""Old"":370,""New"":374,""Reason"":3}"
5832665,"{""Old"":19025,""New"":20177,""Reason"":3}"
34343897,"{""Old"":2803,""New"":2819,""Reason"":3}"
34343897,"{""Old"":2761,""New"":2779,""Reason"":3}"
35614947,"{""Old"":965,""New"":979,""Reason"":3}"
46080690,"{""Old"":95,""New"":101,""Reason"":3}"
32381984,"{""Old"":2503,""New"":2513,""Reason"":3}"
45319593,"{""Old"":772,""New"":774,""Reason"":3}"
34343897,"{""Old"":2827,""New"":2849,""Reason"":3}"
75449739,"{""Old"":2247,""New"":2267,""Reason"":3}"
53698855,"{""Old"":4473,""New"":4475,""Reason"":3}"
39479328,"{""Old"":750,""New"":754,""Reason"":3}"
68768776,"{""Old"":306,""New"":312,""Reason"":3}"
55522266,"{""Old"":2411,""New"":2413,""Reason"":3}"
57377221,"{""Old"":1100,""New"":1104,""Reason"":3}"
59511678,"{""Old"":555,""New"":557,""Reason"":3}"
55522266,"{""Old"":2448,""New"":2460,""Reason"":3}"
86580266,"{""Old"":1074,""New"":1106,""Reason"":3}"
39175883,"{""Old"":128,""New"":130,""Reason"":3}"
6950897,"{""Old"":73,""New"":77,""Reason"":3}"
9373239,"{""Old"":508,""New"":518,""Reason"":3}"
210640850,"{""Old"":1926,""New"":1936,""Reason"":3}"
34642494,"{""Old"":1943,""New"":1951,""Reason"":3}"
34642494,"{""Old"":1961,""New"":1969,""Reason"":3}"
38308190,"{""Old"":1871,""New"":1873,""Reason"":3}"
4593813,"{""Old"":874,""New"":876,""Reason"":3}"
6921102,"{""Old"":679,""New"":685,""Reason"":3}"
46375448,"{""Old"":90,""New"":92,""Reason"":3}"
47462189,"{""Old"":347,""New"":359,""Reason"":3}"
32377577,"{""Old"":1251,""New"":1253,""Reason"":3}"
34343897,"{""Old"":2599,""New"":2605,""Reason"":3}"
39175883,"{""Old"":89,""New"":91,""Reason"":3}"
39175883,"{""Old"":374,""New"":376,""Reason"":3}"
39175883,"{""Old"":376,""New"":390,""Reason"":3}"
217941963,"{""Old"":13531,""New"":13539,""Reason"":3}"
36072891,"{""Old"":632,""New"":636,""Reason"":3}"
39175883,"{""Old"":169,""New"":187,""Reason"":3}"
39175883,"{""Old"":189,""New"":207,""Reason"":3}"
86594619,"{""Old"":368,""New"":386,""Reason"":3}"
48353212,"{""Old"":3655,""New"":3659,""Reason"":3}"
29350329,"{""Old"":1083,""New"":1089,""Reason"":3}"
67962623,"{""Old"":11642,""New"":11648,""Reason"":3}"
67962623,"{""Old"":11678,""New"":11688,""Reason"":3}"
67962623,"{""Old"":11695,""New"":11709,""Reason"":3}"
58763717,"{""Old"":129,""New"":133,""Reason"":3}"
29798681,"{""Old"":835,""New"":839,""Reason"":3}"
49993613,"{""Old"":10781,""New"":10785,""Reason"":3}"
49993613,"{""Old"":10775,""New"":10779,""Reason"":3}"
53324485,"{""Old"":27969,""New"":28009,""Reason"":3}"
75217747,"{""Old"":1599,""New"":1601,""Reason"":3}"
5832665,"{""Old"":18821,""New"":18825,""Reason"":3}"
63082603,"{""Old"":23512,""New"":24208,""Reason"":3}"
47704680,"{""Old"":1011,""New"":1015,""Reason"":3}"
57320977,"{""Old"":590,""New"":596,""Reason"":3}"
41314505,"{""Old"":1283,""New"":1313,""Reason"":3}"
22941429,"{""Old"":108,""New"":112,""Reason"":3}"
59961124,"{""Old"":56841,""New"":58215,""Reason"":3}"
56973682,"{""Old"":495,""New"":499,""Reason"":3}"
14736135,"{""Old"":42,""New"":46,""Reason"":3}"
3275117,"{""Old"":6364,""New"":6366,""Reason"":3}"
79878389,"{""Old"":5576,""New"":5578,""Reason"":3}"
4640799,"{""Old"":889,""New"":903,""Reason"":3}"
31383030,"{""Old"":275,""New"":279,""Reason"":3}"
7187396,"{""Old"":347,""New"":351,""Reason"":3}"
4874161,"{""Old"":156,""New"":158,""Reason"":3}"
56973682,"{""Old"":491,""New"":493,""Reason"":3}"
76189582,"{""Old"":83,""New"":87,""Reason"":3}"
14736135,"{""Old"":59,""New"":61,""Reason"":3}"
35740144,"{""Old"":1508,""New"":1530,""Reason"":3}"
45845602,"{""Old"":3831,""New"":3833,""Reason"":3}"
56973682,"{""Old"":536,""New"":540,""Reason"":3}"
56973682,"{""Old"":614,""New"":618,""Reason"":3}"
2985676,"{""Old"":1200,""New"":1218,""Reason"":3}"
46446795,"{""Old"":10519,""New"":10525,""Reason"":3}"
80809480,"{""Old"":16600,""New"":16604,""Reason"":3}"
6051690,"{""Old"":1397,""New"":1411,""Reason"":3}"
25154055,"{""Old"":1482,""New"":1500,""Reason"":3}"
52232750,"{""Old"":743,""New"":751,""Reason"":3}"
3857981,"{""Old"":2279,""New"":2281,""Reason"":3}"
212985880,"{""Old"":20,""New"":22,""Reason"":3}"
8279087,"{""Old"":2209,""New"":2213,""Reason"":3}"
6921102,"{""Old"":1569,""New"":1589,""Reason"":3}"
52426631,"{""Old"":328,""New"":330,""Reason"":3}"
61588557,"{""Old"":14,""New"":26,""Reason"":3}"
28967234,"{""Old"":1576,""New"":1582,""Reason"":3}"
28718815,"{""Old"":840,""New"":848,""Reason"":3}"
73016675,"{""Old"":612,""New"":618,""Reason"":3}"
26468924,"{""Old"":465,""New"":467,""Reason"":3}"
46780040,"{""Old"":39,""New"":41,""Reason"":3}"
80050101,"{""Old"":358,""New"":362,""Reason"":3}"
58338017,"{""Old"":808,""New"":818,""Reason"":3}"
8279087,"{""Old"":2261,""New"":2263,""Reason"":3}"
47480486,"{""Old"":4799,""New"":4817,""Reason"":3}"
58338017,"{""Old"":843,""New"":849,""Reason"":3}"
6921102,"{""Old"":1742,""New"":1850,""Reason"":3}"
34696227,"{""Old"":359,""New"":371,""Reason"":3}"
58338017,"{""Old"":889,""New"":899,""Reason"":3}"
52232750,"{""Old"":826,""New"":854,""Reason"":3}"
34343897,"{""Old"":2787,""New"":2803,""Reason"":3}"
29350329,"{""Old"":1053,""New"":1057,""Reason"":3}"
48197039,"{""Old"":337,""New"":341,""Reason"":3}"
34343897,"{""Old"":2739,""New"":2747,""Reason"":3}"
67962623,"{""Old"":11941,""New"":11943,""Reason"":3}"
39436967,"{""Old"":45,""New"":49,""Reason"":3}"
39175883,"{""Old"":283,""New"":293,""Reason"":3}"
84648640,"{""Old"":1055,""New"":1057,""Reason"":3}"
217941963,"{""Old"":13539,""New"":13541,""Reason"":3}"
27801143,"{""Old"":2504,""New"":2518,""Reason"":3}"
63082603,"{""Old"":23496,""New"":23506,""Reason"":3}"
67962623,"{""Old"":12016,""New"":12038,""Reason"":3}"
66592258,"{""Old"":345,""New"":347,""Reason"":3}"
12351190,"{""Old"":3103,""New"":3115,""Reason"":3}"
56973682,"{""Old"":575,""New"":579,""Reason"":3}"
82629288,"{""Old"":28288,""New"":28294,""Reason"":3}"
5832665,"{""Old"":20685,""New"":20695,""Reason"":3}"
27853630,"{""Old"":44623,""New"":44653,""Reason"":3}"
9373239,"{""Old"":101,""New"":109,""Reason"":3}"
9373239,"{""Old"":518,""New"":530,""Reason"":3}"
44659425,"{""Old"":4565,""New"":4571,""Reason"":3}"
4640799,"{""Old"":942,""New"":948,""Reason"":3}"
4593813,"{""Old"":854,""New"":866,""Reason"":3}"
45310161,"{""Old"":4246,""New"":4250,""Reason"":3}"
2985676,"{""Old"":1532,""New"":1544,""Reason"":3}"
22941429,"{""Old"":390,""New"":392,""Reason"":3}"
44289284,"{""Old"":106,""New"":112,""Reason"":3}"
26468924,"{""Old"":435,""New"":437,""Reason"":3}"
34840972,"{""Old"":1371,""New"":1375,""Reason"":3}"
6774573,"{""Old"":814,""New"":828,""Reason"":3}"
20887961,"{""Old"":1158,""New"":1166,""Reason"":3}"
57809091,"{""Old"":73,""New"":75,""Reason"":3}"
28967234,"{""Old"":1582,""New"":1584,""Reason"":3}"
24810665,"{""Old"":65,""New"":67,""Reason"":3}"
52232750,"{""Old"":1219,""New"":1227,""Reason"":3}"
32235580,"{""Old"":454,""New"":464,""Reason"":3}"
71906094,"{""Old"":931,""New"":937,""Reason"":3}"
12265633,"{""Old"":2060,""New"":2062,""Reason"":3}"
43428109,"{""Old"":194,""New"":196,""Reason"":3}"
7187396,"{""Old"":353,""New"":371,""Reason"":3}"
6921102,"{""Old"":711,""New"":721,""Reason"":3}"
31383030,"{""Old"":281,""New"":283,""Reason"":3}"
72219864,"{""Old"":1740,""New"":1746,""Reason"":3}"
56973682,"{""Old"":500,""New"":502,""Reason"":3}"
35740144,"{""Old"":1530,""New"":1534,""Reason"":3}"
35791616,"{""Old"":170,""New"":172,""Reason"":3}"
56973682,"{""Old"":356,""New"":358,""Reason"":3}"
49930221,"{""Old"":65,""New"":73,""Reason"":3}"
32377577,"{""Old"":1897,""New"":1907,""Reason"":3}"
47462189,"{""Old"":415,""New"":421,""Reason"":3}"
58338017,"{""Old"":1090,""New"":1108,""Reason"":3}"
8688734,"{""Old"":389,""New"":391,""Reason"":3}"
8688734,"{""Old"":198,""New"":206,""Reason"":3}"
35914837,"{""Old"":675,""New"":681,""Reason"":3}"
4558571,"{""Old"":908,""New"":914,""Reason"":3}"
77312159,"{""Old"":1539,""New"":1541,""Reason"":3}"
77312159,"{""Old"":1569,""New"":1573,""Reason"":3}"
29194654,"{""Old"":20455,""New"":20459,""Reason"":3}"
7710759,"{""Old"":865,""New"":883,""Reason"":3}"
42964744,"{""Old"":2806,""New"":2808,""Reason"":3}"
54525546,"{""Old"":3460,""New"":3464,""Reason"":3}"
36072891,"{""Old"":525,""New"":561,""Reason"":3}"
66019170,"{""Old"":167,""New"":173,""Reason"":3}"
48197039,"{""Old"":255,""New"":259,""Reason"":3}"
4861422,"{""Old"":10988,""New"":11004,""Reason"":3}"
29798681,"{""Old"":830,""New"":834,""Reason"":3}"
35833980,"{""Old"":125,""New"":127,""Reason"":3}"
75981953,"{""Old"":391,""New"":401,""Reason"":3}"
4558571,"{""Old"":953,""New"":965,""Reason"":3}"
40849881,"{""Old"":913,""New"":915,""Reason"":3}"
76016253,"{""Old"":2504,""New"":2510,""Reason"":3}"
77312159,"{""Old"":1537,""New"":1539,""Reason"":3}"
24910137,"{""Old"":347,""New"":355,""Reason"":3}"
6774573,"{""Old"":720,""New"":798,""Reason"":3}"
26468924,"{""Old"":453,""New"":457,""Reason"":3}"
38980177,"{""Old"":366,""New"":386,""Reason"":3}"
52880077,"{""Old"":9778,""New"":9780,""Reason"":3}"
56049845,"{""Old"":3012,""New"":3034,""Reason"":3}"
25154055,"{""Old"":1541,""New"":1557,""Reason"":3}"
59961124,"{""Old"":56678,""New"":56680,""Reason"":3}"
62168761,"{""Old"":32,""New"":34,""Reason"":3}"
63169192,"{""Old"":656,""New"":660,""Reason"":3}"
25154055,"{""Old"":1461,""New"":1463,""Reason"":3}"
38733450,"{""Old"":211,""New"":253,""Reason"":3}"
52232750,"{""Old"":1239,""New"":1241,""Reason"":3}"
37781144,"{""Old"":8075,""New"":8085,""Reason"":3}"
32235580,"{""Old"":450,""New"":452,""Reason"":3}"
63169192,"{""Old"":650,""New"":654,""Reason"":3}"
33639865,"{""Old"":117,""New"":127,""Reason"":3}"
33639865,"{""Old"":172,""New"":182,""Reason"":3}"
86778802,"{""Old"":47046,""New"":47176,""Reason"":3}"
86252946,"{""Old"":1084,""New"":1094,""Reason"":3}"
38378243,"{""Old"":1758,""New"":1764,""Reason"":3}"
13571791,"{""Old"":3436,""New"":3442,""Reason"":3}"
12265633,"{""Old"":2113,""New"":2117,""Reason"":3}"
44289284,"{""Old"":115,""New"":125,""Reason"":3}"
12265633,"{""Old"":2097,""New"":2109,""Reason"":3}"
46432620,"{""Old"":497,""New"":511,""Reason"":3}"
46432620,"{""Old"":573,""New"":575,""Reason"":3}"
47462189,"{""Old"":1319,""New"":1347,""Reason"":3}"
35546969,"{""Old"":168,""New"":174,""Reason"":3}"
4558571,"{""Old"":985,""New"":1003,""Reason"":3}"
218155358,"{""Old"":53225,""New"":53245,""Reason"":3}"
4328218,"{""Old"":216,""New"":218,""Reason"":3}"
8145378,"{""Old"":295,""New"":297,""Reason"":3}"
75568836,"{""Old"":75,""New"":79,""Reason"":3}"
32568814,"{""Old"":7814,""New"":7818,""Reason"":3}"
32568814,"{""Old"":8203,""New"":8225,""Reason"":3}"
12985282,"{""Old"":486,""New"":496,""Reason"":3}"
9400282,"{""Old"":1445,""New"":1447,""Reason"":3}"
55522266,"{""Old"":2498,""New"":2500,""Reason"":3}"
68768776,"{""Old"":251,""New"":253,""Reason"":3}"
44659425,"{""Old"":4775,""New"":4777,""Reason"":3}"
46432620,"{""Old"":575,""New"":577,""Reason"":3}"
46432620,"{""Old"":649,""New"":673,""Reason"":3}"
61988559,"{""Old"":1341,""New"":1343,""Reason"":3}"
48984720,"{""Old"":175,""New"":177,""Reason"":3}"
34659987,"{""Old"":1883,""New"":1887,""Reason"":3}"
57662119,"{""Old"":25,""New"":29,""Reason"":3}"
9373239,"{""Old"":125,""New"":129,""Reason"":3}"
52232750,"{""Old"":682,""New"":684,""Reason"":3}"
39479820,"{""Old"":9172,""New"":9174,""Reason"":3}"
67962623,"{""Old"":11891,""New"":11917,""Reason"":3}"
76016253,"{""Old"":2528,""New"":2534,""Reason"":3}"
17920625,"{""Old"":10609,""New"":10693,""Reason"":3}"
43582178,"{""Old"":494,""New"":496,""Reason"":3}"
43582178,"{""Old"":607,""New"":613,""Reason"":3}"
53324485,"{""Old"":29227,""New"":29257,""Reason"":3}"
48242635,"{""Old"":496,""New"":504,""Reason"":3}"
86580266,"{""Old"":1116,""New"":1118,""Reason"":3}"
34354309,"{""Old"":1275,""New"":1281,""Reason"":3}"
34343897,"{""Old"":2712,""New"":2724,""Reason"":3}"
86580266,"{""Old"":1111,""New"":1113,""Reason"":3}"
64442454,"{""Old"":14714,""New"":14718,""Reason"":3}"
82629288,"{""Old"":28488,""New"":28498,""Reason"":3}"
53324485,"{""Old"":28009,""New"":28021,""Reason"":3}"
35319634,"{""Old"":1499,""New"":1515,""Reason"":3}"
41314505,"{""Old"":1319,""New"":1323,""Reason"":3}"
6774573,"{""Old"":1504,""New"":1520,""Reason"":3}"
45310161,"{""Old"":4236,""New"":4238,""Reason"":3}"
6774573,"{""Old"":146,""New"":148,""Reason"":3}"
6774573,"{""Old"":1520,""New"":1526,""Reason"":3}"
6774573,"{""Old"":1526,""New"":1542,""Reason"":3}"
40849881,"{""Old"":951,""New"":967,""Reason"":3}"
34696227,"{""Old"":631,""New"":641,""Reason"":3}"
71446593,"{""Old"":322,""New"":326,""Reason"":3}"
53324485,"{""Old"":29735,""New"":29847,""Reason"":3}"
65928364,"{""Old"":1495,""New"":1499,""Reason"":3}"
35345266,"{""Old"":67,""New"":77,""Reason"":3}"
6774573,"{""Old"":224,""New"":230,""Reason"":3}"
73016675,"{""Old"":595,""New"":607,""Reason"":3}"
4861422,"{""Old"":10901,""New"":10913,""Reason"":3}"
41068488,"{""Old"":132,""New"":136,""Reason"":3}"
36923387,"{""Old"":1205,""New"":1207,""Reason"":3}"
22941429,"{""Old"":117,""New"":121,""Reason"":3}"
2985676,"{""Old"":1224,""New"":1228,""Reason"":3}"
2985676,"{""Old"":1518,""New"":1532,""Reason"":3}"
52880077,"{""Old"":9705,""New"":9707,""Reason"":3}"
6774573,"{""Old"":339,""New"":357,""Reason"":3}"
56138952,"{""Old"":256,""New"":260,""Reason"":3}"
59961124,"{""Old"":56400,""New"":56402,""Reason"":3}"
34642494,"{""Old"":1825,""New"":1827,""Reason"":3}"
34642494,"{""Old"":1863,""New"":1869,""Reason"":3}"
30269823,"{""Old"":234,""New"":240,""Reason"":3}"
32377577,"{""Old"":1233,""New"":1235,""Reason"":3}"
32377577,"{""Old"":1123,""New"":1125,""Reason"":3}"
58338017,"{""Old"":1028,""New"":1040,""Reason"":3}"
32377577,"{""Old"":1585,""New"":1601,""Reason"":3}"
6921102,"{""Old"":1614,""New"":1636,""Reason"":3}"
6084170,"{""Old"":14003,""New"":14007,""Reason"":3}"
52598655,"{""Old"":428,""New"":444,""Reason"":3}"
4861422,"{""Old"":10742,""New"":10754,""Reason"":3}"
7027175,"{""Old"":1578,""New"":1580,""Reason"":3}"
20523616,"{""Old"":956,""New"":958,""Reason"":3}"
35887608,"{""Old"":103,""New"":105,""Reason"":3}"
44392793,"{""Old"":706,""New"":710,""Reason"":3}"
32377577,"{""Old"":1131,""New"":1141,""Reason"":3}"
7187396,"{""Old"":371,""New"":393,""Reason"":3}"
42321766,"{""Old"":86,""New"":90,""Reason"":3}"
24098332,"{""Old"":74,""New"":78,""Reason"":3}"
44659425,"{""Old"":4808,""New"":4816,""Reason"":3}"
45319593,"{""Old"":945,""New"":947,""Reason"":3}"
71356238,"{""Old"":1170,""New"":1174,""Reason"":3}"
68768776,"{""Old"":195,""New"":201,""Reason"":3}"
68768776,"{""Old"":271,""New"":285,""Reason"":3}"
62772870,"{""Old"":364,""New"":368,""Reason"":3}"
32116408,"{""Old"":6575,""New"":6577,""Reason"":3}"
63169192,"{""Old"":616,""New"":618,""Reason"":3}"
33639865,"{""Old"":135,""New"":151,""Reason"":3}"
18466295,"{""Old"":37,""New"":39,""Reason"":3}"
68175790,"{""Old"":341,""New"":345,""Reason"":3}"
65586117,"{""Old"":335,""New"":337,""Reason"":3}"
6774573,"{""Old"":1303,""New"":1329,""Reason"":3}"
6774573,"{""Old"":1408,""New"":1438,""Reason"":3}"
6774573,"{""Old"":148,""New"":150,""Reason"":3}"
8557317,"{""Old"":125,""New"":127,""Reason"":3}"
4558571,"{""Old"":1066,""New"":1092,""Reason"":3}"
4558571,"{""Old"":1114,""New"":1120,""Reason"":3}"
47704680,"{""Old"":915,""New"":933,""Reason"":3}"
51672058,"{""Old"":579,""New"":581,""Reason"":3}"
61036709,"{""Old"":1674,""New"":1682,""Reason"":3}"
6774573,"{""Old"":1648,""New"":1656,""Reason"":3}"
6774573,"{""Old"":1542,""New"":1566,""Reason"":3}"
6774573,"{""Old"":1584,""New"":1648,""Reason"":3}"
6774573,"{""Old"":1666,""New"":1672,""Reason"":3}"
65586117,"{""Old"":337,""New"":343,""Reason"":3}"
75981953,"{""Old"":403,""New"":411,""Reason"":3}"
46012307,"{""Old"":1044,""New"":1048,""Reason"":3}"
4558571,"{""Old"":1134,""New"":1136,""Reason"":3}"
5832665,"{""Old"":20677,""New"":20685,""Reason"":3}"
34659987,"{""Old"":1863,""New"":1869,""Reason"":3}"
71361201,"{""Old"":487,""New"":501,""Reason"":3}"
34343897,"{""Old"":2783,""New"":2787,""Reason"":3}"
4749137,"{""Old"":1642,""New"":1662,""Reason"":3}"
40849881,"{""Old"":878,""New"":884,""Reason"":3}"
40849881,"{""Old"":904,""New"":908,""Reason"":3}"
82629288,"{""Old"":28283,""New"":28287,""Reason"":3}"
47085919,"{""Old"":87,""New"":89,""Reason"":3}"
38308190,"{""Old"":1891,""New"":1893,""Reason"":3}"
6921102,"{""Old"":1661,""New"":1717,""Reason"":3}"
30269823,"{""Old"":221,""New"":233,""Reason"":3}"
85208736,"{""Old"":297,""New"":299,""Reason"":3}"
82717800,"{""Old"":3478,""New"":3480,""Reason"":3}"
80050101,"{""Old"":362,""New"":364,""Reason"":3}"
32377577,"{""Old"":1158,""New"":1162,""Reason"":3}"
85208736,"{""Old"":299,""New"":303,""Reason"":3}"
53324485,"{""Old"":29500,""New"":29510,""Reason"":3}"
43582178,"{""Old"":623,""New"":643,""Reason"":3}"
211904728,"{""Old"":213772,""New"":213842,""Reason"":3}"
4558571,"{""Old"":1094,""New"":1112,""Reason"":3}"
53324485,"{""Old"":28768,""New"":28780,""Reason"":3}"
57662119,"{""Old"":22,""New"":24,""Reason"":3}"
82629288,"{""Old"":29520,""New"":29566,""Reason"":3}"
39479328,"{""Old"":756,""New"":758,""Reason"":3}"
5393319,"{""Old"":85,""New"":89,""Reason"":3}"
210552037,"{""Old"":1443,""New"":1459,""Reason"":3}"
32381984,"{""Old"":2529,""New"":2531,""Reason"":3}"
6882419,"{""Old"":618,""New"":628,""Reason"":3}"
61036709,"{""Old"":1700,""New"":1704,""Reason"":3}"
44659425,"{""Old"":4785,""New"":4797,""Reason"":3}"
52598655,"{""Old"":528,""New"":534,""Reason"":3}"
32568814,"{""Old"":7943,""New"":7945,""Reason"":3}"
68768776,"{""Old"":294,""New"":296,""Reason"":3}"
46432620,"{""Old"":929,""New"":945,""Reason"":3}"
53324485,"{""Old"":27107,""New"":27139,""Reason"":3}"
77312159,"{""Old"":1574,""New"":1576,""Reason"":3}"
34343897,"{""Old"":2747,""New"":2761,""Reason"":3}"
82629288,"{""Old"":28104,""New"":28122,""Reason"":3}"
82629288,"{""Old"":28247,""New"":28271,""Reason"":3}"
82703855,"{""Old"":1,""New"":3,""Reason"":3}"
40849881,"{""Old"":870,""New"":872,""Reason"":3}"
57320977,"{""Old"":568,""New"":574,""Reason"":3}"
17920625,"{""Old"":3767,""New"":3771,""Reason"":3}"
17920625,"{""Old"":9105,""New"":9805,""Reason"":3}"
31510531,"{""Old"":3783,""New"":3811,""Reason"":3}"
6051690,"{""Old"":1444,""New"":1458,""Reason"":3}"
8688734,"{""Old"":177,""New"":179,""Reason"":3}"
41190481,"{""Old"":9305,""New"":9501,""Reason"":3}"
22941429,"{""Old"":88,""New"":104,""Reason"":3}"
52880077,"{""Old"":9776,""New"":9778,""Reason"":3}"
43931948,"{""Old"":107,""New"":109,""Reason"":3}"
25154055,"{""Old"":1411,""New"":1435,""Reason"":3}"
20887961,"{""Old"":1122,""New"":1126,""Reason"":3}"
20122563,"{""Old"":1099,""New"":1101,""Reason"":3}"
26517196,"{""Old"":1437,""New"":1439,""Reason"":3}"
2985676,"{""Old"":1502,""New"":1506,""Reason"":3}"
35237359,"{""Old"":3614,""New"":3616,""Reason"":3}"
6774573,"{""Old"":1672,""New"":1686,""Reason"":3}"
6774573,"{""Old"":798,""New"":814,""Reason"":3}"
73271573,"{""Old"":2400,""New"":2418,""Reason"":3}"
2985676,"{""Old"":1386,""New"":1470,""Reason"":3}"
73016675,"{""Old"":638,""New"":640,""Reason"":3}"
22941429,"{""Old"":85,""New"":87,""Reason"":3}"
4861422,"{""Old"":11116,""New"":11118,""Reason"":3}"
32116408,"{""Old"":6513,""New"":6525,""Reason"":3}"
4861422,"{""Old"":10682,""New"":10692,""Reason"":3}"
68175790,"{""Old"":313,""New"":341,""Reason"":3}"
4861422,"{""Old"":11198,""New"":11218,""Reason"":3}"
32116408,"{""Old"":6561,""New"":6563,""Reason"":3}"
38096868,"{""Old"":375,""New"":389,""Reason"":3}"
13074595,"{""Old"":60254,""New"":60260,""Reason"":3}"
58338017,"{""Old"":802,""New"":808,""Reason"":3}"
47462189,"{""Old"":797,""New"":811,""Reason"":3}"
32377577,"{""Old"":1305,""New"":1311,""Reason"":3}"
41068488,"{""Old"":115,""New"":117,""Reason"":3}"
34696227,"{""Old"":629,""New"":631,""Reason"":3}"
27365152,"{""Old"":23939,""New"":23953,""Reason"":3}"
85208736,"{""Old"":295,""New"":297,""Reason"":3}"
47462189,"{""Old"":1711,""New"":1741,""Reason"":3}"
32377577,"{""Old"":1503,""New"":1535,""Reason"":3}"
47462189,"{""Old"":1624,""New"":1644,""Reason"":3}"
60749441,"{""Old"":1447,""New"":1453,""Reason"":3}"
85208736,"{""Old"":491,""New"":499,""Reason"":3}"
8279087,"{""Old"":2255,""New"":2257,""Reason"":3}"
8688734,"{""Old"":249,""New"":255,""Reason"":3}"
47462189,"{""Old"":861,""New"":869,""Reason"":3}"
47462189,"{""Old"":1407,""New"":1423,""Reason"":3}"
32377577,"{""Old"":1359,""New"":1389,""Reason"":3}"
4593813,"{""Old"":842,""New"":854,""Reason"":3}"
72219864,"{""Old"":1764,""New"":1768,""Reason"":3}"
42218918,"{""Old"":1891,""New"":1895,""Reason"":3}"
12985282,"{""Old"":470,""New"":472,""Reason"":3}"
47704680,"{""Old"":1181,""New"":1183,""Reason"":3}"
54377448,"{""Old"":367,""New"":385,""Reason"":3}"
29350329,"{""Old"":1038,""New"":1050,""Reason"":3}"
26901127,"{""Old"":2353,""New"":2369,""Reason"":3}"
211375285,"{""Old"":1818,""New"":1820,""Reason"":3}"
6244615,"{""Old"":742,""New"":744,""Reason"":3}"
41190481,"{""Old"":10001,""New"":10041,""Reason"":3}"
75835433,"{""Old"":3947,""New"":3959,""Reason"":3}"
45632747,"{""Old"":340,""New"":342,""Reason"":3}"
9453157,"{""Old"":2851,""New"":2853,""Reason"":3}"
17920625,"{""Old"":5598,""New"":5682,""Reason"":3}"
17920625,"{""Old"":10589,""New"":10609,""Reason"":3}"
85449149,"{""Old"":400,""New"":408,""Reason"":3}"
3857981,"{""Old"":2249,""New"":2253,""Reason"":3}"
3857981,"{""Old"":2287,""New"":2297,""Reason"":3}"
44659425,"{""Old"":4763,""New"":4771,""Reason"":3}"
35494962,"{""Old"":33288,""New"":33302,""Reason"":3}"
47704680,"{""Old"":843,""New"":865,""Reason"":3}"
8557317,"{""Old"":120,""New"":122,""Reason"":3}"
70367218,"{""Old"":4542,""New"":4546,""Reason"":3}"
49993613,"{""Old"":10779,""New"":10781,""Reason"":3}"
53324485,"{""Old"":27807,""New"":27901,""Reason"":3}"
76016253,"{""Old"":2434,""New"":2462,""Reason"":3}"
17920625,"{""Old"":10947,""New"":10967,""Reason"":3}"
24797713,"{""Old"":653,""New"":665,""Reason"":3}"
53324485,"{""Old"":29257,""New"":29277,""Reason"":3}"
47704680,"{""Old"":865,""New"":867,""Reason"":3}"
55918400,"{""Old"":85,""New"":87,""Reason"":3}"
53324485,"{""Old"":29440,""New"":29460,""Reason"":3}"
71906094,"{""Old"":909,""New"":921,""Reason"":3}"
71228420,"{""Old"":2311,""New"":2315,""Reason"":3}"
50494222,"{""Old"":87012,""New"":90022,""Reason"":3}"
8688734,"{""Old"":312,""New"":320,""Reason"":3}"
4558571,"{""Old"":1120,""New"":1128,""Reason"":3}"
71361201,"{""Old"":513,""New"":521,""Reason"":3}"
48197039,"{""Old"":406,""New"":412,""Reason"":3}"
64442454,"{""Old"":14818,""New"":14828,""Reason"":3}"
71446593,"{""Old"":235,""New"":237,""Reason"":3}"
47462189,"{""Old"":1473,""New"":1507,""Reason"":3}"
39479820,"{""Old"":8345,""New"":8347,""Reason"":3}"
41190481,"{""Old"":10071,""New"":10101,""Reason"":3}"
32568814,"{""Old"":8267,""New"":8279,""Reason"":3}"
8688734,"{""Old"":266,""New"":268,""Reason"":3}"
38308190,"{""Old"":1885,""New"":1891,""Reason"":3}"
52232750,"{""Old"":763,""New"":771,""Reason"":3}"
53698855,"{""Old"":4403,""New"":4409,""Reason"":3}"
45319593,"{""Old"":1023,""New"":1025,""Reason"":3}"
32568814,"{""Old"":8332,""New"":8338,""Reason"":3}"
55522266,"{""Old"":2442,""New"":2448,""Reason"":3}"
27840904,"{""Old"":354,""New"":362,""Reason"":3}"
52232750,"{""Old"":1264,""New"":1272,""Reason"":3}"
71446593,"{""Old"":249,""New"":253,""Reason"":3}"
34696227,"{""Old"":155,""New"":157,""Reason"":3}"
38169134,"{""Old"":1925,""New"":1983,""Reason"":3}"
52232750,"{""Old"":1312,""New"":1338,""Reason"":3}"
4546671,"{""Old"":33,""New"":35,""Reason"":3}"
58338017,"{""Old"":1143,""New"":1145,""Reason"":3}"
8279087,"{""Old"":2245,""New"":2255,""Reason"":3}"
48180696,"{""Old"":3089,""New"":3135,""Reason"":3}"
35914837,"{""Old"":669,""New"":673,""Reason"":3}"
47462189,"{""Old"":369,""New"":379,""Reason"":3}"
73503694,"{""Old"":3860,""New"":3864,""Reason"":3}"
25739034,"{""Old"":454,""New"":456,""Reason"":3}"
64074200,"{""Old"":368,""New"":370,""Reason"":3}"
44659425,"{""Old"":4616,""New"":4622,""Reason"":3}"
46432620,"{""Old"":981,""New"":987,""Reason"":3}"
45319593,"{""Old"":623,""New"":639,""Reason"":3}"
73660558,"{""Old"":11080,""New"":11098,""Reason"":3}"
13129297,"{""Old"":626,""New"":628,""Reason"":3}"
26901127,"{""Old"":2333,""New"":2353,""Reason"":3}"
45319593,"{""Old"":897,""New"":919,""Reason"":3}"
70367218,"{""Old"":4568,""New"":4572,""Reason"":3}"
47704680,"{""Old"":1213,""New"":1215,""Reason"":3}"
34696227,"{""Old"":710,""New"":714,""Reason"":3}"
12766621,"{""Old"":157,""New"":159,""Reason"":3}"
85208736,"{""Old"":555,""New"":559,""Reason"":3}"
6921102,"{""Old"":1982,""New"":1986,""Reason"":3}"
85208736,"{""Old"":250,""New"":258,""Reason"":3}"
80050101,"{""Old"":288,""New"":300,""Reason"":3}"
205119297,"{""Old"":66,""New"":68,""Reason"":3}"
53324485,"{""Old"":29390,""New"":29440,""Reason"":3}"
53324485,"{""Old"":29560,""New"":29580,""Reason"":3}"
53324485,"{""Old"":29027,""New"":29057,""Reason"":3}"
53324485,"{""Old"":28676,""New"":28716,""Reason"":3}"
35494962,"{""Old"":33380,""New"":33394,""Reason"":3}"
48242635,"{""Old"":513,""New"":517,""Reason"":3}"
67394942,"{""Old"":50,""New"":54,""Reason"":3}"
73660558,"{""Old"":10910,""New"":10938,""Reason"":3}"
75449739,"{""Old"":2207,""New"":2211,""Reason"":3}"
75449739,"{""Old"":2303,""New"":2323,""Reason"":3}"
46810726,"{""Old"":2608,""New"":2626,""Reason"":3}"
17920625,"{""Old"":10925,""New"":10945,""Reason"":3}"
75217747,"{""Old"":1605,""New"":1639,""Reason"":3}"
57411895,"{""Old"":6323,""New"":6337,""Reason"":3}"
33931104,"{""Old"":574,""New"":576,""Reason"":3}"
8557317,"{""Old"":123,""New"":125,""Reason"":3}"
4328218,"{""Old"":264,""New"":266,""Reason"":3}"
49993613,"{""Old"":10757,""New"":10759,""Reason"":3}"
57320977,"{""Old"":697,""New"":709,""Reason"":3}"
4328218,"{""Old"":256,""New"":260,""Reason"":3}"
4328218,"{""Old"":252,""New"":256,""Reason"":3}"
57320977,"{""Old"":662,""New"":676,""Reason"":3}"
49993613,"{""Old"":10737,""New"":10751,""Reason"":3}"
17920625,"{""Old"":10723,""New"":10793,""Reason"":3}"
48242635,"{""Old"":519,""New"":523,""Reason"":3}"
4328218,"{""Old"":236,""New"":252,""Reason"":3}"
7710759,"{""Old"":891,""New"":901,""Reason"":3}"
17920625,"{""Old"":3315,""New"":3341,""Reason"":3}"
42964744,"{""Old"":2817,""New"":2867,""Reason"":3}"
48242635,"{""Old"":487,""New"":491,""Reason"":3}"
53324485,"{""Old"":29277,""New"":29357,""Reason"":3}"
47704680,"{""Old"":1041,""New"":1055,""Reason"":3}"
32921991,"{""Old"":1015,""New"":1017,""Reason"":3}"
62448257,"{""Old"":3336,""New"":3352,""Reason"":3}"
9400282,"{""Old"":1468,""New"":1472,""Reason"":3}"
44659425,"{""Old"":4661,""New"":4665,""Reason"":3}"
85208736,"{""Old"":509,""New"":523,""Reason"":3}"
34696227,"{""Old"":272,""New"":284,""Reason"":3}"
34696227,"{""Old"":447,""New"":457,""Reason"":3}"
7187396,"{""Old"":415,""New"":429,""Reason"":3}"
47462189,"{""Old"":1008,""New"":1022,""Reason"":3}"
25122581,"{""Old"":94,""New"":100,""Reason"":3}"
34696227,"{""Old"":671,""New"":681,""Reason"":3}"
80050101,"{""Old"":364,""New"":368,""Reason"":3}"
32619566,"{""Old"":255,""New"":257,""Reason"":3}"
47462189,"{""Old"":1741,""New"":1751,""Reason"":3}"
6921102,"{""Old"":1877,""New"":1901,""Reason"":3}"
58338017,"{""Old"":850,""New"":864,""Reason"":3}"
84490801,"{""Old"":91230,""New"":91318,""Reason"":3}"
51556741,"{""Old"":48,""New"":54,""Reason"":3}"
71446593,"{""Old"":261,""New"":273,""Reason"":3}"
9373239,"{""Old"":216,""New"":228,""Reason"":3}"
4640799,"{""Old"":846,""New"":850,""Reason"":3}"
4640799,"{""Old"":878,""New"":882,""Reason"":3}"
44659425,"{""Old"":4652,""New"":4656,""Reason"":3}"
76226595,"{""Old"":7936,""New"":8602,""Reason"":3}"
73660558,"{""Old"":11466,""New"":11474,""Reason"":3}"
75835433,"{""Old"":4001,""New"":4003,""Reason"":3}"
6921102,"{""Old"":696,""New"":700,""Reason"":3}"
6921102,"{""Old"":767,""New"":771,""Reason"":3}"
64074200,"{""Old"":358,""New"":360,""Reason"":3}"
38169134,"{""Old"":1863,""New"":1919,""Reason"":3}"
85208736,"{""Old"":523,""New"":529,""Reason"":3}"
45332006,"{""Old"":312,""New"":320,""Reason"":3}"
44659425,"{""Old"":4773,""New"":4775,""Reason"":3}"
46432620,"{""Old"":969,""New"":973,""Reason"":3}"
45319593,"{""Old"":864,""New"":896,""Reason"":3}"
45319593,"{""Old"":948,""New"":990,""Reason"":3}"
68768776,"{""Old"":204,""New"":206,""Reason"":3}"
9373239,"{""Old"":72,""New"":74,""Reason"":3}"
52232750,"{""Old"":1006,""New"":1016,""Reason"":3}"
24930635,"{""Old"":1654,""New"":1672,""Reason"":3}"
32377577,"{""Old"":1434,""New"":1456,""Reason"":3}"
75835433,"{""Old"":3935,""New"":3941,""Reason"":3}"
75449739,"{""Old"":2227,""New"":2245,""Reason"":3}"
53698855,"{""Old"":4379,""New"":4399,""Reason"":3}"
80050101,"{""Old"":325,""New"":339,""Reason"":3}"
58338017,"{""Old"":1145,""New"":1151,""Reason"":3}"
60749441,"{""Old"":1461,""New"":1497,""Reason"":3}"
32377577,"{""Old"":1621,""New"":1631,""Reason"":3}"
58338017,"{""Old"":1151,""New"":1157,""Reason"":3}"
58338017,"{""Old"":1108,""New"":1110,""Reason"":3}"
58338017,"{""Old"":875,""New"":887,""Reason"":3}"
52232750,"{""Old"":601,""New"":633,""Reason"":3}"
32568814,"{""Old"":7900,""New"":7910,""Reason"":3}"
45319593,"{""Old"":1104,""New"":1112,""Reason"":3}"
35546969,"{""Old"":156,""New"":168,""Reason"":3}"
72219864,"{""Old"":1730,""New"":1732,""Reason"":3}"
58338017,"{""Old"":747,""New"":749,""Reason"":3}"
8279087,"{""Old"":2257,""New"":2261,""Reason"":3}"
47462189,"{""Old"":603,""New"":619,""Reason"":3}"
64074200,"{""Old"":332,""New"":338,""Reason"":3}"
64074200,"{""Old"":360,""New"":362,""Reason"":3}"
71356238,"{""Old"":1174,""New"":1176,""Reason"":3}"
46432620,"{""Old"":639,""New"":645,""Reason"":3}"
68768776,"{""Old"":226,""New"":230,""Reason"":3}"
46432620,"{""Old"":717,""New"":735,""Reason"":3}"
46432620,"{""Old"":702,""New"":708,""Reason"":3}"
46432620,"{""Old"":743,""New"":779,""Reason"":3}"
46432620,"{""Old"":831,""New"":835,""Reason"":3}"
46432620,"{""Old"":997,""New"":1017,""Reason"":3}"
68768776,"{""Old"":215,""New"":225,""Reason"":3}"
52598655,"{""Old"":350,""New"":394,""Reason"":3}"
52232750,"{""Old"":1248,""New"":1252,""Reason"":3}"
32377577,"{""Old"":1601,""New"":1621,""Reason"":3}"
85208736,"{""Old"":583,""New"":585,""Reason"":3}"
80050101,"{""Old"":313,""New"":315,""Reason"":3}"
75449739,"{""Old"":2271,""New"":2279,""Reason"":3}"
51556741,"{""Old"":70,""New"":72,""Reason"":3}"
52232750,"{""Old"":695,""New"":705,""Reason"":3}"
52232750,"{""Old"":939,""New"":969,""Reason"":3}"
24930635,"{""Old"":1680,""New"":1684,""Reason"":3}"
68768776,"{""Old"":299,""New"":303,""Reason"":3}"
45319593,"{""Old"":1058,""New"":1060,""Reason"":3}"
55522266,"{""Old"":2479,""New"":2493,""Reason"":3}"
45319593,"{""Old"":1067,""New"":1103,""Reason"":3}"
68768776,"{""Old"":265,""New"":267,""Reason"":3}"
201565207,"{""Old"":2309,""New"":2311,""Reason"":3}"
67316961,"{""Old"":9873,""New"":9877,""Reason"":3}"
6688497,"{""Old"":569,""New"":571,""Reason"":3}"
27777369,"{""Old"":119313,""New"":119335,""Reason"":3}"
27777369,"{""Old"":119335,""New"":119345,""Reason"":3}"
52598655,"{""Old"":143,""New"":153,""Reason"":3}"
75835433,"{""Old"":3925,""New"":3935,""Reason"":3}"
4593813,"{""Old"":823,""New"":825,""Reason"":3}"
32377577,"{""Old"":1236,""New"":1244,""Reason"":3}"
32377577,"{""Old"":1297,""New"":1305,""Reason"":3}"
71563520,"{""Old"":1022,""New"":1026,""Reason"":3}"
45319593,"{""Old"":942,""New"":944,""Reason"":3}"
67898653,"{""Old"":1777,""New"":1779,""Reason"":3}"
46432620,"{""Old"":711,""New"":713,""Reason"":3}"
24098332,"{""Old"":69,""New"":73,""Reason"":3}"
68768776,"{""Old"":239,""New"":249,""Reason"":3}"
45319593,"{""Old"":1202,""New"":1204,""Reason"":3}"
9373239,"{""Old"":530,""New"":534,""Reason"":3}"
86778802,"{""Old"":47266,""New"":47328,""Reason"":3}"
86778802,"{""Old"":47734,""New"":47736,""Reason"":3}"
27840904,"{""Old"":344,""New"":354,""Reason"":3}"
8688734,"{""Old"":268,""New"":278,""Reason"":3}"
47462189,"{""Old"":1644,""New"":1696,""Reason"":3}"
52598655,"{""Old"":462,""New"":478,""Reason"":3}"
32568814,"{""Old"":7952,""New"":7958,""Reason"":3}"
85208736,"{""Old"":553,""New"":555,""Reason"":3}"
24930635,"{""Old"":1672,""New"":1676,""Reason"":3}"
44659425,"{""Old"":4739,""New"":4751,""Reason"":3}"
61988559,"{""Old"":1356,""New"":1368,""Reason"":3}"
44659425,"{""Old"":4574,""New"":4582,""Reason"":3}"
13129297,"{""Old"":616,""New"":624,""Reason"":3}"
48180696,"{""Old"":3135,""New"":3145,""Reason"":3}"
75449739,"{""Old"":2290,""New"":2302,""Reason"":3}"
75449739,"{""Old"":2354,""New"":2368,""Reason"":3}"
33226466,"{""Old"":2160,""New"":2170,""Reason"":3}"
58338017,"{""Old"":750,""New"":752,""Reason"":3}"
34696227,"{""Old"":688,""New"":708,""Reason"":3}"
32568814,"{""Old"":7927,""New"":7937,""Reason"":3}"
42321766,"{""Old"":77,""New"":83,""Reason"":3}"
63229214,"{""Old"":124,""New"":130,""Reason"":3}"
55522266,"{""Old"":2494,""New"":2498,""Reason"":3}"
85208736,"{""Old"":543,""New"":547,""Reason"":3}"
34696227,"{""Old"":568,""New"":572,""Reason"":3}"
71458070,"{""Old"":251,""New"":261,""Reason"":3}"
8894865,"{""Old"":150,""New"":152,""Reason"":3}"
52232750,"{""Old"":1227,""New"":1239,""Reason"":3}"
55063087,"{""Old"":506,""New"":514,""Reason"":3}"
76226595,"{""Old"":7866,""New"":7886,""Reason"":3}"
6882419,"{""Old"":596,""New"":598,""Reason"":3}"
47462189,"{""Old"":1373,""New"":1407,""Reason"":3}"
30269823,"{""Old"":213,""New"":219,""Reason"":3}"
28967234,"{""Old"":1540,""New"":1566,""Reason"":3}"
8688734,"{""Old"":293,""New"":299,""Reason"":3}"
86617310,"{""Old"":161,""New"":163,""Reason"":3}"
75835433,"{""Old"":3943,""New"":3947,""Reason"":3}"
67898653,"{""Old"":1735,""New"":1763,""Reason"":3}"
84490801,"{""Old"":91318,""New"":91360,""Reason"":3}"
75449739,"{""Old"":2325,""New"":2327,""Reason"":3}"
79878389,"{""Old"":5574,""New"":5576,""Reason"":3}"
46432620,"{""Old"":953,""New"":965,""Reason"":3}"
68768776,"{""Old"":98,""New"":102,""Reason"":3}"
46432620,"{""Old"":637,""New"":639,""Reason"":3}"
45319593,"{""Old"":615,""New"":617,""Reason"":3}"
28231429,"{""Old"":568,""New"":570,""Reason"":3}"
66273046,"{""Old"":12648,""New"":12654,""Reason"":3}"
67898653,"{""Old"":1709,""New"":1713,""Reason"":3}"
4405015,"{""Old"":226,""New"":230,""Reason"":3}"
71356238,"{""Old"":1159,""New"":1169,""Reason"":3}"
46432620,"{""Old"":792,""New"":810,""Reason"":3}"
38308190,"{""Old"":1877,""New"":1883,""Reason"":3}"
86778802,"{""Old"":47334,""New"":47384,""Reason"":3}"
71446593,"{""Old"":380,""New"":384,""Reason"":3}"
60749441,"{""Old"":1520,""New"":1530,""Reason"":3}"
71446593,"{""Old"":279,""New"":283,""Reason"":3}"
85208736,"{""Old"":208,""New"":214,""Reason"":3}"
8279087,"{""Old"":2217,""New"":2223,""Reason"":3}"
23716838,"{""Old"":341,""New"":343,""Reason"":3}"
75449739,"{""Old"":2399,""New"":2443,""Reason"":3}"
79928100,"{""Old"":921,""New"":943,""Reason"":3}"
48984720,"{""Old"":181,""New"":185,""Reason"":3}"
68768776,"{""Old"":102,""New"":104,""Reason"":3}"
32568814,"{""Old"":7839,""New"":7845,""Reason"":3}"
32568814,"{""Old"":7862,""New"":7868,""Reason"":3}"
44659425,"{""Old"":4818,""New"":4820,""Reason"":3}"
4405015,"{""Old"":215,""New"":225,""Reason"":3}"
45319593,"{""Old"":639,""New"":641,""Reason"":3}"
58338017,"{""Old"":839,""New"":841,""Reason"":3}"
47462189,"{""Old"":1269,""New"":1293,""Reason"":3}"
71563520,"{""Old"":1015,""New"":1021,""Reason"":3}"
47462189,"{""Old"":644,""New"":648,""Reason"":3}"
52598655,"{""Old"":444,""New"":462,""Reason"":3}"
57520319,"{""Old"":199,""New"":203,""Reason"":3}"
32377577,"{""Old"":1146,""New"":1156,""Reason"":3}"
56636784,"{""Old"":901,""New"":909,""Reason"":3}"
4546671,"{""Old"":38,""New"":40,""Reason"":3}"
32568814,"{""Old"":8189,""New"":8191,""Reason"":3}"
46432620,"{""Old"":608,""New"":630,""Reason"":3}"
44659425,"{""Old"":4734,""New"":4736,""Reason"":3}"
45319593,"{""Old"":1189,""New"":1201,""Reason"":3}"
46432620,"{""Old"":991,""New"":995,""Reason"":3}"
52232750,"{""Old"":642,""New"":660,""Reason"":3}"
85208736,"{""Old"":14,""New"":16,""Reason"":3}"
47462189,"{""Old"":1769,""New"":1779,""Reason"":3}"
52232750,"{""Old"":1378,""New"":1380,""Reason"":3}"
85208736,"{""Old"":214,""New"":230,""Reason"":3}"
71446593,"{""Old"":395,""New"":409,""Reason"":3}"
6921102,"{""Old"":617,""New"":637,""Reason"":3}"
32568814,"{""Old"":8257,""New"":8267,""Reason"":3}"
46432620,"{""Old"":1030,""New"":1048,""Reason"":3}"
51556741,"{""Old"":64,""New"":68,""Reason"":3}"
6921102,"{""Old"":849,""New"":871,""Reason"":3}"
85208736,"{""Old"":278,""New"":290,""Reason"":3}"
58338017,"{""Old"":826,""New"":834,""Reason"":3}"
60749441,"{""Old"":1549,""New"":1553,""Reason"":3}"
43634643,"{""Old"":143,""New"":145,""Reason"":3}"
85208736,"{""Old"":563,""New"":583,""Reason"":3}"
6921102,"{""Old"":1176,""New"":1186,""Reason"":3}"
32377577,"{""Old"":1671,""New"":1677,""Reason"":3}"
31383030,"{""Old"":284,""New"":286,""Reason"":3}"
38169134,"{""Old"":1990,""New"":2048,""Reason"":3}"
55063087,"{""Old"":516,""New"":520,""Reason"":3}"
46432620,"{""Old"":1064,""New"":1082,""Reason"":3}"
68768776,"{""Old"":231,""New"":237,""Reason"":3}"
52598655,"{""Old"":397,""New"":427,""Reason"":3}"
32568814,"{""Old"":7912,""New"":7926,""Reason"":3}"
46432620,"{""Old"":689,""New"":695,""Reason"":3}"
4640799,"{""Old"":950,""New"":952,""Reason"":3}"
52598655,"{""Old"":301,""New"":313,""Reason"":3}"
75835433,"{""Old"":4041,""New"":4047,""Reason"":3}"
67898653,"{""Old"":1763,""New"":1777,""Reason"":3}"
58338017,"{""Old"":1165,""New"":1167,""Reason"":3}"
34696227,"{""Old"":502,""New"":504,""Reason"":3}"
28226374,"{""Old"":1170,""New"":1186,""Reason"":3}"
71642682,"{""Old"":1290,""New"":1294,""Reason"":3}"
75449739,"{""Old"":2279,""New"":2283,""Reason"":3}"
34696227,"{""Old"":641,""New"":671,""Reason"":3}"
85208736,"{""Old"":303,""New"":305,""Reason"":3}"
80050101,"{""Old"":277,""New"":283,""Reason"":3}"
58151101,"{""Old"":14470,""New"":14472,""Reason"":3}"
75835433,"{""Old"":4003,""New"":4041,""Reason"":3}"
56756847,"{""Old"":674,""New"":676,""Reason"":3}"
75835433,"{""Old"":4047,""New"":4051,""Reason"":3}"
6921102,"{""Old"":1493,""New"":1505,""Reason"":3}"
64074200,"{""Old"":366,""New"":368,""Reason"":3}"
75835433,"{""Old"":3895,""New"":3897,""Reason"":3}"
34696227,"{""Old"":609,""New"":625,""Reason"":3}"
58338017,"{""Old"":1139,""New"":1143,""Reason"":3}"
85208736,"{""Old"":242,""New"":250,""Reason"":3}"
39479328,"{""Old"":738,""New"":740,""Reason"":3}"
75449739,"{""Old"":2219,""New"":2221,""Reason"":3}"
8279087,"{""Old"":2213,""New"":2215,""Reason"":3}"
30190098,"{""Old"":160,""New"":170,""Reason"":3}"
52232750,"{""Old"":1172,""New"":1202,""Reason"":3}"
34696227,"{""Old"":398,""New"":404,""Reason"":3}"
59126316,"{""Old"":2354,""New"":2356,""Reason"":3}"
71906094,"{""Old"":929,""New"":931,""Reason"":3}"
71228420,"{""Old"":2290,""New"":2292,""Reason"":3}"
6921102,"{""Old"":734,""New"":740,""Reason"":3}"
58338017,"{""Old"":999,""New"":1003,""Reason"":3}"
26399013,"{""Old"":837,""New"":839,""Reason"":3}"
80050101,"{""Old"":356,""New"":358,""Reason"":3}"
85208736,"{""Old"":264,""New"":278,""Reason"":3}"
7150468,"{""Old"":69,""New"":75,""Reason"":3}"
47462189,"{""Old"":1602,""New"":1624,""Reason"":3}"
60749441,"{""Old"":1443,""New"":1447,""Reason"":3}"
47462189,"{""Old"":1347,""New"":1373,""Reason"":3}"
27365152,"{""Old"":23878,""New"":23900,""Reason"":3}"
46375448,"{""Old"":67,""New"":75,""Reason"":3}"
85208736,"{""Old"":503,""New"":509,""Reason"":3}"
47462189,"{""Old"":1699,""New"":1711,""Reason"":3}"
85208736,"{""Old"":419,""New"":449,""Reason"":3}"
86778802,"{""Old"":46940,""New"":47046,""Reason"":3}"
6882419,"{""Old"":659,""New"":663,""Reason"":3}"
52232750,"{""Old"":1302,""New"":1312,""Reason"":3}"
52232750,"{""Old"":1202,""New"":1212,""Reason"":3}"
76226595,"{""Old"":7802,""New"":7852,""Reason"":3}"
26399013,"{""Old"":809,""New"":811,""Reason"":3}"
59126316,"{""Old"":2334,""New"":2340,""Reason"":3}"
81093831,"{""Old"":5719,""New"":5721,""Reason"":3}"
8279087,"{""Old"":2223,""New"":2225,""Reason"":3}"
7187396,"{""Old"":453,""New"":459,""Reason"":3}"
52232750,"{""Old"":787,""New"":825,""Reason"":3}"
71906094,"{""Old"":937,""New"":939,""Reason"":3}"
6882419,"{""Old"":629,""New"":641,""Reason"":3}"
6084170,"{""Old"":14029,""New"":14045,""Reason"":3}"
75449739,"{""Old"":2330,""New"":2332,""Reason"":3}"
75449739,"{""Old"":2339,""New"":2353,""Reason"":3}"
85208736,"{""Old"":559,""New"":563,""Reason"":3}"
85208736,"{""Old"":449,""New"":465,""Reason"":3}"
34696227,"{""Old"":157,""New"":159,""Reason"":3}"
56638770,"{""Old"":679,""New"":681,""Reason"":3}"
47462189,"{""Old"":423,""New"":425,""Reason"":3}"
47462189,"{""Old"":913,""New"":915,""Reason"":3}"
6921102,"{""Old"":1902,""New"":1926,""Reason"":3}"
7187396,"{""Old"":435,""New"":443,""Reason"":3}"
85208736,"{""Old"":290,""New"":294,""Reason"":3}"
34642494,"{""Old"":1885,""New"":1887,""Reason"":3}"
66954885,"{""Old"":12084,""New"":12088,""Reason"":3}"
38169134,"{""Old"":2065,""New"":2095,""Reason"":3}"
85208736,"{""Old"":258,""New"":264,""Reason"":3}"
46375448,"{""Old"":50,""New"":52,""Reason"":3}"
32377577,"{""Old"":1332,""New"":1356,""Reason"":3}"
59126316,"{""Old"":2352,""New"":2354,""Reason"":3}"
32377577,"{""Old"":1270,""New"":1284,""Reason"":3}"
213270020,"{""Old"":1751,""New"":1767,""Reason"":3}"
34696227,"{""Old"":519,""New"":523,""Reason"":3}"
76226595,"{""Old"":7760,""New"":7788,""Reason"":3}"
52232750,"{""Old"":873,""New"":907,""Reason"":3}"
6921102,"{""Old"":1964,""New"":1968,""Reason"":3}"
6921102,"{""Old"":1986,""New"":2010,""Reason"":3}"
85208736,"{""Old"":305,""New"":307,""Reason"":3}"
80050101,"{""Old"":343,""New"":345,""Reason"":3}"
32377577,"{""Old"":1223,""New"":1227,""Reason"":3}"
8279087,"{""Old"":2215,""New"":2217,""Reason"":3}"
85208736,"{""Old"":230,""New"":242,""Reason"":3}"
34642494,"{""Old"":1969,""New"":1977,""Reason"":3}"
39479328,"{""Old"":718,""New"":738,""Reason"":3}"
53698855,"{""Old"":4444,""New"":4454,""Reason"":3}"
53698855,"{""Old"":4456,""New"":4460,""Reason"":3}"
85208736,"{""Old"":529,""New"":541,""Reason"":3}"
86778802,"{""Old"":46714,""New"":46790,""Reason"":3}"
32377577,"{""Old"":1399,""New"":1409,""Reason"":3}"
53698855,"{""Old"":4494,""New"":4496,""Reason"":3}"
71228420,"{""Old"":2305,""New"":2309,""Reason"":3}"
55063087,"{""Old"":514,""New"":516,""Reason"":3}"
60224134,"{""Old"":222,""New"":224,""Reason"":3}"
25739034,"{""Old"":460,""New"":462,""Reason"":3}"
46375448,"{""Old"":62,""New"":66,""Reason"":3}"
82717800,"{""Old"":3448,""New"":3474,""Reason"":3}"
34696227,"{""Old"":371,""New"":373,""Reason"":3}"
47462189,"{""Old"":673,""New"":685,""Reason"":3}"
85208736,"{""Old"":413,""New"":419,""Reason"":3}"
6921102,"{""Old"":1532,""New"":1544,""Reason"":3}"
6921102,"{""Old"":652,""New"":664,""Reason"":3}"
6882419,"{""Old"":605,""New"":615,""Reason"":3}"
65048852,"{""Old"":50,""New"":52,""Reason"":3}"
6921102,"{""Old"":1530,""New"":1532,""Reason"":3}"
86778802,"{""Old"":50419,""New"":50421,""Reason"":3}"
39479328,"{""Old"":741,""New"":743,""Reason"":3}"
85208736,"{""Old"":465,""New"":475,""Reason"":3}"
213270020,"{""Old"":1730,""New"":1738,""Reason"":3}"
58338017,"{""Old"":1135,""New"":1137,""Reason"":3}"
85208736,"{""Old"":309,""New"":315,""Reason"":3}"
32377577,"{""Old"":1499,""New"":1503,""Reason"":3}"
58338017,"{""Old"":1119,""New"":1125,""Reason"":3}"
58338017,"{""Old"":1168,""New"":1170,""Reason"":3}"
34696227,"{""Old"":718,""New"":720,""Reason"":3}"
60749441,"{""Old"":1537,""New"":1549,""Reason"":3}"
30269823,"{""Old"":203,""New"":205,""Reason"":3}"
32377577,"{""Old"":1214,""New"":1216,""Reason"":3}"
47462189,"{""Old"":1759,""New"":1769,""Reason"":3}"
6882419,"{""Old"":697,""New"":705,""Reason"":3}"
18220669,"{""Old"":3559,""New"":3569,""Reason"":3}"
39290153,"{""Old"":865,""New"":879,""Reason"":3}"
9373239,"{""Old"":66,""New"":72,""Reason"":3}"
71563520,"{""Old"":1003,""New"":1005,""Reason"":3}"
32381984,"{""Old"":2491,""New"":2503,""Reason"":3}"
9373239,"{""Old"":204,""New"":216,""Reason"":3}"
9373239,"{""Old"":444,""New"":458,""Reason"":3}"
8279087,"{""Old"":2239,""New"":2245,""Reason"":3}"
6921102,"{""Old"":1926,""New"":1964,""Reason"":3}"
80050101,"{""Old"":247,""New"":251,""Reason"":3}"
32381984,"{""Old"":2515,""New"":2521,""Reason"":3}"
34642494,"{""Old"":1829,""New"":1833,""Reason"":3}"
32377577,"{""Old"":1651,""New"":1671,""Reason"":3}"
52232750,"{""Old"":583,""New"":587,""Reason"":3}"
39290153,"{""Old"":885,""New"":891,""Reason"":3}"
50494222,"{""Old"":86700,""New"":86762,""Reason"":3}"
32619566,"{""Old"":260,""New"":264,""Reason"":3}"
24930635,"{""Old"":1686,""New"":1690,""Reason"":3}"
86778802,"{""Old"":47328,""New"":47334,""Reason"":3}"
39290153,"{""Old"":879,""New"":883,""Reason"":3}"
9373239,"{""Old"":378,""New"":394,""Reason"":3}"
32381984,"{""Old"":2525,""New"":2529,""Reason"":3}"
5926847,"{""Old"":911,""New"":913,""Reason"":3}"
38434189,"{""Old"":10250,""New"":10252,""Reason"":3}"
38434189,"{""Old"":12081,""New"":12085,""Reason"":3}"
38434189,"{""Old"":12709,""New"":12721,""Reason"":3}"
38434189,"{""Old"":10318,""New"":10322,""Reason"":3}"
38434189,"{""Old"":13340,""New"":13362,""Reason"":3}"
38434189,"{""Old"":10458,""New"":10488,""Reason"":3}"
38434189,"{""Old"":10512,""New"":10524,""Reason"":3}"
38434189,"{""Old"":12528,""New"":12538,""Reason"":3}"
34785160,"{""Old"":4277,""New"":4293,""Reason"":3}"
38434189,"{""Old"":11189,""New"":11195,""Reason"":3}"
38434189,"{""Old"":10491,""New"":10497,""Reason"":3}"
38434189,"{""Old"":10339,""New"":10363,""Reason"":3}"
38434189,"{""Old"":10380,""New"":10414,""Reason"":3}"
38434189,"{""Old"":11241,""New"":11245,""Reason"":3}"
38434189,"{""Old"":11342,""New"":11344,""Reason"":3}"
38434189,"{""Old"":10371,""New"":10373,""Reason"":3}"
38434189,"{""Old"":12357,""New"":12453,""Reason"":3}"
38434189,"{""Old"":13285,""New"":13315,""Reason"":3}"
38434189,"{""Old"":12135,""New"":12153,""Reason"":3}"
38434189,"{""Old"":11529,""New"":11537,""Reason"":3}"
38434189,"{""Old"":10536,""New"":10546,""Reason"":3}"
38434189,"{""Old"":11199,""New"":11203,""Reason"":3}"
38434189,"{""Old"":11210,""New"":11214,""Reason"":3}"
38434189,"{""Old"":11473,""New"":11489,""Reason"":3}"
38434189,"{""Old"":10233,""New"":10235,""Reason"":3}"
38434189,"{""Old"":13387,""New"":13447,""Reason"":3}"
50376137,"{""Old"":1098,""New"":1110,""Reason"":3}"
18703214,"{""Old"":4842,""New"":4862,""Reason"":3}"
18703214,"{""Old"":4332,""New"":4336,""Reason"":3}"
18703214,"{""Old"":4328,""New"":4332,""Reason"":3}"
18703214,"{""Old"":4008,""New"":4024,""Reason"":3}"
24387210,"{""Old"":876,""New"":898,""Reason"":3}"
50376137,"{""Old"":1115,""New"":1117,""Reason"":3}"
18703214,"{""Old"":3957,""New"":3959,""Reason"":3}"
24387210,"{""Old"":912,""New"":914,""Reason"":3}"
18703214,"{""Old"":4306,""New"":4328,""Reason"":3}"
18703214,"{""Old"":4028,""New"":4030,""Reason"":3}"
18703214,"{""Old"":4336,""New"":4342,""Reason"":3}"
24387210,"{""Old"":855,""New"":857,""Reason"":3}"
40612006,"{""Old"":2981,""New"":2983,""Reason"":3}"
24387210,"{""Old"":899,""New"":901,""Reason"":3}"
25673933,"{""Old"":198,""New"":200,""Reason"":3}"
42280415,"{""Old"":23689,""New"":23699,""Reason"":3}"
18703214,"{""Old"":4300,""New"":4306,""Reason"":3}"
18703214,"{""Old"":4862,""New"":4894,""Reason"":3}"
124194698,"{""Old"":3683,""New"":3685,""Reason"":3}"
42280415,"{""Old"":23679,""New"":23689,""Reason"":3}"
18703214,"{""Old"":4024,""New"":4028,""Reason"":3}"
18703214,"{""Old"":4248,""New"":4254,""Reason"":3}"
18703214,"{""Old"":3919,""New"":3939,""Reason"":3}"
18703214,"{""Old"":4254,""New"":4300,""Reason"":3}"
42280415,"{""Old"":23659,""New"":23669,""Reason"":3}"
42280415,"{""Old"":23609,""New"":23659,""Reason"":3}"
25673933,"{""Old"":200,""New"":202,""Reason"":3}"
24387210,"{""Old"":861,""New"":875,""Reason"":3}"
23936740,"{""Old"":861,""New"":869,""Reason"":3}"
41610227,"{""Old"":266,""New"":268,""Reason"":3}"
22728403,"{""Old"":991,""New"":1013,""Reason"":3}"
25673933,"{""Old"":190,""New"":198,""Reason"":3}"
24387210,"{""Old"":902,""New"":906,""Reason"":3}"
347550,"{""Old"":366,""New"":382,""Reason"":3}"
124194698,"{""Old"":3685,""New"":3687,""Reason"":3}"
25673933,"{""Old"":188,""New"":190,""Reason"":3}"
18703214,"{""Old"":4030,""New"":4034,""Reason"":3}"
42280415,"{""Old"":23699,""New"":23709,""Reason"":3}"
22728403,"{""Old"":1013,""New"":1015,""Reason"":3}"
42280415,"{""Old"":23709,""New"":23741,""Reason"":3}"
42280415,"{""Old"":23741,""New"":23761,""Reason"":3}"
23936740,"{""Old"":831,""New"":837,""Reason"":3}"
18703214,"{""Old"":3969,""New"":3979,""Reason"":3}"
23936740,"{""Old"":825,""New"":829,""Reason"":3}"
42280415,"{""Old"":23669,""New"":23679,""Reason"":3}"
40612006,"{""Old"":2977,""New"":2979,""Reason"":3}"
24387210,"{""Old"":1236,""New"":1250,""Reason"":3}"
23936740,"{""Old"":870,""New"":872,""Reason"":3}"
23936740,"{""Old"":880,""New"":884,""Reason"":3}"
23936740,"{""Old"":848,""New"":856,""Reason"":3}"
23936740,"{""Old"":789,""New"":797,""Reason"":3}"
23936740,"{""Old"":875,""New"":877,""Reason"":3}"
24387210,"{""Old"":1256,""New"":1258,""Reason"":3}"
18703214,"{""Old"":3994,""New"":4000,""Reason"":3}"
23936740,"{""Old"":631,""New"":645,""Reason"":3}"
24387210,"{""Old"":1258,""New"":1274,""Reason"":3}"
23936740,"{""Old"":607,""New"":611,""Reason"":3}"
23936740,"{""Old"":623,""New"":627,""Reason"":3}"
38124220,"{""Old"":1120,""New"":1124,""Reason"":3}"
23936740,"{""Old"":603,""New"":605,""Reason"":3}"
37623137,"{""Old"":2382,""New"":2384,""Reason"":3}"
22728403,"{""Old"":1015,""New"":1021,""Reason"":3}"
37623137,"{""Old"":2376,""New"":2380,""Reason"":3}"
23936740,"{""Old"":798,""New"":804,""Reason"":3}"
23936740,"{""Old"":807,""New"":817,""Reason"":3}"
23936740,"{""Old"":783,""New"":787,""Reason"":3}"
23936740,"{""Old"":884,""New"":888,""Reason"":3}"
23936740,"{""Old"":771,""New"":773,""Reason"":3}"
26296959,"{""Old"":337,""New"":339,""Reason"":3}"
23936740,"{""Old"":764,""New"":768,""Reason"":3}"
24387210,"{""Old"":1133,""New"":1157,""Reason"":3}"
41834153,"{""Old"":182,""New"":190,""Reason"":3}"
26296959,"{""Old"":348,""New"":356,""Reason"":3}"
26296959,"{""Old"":318,""New"":322,""Reason"":3}"
28498435,"{""Old"":635,""New"":639,""Reason"":3}"
24387210,"{""Old"":1206,""New"":1236,""Reason"":3}"
48984720,"{""Old"":393,""New"":395,""Reason"":3}"
35614947,"{""Old"":1073,""New"":1075,""Reason"":3}"
23936740,"{""Old"":841,""New"":845,""Reason"":3}"
44313908,"{""Old"":2649,""New"":2669,""Reason"":3}"
26296959,"{""Old"":341,""New"":347,""Reason"":3}"
24387210,"{""Old"":1001,""New"":1007,""Reason"":3}"
57828513,"{""Old"":709,""New"":715,""Reason"":3}"
23936740,"{""Old"":878,""New"":880,""Reason"":3}"
24387210,"{""Old"":1086,""New"":1090,""Reason"":3}"
26296959,"{""Old"":325,""New"":331,""Reason"":3}"
44313908,"{""Old"":2621,""New"":2635,""Reason"":3}"
45988733,"{""Old"":337,""New"":339,""Reason"":3}"
45816253,"{""Old"":2864,""New"":2870,""Reason"":3}"
38009531,"{""Old"":352,""New"":356,""Reason"":3}"
35614947,"{""Old"":1076,""New"":1092,""Reason"":3}"
24387210,"{""Old"":963,""New"":983,""Reason"":3}"
46614851,"{""Old"":3584,""New"":3588,""Reason"":3}"
41834153,"{""Old"":165,""New"":169,""Reason"":3}"
24387210,"{""Old"":1018,""New"":1044,""Reason"":3}"
44313908,"{""Old"":2560,""New"":2600,""Reason"":3}"
57828513,"{""Old"":703,""New"":709,""Reason"":3}"
44313908,"{""Old"":2745,""New"":2747,""Reason"":3}"
41834153,"{""Old"":159,""New"":165,""Reason"":3}"
44313908,"{""Old"":2737,""New"":2745,""Reason"":3}"
45816253,"{""Old"":2875,""New"":2885,""Reason"":3}"
48984720,"{""Old"":398,""New"":410,""Reason"":3}"
38124220,"{""Old"":1031,""New"":1035,""Reason"":3}"
48984720,"{""Old"":365,""New"":385,""Reason"":3}"
38124220,"{""Old"":976,""New"":988,""Reason"":3}"
46614851,"{""Old"":3352,""New"":3372,""Reason"":3}"
57828513,"{""Old"":695,""New"":701,""Reason"":3}"
57828513,"{""Old"":671,""New"":685,""Reason"":3}"
44313908,"{""Old"":2689,""New"":2701,""Reason"":3}"
48986797,"{""Old"":75,""New"":77,""Reason"":3}"
46614851,"{""Old"":3552,""New"":3576,""Reason"":3}"
48984720,"{""Old"":361,""New"":365,""Reason"":3}"
38124220,"{""Old"":1005,""New"":1007,""Reason"":3}"
38124220,"{""Old"":1035,""New"":1037,""Reason"":3}"
7087738,"{""Old"":2182,""New"":2188,""Reason"":3}"
60295598,"{""Old"":102,""New"":106,""Reason"":3}"
24387210,"{""Old"":988,""New"":992,""Reason"":3}"
38124220,"{""Old"":964,""New"":966,""Reason"":3}"
44313908,"{""Old"":2527,""New"":2549,""Reason"":3}"
47316587,"{""Old"":44,""New"":48,""Reason"":3}"
38124220,"{""Old"":909,""New"":919,""Reason"":3}"
24387210,"{""Old"":1101,""New"":1105,""Reason"":3}"
44313908,"{""Old"":2701,""New"":2737,""Reason"":3}"
221110711,"{""Old"":140,""New"":142,""Reason"":3}"
33828422,"{""Old"":108,""New"":110,""Reason"":3}"
50159755,"{""Old"":2338,""New"":2344,""Reason"":3}"
33828422,"{""Old"":111,""New"":113,""Reason"":3}"
38339905,"{""Old"":1466,""New"":1470,""Reason"":3}"
24387210,"{""Old"":1170,""New"":1188,""Reason"":3}"
45127810,"{""Old"":171,""New"":181,""Reason"":3}"
38393689,"{""Old"":946,""New"":956,""Reason"":3}"
46614851,"{""Old"":3514,""New"":3536,""Reason"":3}"
46614851,"{""Old"":3578,""New"":3584,""Reason"":3}"
46614851,"{""Old"":3454,""New"":3500,""Reason"":3}"
38009531,"{""Old"":357,""New"":369,""Reason"":3}"
41834153,"{""Old"":170,""New"":172,""Reason"":3}"
38393689,"{""Old"":959,""New"":963,""Reason"":3}"
221110711,"{""Old"":137,""New"":139,""Reason"":3}"
38520355,"{""Old"":834,""New"":840,""Reason"":3}"
24387210,"{""Old"":928,""New"":960,""Reason"":3}"
18703214,"{""Old"":5018,""New"":5074,""Reason"":3}"
79841661,"{""Old"":1715,""New"":1717,""Reason"":3}"
46614851,"{""Old"":3536,""New"":3552,""Reason"":3}"
38520355,"{""Old"":769,""New"":781,""Reason"":3}"
79841661,"{""Old"":1711,""New"":1713,""Reason"":3}"
221110711,"{""Old"":165,""New"":173,""Reason"":3}"
47422838,"{""Old"":1323,""New"":1327,""Reason"":3}"
53898758,"{""Old"":12737,""New"":12749,""Reason"":3}"
18703214,"{""Old"":4990,""New"":5002,""Reason"":3}"
18703214,"{""Old"":5002,""New"":5018,""Reason"":3}"
29014052,"{""Old"":214,""New"":218,""Reason"":3}"
38124220,"{""Old"":991,""New"":997,""Reason"":3}"
38520355,"{""Old"":748,""New"":768,""Reason"":3}"
47316587,"{""Old"":51,""New"":53,""Reason"":3}"
79841661,"{""Old"":1713,""New"":1715,""Reason"":3}"
38393689,"{""Old"":944,""New"":946,""Reason"":3}"
29014052,"{""Old"":236,""New"":242,""Reason"":3}"
38520355,"{""Old"":1066,""New"":1068,""Reason"":3}"
48194138,"{""Old"":551,""New"":553,""Reason"":3}"
29014052,"{""Old"":177,""New"":185,""Reason"":3}"
38124220,"{""Old"":1037,""New"":1039,""Reason"":3}"
44307099,"{""Old"":266,""New"":278,""Reason"":3}"
38124220,"{""Old"":875,""New"":889,""Reason"":3}"
48352269,"{""Old"":22297,""New"":22299,""Reason"":3}"
48352269,"{""Old"":22304,""New"":22308,""Reason"":3}"
42280415,"{""Old"":22894,""New"":22968,""Reason"":3}"
42280415,"{""Old"":23043,""New"":23105,""Reason"":3}"
38009531,"{""Old"":378,""New"":382,""Reason"":3}"
38434189,"{""Old"":13524,""New"":13546,""Reason"":3}"
79841661,"{""Old"":1701,""New"":1711,""Reason"":3}"
38520355,"{""Old"":742,""New"":746,""Reason"":3}"
38520355,"{""Old"":782,""New"":786,""Reason"":3}"
38068549,"{""Old"":157,""New"":161,""Reason"":3}"
18703214,"{""Old"":5074,""New"":5106,""Reason"":3}"
29014052,"{""Old"":258,""New"":264,""Reason"":3}"
29014052,"{""Old"":229,""New"":235,""Reason"":3}"
48194138,"{""Old"":539,""New"":545,""Reason"":3}"
38124220,"{""Old"":1039,""New"":1043,""Reason"":3}"
38124220,"{""Old"":932,""New"":946,""Reason"":3}"
23936740,"{""Old"":723,""New"":725,""Reason"":3}"
8295861,"{""Old"":384,""New"":430,""Reason"":3}"
27213067,"{""Old"":5598,""New"":5602,""Reason"":3}"
5149995,"{""Old"":729,""New"":747,""Reason"":3}"
45816253,"{""Old"":2885,""New"":2891,""Reason"":3}"
44307099,"{""Old"":278,""New"":280,""Reason"":3}"
38520355,"{""Old"":795,""New"":813,""Reason"":3}"
48092258,"{""Old"":1145,""New"":1149,""Reason"":3}"
48194138,"{""Old"":545,""New"":547,""Reason"":3}"
48194138,"{""Old"":479,""New"":485,""Reason"":3}"
46614851,"{""Old"":3405,""New"":3433,""Reason"":3}"
27213067,"{""Old"":5596,""New"":5598,""Reason"":3}"
29014052,"{""Old"":248,""New"":250,""Reason"":3}"
38124220,"{""Old"":889,""New"":891,""Reason"":3}"
8295861,"{""Old"":254,""New"":264,""Reason"":3}"
59875468,"{""Old"":3157,""New"":3171,""Reason"":3}"
48194138,"{""Old"":343,""New"":347,""Reason"":3}"
48194138,"{""Old"":497,""New"":513,""Reason"":3}"
48194138,"{""Old"":553,""New"":555,""Reason"":3}"
7087738,"{""Old"":2148,""New"":2158,""Reason"":3}"
8295861,"{""Old"":2138,""New"":2214,""Reason"":3}"
38520355,"{""Old"":820,""New"":834,""Reason"":3}"
8295861,"{""Old"":1563,""New"":1629,""Reason"":3}"
27213067,"{""Old"":5562,""New"":5564,""Reason"":3}"
23936740,"{""Old"":734,""New"":754,""Reason"":3}"
48194138,"{""Old"":101,""New"":111,""Reason"":3}"
47842904,"{""Old"":359,""New"":363,""Reason"":3}"
48092258,"{""Old"":1141,""New"":1145,""Reason"":3}"
27213067,"{""Old"":5576,""New"":5580,""Reason"":3}"
44050877,"{""Old"":340,""New"":344,""Reason"":3}"
42280415,"{""Old"":23155,""New"":23205,""Reason"":3}"
44147935,"{""Old"":10109,""New"":10113,""Reason"":3}"
46614851,"{""Old"":3389,""New"":3395,""Reason"":3}"
8295861,"{""Old"":2260,""New"":2264,""Reason"":3}"
200358328,"{""Old"":367,""New"":387,""Reason"":3}"
22568975,"{""Old"":1414,""New"":1416,""Reason"":3}"
79841661,"{""Old"":1698,""New"":1700,""Reason"":3}"
48194138,"{""Old"":393,""New"":467,""Reason"":3}"
23936740,"{""Old"":706,""New"":716,""Reason"":3}"
38434189,"{""Old"":13546,""New"":13556,""Reason"":3}"
48194138,"{""Old"":165,""New"":183,""Reason"":3}"
38520355,"{""Old"":847,""New"":861,""Reason"":3}"
38478123,"{""Old"":6581,""New"":6585,""Reason"":3}"
42321766,"{""Old"":286,""New"":290,""Reason"":3}"
38393689,"{""Old"":971,""New"":975,""Reason"":3}"
48350939,"{""Old"":1662,""New"":1664,""Reason"":3}"
7087738,"{""Old"":2159,""New"":2165,""Reason"":3}"
60295598,"{""Old"":98,""New"":102,""Reason"":3}"
29014052,"{""Old"":191,""New"":193,""Reason"":3}"
42280415,"{""Old"":23492,""New"":23532,""Reason"":3}"
35585032,"{""Old"":653,""New"":657,""Reason"":3}"
23936740,"{""Old"":645,""New"":651,""Reason"":3}"
8295861,"{""Old"":467,""New"":503,""Reason"":3}"
8295861,"{""Old"":2214,""New"":2226,""Reason"":3}"
38520355,"{""Old"":1050,""New"":1064,""Reason"":3}"
24387210,"{""Old"":1058,""New"":1078,""Reason"":3}"
48194138,"{""Old"":75,""New"":83,""Reason"":3}"
7087738,"{""Old"":2143,""New"":2147,""Reason"":3}"
48194138,"{""Old"":485,""New"":497,""Reason"":3}"
48194138,"{""Old"":260,""New"":274,""Reason"":3}"
5149995,"{""Old"":769,""New"":771,""Reason"":3}"
29014052,"{""Old"":207,""New"":211,""Reason"":3}"
5149995,"{""Old"":761,""New"":763,""Reason"":3}"
5149995,"{""Old"":773,""New"":783,""Reason"":3}"
48352269,"{""Old"":22354,""New"":22360,""Reason"":3}"
42280415,"{""Old"":22330,""New"":22380,""Reason"":3}"
53335368,"{""Old"":5624,""New"":5630,""Reason"":3}"
23936740,"{""Old"":672,""New"":696,""Reason"":3}"
29014052,"{""Old"":199,""New"":201,""Reason"":3}"
38478123,"{""Old"":6585,""New"":6597,""Reason"":3}"
42280415,"{""Old"":23280,""New"":23370,""Reason"":3}"
46614851,"{""Old"":3576,""New"":3578,""Reason"":3}"
48194138,"{""Old"":467,""New"":479,""Reason"":3}"
23936740,"{""Old"":756,""New"":758,""Reason"":3}"
45988733,"{""Old"":244,""New"":252,""Reason"":3}"
48194138,"{""Old"":373,""New"":393,""Reason"":3}"
5149995,"{""Old"":747,""New"":761,""Reason"":3}"
38520355,"{""Old"":988,""New"":1000,""Reason"":3}"
22568975,"{""Old"":1416,""New"":1426,""Reason"":3}"
42280415,"{""Old"":22380,""New"":22390,""Reason"":3}"
8295861,"{""Old"":744,""New"":826,""Reason"":3}"
5149995,"{""Old"":771,""New"":773,""Reason"":3}"
18703214,"{""Old"":4894,""New"":4938,""Reason"":3}"
47127640,"{""Old"":871,""New"":891,""Reason"":3}"
50159755,"{""Old"":2376,""New"":2390,""Reason"":3}"
50159755,"{""Old"":2419,""New"":2421,""Reason"":3}"
46004215,"{""Old"":36,""New"":38,""Reason"":3}"
35585032,"{""Old"":668,""New"":672,""Reason"":3}"
38068549,"{""Old"":145,""New"":149,""Reason"":3}"
8705207,"{""Old"":209,""New"":215,""Reason"":3}"
8295861,"{""Old"":1449,""New"":1529,""Reason"":3}"
48092258,"{""Old"":1121,""New"":1141,""Reason"":3}"
53335368,"{""Old"":5630,""New"":5634,""Reason"":3}"
200358328,"{""Old"":361,""New"":367,""Reason"":3}"
46847879,"{""Old"":943,""New"":947,""Reason"":3}"
27213067,"{""Old"":5588,""New"":5596,""Reason"":3}"
42280415,"{""Old"":22258,""New"":22288,""Reason"":3}"
44147935,"{""Old"":10098,""New"":10108,""Reason"":3}"
35585032,"{""Old"":662,""New"":664,""Reason"":3}"
7087738,"{""Old"":2174,""New"":2180,""Reason"":3}"
23936740,"{""Old"":656,""New"":664,""Reason"":3}"
38124220,"{""Old"":1025,""New"":1031,""Reason"":3}"
200358328,"{""Old"":399,""New"":409,""Reason"":3}"
8295861,"{""Old"":309,""New"":329,""Reason"":3}"
38068549,"{""Old"":141,""New"":143,""Reason"":3}"
18209125,"{""Old"":428,""New"":432,""Reason"":3}"
35585032,"{""Old"":632,""New"":646,""Reason"":3}"
8295861,"{""Old"":2250,""New"":2260,""Reason"":3}"
58763717,"{""Old"":150,""New"":158,""Reason"":3}"
23936740,"{""Old"":728,""New"":732,""Reason"":3}"
58763717,"{""Old"":161,""New"":163,""Reason"":3}"
18703214,"{""Old"":4938,""New"":4990,""Reason"":3}"
48194138,"{""Old"":547,""New"":551,""Reason"":3}"
46847879,"{""Old"":921,""New"":929,""Reason"":3}"
29014052,"{""Old"":100,""New"":108,""Reason"":3}"
38520355,"{""Old"":912,""New"":938,""Reason"":3}"
42321766,"{""Old"":294,""New"":298,""Reason"":3}"
47127640,"{""Old"":901,""New"":909,""Reason"":3}"
45988733,"{""Old"":157,""New"":159,""Reason"":3}"
46614851,"{""Old"":3588,""New"":3590,""Reason"":3}"
42280415,"{""Old"":23420,""New"":23492,""Reason"":3}"
47388168,"{""Old"":127,""New"":131,""Reason"":3}"
47388168,"{""Old"":117,""New"":125,""Reason"":3}"
5926847,"{""Old"":1166,""New"":1174,""Reason"":3}"
29014052,"{""Old"":186,""New"":188,""Reason"":3}"
35614947,"{""Old"":1110,""New"":1114,""Reason"":3}"
5149995,"{""Old"":763,""New"":769,""Reason"":3}"
50448060,"{""Old"":76,""New"":78,""Reason"":3}"
44147935,"{""Old"":10084,""New"":10098,""Reason"":3}"
42321766,"{""Old"":260,""New"":266,""Reason"":3}"
8295861,"{""Old"":2303,""New"":2333,""Reason"":3}"
8295861,"{""Old"":2333,""New"":2351,""Reason"":3}"
5149995,"{""Old"":783,""New"":787,""Reason"":3}"
45988733,"{""Old"":285,""New"":299,""Reason"":3}"
48194138,"{""Old"":277,""New"":311,""Reason"":3}"
18703214,"{""Old"":5106,""New"":5128,""Reason"":3}"
23936740,"{""Old"":698,""New"":702,""Reason"":3}"
5149995,"{""Old"":684,""New"":686,""Reason"":3}"
48352269,"{""Old"":22343,""New"":22347,""Reason"":3}"
8295861,"{""Old"":2104,""New"":2138,""Reason"":3}"
48194138,"{""Old"":525,""New"":539,""Reason"":3}"
29014052,"{""Old"":194,""New"":198,""Reason"":3}"
48350939,"{""Old"":1686,""New"":1696,""Reason"":3}"
8295861,"{""Old"":1339,""New"":1411,""Reason"":3}"
35585032,"{""Old"":666,""New"":668,""Reason"":3}"
42280415,"{""Old"":23577,""New"":23609,""Reason"":3}"
42280415,"{""Old"":22674,""New"":22774,""Reason"":3}"
38393689,"{""Old"":976,""New"":980,""Reason"":3}"
45988733,"{""Old"":140,""New"":148,""Reason"":3}"
46847879,"{""Old"":929,""New"":937,""Reason"":3}"
48194138,"{""Old"":513,""New"":525,""Reason"":3}"
44961939,"{""Old"":2362,""New"":2364,""Reason"":3}"
50159755,"{""Old"":2410,""New"":2412,""Reason"":3}"
29014052,"{""Old"":147,""New"":163,""Reason"":3}"
38339905,"{""Old"":1471,""New"":1489,""Reason"":3}"
29014052,"{""Old"":95,""New"":99,""Reason"":3}"
28498435,"{""Old"":641,""New"":651,""Reason"":3}"
46847879,"{""Old"":939,""New"":943,""Reason"":3}"
8295861,"{""Old"":1015,""New"":1077,""Reason"":3}"
45988733,"{""Old"":212,""New"":220,""Reason"":3}"
45988733,"{""Old"":327,""New"":337,""Reason"":3}"
38434189,"{""Old"":11399,""New"":11401,""Reason"":3}"
29014052,"{""Old"":115,""New"":117,""Reason"":3}"
48352269,"{""Old"":22336,""New"":22340,""Reason"":3}"
50159755,"{""Old"":2390,""New"":2394,""Reason"":3}"
42321766,"{""Old"":292,""New"":294,""Reason"":3}"
48352269,"{""Old"":22376,""New"":22378,""Reason"":3}"
8295861,"{""Old"":561,""New"":607,""Reason"":3}"
8295861,"{""Old"":853,""New"":913,""Reason"":3}"
47388168,"{""Old"":104,""New"":110,""Reason"":3}"
8295861,"{""Old"":2240,""New"":2250,""Reason"":3}"
27213067,"{""Old"":5602,""New"":5608,""Reason"":3}"
48350939,"{""Old"":1674,""New"":1686,""Reason"":3}"
38434189,"{""Old"":11411,""New"":11413,""Reason"":3}"
42321766,"{""Old"":267,""New"":279,""Reason"":3}"
35614947,"{""Old"":1106,""New"":1108,""Reason"":3}"
45127810,"{""Old"":162,""New"":164,""Reason"":3}"
47511388,"{""Old"":75,""New"":77,""Reason"":3}"
47511388,"{""Old"":78,""New"":84,""Reason"":3}"
33840386,"{""Old"":790,""New"":800,""Reason"":3}"
50159755,"{""Old"":2348,""New"":2366,""Reason"":3}"
38124220,"{""Old"":1080,""New"":1120,""Reason"":3}"
47061761,"{""Old"":2649,""New"":2657,""Reason"":3}"
46847879,"{""Old"":937,""New"":939,""Reason"":3}"
29014052,"{""Old"":86,""New"":90,""Reason"":3}"
29014052,"{""Old"":75,""New"":77,""Reason"":3}"
29014052,"{""Old"":128,""New"":136,""Reason"":3}"
35614947,"{""Old"":1094,""New"":1100,""Reason"":3}"
47127640,"{""Old"":863,""New"":871,""Reason"":3}"
200358328,"{""Old"":387,""New"":399,""Reason"":3}"
18209125,"{""Old"":435,""New"":451,""Reason"":3}"
42698774,"{""Old"":46,""New"":48,""Reason"":3}"
38434189,"{""Old"":11901,""New"":11919,""Reason"":3}"
44961939,"{""Old"":2358,""New"":2362,""Reason"":3}"
38434189,"{""Old"":11385,""New"":11393,""Reason"":3}"
62151096,"{""Old"":236,""New"":244,""Reason"":3}"
48180696,"{""Old"":3190,""New"":3200,""Reason"":3}"
29014052,"{""Old"":118,""New"":120,""Reason"":3}"
48350939,"{""Old"":1658,""New"":1660,""Reason"":3}"
38124220,"{""Old"":1069,""New"":1071,""Reason"":3}"
8295861,"{""Old"":937,""New"":981,""Reason"":3}"
8295861,"{""Old"":2059,""New"":2081,""Reason"":3}"
38434189,"{""Old"":11494,""New"":11498,""Reason"":3}"
38434189,"{""Old"":11440,""New"":11442,""Reason"":3}"
28498435,"{""Old"":651,""New"":653,""Reason"":3}"
48219913,"{""Old"":75,""New"":77,""Reason"":3}"
38124220,"{""Old"":1076,""New"":1080,""Reason"":3}"
62151096,"{""Old"":267,""New"":275,""Reason"":3}"
48352269,"{""Old"":22378,""New"":22380,""Reason"":3}"
48352269,"{""Old"":22365,""New"":22375,""Reason"":3}"
37972469,"{""Old"":336,""New"":348,""Reason"":3}"
5986546,"{""Old"":666,""New"":670,""Reason"":3}"
50416621,"{""Old"":4325,""New"":4331,""Reason"":3}"
41834153,"{""Old"":194,""New"":202,""Reason"":3}"
38434189,"{""Old"":11503,""New"":11507,""Reason"":3}"
38434189,"{""Old"":10561,""New"":10571,""Reason"":3}"
38434189,"{""Old"":13472,""New"":13502,""Reason"":3}"
29014052,"{""Old"":122,""New"":126,""Reason"":3}"
38434189,"{""Old"":10125,""New"":10129,""Reason"":3}"
38434189,"{""Old"":12275,""New"":12331,""Reason"":3}"
38434189,"{""Old"":11408,""New"":11410,""Reason"":3}"
38434189,"{""Old"":11499,""New"":11501,""Reason"":3}"
38434189,"{""Old"":11625,""New"":11639,""Reason"":3}"
38434189,"{""Old"":11416,""New"":11418,""Reason"":3}"
38434189,"{""Old"":11802,""New"":11810,""Reason"":3}"
18209125,"{""Old"":454,""New"":462,""Reason"":3}"
38434189,"{""Old"":13502,""New"":13522,""Reason"":3}"
35585032,"{""Old"":625,""New"":627,""Reason"":3}"
48180696,"{""Old"":3208,""New"":3210,""Reason"":3}"
62151096,"{""Old"":277,""New"":281,""Reason"":3}"
38434189,"{""Old"":11835,""New"":11845,""Reason"":3}"
38434189,"{""Old"":10061,""New"":10063,""Reason"":3}"
38434189,"{""Old"":11263,""New"":11271,""Reason"":3}"
38434189,"{""Old"":10668,""New"":10674,""Reason"":3}"
25673933,"{""Old"":202,""New"":204,""Reason"":3}"
38434189,"{""Old"":11345,""New"":11353,""Reason"":3}"
8145378,"{""Old"":389,""New"":397,""Reason"":3}"
38434189,"{""Old"":11420,""New"":11434,""Reason"":3}"
38434189,"{""Old"":13074,""New"":13118,""Reason"":3}"
38434189,"{""Old"":10202,""New"":10222,""Reason"":3}"
38434189,"{""Old"":10194,""New"":10198,""Reason"":3}"
38434189,"{""Old"":10322,""New"":10326,""Reason"":3}"
46614851,"{""Old"":3443,""New"":3449,""Reason"":3}"
50416621,"{""Old"":4264,""New"":4270,""Reason"":3}"
38434189,"{""Old"":11448,""New"":11466,""Reason"":3}"
47061761,"{""Old"":2645,""New"":2647,""Reason"":3}"
42280415,"{""Old"":22799,""New"":22869,""Reason"":3}"
38068549,"{""Old"":166,""New"":176,""Reason"":3}"
48180696,"{""Old"":3210,""New"":3232,""Reason"":3}"
48180696,"{""Old"":3200,""New"":3208,""Reason"":3}"
50159755,"{""Old"":2406,""New"":2410,""Reason"":3}"
50159755,"{""Old"":2422,""New"":2424,""Reason"":3}"
50159755,"{""Old"":2426,""New"":2430,""Reason"":3}"
38434189,"{""Old"":13004,""New"":13024,""Reason"":3}"
38434189,"{""Old"":11318,""New"":11332,""Reason"":3}"
38434189,"{""Old"":10074,""New"":10088,""Reason"":3}"
38434189,"{""Old"":11945,""New"":11969,""Reason"":3}"
38434189,"{""Old"":12806,""New"":12828,""Reason"":3}"
34785160,"{""Old"":4264,""New"":4266,""Reason"":3}"
38434189,"{""Old"":11215,""New"":11217,""Reason"":3}"
38434189,"{""Old"":12563,""New"":12585,""Reason"":3}"
38434189,"{""Old"":10274,""New"":10278,""Reason"":3}"
38434189,"{""Old"":12610,""New"":12684,""Reason"":3}"
38434189,"{""Old"":10264,""New"":10268,""Reason"":3}"
38434189,"{""Old"":10507,""New"":10509,""Reason"":3}"
38434189,"{""Old"":10447,""New"":10455,""Reason"":3}"
38434189,"{""Old"":12019,""New"":12031,""Reason"":3}"
38434189,"{""Old"":11870,""New"":11876,""Reason"":3}"
38434189,"{""Old"":12878,""New"":12948,""Reason"":3}"
62151096,"{""Old"":258,""New"":260,""Reason"":3}"
45988733,"{""Old"":299,""New"":309,""Reason"":3}"
38393689,"{""Old"":964,""New"":970,""Reason"":3}"
38434189,"{""Old"":11312,""New"":11316,""Reason"":3}"
38434189,"{""Old"":12771,""New"":12781,""Reason"":3}"
38434189,"{""Old"":10112,""New"":10114,""Reason"":3}"
38434189,"{""Old"":10426,""New"":10436,""Reason"":3}"
38434189,"{""Old"":11526,""New"":11528,""Reason"":3}"
38434189,"{""Old"":11250,""New"":11252,""Reason"":3}"
38434189,"{""Old"":11365,""New"":11383,""Reason"":3}"
38434189,"{""Old"":10502,""New"":10504,""Reason"":3}"
38434189,"{""Old"":13143,""New"":13193,""Reason"":3}"
8295861,"{""Old"":2236,""New"":2240,""Reason"":3}"
8295861,"{""Old"":2226,""New"":2234,""Reason"":3}"
35585032,"{""Old"":664,""New"":666,""Reason"":3}"
38124220,"{""Old"":1055,""New"":1063,""Reason"":3}"
38434189,"{""Old"":12949,""New"":12979,""Reason"":3}"
45127810,"{""Old"":146,""New"":152,""Reason"":3}"
47127640,"{""Old"":891,""New"":901,""Reason"":3}"
38434189,"{""Old"":10068,""New"":10072,""Reason"":3}"
38434189,"{""Old"":11297,""New"":11311,""Reason"":3}"
38434189,"{""Old"":11360,""New"":11364,""Reason"":3}"
38434189,"{""Old"":13218,""New"":13260,""Reason"":3}"
38434189,"{""Old"":10571,""New"":10609,""Reason"":3}"
38434189,"{""Old"":11592,""New"":11600,""Reason"":3}"
38434189,"{""Old"":10289,""New"":10301,""Reason"":3}"
38434189,"{""Old"":11689,""New"":11695,""Reason"":3}"
38434189,"{""Old"":11396,""New"":11398,""Reason"":3}"
38434189,"{""Old"":11279,""New"":11289,""Reason"":3}"
38434189,"{""Old"":10304,""New"":10316,""Reason"":3}"
38434189,"{""Old"":10619,""New"":10623,""Reason"":3}"
38434189,"{""Old"":11720,""New"":11752,""Reason"":3}"
38434189,"{""Old"":11255,""New"":11257,""Reason"":3}"
45127810,"{""Old"":164,""New"":170,""Reason"":3}"
38434189,"{""Old"":11223,""New"":11235,""Reason"":3}"
38434189,"{""Old"":11276,""New"":11278,""Reason"":3}"
38434189,"{""Old"":10636,""New"":10650,""Reason"":3}"
38434189,"{""Old"":10681,""New"":11161,""Reason"":3}"
38434189,"{""Old"":11169,""New"":11173,""Reason"":3}"
38339905,"{""Old"":1462,""New"":1466,""Reason"":3}"
8145378,"{""Old"":381,""New"":389,""Reason"":3}"
38434189,"{""Old"":12228,""New"":12250,""Reason"":3}"
38434189,"{""Old"":11470,""New"":11472,""Reason"":3}"
38434189,"{""Old"":11510,""New"":11524,""Reason"":3}"
48073539,"{""Old"":4170,""New"":4172,""Reason"":3}"
37972469,"{""Old"":349,""New"":351,""Reason"":3}"
33828422,"{""Old"":113,""New"":115,""Reason"":3}"
38068549,"{""Old"":127,""New"":137,""Reason"":3}"
38434189,"{""Old"":11339,""New"":11341,""Reason"":3}"
38434189,"{""Old"":10654,""New"":10656,""Reason"":3}"
38434189,"{""Old"":11333,""New"":11337,""Reason"":3}"
38434189,"{""Old"":10148,""New"":10172,""Reason"":3}"
38434189,"{""Old"":11444,""New"":11446,""Reason"":3}"
33840386,"{""Old"":800,""New"":808,""Reason"":3}"
8295861,"{""Old"":1664,""New"":1728,""Reason"":3}"
8295861,"{""Old"":1862,""New"":1942,""Reason"":3}"
6064926,"{""Old"":1726,""New"":1738,""Reason"":3}"
47511388,"{""Old"":63,""New"":73,""Reason"":3}"
45988733,"{""Old"":220,""New"":240,""Reason"":3}"
50416621,"{""Old"":4348,""New"":4356,""Reason"":3}"
5926847,"{""Old"":1150,""New"":1152,""Reason"":3}"
38068549,"{""Old"":117,""New"":119,""Reason"":3}"
47061761,"{""Old"":2670,""New"":2676,""Reason"":3}"
38124220,"{""Old"":950,""New"":964,""Reason"":3}"
37972469,"{""Old"":355,""New"":359,""Reason"":3}"
38096868,"{""Old"":423,""New"":431,""Reason"":3}"
45988733,"{""Old"":93,""New"":109,""Reason"":3}"
44147935,"{""Old"":10061,""New"":10067,""Reason"":3}"
42280415,"{""Old"":23537,""New"":23577,""Reason"":3}"
5926847,"{""Old"":1157,""New"":1163,""Reason"":3}"
47061761,"{""Old"":2676,""New"":2678,""Reason"":3}"
42280415,"{""Old"":22289,""New"":22329,""Reason"":3}"
46614851,"{""Old"":3334,""New"":3338,""Reason"":3}"
8295861,"{""Old"":2297,""New"":2303,""Reason"":3}"
38096868,"{""Old"":415,""New"":421,""Reason"":3}"
25824113,"{""Old"":167,""New"":173,""Reason"":3}"
8295861,"{""Old"":2005,""New"":2059,""Reason"":3}"
8295861,"{""Old"":2234,""New"":2236,""Reason"":3}"
50416621,"{""Old"":4343,""New"":4347,""Reason"":3}"
47061761,"{""Old"":2659,""New"":2667,""Reason"":3}"
50416621,"{""Old"":4289,""New"":4313,""Reason"":3}"
8705207,"{""Old"":219,""New"":231,""Reason"":3}"
8295861,"{""Old"":1760,""New"":1832,""Reason"":3}"
8295861,"{""Old"":1248,""New"":1300,""Reason"":3}"
45988733,"{""Old"":240,""New"":244,""Reason"":3}"
5926847,"{""Old"":1188,""New"":1190,""Reason"":3}"
8295861,"{""Old"":652,""New"":702,""Reason"":3}"
38520355,"{""Old"":1064,""New"":1066,""Reason"":3}"
47842904,"{""Old"":349,""New"":351,""Reason"":3}"
18209125,"{""Old"":462,""New"":466,""Reason"":3}"
25824113,"{""Old"":145,""New"":151,""Reason"":3}"
66718105,"{""Old"":540,""New"":558,""Reason"":3}"
44147935,"{""Old"":10078,""New"":10082,""Reason"":3}"
42280415,"{""Old"":22392,""New"":22432,""Reason"":3}"
42280415,"{""Old"":22434,""New"":22474,""Reason"":3}"
50416621,"{""Old"":4331,""New"":4339,""Reason"":3}"
35585032,"{""Old"":628,""New"":630,""Reason"":3}"
5926847,"{""Old"":1176,""New"":1188,""Reason"":3}"
8295861,"{""Old"":2351,""New"":2355,""Reason"":3}"
8295861,"{""Old"":2081,""New"":2099,""Reason"":3}"
8295861,"{""Old"":1126,""New"":1214,""Reason"":3}"
45988733,"{""Old"":309,""New"":327,""Reason"":3}"
8295861,"{""Old"":1945,""New"":2005,""Reason"":3}"
69555786,"{""Old"":116,""New"":118,""Reason"":3}"
221110711,"{""Old"":143,""New"":153,""Reason"":3}"
50416621,"{""Old"":4274,""New"":4282,""Reason"":3}"
48219913,"{""Old"":81,""New"":89,""Reason"":3}"
30469632,"{""Old"":69,""New"":79,""Reason"":3}"
62151096,"{""Old"":335,""New"":337,""Reason"":3}"
62151096,"{""Old"":294,""New"":296,""Reason"":3}"
40745445,"{""Old"":90,""New"":92,""Reason"":3}"
45331910,"{""Old"":1125,""New"":1143,""Reason"":3}"
6064926,"{""Old"":1710,""New"":1718,""Reason"":3}"
50159755,"{""Old"":2302,""New"":2306,""Reason"":3}"
48253581,"{""Old"":1432,""New"":1440,""Reason"":3}"
48253581,"{""Old"":1408,""New"":1410,""Reason"":3}"
38124220,"{""Old"":1011,""New"":1025,""Reason"":3}"
62151096,"{""Old"":297,""New"":301,""Reason"":3}"
221110711,"{""Old"":161,""New"":163,""Reason"":3}"
47842904,"{""Old"":343,""New"":345,""Reason"":3}"
25824113,"{""Old"":141,""New"":143,""Reason"":3}"
48253581,"{""Old"":1446,""New"":1448,""Reason"":3}"
47842904,"{""Old"":351,""New"":359,""Reason"":3}"
48253581,"{""Old"":1440,""New"":1446,""Reason"":3}"
62151096,"{""Old"":304,""New"":306,""Reason"":3}"
55218853,"{""Old"":2085,""New"":2087,""Reason"":3}"
62151096,"{""Old"":309,""New"":313,""Reason"":3}"
62151096,"{""Old"":342,""New"":344,""Reason"":3}"
62151096,"{""Old"":319,""New"":333,""Reason"":3}"
66718105,"{""Old"":562,""New"":566,""Reason"":3}"
62151096,"{""Old"":302,""New"":304,""Reason"":3}"
38520355,"{""Old"":1080,""New"":1082,""Reason"":3}"
42240810,"{""Old"":9316,""New"":9320,""Reason"":3}"
50159755,"{""Old"":2319,""New"":2329,""Reason"":3}"
30469632,"{""Old"":94,""New"":100,""Reason"":3}"
48253581,"{""Old"":1410,""New"":1432,""Reason"":3}"
48180696,"{""Old"":3164,""New"":3190,""Reason"":3}"
48201103,"{""Old"":1564,""New"":1566,""Reason"":3}"
47842904,"{""Old"":337,""New"":343,""Reason"":3}"
22568975,"{""Old"":1426,""New"":1428,""Reason"":3}"
62151096,"{""Old"":340,""New"":342,""Reason"":3}"
25824113,"{""Old"":139,""New"":141,""Reason"":3}"
22568975,"{""Old"":1428,""New"":1438,""Reason"":3}"
47842904,"{""Old"":345,""New"":347,""Reason"":3}"
55218853,"{""Old"":2070,""New"":2072,""Reason"":3}"
48352269,"{""Old"":22286,""New"":22292,""Reason"":3}"
48201103,"{""Old"":1566,""New"":1568,""Reason"":3}"
38520355,"{""Old"":1082,""New"":1084,""Reason"":3}"
50159755,"{""Old"":2308,""New"":2310,""Reason"":3}"
50159755,"{""Old"":2330,""New"":2332,""Reason"":3}"
47842904,"{""Old"":347,""New"":349,""Reason"":3}"
25824113,"{""Old"":162,""New"":166,""Reason"":3}"
25824113,"{""Old"":157,""New"":159,""Reason"":3}"
66718105,"{""Old"":534,""New"":538,""Reason"":3}"
42321766,"{""Old"":299,""New"":303,""Reason"":3}"
48352269,"{""Old"":22322,""New"":22334,""Reason"":3}"
48352269,"{""Old"":22310,""New"":22322,""Reason"":3}"
48201103,"{""Old"":1548,""New"":1562,""Reason"":3}"
50159755,"{""Old"":2297,""New"":2301,""Reason"":3}"
50159755,"{""Old"":2332,""New"":2334,""Reason"":3}"
50159755,"{""Old"":2394,""New"":2402,""Reason"":3}"
30469632,"{""Old"":87,""New"":93,""Reason"":3}"
42240810,"{""Old"":9305,""New"":9311,""Reason"":3}"
48201103,"{""Old"":1538,""New"":1540,""Reason"":3}"
40745445,"{""Old"":109,""New"":113,""Reason"":3}"
50159755,"{""Old"":2280,""New"":2284,""Reason"":3}"
38520355,"{""Old"":1076,""New"":1080,""Reason"":3}"
50159755,"{""Old"":2290,""New"":2296,""Reason"":3}"
38520355,"{""Old"":1072,""New"":1076,""Reason"":3}"
40745445,"{""Old"":94,""New"":100,""Reason"":3}"
25913684,"{""Old"":944,""New"":954,""Reason"":3}"
59391335,"{""Old"":4384,""New"":4394,""Reason"":3}"
41392128,"{""Old"":1811,""New"":1819,""Reason"":3}"
47704680,"{""Old"":575,""New"":577,""Reason"":3}"
63082603,"{""Old"":20765,""New"":20769,""Reason"":3}"
31997232,"{""Old"":4129,""New"":4151,""Reason"":3}"
37285953,"{""Old"":816,""New"":836,""Reason"":3}"
59391335,"{""Old"":4715,""New"":4717,""Reason"":3}"
44782814,"{""Old"":2757,""New"":2761,""Reason"":3}"
31997232,"{""Old"":4205,""New"":4215,""Reason"":3}"
61807882,"{""Old"":240,""New"":242,""Reason"":3}"
41392128,"{""Old"":1970,""New"":1972,""Reason"":3}"
47704680,"{""Old"":786,""New"":792,""Reason"":3}"
59065012,"{""Old"":2619,""New"":2621,""Reason"":3}"
43774463,"{""Old"":1223,""New"":1225,""Reason"":3}"
59065012,"{""Old"":2604,""New"":2608,""Reason"":3}"
55821371,"{""Old"":475,""New"":477,""Reason"":3}"
59391335,"{""Old"":3975,""New"":3983,""Reason"":3}"
8145378,"{""Old"":217,""New"":219,""Reason"":3}"
38339905,"{""Old"":1368,""New"":1372,""Reason"":3}"
41392128,"{""Old"":1911,""New"":1913,""Reason"":3}"
47704680,"{""Old"":685,""New"":701,""Reason"":3}"
16050309,"{""Old"":192,""New"":200,""Reason"":3}"
38339905,"{""Old"":1372,""New"":1376,""Reason"":3}"
37285953,"{""Old"":1068,""New"":1070,""Reason"":3}"
37285953,"{""Old"":922,""New"":932,""Reason"":3}"
41392128,"{""Old"":2015,""New"":2035,""Reason"":3}"
59391335,"{""Old"":4394,""New"":4414,""Reason"":3}"
59391335,"{""Old"":4418,""New"":4420,""Reason"":3}"
44132356,"{""Old"":1073,""New"":1075,""Reason"":3}"
38339905,"{""Old"":1350,""New"":1354,""Reason"":3}"
59391335,"{""Old"":4539,""New"":4551,""Reason"":3}"
23973385,"{""Old"":1267,""New"":1271,""Reason"":3}"
20846516,"{""Old"":11200,""New"":11212,""Reason"":3}"
20846516,"{""Old"":11151,""New"":11179,""Reason"":3}"
25913684,"{""Old"":881,""New"":883,""Reason"":3}"
24783600,"{""Old"":966,""New"":968,""Reason"":3}"
20846516,"{""Old"":11137,""New"":11149,""Reason"":3}"
20846516,"{""Old"":11214,""New"":11218,""Reason"":3}"
25913684,"{""Old"":899,""New"":903,""Reason"":3}"
23973385,"{""Old"":1271,""New"":1273,""Reason"":3}"
25913684,"{""Old"":905,""New"":917,""Reason"":3}"
25913684,"{""Old"":937,""New"":941,""Reason"":3}"
25913684,"{""Old"":894,""New"":898,""Reason"":3}"
211039530,"{""Old"":3479,""New"":3481,""Reason"":3}"
20846516,"{""Old"":11212,""New"":11214,""Reason"":3}"
20846516,"{""Old"":11182,""New"":11200,""Reason"":3}"
20846516,"{""Old"":11117,""New"":11127,""Reason"":3}"
121266996,"{""Old"":2166,""New"":2168,""Reason"":3}"
20846516,"{""Old"":11046,""New"":11068,""Reason"":3}"
17655371,"{""Old"":3361,""New"":3383,""Reason"":3}"
25913684,"{""Old"":934,""New"":936,""Reason"":3}"
20846516,"{""Old"":11009,""New"":11015,""Reason"":3}"
211039530,"{""Old"":3484,""New"":3490,""Reason"":3}"
13030531,"{""Old"":2117,""New"":2123,""Reason"":3}"
25913684,"{""Old"":925,""New"":931,""Reason"":3}"
16050309,"{""Old"":16,""New"":20,""Reason"":3}"
23005604,"{""Old"":170,""New"":180,""Reason"":3}"
20846516,"{""Old"":10873,""New"":10983,""Reason"":3}"
25913684,"{""Old"":840,""New"":842,""Reason"":3}"
13030531,"{""Old"":2148,""New"":2156,""Reason"":3}"
13030531,"{""Old"":2146,""New"":2148,""Reason"":3}"
20846516,"{""Old"":11099,""New"":11113,""Reason"":3}"
13030531,"{""Old"":2168,""New"":2170,""Reason"":3}"
15680473,"{""Old"":224,""New"":230,""Reason"":3}"
20846516,"{""Old"":11074,""New"":11096,""Reason"":3}"
17655371,"{""Old"":3346,""New"":3350,""Reason"":3}"
31510531,"{""Old"":3672,""New"":3680,""Reason"":3}"
10200182,"{""Old"":241,""New"":245,""Reason"":3}"
15023949,"{""Old"":2198,""New"":2206,""Reason"":3}"
10200182,"{""Old"":247,""New"":255,""Reason"":3}"
2807063,"{""Old"":52,""New"":54,""Reason"":3}"
20746522,"{""Old"":4519,""New"":4525,""Reason"":3}"
17655371,"{""Old"":3513,""New"":3517,""Reason"":3}"
17655371,"{""Old"":3355,""New"":3359,""Reason"":3}"
120375304,"{""Old"":635,""New"":639,""Reason"":3}"
20846516,"{""Old"":11015,""New"":11017,""Reason"":3}"
10091853,"{""Old"":92,""New"":94,""Reason"":3}"
15617931,"{""Old"":320,""New"":334,""Reason"":3}"
24622188,"{""Old"":371,""New"":373,""Reason"":3}"
121824296,"{""Old"":447,""New"":451,""Reason"":3}"
26912227,"{""Old"":2774,""New"":2778,""Reason"":3}"
31510531,"{""Old"":3654,""New"":3666,""Reason"":3}"
210633566,"{""Old"":182,""New"":188,""Reason"":3}"
12301610,"{""Old"":5907,""New"":5911,""Reason"":3}"
21304659,"{""Old"":615,""New"":617,""Reason"":3}"
17593825,"{""Old"":2210,""New"":2214,""Reason"":3}"
120329544,"{""Old"":130,""New"":132,""Reason"":3}"
19480888,"{""Old"":225,""New"":229,""Reason"":3}"
24064804,"{""Old"":2079,""New"":2081,""Reason"":3}"
21304659,"{""Old"":544,""New"":548,""Reason"":3}"
17593825,"{""Old"":2214,""New"":2236,""Reason"":3}"
12330101,"{""Old"":17740,""New"":17744,""Reason"":3}"
15545255,"{""Old"":1829,""New"":1833,""Reason"":3}"
218027547,"{""Old"":3528,""New"":3534,""Reason"":3}"
19480888,"{""Old"":246,""New"":248,""Reason"":3}"
12735607,"{""Old"":24536,""New"":24546,""Reason"":3}"
12772238,"{""Old"":1464,""New"":1466,""Reason"":3}"
19480888,"{""Old"":230,""New"":232,""Reason"":3}"
201643415,"{""Old"":118,""New"":122,""Reason"":3}"
16836715,"{""Old"":5256,""New"":5270,""Reason"":3}"
16836715,"{""Old"":5479,""New"":5511,""Reason"":3}"
17593825,"{""Old"":2202,""New"":2210,""Reason"":3}"
12935058,"{""Old"":503,""New"":507,""Reason"":3}"
210633566,"{""Old"":173,""New"":181,""Reason"":3}"
21304659,"{""Old"":574,""New"":576,""Reason"":3}"
208440716,"{""Old"":92,""New"":100,""Reason"":3}"
16251092,"{""Old"":13186,""New"":13188,""Reason"":3}"
13030531,"{""Old"":2123,""New"":2139,""Reason"":3}"
15023949,"{""Old"":2165,""New"":2171,""Reason"":3}"
16391102,"{""Old"":1432,""New"":1456,""Reason"":3}"
16836715,"{""Old"":5370,""New"":5384,""Reason"":3}"
210633566,"{""Old"":148,""New"":152,""Reason"":3}"
21304659,"{""Old"":532,""New"":534,""Reason"":3}"
16251092,"{""Old"":13572,""New"":13578,""Reason"":3}"
208131155,"{""Old"":15,""New"":17,""Reason"":3}"
12330101,"{""Old"":17700,""New"":17726,""Reason"":3}"
20810549,"{""Old"":364,""New"":368,""Reason"":3}"
16251092,"{""Old"":13166,""New"":13168,""Reason"":3}"
10652560,"{""Old"":1387,""New"":1389,""Reason"":3}"
21071657,"{""Old"":2779,""New"":2781,""Reason"":3}"
218733227,"{""Old"":19712,""New"":19722,""Reason"":3}"
20810549,"{""Old"":338,""New"":344,""Reason"":3}"
10652560,"{""Old"":1389,""New"":1391,""Reason"":3}"
20810549,"{""Old"":392,""New"":394,""Reason"":3}"
120375304,"{""Old"":587,""New"":591,""Reason"":3}"
28922167,"{""Old"":873,""New"":887,""Reason"":3}"
120375304,"{""Old"":273,""New"":289,""Reason"":3}"
13554540,"{""Old"":3017,""New"":3019,""Reason"":3}"
28226374,"{""Old"":520,""New"":524,""Reason"":3}"
12301610,"{""Old"":5913,""New"":5917,""Reason"":3}"
201565207,"{""Old"":2019,""New"":2021,""Reason"":3}"
201699332,"{""Old"":15,""New"":17,""Reason"":3}"
21304659,"{""Old"":539,""New"":541,""Reason"":3}"
15545255,"{""Old"":1834,""New"":1838,""Reason"":3}"
28922167,"{""Old"":740,""New"":742,""Reason"":3}"
120375304,"{""Old"":641,""New"":643,""Reason"":3}"
27383301,"{""Old"":7884,""New"":7902,""Reason"":3}"
120375304,"{""Old"":609,""New"":615,""Reason"":3}"
13554540,"{""Old"":3049,""New"":3051,""Reason"":3}"
25913684,"{""Old"":864,""New"":874,""Reason"":3}"
15680473,"{""Old"":231,""New"":235,""Reason"":3}"
218733227,"{""Old"":19815,""New"":19825,""Reason"":3}"
20810549,"{""Old"":407,""New"":409,""Reason"":3}"
21369105,"{""Old"":36370,""New"":36372,""Reason"":3}"
21369105,"{""Old"":36484,""New"":36504,""Reason"":3}"
218390057,"{""Old"":1349,""New"":1353,""Reason"":3}"
218733227,"{""Old"":19436,""New"":19440,""Reason"":3}"
218733227,"{""Old"":19529,""New"":19563,""Reason"":3}"
15023949,"{""Old"":2175,""New"":2179,""Reason"":3}"
17655371,"{""Old"":3517,""New"":3519,""Reason"":3}"
15023949,"{""Old"":2206,""New"":2210,""Reason"":3}"
16391102,"{""Old"":1422,""New"":1424,""Reason"":3}"
19480888,"{""Old"":251,""New"":263,""Reason"":3}"
19480888,"{""Old"":234,""New"":240,""Reason"":3}"
42098274,"{""Old"":1853,""New"":1865,""Reason"":3}"
16251092,"{""Old"":13556,""New"":13570,""Reason"":3}"
218027547,"{""Old"":3442,""New"":3474,""Reason"":3}"
21369105,"{""Old"":36464,""New"":36484,""Reason"":3}"
16251092,"{""Old"":13570,""New"":13572,""Reason"":3}"
16251092,"{""Old"":13176,""New"":13182,""Reason"":3}"
120375304,"{""Old"":643,""New"":645,""Reason"":3}"
28922167,"{""Old"":490,""New"":494,""Reason"":3}"
13423088,"{""Old"":454,""New"":458,""Reason"":3}"
16836715,"{""Old"":5564,""New"":5566,""Reason"":3}"
17655371,"{""Old"":3456,""New"":3470,""Reason"":3}"
17655371,"{""Old"":3476,""New"":3484,""Reason"":3}"
120860544,"{""Old"":3186,""New"":3196,""Reason"":3}"
11698989,"{""Old"":853,""New"":861,""Reason"":3}"
21480645,"{""Old"":109,""New"":117,""Reason"":3}"
15545255,"{""Old"":1839,""New"":1841,""Reason"":3}"
15545255,"{""Old"":1855,""New"":1859,""Reason"":3}"
218027547,"{""Old"":3496,""New"":3516,""Reason"":3}"
23716838,"{""Old"":245,""New"":253,""Reason"":3}"
17650167,"{""Old"":3589,""New"":3599,""Reason"":3}"
28922167,"{""Old"":972,""New"":1026,""Reason"":3}"
120375304,"{""Old"":639,""New"":641,""Reason"":3}"
13554540,"{""Old"":3039,""New"":3049,""Reason"":3}"
27383301,"{""Old"":7904,""New"":7926,""Reason"":3}"
13916755,"{""Old"":231,""New"":233,""Reason"":3}"
13554540,"{""Old"":3019,""New"":3021,""Reason"":3}"
120375304,"{""Old"":475,""New"":513,""Reason"":3}"
210273641,"{""Old"":1974,""New"":1976,""Reason"":3}"
16251092,"{""Old"":13582,""New"":13584,""Reason"":3}"
121034904,"{""Old"":281,""New"":283,""Reason"":3}"
208131155,"{""Old"":17,""New"":19,""Reason"":3}"
121034904,"{""Old"":272,""New"":280,""Reason"":3}"
28226374,"{""Old"":516,""New"":520,""Reason"":3}"
20810549,"{""Old"":175,""New"":181,""Reason"":3}"
20810549,"{""Old"":304,""New"":316,""Reason"":3}"
15023949,"{""Old"":2189,""New"":2191,""Reason"":3}"
19480888,"{""Old"":263,""New"":269,""Reason"":3}"
20810549,"{""Old"":400,""New"":406,""Reason"":3}"
20810549,"{""Old"":413,""New"":427,""Reason"":3}"
17172657,"{""Old"":3046,""New"":3052,""Reason"":3}"
20810549,"{""Old"":348,""New"":350,""Reason"":3}"
210633566,"{""Old"":163,""New"":165,""Reason"":3}"
22394827,"{""Old"":3403,""New"":3407,""Reason"":3}"
20766060,"{""Old"":74,""New"":76,""Reason"":3}"
10091853,"{""Old"":94,""New"":100,""Reason"":3}"
12330101,"{""Old"":17726,""New"":17732,""Reason"":3}"
201887522,"{""Old"":263,""New"":265,""Reason"":3}"
20810549,"{""Old"":153,""New"":167,""Reason"":3}"
10652560,"{""Old"":1327,""New"":1339,""Reason"":3}"
218733227,"{""Old"":19414,""New"":19432,""Reason"":3}"
20846516,"{""Old"":10523,""New"":10545,""Reason"":3}"
27213067,"{""Old"":5099,""New"":5101,""Reason"":3}"
21304659,"{""Old"":610,""New"":614,""Reason"":3}"
21304659,"{""Old"":513,""New"":527,""Reason"":3}"
21480645,"{""Old"":121,""New"":127,""Reason"":3}"
15545255,"{""Old"":1808,""New"":1820,""Reason"":3}"
16045691,"{""Old"":11400,""New"":11404,""Reason"":3}"
16045691,"{""Old"":11404,""New"":11406,""Reason"":3}"
11077109,"{""Old"":685,""New"":689,""Reason"":3}"
16251092,"{""Old"":13510,""New"":13522,""Reason"":3}"
16251092,"{""Old"":13240,""New"":13248,""Reason"":3}"
16251092,"{""Old"":13205,""New"":13221,""Reason"":3}"
218733227,"{""Old"":19591,""New"":19645,""Reason"":3}"
17172657,"{""Old"":2937,""New"":2945,""Reason"":3}"
20846516,"{""Old"":10547,""New"":10557,""Reason"":3}"
27213067,"{""Old"":5101,""New"":5103,""Reason"":3}"
120966013,"{""Old"":713,""New"":715,""Reason"":3}"
13554540,"{""Old"":2961,""New"":2971,""Reason"":3}"
13554540,"{""Old"":2971,""New"":2993,""Reason"":3}"
16181251,"{""Old"":2614,""New"":2616,""Reason"":3}"
13554540,"{""Old"":3001,""New"":3003,""Reason"":3}"
11045279,"{""Old"":654,""New"":660,""Reason"":3}"
28922167,"{""Old"":542,""New"":544,""Reason"":3}"
28922167,"{""Old"":1108,""New"":1110,""Reason"":3}"
28922167,"{""Old"":536,""New"":542,""Reason"":3}"
15438680,"{""Old"":924,""New"":928,""Reason"":3}"
16251092,"{""Old"":13530,""New"":13532,""Reason"":3}"
13554540,"{""Old"":3021,""New"":3039,""Reason"":3}"
120375304,"{""Old"":416,""New"":436,""Reason"":3}"
28922167,"{""Old"":494,""New"":500,""Reason"":3}"
218733227,"{""Old"":19737,""New"":19739,""Reason"":3}"
12935058,"{""Old"":491,""New"":493,""Reason"":3}"
28922167,"{""Old"":787,""New"":837,""Reason"":3}"
28922167,"{""Old"":1090,""New"":1108,""Reason"":3}"
13554540,"{""Old"":3051,""New"":3065,""Reason"":3}"
13554540,"{""Old"":3069,""New"":3071,""Reason"":3}"
13554540,"{""Old"":3071,""New"":3073,""Reason"":3}"
11077109,"{""Old"":626,""New"":642,""Reason"":3}"
11077109,"{""Old"":654,""New"":678,""Reason"":3}"
21304659,"{""Old"":588,""New"":592,""Reason"":3}"
12301610,"{""Old"":5922,""New"":6254,""Reason"":3}"
28922167,"{""Old"":1026,""New"":1060,""Reason"":3}"
13916755,"{""Old"":235,""New"":241,""Reason"":3}"
20665385,"{""Old"":220,""New"":236,""Reason"":3}"
19448494,"{""Old"":12441,""New"":12443,""Reason"":3}"
10091853,"{""Old"":68,""New"":80,""Reason"":3}"
21124461,"{""Old"":2442,""New"":2460,""Reason"":3}"
14975520,"{""Old"":2574,""New"":2578,""Reason"":3}"
14975520,"{""Old"":2604,""New"":2608,""Reason"":3}"
122220431,"{""Old"":726,""New"":728,""Reason"":3}"
10087146,"{""Old"":1538,""New"":1552,""Reason"":3}"
15023949,"{""Old"":2196,""New"":2198,""Reason"":3}"
13423088,"{""Old"":447,""New"":451,""Reason"":3}"
14796291,"{""Old"":3762,""New"":3780,""Reason"":3}"
12735607,"{""Old"":24613,""New"":24627,""Reason"":3}"
16251092,"{""Old"":13526,""New"":13530,""Reason"":3}"
16251092,"{""Old"":13482,""New"":13486,""Reason"":3}"
16251092,"{""Old"":13578,""New"":13582,""Reason"":3}"
21304659,"{""Old"":584,""New"":586,""Reason"":3}"
21304659,"{""Old"":626,""New"":652,""Reason"":3}"
21304659,"{""Old"":602,""New"":606,""Reason"":3}"
12301610,"{""Old"":5911,""New"":5913,""Reason"":3}"
12772238,"{""Old"":1458,""New"":1464,""Reason"":3}"
201643415,"{""Old"":98,""New"":110,""Reason"":3}"
120375304,"{""Old"":591,""New"":609,""Reason"":3}"
120375304,"{""Old"":543,""New"":567,""Reason"":3}"
120375304,"{""Old"":567,""New"":585,""Reason"":3}"
28922167,"{""Old"":500,""New"":520,""Reason"":3}"
120375304,"{""Old"":269,""New"":273,""Reason"":3}"
21513924,"{""Old"":1715,""New"":1721,""Reason"":3}"
12735607,"{""Old"":24598,""New"":24604,""Reason"":3}"
12721855,"{""Old"":66,""New"":68,""Reason"":3}"
201887522,"{""Old"":265,""New"":267,""Reason"":3}"
16251092,"{""Old"":13486,""New"":13510,""Reason"":3}"
20810549,"{""Old"":207,""New"":219,""Reason"":3}"
20810549,"{""Old"":428,""New"":430,""Reason"":3}"
120275407,"{""Old"":2837,""New"":2843,""Reason"":3}"
208392743,"{""Old"":86759,""New"":86811,""Reason"":3}"
17172657,"{""Old"":2990,""New"":2996,""Reason"":3}"
17172657,"{""Old"":2952,""New"":2964,""Reason"":3}"
17172657,"{""Old"":3005,""New"":3007,""Reason"":3}"
120275407,"{""Old"":2831,""New"":2835,""Reason"":3}"
120428557,"{""Old"":171,""New"":183,""Reason"":3}"
17172657,"{""Old"":2982,""New"":2988,""Reason"":3}"
208392743,"{""Old"":86644,""New"":86650,""Reason"":3}"
17172657,"{""Old"":3036,""New"":3042,""Reason"":3}"
218733227,"{""Old"":19655,""New"":19665,""Reason"":3}"
21071657,"{""Old"":2786,""New"":2798,""Reason"":3}"
20810549,"{""Old"":181,""New"":195,""Reason"":3}"
218733227,"{""Old"":19450,""New"":19454,""Reason"":3}"
15023949,"{""Old"":2192,""New"":2194,""Reason"":3}"
14975520,"{""Old"":2588,""New"":2594,""Reason"":3}"
21124461,"{""Old"":2472,""New"":2476,""Reason"":3}"
10087146,"{""Old"":1611,""New"":1621,""Reason"":3}"
208990339,"{""Old"":164,""New"":166,""Reason"":3}"
120329544,"{""Old"":126,""New"":130,""Reason"":3}"
14975520,"{""Old"":2598,""New"":2604,""Reason"":3}"
19499167,"{""Old"":279,""New"":283,""Reason"":3}"
10200182,"{""Old"":222,""New"":228,""Reason"":3}"
11671657,"{""Old"":1417,""New"":1433,""Reason"":3}"
11671657,"{""Old"":1433,""New"":1441,""Reason"":3}"
23053094,"{""Old"":2730,""New"":2732,""Reason"":3}"
16836715,"{""Old"":5459,""New"":5479,""Reason"":3}"
26912227,"{""Old"":2749,""New"":2767,""Reason"":3}"
24622188,"{""Old"":356,""New"":362,""Reason"":3}"
31510531,"{""Old"":3666,""New"":3672,""Reason"":3}"
17655371,"{""Old"":3491,""New"":3501,""Reason"":3}"
24622188,"{""Old"":364,""New"":366,""Reason"":3}"
16836715,"{""Old"":5536,""New"":5564,""Reason"":3}"
20665385,"{""Old"":217,""New"":219,""Reason"":3}"
14975520,"{""Old"":2540,""New"":2544,""Reason"":3}"
10087146,"{""Old"":1575,""New"":1579,""Reason"":3}"
13356809,"{""Old"":136,""New"":138,""Reason"":3}"
14975520,"{""Old"":2596,""New"":2598,""Reason"":3}"
21369105,"{""Old"":36372,""New"":36412,""Reason"":3}"
121824296,"{""Old"":433,""New"":437,""Reason"":3}"
14796417,"{""Old"":764,""New"":766,""Reason"":3}"
28226374,"{""Old"":462,""New"":464,""Reason"":3}"
23748897,"{""Old"":6592,""New"":6594,""Reason"":3}"
28922167,"{""Old"":522,""New"":536,""Reason"":3}"
13554540,"{""Old"":3073,""New"":3085,""Reason"":3}"
28922167,"{""Old"":904,""New"":972,""Reason"":3}"
17172657,"{""Old"":3093,""New"":3095,""Reason"":3}"
17172657,"{""Old"":3011,""New"":3015,""Reason"":3}"
15824351,"{""Old"":1477,""New"":1499,""Reason"":3}"
21369105,"{""Old"":36432,""New"":36442,""Reason"":3}"
11021891,"{""Old"":335,""New"":351,""Reason"":3}"
17172657,"{""Old"":3081,""New"":3087,""Reason"":3}"
17172657,"{""Old"":2968,""New"":2972,""Reason"":3}"
120275407,"{""Old"":2835,""New"":2837,""Reason"":3}"
19281885,"{""Old"":1437,""New"":1441,""Reason"":3}"
210273641,"{""Old"":1964,""New"":1974,""Reason"":3}"
16251092,"{""Old"":13278,""New"":13288,""Reason"":3}"
16251092,"{""Old"":13406,""New"":13428,""Reason"":3}"
20356508,"{""Old"":1989,""New"":1995,""Reason"":3}"
20810549,"{""Old"":335,""New"":337,""Reason"":3}"
12935058,"{""Old"":475,""New"":489,""Reason"":3}"
20810549,"{""Old"":198,""New"":204,""Reason"":3}"
20810549,"{""Old"":220,""New"":224,""Reason"":3}"
10652560,"{""Old"":1343,""New"":1375,""Reason"":3}"
120966013,"{""Old"":700,""New"":712,""Reason"":3}"
203236673,"{""Old"":5103,""New"":5109,""Reason"":3}"
211765402,"{""Old"":321,""New"":331,""Reason"":3}"
208392743,"{""Old"":86667,""New"":86725,""Reason"":3}"
10652560,"{""Old"":1393,""New"":1399,""Reason"":3}"
14735155,"{""Old"":11207,""New"":11209,""Reason"":3}"
21071657,"{""Old"":2770,""New"":2772,""Reason"":3}"
18374122,"{""Old"":4424,""New"":4460,""Reason"":3}"
42098274,"{""Old"":1865,""New"":1867,""Reason"":3}"
20665385,"{""Old"":236,""New"":238,""Reason"":3}"
2807063,"{""Old"":43,""New"":49,""Reason"":3}"
18374122,"{""Old"":4407,""New"":4411,""Reason"":3}"
12678186,"{""Old"":524,""New"":530,""Reason"":3}"
10200182,"{""Old"":229,""New"":233,""Reason"":3}"
23675475,"{""Old"":3490,""New"":3504,""Reason"":3}"
18374122,"{""Old"":4411,""New"":4419,""Reason"":3}"
120329544,"{""Old"":117,""New"":125,""Reason"":3}"
19977587,"{""Old"":165,""New"":167,""Reason"":3}"
19448494,"{""Old"":12451,""New"":12455,""Reason"":3}"
20665385,"{""Old"":244,""New"":246,""Reason"":3}"
21124461,"{""Old"":2476,""New"":2494,""Reason"":3}"
10087146,"{""Old"":1633,""New"":1641,""Reason"":3}"
11698989,"{""Old"":867,""New"":869,""Reason"":3}"
23053094,"{""Old"":2732,""New"":2734,""Reason"":3}"
18374122,"{""Old"":4422,""New"":4424,""Reason"":3}"
19448494,"{""Old"":12426,""New"":12434,""Reason"":3}"
16836715,"{""Old"":5619,""New"":5621,""Reason"":3}"
20665385,"{""Old"":203,""New"":207,""Reason"":3}"
30034713,"{""Old"":128,""New"":130,""Reason"":3}"
26912227,"{""Old"":2780,""New"":2782,""Reason"":3}"
14975520,"{""Old"":2570,""New"":2574,""Reason"":3}"
19535546,"{""Old"":24836,""New"":24908,""Reason"":3}"
28226374,"{""Old"":421,""New"":429,""Reason"":3}"
21480645,"{""Old"":118,""New"":120,""Reason"":3}"
21058197,"{""Old"":176,""New"":188,""Reason"":3}"
28922167,"{""Old"":520,""New"":522,""Reason"":3}"
120375304,"{""Old"":633,""New"":635,""Reason"":3}"
120375304,"{""Old"":615,""New"":631,""Reason"":3}"
23005604,"{""Old"":181,""New"":183,""Reason"":3}"
20846516,"{""Old"":10983,""New"":11009,""Reason"":3}"
120375304,"{""Old"":585,""New"":587,""Reason"":3}"
11045279,"{""Old"":672,""New"":676,""Reason"":3}"
16251092,"{""Old"":13309,""New"":13319,""Reason"":3}"
16251092,"{""Old"":13319,""New"":13321,""Reason"":3}"
210633566,"{""Old"":166,""New"":170,""Reason"":3}"
21304659,"{""Old"":597,""New"":599,""Reason"":3}"
201565207,"{""Old"":1941,""New"":1945,""Reason"":3}"
21304659,"{""Old"":577,""New"":581,""Reason"":3}"
11077109,"{""Old"":692,""New"":714,""Reason"":3}"
15545255,"{""Old"":1841,""New"":1855,""Reason"":3}"
21480645,"{""Old"":99,""New"":101,""Reason"":3}"
121034904,"{""Old"":257,""New"":261,""Reason"":3}"
16251092,"{""Old"":13468,""New"":13482,""Reason"":3}"
210273641,"{""Old"":1951,""New"":1961,""Reason"":3}"
210273641,"{""Old"":1976,""New"":1982,""Reason"":3}"
11096634,"{""Old"":518,""New"":538,""Reason"":3}"
13554540,"{""Old"":2993,""New"":3001,""Reason"":3}"
218733227,"{""Old"":19692,""New"":19712,""Reason"":3}"
17784766,"{""Old"":486,""New"":500,""Reason"":3}"
211765402,"{""Old"":301,""New"":303,""Reason"":3}"
13423088,"{""Old"":458,""New"":460,""Reason"":3}"
21124461,"{""Old"":2432,""New"":2442,""Reason"":3}"
21124461,"{""Old"":2460,""New"":2464,""Reason"":3}"
13356809,"{""Old"":130,""New"":132,""Reason"":3}"
10091853,"{""Old"":89,""New"":91,""Reason"":3}"
20665385,"{""Old"":183,""New"":195,""Reason"":3}"
16836715,"{""Old"":5635,""New"":5637,""Reason"":3}"
17480610,"{""Old"":1558,""New"":1564,""Reason"":3}"
20810549,"{""Old"":369,""New"":387,""Reason"":3}"
120005535,"{""Old"":207,""New"":209,""Reason"":3}"
20810549,"{""Old"":361,""New"":363,""Reason"":3}"
13921898,"{""Old"":652,""New"":654,""Reason"":3}"
209084004,"{""Old"":793,""New"":805,""Reason"":3}"
21369105,"{""Old"":36412,""New"":36432,""Reason"":3}"
12735607,"{""Old"":24592,""New"":24598,""Reason"":3}"
14796417,"{""Old"":743,""New"":755,""Reason"":3}"
15824351,"{""Old"":1460,""New"":1468,""Reason"":3}"
21304659,"{""Old"":528,""New"":530,""Reason"":3}"
17650167,"{""Old"":3599,""New"":3625,""Reason"":3}"
11021891,"{""Old"":300,""New"":304,""Reason"":3}"
16473350,"{""Old"":583,""New"":619,""Reason"":3}"
218733227,"{""Old"":19668,""New"":19692,""Reason"":3}"
13921898,"{""Old"":570,""New"":574,""Reason"":3}"
14796417,"{""Old"":760,""New"":764,""Reason"":3}"
21369105,"{""Old"":36350,""New"":36370,""Reason"":3}"
12330101,"{""Old"":17732,""New"":17740,""Reason"":3}"
21513924,"{""Old"":1705,""New"":1707,""Reason"":3}"
21369105,"{""Old"":36442,""New"":36454,""Reason"":3}"
13921898,"{""Old"":621,""New"":651,""Reason"":3}"
120005535,"{""Old"":193,""New"":195,""Reason"":3}"
120375304,"{""Old"":345,""New"":371,""Reason"":3}"
28922167,"{""Old"":644,""New"":694,""Reason"":3}"
208440716,"{""Old"":100,""New"":104,""Reason"":3}"
20153891,"{""Old"":714,""New"":724,""Reason"":3}"
120275407,"{""Old"":2805,""New"":2821,""Reason"":3}"
14750818,"{""Old"":74,""New"":82,""Reason"":3}"
20846516,"{""Old"":10545,""New"":10547,""Reason"":3}"
26901127,"{""Old"":1967,""New"":1975,""Reason"":3}"
218819964,"{""Old"":1257,""New"":1273,""Reason"":3}"
23973385,"{""Old"":1239,""New"":1267,""Reason"":3}"
20846516,"{""Old"":10491,""New"":10523,""Reason"":3}"
17172657,"{""Old"":2947,""New"":2951,""Reason"":3}"
17172657,"{""Old"":3065,""New"":3079,""Reason"":3}"
17172657,"{""Old"":3016,""New"":3026,""Reason"":3}"
13030531,"{""Old"":2164,""New"":2168,""Reason"":3}"
19448494,"{""Old"":12010,""New"":12016,""Reason"":3}"
16836715,"{""Old"":5593,""New"":5613,""Reason"":3}"
11671657,"{""Old"":1399,""New"":1403,""Reason"":3}"
13173590,"{""Old"":202461,""New"":202471,""Reason"":3}"
14975520,"{""Old"":2648,""New"":2652,""Reason"":3}"
21124461,"{""Old"":2500,""New"":2520,""Reason"":3}"
14975520,"{""Old"":2545,""New"":2551,""Reason"":3}"
10087146,"{""Old"":1581,""New"":1605,""Reason"":3}"
19535546,"{""Old"":24726,""New"":24814,""Reason"":3}"
23716838,"{""Old"":255,""New"":257,""Reason"":3}"
19535546,"{""Old"":24561,""New"":24631,""Reason"":3}"
120375304,"{""Old"":631,""New"":633,""Reason"":3}"
13554540,"{""Old"":2945,""New"":2947,""Reason"":3}"
31510531,"{""Old"":3680,""New"":3694,""Reason"":3}"
11182746,"{""Old"":5754,""New"":6132,""Reason"":3}"
11096634,"{""Old"":503,""New"":505,""Reason"":3}"
11096634,"{""Old"":506,""New"":508,""Reason"":3}"
21369105,"{""Old"":36454,""New"":36464,""Reason"":3}"
12735607,"{""Old"":24572,""New"":24592,""Reason"":3}"
208006046,"{""Old"":418,""New"":420,""Reason"":3}"
201990056,"{""Old"":477,""New"":497,""Reason"":3}"
16251092,"{""Old"":13532,""New"":13540,""Reason"":3}"
21304659,"{""Old"":563,""New"":571,""Reason"":3}"
122220431,"{""Old"":668,""New"":698,""Reason"":3}"
10699783,"{""Old"":1520,""New"":1544,""Reason"":3}"
16251092,"{""Old"":13522,""New"":13526,""Reason"":3}"
16251092,"{""Old"":13265,""New"":13271,""Reason"":3}"
218027547,"{""Old"":3474,""New"":3478,""Reason"":3}"
218027547,"{""Old"":3180,""New"":3190,""Reason"":3}"
218027547,"{""Old"":3092,""New"":3108,""Reason"":3}"
218027547,"{""Old"":3176,""New"":3180,""Reason"":3}"
19535546,"{""Old"":25026,""New"":25044,""Reason"":3}"
120966013,"{""Old"":690,""New"":692,""Reason"":3}"
12826948,"{""Old"":4603,""New"":4605,""Reason"":3}"
211765402,"{""Old"":305,""New"":315,""Reason"":3}"
212231825,"{""Old"":704,""New"":716,""Reason"":3}"
211765402,"{""Old"":333,""New"":335,""Reason"":3}"
212231825,"{""Old"":698,""New"":704,""Reason"":3}"
20356508,"{""Old"":2007,""New"":2013,""Reason"":3}"
10652560,"{""Old"":1321,""New"":1325,""Reason"":3}"
23005604,"{""Old"":187,""New"":195,""Reason"":3}"
211765402,"{""Old"":294,""New"":300,""Reason"":3}"
120860544,"{""Old"":3184,""New"":3186,""Reason"":3}"
22035132,"{""Old"":282,""New"":286,""Reason"":3}"
22035132,"{""Old"":307,""New"":309,""Reason"":3}"
212493653,"{""Old"":320,""New"":322,""Reason"":3}"
218786694,"{""Old"":2348,""New"":2350,""Reason"":3}"
11671657,"{""Old"":1387,""New"":1399,""Reason"":3}"
10087146,"{""Old"":1561,""New"":1571,""Reason"":3}"
208990339,"{""Old"":155,""New"":163,""Reason"":3}"
22451263,"{""Old"":1405,""New"":1415,""Reason"":3}"
20665385,"{""Old"":171,""New"":173,""Reason"":3}"
120275407,"{""Old"":2821,""New"":2831,""Reason"":3}"
20846516,"{""Old"":10472,""New"":10482,""Reason"":3}"
29144219,"{""Old"":159,""New"":161,""Reason"":3}"
21124461,"{""Old"":2494,""New"":2500,""Reason"":3}"
208837663,"{""Old"":818,""New"":826,""Reason"":3}"
20810549,"{""Old"":318,""New"":330,""Reason"":3}"
20972847,"{""Old"":222,""New"":226,""Reason"":3}"
23283042,"{""Old"":1948,""New"":1974,""Reason"":3}"
218819964,"{""Old"":1189,""New"":1201,""Reason"":3}"
37285953,"{""Old"":958,""New"":962,""Reason"":3}"
202469041,"{""Old"":99,""New"":101,""Reason"":3}"
212231825,"{""Old"":718,""New"":728,""Reason"":3}"
11021891,"{""Old"":361,""New"":365,""Reason"":3}"
16473350,"{""Old"":640,""New"":644,""Reason"":3}"
19535546,"{""Old"":24956,""New"":25026,""Reason"":3}"
20810549,"{""Old"":431,""New"":433,""Reason"":3}"
120947546,"{""Old"":921,""New"":923,""Reason"":3}"
208392743,"{""Old"":86820,""New"":86852,""Reason"":3}"
218733227,"{""Old"":19495,""New"":19525,""Reason"":3}"
12481653,"{""Old"":1134,""New"":1142,""Reason"":3}"
19535546,"{""Old"":24482,""New"":24534,""Reason"":3}"
218027547,"{""Old"":3520,""New"":3528,""Reason"":3}"
15545255,"{""Old"":1859,""New"":1861,""Reason"":3}"
11045279,"{""Old"":667,""New"":669,""Reason"":3}"
21807500,"{""Old"":71,""New"":73,""Reason"":3}"
18031663,"{""Old"":1168,""New"":1188,""Reason"":3}"
16251092,"{""Old"":13190,""New"":13198,""Reason"":3}"
16251092,"{""Old"":13236,""New"":13240,""Reason"":3}"
23748897,"{""Old"":6590,""New"":6592,""Reason"":3}"
201565207,"{""Old"":2029,""New"":2031,""Reason"":3}"
12301610,"{""Old"":5918,""New"":5922,""Reason"":3}"
218027547,"{""Old"":2925,""New"":2929,""Reason"":3}"
12301610,"{""Old"":6254,""New"":6260,""Reason"":3}"
16251092,"{""Old"":13458,""New"":13468,""Reason"":3}"
27820337,"{""Old"":24187,""New"":24191,""Reason"":3}"
19499167,"{""Old"":285,""New"":291,""Reason"":3}"
52424330,"{""Old"":22,""New"":24,""Reason"":3}"
208837663,"{""Old"":798,""New"":818,""Reason"":3}"
29144219,"{""Old"":133,""New"":141,""Reason"":3}"
11698989,"{""Old"":864,""New"":866,""Reason"":3}"
13024883,"{""Old"":7414,""New"":7418,""Reason"":3}"
15023949,"{""Old"":2211,""New"":2215,""Reason"":3}"
22035132,"{""Old"":299,""New"":301,""Reason"":3}"
42098274,"{""Old"":1867,""New"":1873,""Reason"":3}"
20665385,"{""Old"":197,""New"":199,""Reason"":3}"
212493653,"{""Old"":309,""New"":313,""Reason"":3}"
56756635,"{""Old"":45047,""New"":45079,""Reason"":3}"
83641058,"{""Old"":502,""New"":514,""Reason"":3}"
28922167,"{""Old"":1060,""New"":1090,""Reason"":3}"
28922167,"{""Old"":620,""New"":644,""Reason"":3}"
11021891,"{""Old"":268,""New"":270,""Reason"":3}"
12735607,"{""Old"":24465,""New"":24467,""Reason"":3}"
19535546,"{""Old"":25078,""New"":25090,""Reason"":3}"
13921898,"{""Old"":586,""New"":592,""Reason"":3}"
13921898,"{""Old"":655,""New"":659,""Reason"":3}"
209084004,"{""Old"":775,""New"":779,""Reason"":3}"
15824351,"{""Old"":1456,""New"":1458,""Reason"":3}"
11021891,"{""Old"":331,""New"":333,""Reason"":3}"
28226374,"{""Old"":436,""New"":438,""Reason"":3}"
218027547,"{""Old"":2959,""New"":2991,""Reason"":3}"
19535546,"{""Old"":25044,""New"":25058,""Reason"":3}"
20810549,"{""Old"":234,""New"":238,""Reason"":3}"
120005535,"{""Old"":217,""New"":229,""Reason"":3}"
15059308,"{""Old"":490,""New"":498,""Reason"":3}"
19973936,"{""Old"":1639,""New"":1645,""Reason"":3}"
202469041,"{""Old"":94,""New"":96,""Reason"":3}"
25913684,"{""Old"":852,""New"":854,""Reason"":3}"
27213067,"{""Old"":5091,""New"":5095,""Reason"":3}"
13030531,"{""Old"":2160,""New"":2164,""Reason"":3}"
202469041,"{""Old"":96,""New"":98,""Reason"":3}"
28783747,"{""Old"":144,""New"":146,""Reason"":3}"
19973936,"{""Old"":1620,""New"":1626,""Reason"":3}"
13030531,"{""Old"":2156,""New"":2160,""Reason"":3}"
20153891,"{""Old"":709,""New"":713,""Reason"":3}"
20846516,"{""Old"":10692,""New"":10748,""Reason"":3}"
31997232,"{""Old"":6195,""New"":6225,""Reason"":3}"
16251092,"{""Old"":13540,""New"":13542,""Reason"":3}"
120916712,"{""Old"":547,""New"":571,""Reason"":3}"
21852487,"{""Old"":179,""New"":185,""Reason"":3}"
209084004,"{""Old"":783,""New"":787,""Reason"":3}"
22394827,"{""Old"":3407,""New"":3419,""Reason"":3}"
11096634,"{""Old"":549,""New"":555,""Reason"":3}"
11124734,"{""Old"":2326,""New"":2332,""Reason"":3}"
218027547,"{""Old"":3516,""New"":3520,""Reason"":3}"
218027547,"{""Old"":3490,""New"":3496,""Reason"":3}"
28226374,"{""Old"":502,""New"":516,""Reason"":3}"
19535546,"{""Old"":24405,""New"":24441,""Reason"":3}"
218027547,"{""Old"":3028,""New"":3048,""Reason"":3}"
16251092,"{""Old"":13346,""New"":13348,""Reason"":3}"
210273641,"{""Old"":1961,""New"":1963,""Reason"":3}"
43207454,"{""Old"":3365,""New"":3369,""Reason"":3}"
2959905,"{""Old"":3124,""New"":3126,""Reason"":3}"
31558571,"{""Old"":3335,""New"":3341,""Reason"":3}"
29144219,"{""Old"":152,""New"":158,""Reason"":3}"
2959905,"{""Old"":3120,""New"":3124,""Reason"":3}"
2959905,"{""Old"":3240,""New"":3258,""Reason"":3}"
13444111,"{""Old"":1539,""New"":1555,""Reason"":3}"
16836715,"{""Old"":5631,""New"":5635,""Reason"":3}"
16251092,"{""Old"":13428,""New"":13458,""Reason"":3}"
11182746,"{""Old"":5720,""New"":5728,""Reason"":3}"
218786694,"{""Old"":2282,""New"":2290,""Reason"":3}"
19448494,"{""Old"":12456,""New"":12458,""Reason"":3}"
27820337,"{""Old"":24095,""New"":24119,""Reason"":3}"
22451263,"{""Old"":1383,""New"":1387,""Reason"":3}"
20665385,"{""Old"":238,""New"":242,""Reason"":3}"
203236673,"{""Old"":5097,""New"":5101,""Reason"":3}"
208392743,"{""Old"":86734,""New"":86754,""Reason"":3}"
120005535,"{""Old"":201,""New"":203,""Reason"":3}"
218733227,"{""Old"":19459,""New"":19487,""Reason"":3}"
27213067,"{""Old"":5095,""New"":5099,""Reason"":3}"
120275407,"{""Old"":2800,""New"":2802,""Reason"":3}"
23283042,"{""Old"":1944,""New"":1948,""Reason"":3}"
207050052,"{""Old"":1825,""New"":1827,""Reason"":3}"
20972847,"{""Old"":230,""New"":234,""Reason"":3}"
20153891,"{""Old"":705,""New"":707,""Reason"":3}"
31558571,"{""Old"":3321,""New"":3333,""Reason"":3}"
120005535,"{""Old"":209,""New"":217,""Reason"":3}"
2959905,"{""Old"":3053,""New"":3057,""Reason"":3}"
19448494,"{""Old"":12287,""New"":12299,""Reason"":3}"
56756635,"{""Old"":47617,""New"":47619,""Reason"":3}"
13921898,"{""Old"":604,""New"":616,""Reason"":3}"
43207454,"{""Old"":3323,""New"":3325,""Reason"":3}"
2959905,"{""Old"":3150,""New"":3156,""Reason"":3}"
47361437,"{""Old"":1890,""New"":1894,""Reason"":3}"
23619815,"{""Old"":66,""New"":70,""Reason"":3}"
17480610,"{""Old"":1556,""New"":1558,""Reason"":3}"
11182746,"{""Old"":5738,""New"":5750,""Reason"":3}"
16251092,"{""Old"":13297,""New"":13299,""Reason"":3}"
28922167,"{""Old"":589,""New"":595,""Reason"":3}"
28922167,"{""Old"":694,""New"":698,""Reason"":3}"
209084004,"{""Old"":787,""New"":793,""Reason"":3}"
16473350,"{""Old"":619,""New"":621,""Reason"":3}"
19535546,"{""Old"":24182,""New"":24192,""Reason"":3}"
16251092,"{""Old"":13251,""New"":13255,""Reason"":3}"
11021891,"{""Old"":323,""New"":327,""Reason"":3}"
23619815,"{""Old"":54,""New"":56,""Reason"":3}"
19535546,"{""Old"":25068,""New"":25078,""Reason"":3}"
19535546,"{""Old"":24322,""New"":24374,""Reason"":3}"
221110711,"{""Old"":103,""New"":105,""Reason"":3}"
218027547,"{""Old"":3148,""New"":3174,""Reason"":3}"
14735155,"{""Old"":11221,""New"":11225,""Reason"":3}"
23283042,"{""Old"":1974,""New"":1986,""Reason"":3}"
23005604,"{""Old"":210,""New"":214,""Reason"":3}"
23005604,"{""Old"":159,""New"":167,""Reason"":3}"
15059308,"{""Old"":488,""New"":490,""Reason"":3}"
20356508,"{""Old"":1995,""New"":2007,""Reason"":3}"
17784766,"{""Old"":500,""New"":502,""Reason"":3}"
85663896,"{""Old"":103,""New"":105,""Reason"":3}"
18031663,"{""Old"":1085,""New"":1099,""Reason"":3}"
18031663,"{""Old"":1191,""New"":1211,""Reason"":3}"
19977587,"{""Old"":157,""New"":163,""Reason"":3}"
218786694,"{""Old"":2292,""New"":2322,""Reason"":3}"
56667850,"{""Old"":555111,""New"":555117,""Reason"":3}"
68974259,"{""Old"":428,""New"":430,""Reason"":3}"
42098274,"{""Old"":1909,""New"":1923,""Reason"":3}"
43207454,"{""Old"":3303,""New"":3319,""Reason"":3}"
18031663,"{""Old"":195,""New"":197,""Reason"":3}"
2959905,"{""Old"":3080,""New"":3084,""Reason"":3}"
56756635,"{""Old"":45079,""New"":45113,""Reason"":3}"
43207454,"{""Old"":3236,""New"":3262,""Reason"":3}"
2959905,"{""Old"":3166,""New"":3172,""Reason"":3}"
17650167,"{""Old"":3565,""New"":3589,""Reason"":3}"
15824351,"{""Old"":1527,""New"":1529,""Reason"":3}"
11021891,"{""Old"":305,""New"":309,""Reason"":3}"
13554540,"{""Old"":3065,""New"":3069,""Reason"":3}"
120275407,"{""Old"":2762,""New"":2784,""Reason"":3}"
20356508,"{""Old"":1959,""New"":1961,""Reason"":3}"
218819964,"{""Old"":1224,""New"":1238,""Reason"":3}"
31997232,"{""Old"":5859,""New"":5943,""Reason"":3}"
208006046,"{""Old"":409,""New"":415,""Reason"":3}"
56667850,"{""Old"":557147,""New"":562123,""Reason"":3}"
10087146,"{""Old"":1605,""New"":1611,""Reason"":3}"
22035132,"{""Old"":287,""New"":291,""Reason"":3}"
13444111,"{""Old"":1517,""New"":1521,""Reason"":3}"
56756635,"{""Old"":47619,""New"":47623,""Reason"":3}"
19448494,"{""Old"":12279,""New"":12287,""Reason"":3}"
122220431,"{""Old"":481,""New"":487,""Reason"":3}"
15824351,"{""Old"":1513,""New"":1517,""Reason"":3}"
122220431,"{""Old"":742,""New"":748,""Reason"":3}"
122220431,"{""Old"":748,""New"":762,""Reason"":3}"
210633566,"{""Old"":161,""New"":163,""Reason"":3}"
25431164,"{""Old"":774,""New"":780,""Reason"":3}"
218027547,"{""Old"":3074,""New"":3092,""Reason"":3}"
17650167,"{""Old"":3625,""New"":3627,""Reason"":3}"
122220431,"{""Old"":728,""New"":734,""Reason"":3}"
122220431,"{""Old"":610,""New"":652,""Reason"":3}"
13044045,"{""Old"":207,""New"":215,""Reason"":3}"
21852487,"{""Old"":163,""New"":167,""Reason"":3}"
20846516,"{""Old"":13160,""New"":13164,""Reason"":3}"
14034509,"{""Old"":2697,""New"":2707,""Reason"":3}"
218733227,"{""Old"":19571,""New"":19585,""Reason"":3}"
218733227,"{""Old"":19795,""New"":19815,""Reason"":3}"
218733227,"{""Old"":19346,""New"":19366,""Reason"":3}"
25913684,"{""Old"":843,""New"":847,""Reason"":3}"
42098274,"{""Old"":1903,""New"":1909,""Reason"":3}"
37285953,"{""Old"":932,""New"":958,""Reason"":3}"
43207454,"{""Old"":3369,""New"":3375,""Reason"":3}"
16836715,"{""Old"":5566,""New"":5578,""Reason"":3}"
16836715,"{""Old"":5625,""New"":5631,""Reason"":3}"
218786694,"{""Old"":2270,""New"":2274,""Reason"":3}"
22451263,"{""Old"":1401,""New"":1405,""Reason"":3}"
43207454,"{""Old"":3293,""New"":3303,""Reason"":3}"
38384328,"{""Old"":343,""New"":347,""Reason"":3}"
209084004,"{""Old"":779,""New"":783,""Reason"":3}"
23245682,"{""Old"":3772,""New"":3774,""Reason"":3}"
11096634,"{""Old"":511,""New"":517,""Reason"":3}"
211992690,"{""Old"":6351,""New"":6353,""Reason"":3}"
19535546,"{""Old"":23902,""New"":23922,""Reason"":3}"
218027547,"{""Old"":3478,""New"":3490,""Reason"":3}"
221110711,"{""Old"":100,""New"":102,""Reason"":3}"
122220431,"{""Old"":390,""New"":422,""Reason"":3}"
122220431,"{""Old"":512,""New"":550,""Reason"":3}"
211992690,"{""Old"":6353,""New"":6355,""Reason"":3}"
21327228,"{""Old"":41,""New"":47,""Reason"":3}"
16473350,"{""Old"":630,""New"":640,""Reason"":3}"
120275407,"{""Old"":2843,""New"":2845,""Reason"":3}"
19973936,"{""Old"":1635,""New"":1639,""Reason"":3}"
43656083,"{""Old"":324,""New"":328,""Reason"":3}"
209520756,"{""Old"":4620,""New"":4636,""Reason"":3}"
20972847,"{""Old"":181,""New"":185,""Reason"":3}"
58146064,"{""Old"":18171,""New"":18181,""Reason"":3}"
56014901,"{""Old"":71,""New"":79,""Reason"":3}"
32222243,"{""Old"":58,""New"":60,""Reason"":3}"
26734523,"{""Old"":751,""New"":757,""Reason"":3}"
58146064,"{""Old"":18021,""New"":18091,""Reason"":3}"
26734523,"{""Old"":748,""New"":750,""Reason"":3}"
209520756,"{""Old"":4575,""New"":4577,""Reason"":3}"
26734523,"{""Old"":791,""New"":793,""Reason"":3}"
60702281,"{""Old"":1415,""New"":1425,""Reason"":3}"
46626552,"{""Old"":572,""New"":574,""Reason"":3}"
25913684,"{""Old"":995,""New"":1005,""Reason"":3}"
27820337,"{""Old"":23993,""New"":23995,""Reason"":3}"
60702281,"{""Old"":1443,""New"":1445,""Reason"":3}"
2959905,"{""Old"":3113,""New"":3115,""Reason"":3}"
2959905,"{""Old"":3091,""New"":3105,""Reason"":3}"
20665385,"{""Old"":181,""New"":183,""Reason"":3}"
29342093,"{""Old"":131,""New"":137,""Reason"":3}"
43852360,"{""Old"":92,""New"":100,""Reason"":3}"
16836715,"{""Old"":5578,""New"":5582,""Reason"":3}"
60702281,"{""Old"":1431,""New"":1439,""Reason"":3}"
18031663,"{""Old"":1104,""New"":1136,""Reason"":3}"
32223000,"{""Old"":3572,""New"":3606,""Reason"":3}"
68974259,"{""Old"":436,""New"":440,""Reason"":3}"
32223000,"{""Old"":3742,""New"":3794,""Reason"":3}"
23839143,"{""Old"":1653,""New"":1655,""Reason"":3}"
2959905,"{""Old"":3067,""New"":3071,""Reason"":3}"
43852360,"{""Old"":104,""New"":106,""Reason"":3}"
2959905,"{""Old"":3057,""New"":3063,""Reason"":3}"
14975520,"{""Old"":2584,""New"":2586,""Reason"":3}"
23234823,"{""Old"":5069,""New"":5079,""Reason"":3}"
20846516,"{""Old"":13164,""New"":13172,""Reason"":3}"
31997232,"{""Old"":3699,""New"":3719,""Reason"":3}"
20153891,"{""Old"":724,""New"":730,""Reason"":3}"
69464352,"{""Old"":2898,""New"":2918,""Reason"":3}"
20972847,"{""Old"":241,""New"":245,""Reason"":3}"
13044045,"{""Old"":226,""New"":230,""Reason"":3}"
19535546,"{""Old"":24233,""New"":24261,""Reason"":3}"
19535546,"{""Old"":24296,""New"":24306,""Reason"":3}"
17205050,"{""Old"":2859,""New"":2877,""Reason"":3}"
221110711,"{""Old"":72,""New"":74,""Reason"":3}"
22689590,"{""Old"":1390,""New"":1396,""Reason"":3}"
16251092,"{""Old"":13307,""New"":13309,""Reason"":3}"
19338868,"{""Old"":14330,""New"":14332,""Reason"":3}"
6688497,"{""Old"":473,""New"":475,""Reason"":3}"
32223000,"{""Old"":4135,""New"":4137,""Reason"":3}"
32223000,"{""Old"":3829,""New"":3857,""Reason"":3}"
22035132,"{""Old"":294,""New"":296,""Reason"":3}"
20634661,"{""Old"":31,""New"":33,""Reason"":3}"
19338868,"{""Old"":14322,""New"":14324,""Reason"":3}"
42098274,"{""Old"":1897,""New"":1899,""Reason"":3}"
204621248,"{""Old"":93,""New"":95,""Reason"":3}"
11698989,"{""Old"":745,""New"":755,""Reason"":3}"
28165463,"{""Old"":1947,""New"":1997,""Reason"":3}"
43207454,"{""Old"":3338,""New"":3342,""Reason"":3}"
2959905,"{""Old"":3028,""New"":3040,""Reason"":3}"
209520756,"{""Old"":4600,""New"":4604,""Reason"":3}"
58146064,"{""Old"":18091,""New"":18131,""Reason"":3}"
26901127,"{""Old"":2068,""New"":2070,""Reason"":3}"
37784995,"{""Old"":9655,""New"":9659,""Reason"":3}"
218819964,"{""Old"":1247,""New"":1257,""Reason"":3}"
218819964,"{""Old"":1281,""New"":1291,""Reason"":3}"
23234823,"{""Old"":5079,""New"":5093,""Reason"":3}"
22245308,"{""Old"":75,""New"":77,""Reason"":3}"
218819964,"{""Old"":1277,""New"":1279,""Reason"":3}"
28783747,"{""Old"":146,""New"":148,""Reason"":3}"
14796417,"{""Old"":755,""New"":757,""Reason"":3}"
6688497,"{""Old"":471,""New"":473,""Reason"":3}"
25225869,"{""Old"":22569,""New"":22577,""Reason"":3}"
122220431,"{""Old"":288,""New"":290,""Reason"":3}"
122220431,"{""Old"":290,""New"":294,""Reason"":3}"
120375304,"{""Old"":513,""New"":543,""Reason"":3}"
201565207,"{""Old"":1938,""New"":1940,""Reason"":3}"
15438680,"{""Old"":938,""New"":950,""Reason"":3}"
30948438,"{""Old"":42,""New"":46,""Reason"":3}"
22451263,"{""Old"":1389,""New"":1391,""Reason"":3}"
68083877,"{""Old"":649,""New"":651,""Reason"":3}"
204621248,"{""Old"":96,""New"":98,""Reason"":3}"
19448494,"{""Old"":12027,""New"":12029,""Reason"":3}"
211619172,"{""Old"":64,""New"":66,""Reason"":3}"
18031663,"{""Old"":1219,""New"":1241,""Reason"":3}"
29342093,"{""Old"":150,""New"":156,""Reason"":3}"
34586941,"{""Old"":373,""New"":377,""Reason"":3}"
43207454,"{""Old"":3342,""New"":3346,""Reason"":3}"
81827083,"{""Old"":137493,""New"":137503,""Reason"":3}"
21586685,"{""Old"":519,""New"":521,""Reason"":3}"
10087146,"{""Old"":1621,""New"":1633,""Reason"":3}"
21586685,"{""Old"":524,""New"":532,""Reason"":3}"
68083877,"{""Old"":634,""New"":642,""Reason"":3}"
11698989,"{""Old"":808,""New"":814,""Reason"":3}"
24622188,"{""Old"":381,""New"":385,""Reason"":3}"
201887522,"{""Old"":237,""New"":249,""Reason"":3}"
68083877,"{""Old"":655,""New"":659,""Reason"":3}"
31510531,"{""Old"":3444,""New"":3456,""Reason"":3}"
43142161,"{""Old"":510,""New"":526,""Reason"":3}"
28226374,"{""Old"":410,""New"":412,""Reason"":3}"
21143559,"{""Old"":1277,""New"":1297,""Reason"":3}"
20745147,"{""Old"":166,""New"":168,""Reason"":3}"
19535546,"{""Old"":25058,""New"":25066,""Reason"":3}"
218027547,"{""Old"":3230,""New"":3244,""Reason"":3}"
200308757,"{""Old"":976,""New"":980,""Reason"":3}"
18040806,"{""Old"":98,""New"":104,""Reason"":3}"
122220431,"{""Old"":698,""New"":726,""Reason"":3}"
22394827,"{""Old"":3387,""New"":3393,""Reason"":3}"
58146064,"{""Old"":17229,""New"":17329,""Reason"":3}"
120947546,"{""Old"":923,""New"":931,""Reason"":3}"
51591414,"{""Old"":1319,""New"":1323,""Reason"":3}"
207050052,"{""Old"":1823,""New"":1825,""Reason"":3}"
20972847,"{""Old"":175,""New"":179,""Reason"":3}"
218733227,"{""Old"":19742,""New"":19782,""Reason"":3}"
32297253,"{""Old"":1417,""New"":1445,""Reason"":3}"
31997232,"{""Old"":5943,""New"":6045,""Reason"":3}"
15443232,"{""Old"":2230,""New"":2234,""Reason"":3}"
59391335,"{""Old"":4670,""New"":4672,""Reason"":3}"
218733227,"{""Old"":19344,""New"":19346,""Reason"":3}"
18031663,"{""Old"":1155,""New"":1165,""Reason"":3}"
36212068,"{""Old"":1658,""New"":1660,""Reason"":3}"
17655371,"{""Old"":3434,""New"":3446,""Reason"":3}"
31558571,"{""Old"":3365,""New"":3379,""Reason"":3}"
31558571,"{""Old"":3355,""New"":3365,""Reason"":3}"
31558571,"{""Old"":3333,""New"":3335,""Reason"":3}"
42098274,"{""Old"":1901,""New"":1903,""Reason"":3}"
42098274,"{""Old"":1895,""New"":1897,""Reason"":3}"
29342093,"{""Old"":144,""New"":150,""Reason"":3}"
32223000,"{""Old"":3967,""New"":3999,""Reason"":3}"
18031663,"{""Old"":1059,""New"":1079,""Reason"":3}"
56756635,"{""Old"":47615,""New"":47617,""Reason"":3}"
56667850,"{""Old"":555099,""New"":555111,""Reason"":3}"
12735607,"{""Old"":24627,""New"":24633,""Reason"":3}"
56756635,"{""Old"":44970,""New"":44972,""Reason"":3}"
6688497,"{""Old"":458,""New"":462,""Reason"":3}"
16251092,"{""Old"":13223,""New"":13233,""Reason"":3}"
200308757,"{""Old"":972,""New"":976,""Reason"":3}"
201990056,"{""Old"":497,""New"":511,""Reason"":3}"
16251092,"{""Old"":13300,""New"":13302,""Reason"":3}"
26388823,"{""Old"":2416,""New"":2422,""Reason"":3}"
21304659,"{""Old"":549,""New"":553,""Reason"":3}"
23716838,"{""Old"":253,""New"":255,""Reason"":3}"
210273641,"{""Old"":1982,""New"":1988,""Reason"":3}"
58146064,"{""Old"":16662,""New"":16682,""Reason"":3}"
58146064,"{""Old"":17415,""New"":17535,""Reason"":3}"
38057858,"{""Old"":2919,""New"":2923,""Reason"":3}"
58146064,"{""Old"":26878,""New"":26898,""Reason"":3}"
58146064,"{""Old"":16305,""New"":16455,""Reason"":3}"
58146064,"{""Old"":17542,""New"":17582,""Reason"":3}"
79023038,"{""Old"":2355,""New"":2415,""Reason"":3}"
209520756,"{""Old"":4467,""New"":4495,""Reason"":3}"
59391335,"{""Old"":4684,""New"":4694,""Reason"":3}"
209520756,"{""Old"":4539,""New"":4553,""Reason"":3}"
58146064,"{""Old"":17744,""New"":17886,""Reason"":3}"
51591414,"{""Old"":1313,""New"":1315,""Reason"":3}"
25673933,"{""Old"":139,""New"":149,""Reason"":3}"
218819964,"{""Old"":1279,""New"":1281,""Reason"":3}"
43656083,"{""Old"":328,""New"":330,""Reason"":3}"
122220431,"{""Old"":360,""New"":376,""Reason"":3}"
122220431,"{""Old"":446,""New"":462,""Reason"":3}"
53138586,"{""Old"":3435,""New"":3527,""Reason"":3}"
21807500,"{""Old"":73,""New"":75,""Reason"":3}"
11308517,"{""Old"":41,""New"":43,""Reason"":3}"
21143559,"{""Old"":1261,""New"":1263,""Reason"":3}"
23294053,"{""Old"":388,""New"":390,""Reason"":3}"
19535546,"{""Old"":23925,""New"":23931,""Reason"":3}"
69464352,"{""Old"":2888,""New"":2898,""Reason"":3}"
209520756,"{""Old"":4579,""New"":4597,""Reason"":3}"
209520756,"{""Old"":4526,""New"":4536,""Reason"":3}"
58146064,"{""Old"":24159,""New"":24229,""Reason"":3}"
58146064,"{""Old"":24014,""New"":24084,""Reason"":3}"
18720026,"{""Old"":1038,""New"":1042,""Reason"":3}"
413420,"{""Old"":5433,""New"":5443,""Reason"":3}"
26734523,"{""Old"":794,""New"":806,""Reason"":3}"
209520756,"{""Old"":4520,""New"":4526,""Reason"":3}"
58146064,"{""Old"":17034,""New"":17074,""Reason"":3}"
79023038,"{""Old"":2441,""New"":2463,""Reason"":3}"
23283042,"{""Old"":1926,""New"":1944,""Reason"":3}"
20188854,"{""Old"":603,""New"":623,""Reason"":3}"
58146064,"{""Old"":27153,""New"":27353,""Reason"":3}"
31510531,"{""Old"":3612,""New"":3618,""Reason"":3}"
31997232,"{""Old"":5735,""New"":5859,""Reason"":3}"
15443232,"{""Old"":2234,""New"":2244,""Reason"":3}"
24540830,"{""Old"":461,""New"":463,""Reason"":3}"
33124299,"{""Old"":413,""New"":415,""Reason"":3}"
56756635,"{""Old"":47627,""New"":47643,""Reason"":3}"
11698989,"{""Old"":759,""New"":761,""Reason"":3}"
31005231,"{""Old"":71,""New"":73,""Reason"":3}"
37781144,"{""Old"":7860,""New"":7868,""Reason"":3}"
12772238,"{""Old"":1434,""New"":1438,""Reason"":3}"
28922167,"{""Old"":1174,""New"":1180,""Reason"":3}"
25225869,"{""Old"":22430,""New"":22436,""Reason"":3}"
17593825,"{""Old"":2198,""New"":2202,""Reason"":3}"
21143559,"{""Old"":1263,""New"":1267,""Reason"":3}"
122220431,"{""Old"":734,""New"":736,""Reason"":3}"
122220431,"{""Old"":736,""New"":742,""Reason"":3}"
120916712,"{""Old"":574,""New"":578,""Reason"":3}"
201990056,"{""Old"":467,""New"":477,""Reason"":3}"
14975520,"{""Old"":2628,""New"":2630,""Reason"":3}"
24196485,"{""Old"":140177,""New"":140191,""Reason"":3}"
31510531,"{""Old"":3644,""New"":3646,""Reason"":3}"
56667850,"{""Old"":557123,""New"":557147,""Reason"":3}"
13444111,"{""Old"":1523,""New"":1539,""Reason"":3}"
86580266,"{""Old"":894,""New"":900,""Reason"":3}"
56756635,"{""Old"":47613,""New"":47615,""Reason"":3}"
218786694,"{""Old"":2353,""New"":2373,""Reason"":3}"
22451263,"{""Old"":1415,""New"":1427,""Reason"":3}"
27820337,"{""Old"":24171,""New"":24175,""Reason"":3}"
17172657,"{""Old"":3125,""New"":3137,""Reason"":3}"
58146064,"{""Old"":16114,""New"":16164,""Reason"":3}"
58146064,"{""Old"":16480,""New"":16552,""Reason"":3}"
79023038,"{""Old"":2463,""New"":2477,""Reason"":3}"
18720026,"{""Old"":1032,""New"":1036,""Reason"":3}"
41511291,"{""Old"":840,""New"":842,""Reason"":3}"
215212281,"{""Old"":48185,""New"":48189,""Reason"":3}"
20188854,"{""Old"":633,""New"":635,""Reason"":3}"
51591414,"{""Old"":1323,""New"":1327,""Reason"":3}"
209520756,"{""Old"":4680,""New"":4690,""Reason"":3}"
51591414,"{""Old"":1353,""New"":1363,""Reason"":3}"
51591414,"{""Old"":1335,""New"":1353,""Reason"":3}"
20188854,"{""Old"":725,""New"":737,""Reason"":3}"
58146064,"{""Old"":16732,""New"":16772,""Reason"":3}"
58146064,"{""Old"":17584,""New"":17644,""Reason"":3}"
86580266,"{""Old"":770,""New"":798,""Reason"":3}"
11698989,"{""Old"":777,""New"":787,""Reason"":3}"
13173590,"{""Old"":201918,""New"":201924,""Reason"":3}"
11698989,"{""Old"":794,""New"":796,""Reason"":3}"
31997232,"{""Old"":3095,""New"":3143,""Reason"":3}"
209520756,"{""Old"":4553,""New"":4567,""Reason"":3}"
41511291,"{""Old"":864,""New"":866,""Reason"":3}"
11021891,"{""Old"":288,""New"":300,""Reason"":3}"
122220431,"{""Old"":567,""New"":593,""Reason"":3}"
218254716,"{""Old"":126,""New"":130,""Reason"":3}"
218027547,"{""Old"":3264,""New"":3276,""Reason"":3}"
25225869,"{""Old"":22602,""New"":22610,""Reason"":3}"
11096634,"{""Old"":322,""New"":338,""Reason"":3}"
208006046,"{""Old"":392,""New"":408,""Reason"":3}"
43207454,"{""Old"":3231,""New"":3233,""Reason"":3}"
52424330,"{""Old"":135,""New"":137,""Reason"":3}"
120860544,"{""Old"":3167,""New"":3171,""Reason"":3}"
34549354,"{""Old"":417,""New"":419,""Reason"":3}"
13173590,"{""Old"":202049,""New"":202053,""Reason"":3}"
43780156,"{""Old"":665019,""New"":665449,""Reason"":3}"
211619172,"{""Old"":58,""New"":60,""Reason"":3}"
13173590,"{""Old"":202307,""New"":202363,""Reason"":3}"
35611031,"{""Old"":186,""New"":208,""Reason"":3}"
48891507,"{""Old"":26300,""New"":26310,""Reason"":3}"
33288799,"{""Old"":74,""New"":76,""Reason"":3}"
19981811,"{""Old"":378638,""New"":378640,""Reason"":3}"
19535546,"{""Old"":23933,""New"":23935,""Reason"":3}"
22876363,"{""Old"":545,""New"":547,""Reason"":3}"
218733227,"{""Old"":19156,""New"":19158,""Reason"":3}"
79506853,"{""Old"":1243,""New"":1247,""Reason"":3}"
120916712,"{""Old"":578,""New"":584,""Reason"":3}"
218819964,"{""Old"":1273,""New"":1277,""Reason"":3}"
56659199,"{""Old"":1645,""New"":1649,""Reason"":3}"
58146064,"{""Old"":17149,""New"":17179,""Reason"":3}"
51591414,"{""Old"":1377,""New"":1379,""Reason"":3}"
20188854,"{""Old"":723,""New"":725,""Reason"":3}"
58146064,"{""Old"":27403,""New"":27413,""Reason"":3}"
58146064,"{""Old"":17961,""New"":18021,""Reason"":3}"
20188854,"{""Old"":737,""New"":739,""Reason"":3}"
17172657,"{""Old"":3199,""New"":3201,""Reason"":3}"
17172657,"{""Old"":3188,""New"":3196,""Reason"":3}"
20153891,"{""Old"":695,""New"":699,""Reason"":3}"
218733227,"{""Old"":19129,""New"":19131,""Reason"":3}"
69464352,"{""Old"":2850,""New"":2858,""Reason"":3}"
20188854,"{""Old"":748,""New"":750,""Reason"":3}"
20188854,"{""Old"":647,""New"":651,""Reason"":3}"
16836715,"{""Old"":5621,""New"":5623,""Reason"":3}"
13173590,"{""Old"":201833,""New"":201837,""Reason"":3}"
70687690,"{""Old"":189,""New"":195,""Reason"":3}"
47361437,"{""Old"":1913,""New"":1917,""Reason"":3}"
43780156,"{""Old"":666086,""New"":666418,""Reason"":3}"
20846516,"{""Old"":13083,""New"":13085,""Reason"":3}"
13173590,"{""Old"":202363,""New"":202383,""Reason"":3}"
218786694,"{""Old"":2325,""New"":2339,""Reason"":3}"
2959905,"{""Old"":2996,""New"":3024,""Reason"":3}"
28922167,"{""Old"":1182,""New"":1200,""Reason"":3}"
19535546,"{""Old"":24056,""New"":24076,""Reason"":3}"
73782157,"{""Old"":1246,""New"":1266,""Reason"":3}"
17593825,"{""Old"":2196,""New"":2198,""Reason"":3}"
48891507,"{""Old"":26043,""New"":26051,""Reason"":3}"
21304659,"{""Old"":655,""New"":657,""Reason"":3}"
207050052,"{""Old"":1793,""New"":1813,""Reason"":3}"
31997232,"{""Old"":6045,""New"":6195,""Reason"":3}"
31997232,"{""Old"":3537,""New"":3547,""Reason"":3}"
17172657,"{""Old"":3248,""New"":3266,""Reason"":3}"
201729274,"{""Old"":133,""New"":135,""Reason"":3}"
17172657,"{""Old"":3168,""New"":3180,""Reason"":3}"
22582467,"{""Old"":334,""New"":340,""Reason"":3}"
31997232,"{""Old"":3381,""New"":3401,""Reason"":3}"
31997232,"{""Old"":3503,""New"":3537,""Reason"":3}"
58146064,"{""Old"":16602,""New"":16612,""Reason"":3}"
86580266,"{""Old"":755,""New"":759,""Reason"":3}"
17172657,"{""Old"":3231,""New"":3243,""Reason"":3}"
49616690,"{""Old"":993,""New"":999,""Reason"":3}"
22582467,"{""Old"":324,""New"":330,""Reason"":3}"
120966013,"{""Old"":715,""New"":737,""Reason"":3}"
13444111,"{""Old"":1507,""New"":1513,""Reason"":3}"
19448494,"{""Old"":12399,""New"":12401,""Reason"":3}"
20846516,"{""Old"":11230,""New"":11232,""Reason"":3}"
22192060,"{""Old"":432,""New"":440,""Reason"":3}"
23839143,"{""Old"":1683,""New"":1697,""Reason"":3}"
34549354,"{""Old"":405,""New"":415,""Reason"":3}"
31510531,"{""Old"":3590,""New"":3602,""Reason"":3}"
32223000,"{""Old"":3873,""New"":3927,""Reason"":3}"
32223000,"{""Old"":3927,""New"":3967,""Reason"":3}"
20606266,"{""Old"":4361,""New"":4363,""Reason"":3}"
32223000,"{""Old"":3656,""New"":3702,""Reason"":3}"
43780156,"{""Old"":662024,""New"":662366,""Reason"":3}"
43780156,"{""Old"":666418,""New"":666538,""Reason"":3}"
31510531,"{""Old"":3502,""New"":3524,""Reason"":3}"
11698989,"{""Old"":767,""New"":773,""Reason"":3}"
17655371,"{""Old"":3389,""New"":3391,""Reason"":3}"
70687690,"{""Old"":135,""New"":143,""Reason"":3}"
26901127,"{""Old"":1982,""New"":2002,""Reason"":3}"
47361437,"{""Old"":1902,""New"":1906,""Reason"":3}"
32670368,"{""Old"":162,""New"":166,""Reason"":3}"
11113666,"{""Old"":485,""New"":489,""Reason"":3}"
19021529,"{""Old"":1521,""New"":1525,""Reason"":3}"
86580266,"{""Old"":837,""New"":845,""Reason"":3}"
19021529,"{""Old"":1546,""New"":1552,""Reason"":3}"
20188854,"{""Old"":750,""New"":756,""Reason"":3}"
22876363,"{""Old"":547,""New"":561,""Reason"":3}"
86580266,"{""Old"":807,""New"":825,""Reason"":3}"
22582467,"{""Old"":330,""New"":332,""Reason"":3}"
35847621,"{""Old"":1842,""New"":1844,""Reason"":3}"
58146064,"{""Old"":27353,""New"":27403,""Reason"":3}"
58146064,"{""Old"":27023,""New"":27103,""Reason"":3}"
413420,"{""Old"":5415,""New"":5421,""Reason"":3}"
31997232,"{""Old"":2361,""New"":2417,""Reason"":3}"
13030531,"{""Old"":2172,""New"":2174,""Reason"":3}"
15443232,"{""Old"":2210,""New"":2230,""Reason"":3}"
22582467,"{""Old"":332,""New"":334,""Reason"":3}"
59391335,"{""Old"":4662,""New"":4666,""Reason"":3}"
29422084,"{""Old"":190,""New"":192,""Reason"":3}"
21143559,"{""Old"":1267,""New"":1273,""Reason"":3}"
56756847,"{""Old"":665,""New"":667,""Reason"":3}"
218027547,"{""Old"":3213,""New"":3217,""Reason"":3}"
218027547,"{""Old"":3007,""New"":3011,""Reason"":3}"
42080759,"{""Old"":165,""New"":171,""Reason"":3}"
201887522,"{""Old"":260,""New"":262,""Reason"":3}"
13173590,"{""Old"":202193,""New"":202207,""Reason"":3}"
31510531,"{""Old"":3652,""New"":3654,""Reason"":3}"
58146064,"{""Old"":23826,""New"":23836,""Reason"":3}"
28724757,"{""Old"":214,""New"":216,""Reason"":3}"
48319936,"{""Old"":828,""New"":830,""Reason"":3}"
21586685,"{""Old"":505,""New"":513,""Reason"":3}"
58146064,"{""Old"":15984,""New"":16064,""Reason"":3}"
19846321,"{""Old"":4232,""New"":4250,""Reason"":3}"
20972847,"{""Old"":235,""New"":241,""Reason"":3}"
69464352,"{""Old"":2918,""New"":2938,""Reason"":3}"
26734523,"{""Old"":806,""New"":808,""Reason"":3}"
69464352,"{""Old"":2950,""New"":2954,""Reason"":3}"
59391335,"{""Old"":4452,""New"":4462,""Reason"":3}"
11113666,"{""Old"":470,""New"":480,""Reason"":3}"
19021529,"{""Old"":1560,""New"":1568,""Reason"":3}"
23406002,"{""Old"":1101,""New"":1111,""Reason"":3}"
26388823,"{""Old"":2399,""New"":2403,""Reason"":3}"
33288799,"{""Old"":114,""New"":118,""Reason"":3}"
19535546,"{""Old"":24105,""New"":24153,""Reason"":3}"
20745147,"{""Old"":154,""New"":158,""Reason"":3}"
75449739,"{""Old"":1092,""New"":1094,""Reason"":3}"
218027547,"{""Old"":3124,""New"":3136,""Reason"":3}"
218027547,"{""Old"":3290,""New"":3320,""Reason"":3}"
14975520,"{""Old"":2630,""New"":2636,""Reason"":3}"
16251092,"{""Old"":13260,""New"":13264,""Reason"":3}"
11698989,"{""Old"":789,""New"":793,""Reason"":3}"
14975520,"{""Old"":2551,""New"":2567,""Reason"":3}"
72784091,"{""Old"":3813,""New"":3815,""Reason"":3}"
31510531,"{""Old"":3556,""New"":3590,""Reason"":3}"
38393689,"{""Old"":501,""New"":511,""Reason"":3}"
2959905,"{""Old"":3185,""New"":3207,""Reason"":3}"
27820337,"{""Old"":24233,""New"":24245,""Reason"":3}"
18031663,"{""Old"":912,""New"":924,""Reason"":3}"
27820337,"{""Old"":23989,""New"":23993,""Reason"":3}"
32223000,"{""Old"":4043,""New"":4073,""Reason"":3}"
32223000,"{""Old"":4153,""New"":4161,""Reason"":3}"
33288799,"{""Old"":108,""New"":114,""Reason"":3}"
122220431,"{""Old"":652,""New"":668,""Reason"":3}"
42080759,"{""Old"":227,""New"":231,""Reason"":3}"
11698989,"{""Old"":838,""New"":842,""Reason"":3}"
17655371,"{""Old"":3412,""New"":3416,""Reason"":3}"
26388823,"{""Old"":2391,""New"":2397,""Reason"":3}"
11671657,"{""Old"":1443,""New"":1445,""Reason"":3}"
81827083,"{""Old"":137549,""New"":137551,""Reason"":3}"
70687690,"{""Old"":217,""New"":229,""Reason"":3}"
31005231,"{""Old"":44,""New"":46,""Reason"":3}"
11698989,"{""Old"":814,""New"":832,""Reason"":3}"
43780156,"{""Old"":681013,""New"":681057,""Reason"":3}"
5849885,"{""Old"":575,""New"":585,""Reason"":3}"
43207454,"{""Old"":4051,""New"":4067,""Reason"":3}"
43780156,"{""Old"":655516,""New"":655964,""Reason"":3}"
32223000,"{""Old"":3999,""New"":4043,""Reason"":3}"
20746522,"{""Old"":4509,""New"":4519,""Reason"":3}"
39951938,"{""Old"":1526,""New"":1530,""Reason"":3}"
49616690,"{""Old"":971,""New"":993,""Reason"":3}"
26734523,"{""Old"":688,""New"":690,""Reason"":3}"
26734523,"{""Old"":720,""New"":734,""Reason"":3}"
413420,"{""Old"":5385,""New"":5387,""Reason"":3}"
35847621,"{""Old"":1846,""New"":1848,""Reason"":3}"
79023038,"{""Old"":2281,""New"":2285,""Reason"":3}"
209520756,"{""Old"":4606,""New"":4612,""Reason"":3}"
79023038,"{""Old"":2493,""New"":2495,""Reason"":3}"
58146064,"{""Old"":18131,""New"":18171,""Reason"":3}"
413420,"{""Old"":5423,""New"":5433,""Reason"":3}"
37784995,"{""Old"":9633,""New"":9655,""Reason"":3}"
31997232,"{""Old"":1801,""New"":1817,""Reason"":3}"
26901127,"{""Old"":2024,""New"":2068,""Reason"":3}"
26901127,"{""Old"":2006,""New"":2020,""Reason"":3}"
59391335,"{""Old"":4615,""New"":4647,""Reason"":3}"
38057858,"{""Old"":2927,""New"":2929,""Reason"":3}"
20972847,"{""Old"":219,""New"":221,""Reason"":3}"
2959905,"{""Old"":3211,""New"":3225,""Reason"":3}"
32297253,"{""Old"":1446,""New"":1450,""Reason"":3}"
218733227,"{""Old"":19183,""New"":19185,""Reason"":3}"
218733227,"{""Old"":19235,""New"":19241,""Reason"":3}"
58146064,"{""Old"":23628,""New"":23820,""Reason"":3}"
29798681,"{""Old"":759,""New"":763,""Reason"":3}"
52424330,"{""Old"":107,""New"":121,""Reason"":3}"
38384328,"{""Old"":347,""New"":351,""Reason"":3}"
44147935,"{""Old"":9723,""New"":9727,""Reason"":3}"
27820337,"{""Old"":23983,""New"":23989,""Reason"":3}"
43207454,"{""Old"":4014,""New"":4016,""Reason"":3}"
12772238,"{""Old"":1406,""New"":1412,""Reason"":3}"
43780156,"{""Old"":661558,""New"":662024,""Reason"":3}"
120402648,"{""Old"":3649,""New"":3651,""Reason"":3}"
34574446,"{""Old"":12771,""New"":12783,""Reason"":3}"
52424330,"{""Old"":77,""New"":79,""Reason"":3}"
28165463,"{""Old"":1927,""New"":1937,""Reason"":3}"
43207454,"{""Old"":3265,""New"":3283,""Reason"":3}"
60053807,"{""Old"":383,""New"":385,""Reason"":3}"
22394827,"{""Old"":3401,""New"":3403,""Reason"":3}"
22394827,"{""Old"":3399,""New"":3401,""Reason"":3}"
25431164,"{""Old"":762,""New"":772,""Reason"":3}"
17205050,"{""Old"":2889,""New"":2895,""Reason"":3}"
11021891,"{""Old"":272,""New"":276,""Reason"":3}"
17480610,"{""Old"":1564,""New"":1566,""Reason"":3}"
18040806,"{""Old"":115,""New"":117,""Reason"":3}"
221110711,"{""Old"":80,""New"":86,""Reason"":3}"
19535546,"{""Old"":23955,""New"":23957,""Reason"":3}"
17172657,"{""Old"":3282,""New"":3294,""Reason"":3}"
17172657,"{""Old"":3294,""New"":3302,""Reason"":3}"
42098274,"{""Old"":1899,""New"":1901,""Reason"":3}"
27820337,"{""Old"":23973,""New"":23981,""Reason"":3}"
39951938,"{""Old"":1480,""New"":1486,""Reason"":3}"
218390057,"{""Old"":1320,""New"":1322,""Reason"":3}"
14735155,"{""Old"":11215,""New"":11221,""Reason"":3}"
218733227,"{""Old"":19391,""New"":19401,""Reason"":3}"
5849885,"{""Old"":537,""New"":547,""Reason"":3}"
70687690,"{""Old"":233,""New"":235,""Reason"":3}"
39951938,"{""Old"":1486,""New"":1490,""Reason"":3}"
56756635,"{""Old"":47623,""New"":47627,""Reason"":3}"
120402648,"{""Old"":3672,""New"":3678,""Reason"":3}"
59391335,"{""Old"":4448,""New"":4450,""Reason"":3}"
56756635,"{""Old"":45113,""New"":47113,""Reason"":3}"
2959905,"{""Old"":3276,""New"":3304,""Reason"":3}"
34549354,"{""Old"":403,""New"":405,""Reason"":3}"
60053807,"{""Old"":366,""New"":368,""Reason"":3}"
43780156,"{""Old"":667273,""New"":667705,""Reason"":3}"
43780156,"{""Old"":680923,""New"":680953,""Reason"":3}"
43780156,"{""Old"":655964,""New"":659288,""Reason"":3}"
28724757,"{""Old"":224,""New"":232,""Reason"":3}"
28165463,"{""Old"":1006,""New"":1038,""Reason"":3}"
5849885,"{""Old"":569,""New"":575,""Reason"":3}"
24196485,"{""Old"":140109,""New"":140111,""Reason"":3}"
24196485,"{""Old"":140111,""New"":140165,""Reason"":3}"
5849885,"{""Old"":547,""New"":559,""Reason"":3}"
32159212,"{""Old"":47,""New"":51,""Reason"":3}"
20746522,"{""Old"":4487,""New"":4499,""Reason"":3}"
18031663,"{""Old"":821,""New"":827,""Reason"":3}"
31510531,"{""Old"":3650,""New"":3652,""Reason"":3}"
55465673,"{""Old"":106,""New"":108,""Reason"":3}"
43207454,"{""Old"":4119,""New"":4127,""Reason"":3}"
28165463,"{""Old"":1218,""New"":1324,""Reason"":3}"
13173590,"{""Old"":202383,""New"":202461,""Reason"":3}"
24622188,"{""Old"":377,""New"":379,""Reason"":3}"
24622188,"{""Old"":379,""New"":381,""Reason"":3}"
37781144,"{""Old"":7916,""New"":7940,""Reason"":3}"
81827083,"{""Old"":137648,""New"":137670,""Reason"":3}"
74103204,"{""Old"":337,""New"":347,""Reason"":3}"
43207454,"{""Old"":3346,""New"":3364,""Reason"":3}"
18031663,"{""Old"":354,""New"":362,""Reason"":3}"
43780156,"{""Old"":681057,""New"":681061,""Reason"":3}"
18031663,"{""Old"":654,""New"":676,""Reason"":3}"
32223000,"{""Old"":4073,""New"":4079,""Reason"":3}"
13444111,"{""Old"":1556,""New"":1562,""Reason"":3}"
22689590,"{""Old"":1397,""New"":1403,""Reason"":3}"
202493845,"{""Old"":264,""New"":268,""Reason"":3}"
39951938,"{""Old"":1468,""New"":1470,""Reason"":3}"
22192060,"{""Old"":429,""New"":431,""Reason"":3}"
31997232,"{""Old"":2561,""New"":2627,""Reason"":3}"
17172657,"{""Old"":3151,""New"":3157,""Reason"":3}"
26734523,"{""Old"":675,""New"":677,""Reason"":3}"
26734523,"{""Old"":714,""New"":718,""Reason"":3}"
42080759,"{""Old"":231,""New"":237,""Reason"":3}"
28226374,"{""Old"":439,""New"":455,""Reason"":3}"
11096634,"{""Old"":408,""New"":412,""Reason"":3}"
58014214,"{""Old"":467,""New"":473,""Reason"":3}"
53138586,"{""Old"":3403,""New"":3435,""Reason"":3}"
53138586,"{""Old"":3609,""New"":3671,""Reason"":3}"
43142161,"{""Old"":526,""New"":536,""Reason"":3}"
20745147,"{""Old"":161,""New"":165,""Reason"":3}"
56756847,"{""Old"":658,""New"":664,""Reason"":3}"
10907419,"{""Old"":164,""New"":166,""Reason"":3}"
41492715,"{""Old"":1358,""New"":1372,""Reason"":3}"
2959905,"{""Old"":3234,""New"":3240,""Reason"":3}"
43207454,"{""Old"":4089,""New"":4093,""Reason"":3}"
38384328,"{""Old"":177,""New"":181,""Reason"":3}"
70687690,"{""Old"":126,""New"":132,""Reason"":3}"
28165463,"{""Old"":1937,""New"":1947,""Reason"":3}"
2959905,"{""Old"":3304,""New"":3308,""Reason"":3}"
43780156,"{""Old"":680919,""New"":680923,""Reason"":3}"
32223000,"{""Old"":4137,""New"":4153,""Reason"":3}"
18031663,"{""Old"":967,""New"":983,""Reason"":3}"
32223000,"{""Old"":4107,""New"":4115,""Reason"":3}"
27820337,"{""Old"":24144,""New"":24146,""Reason"":3}"
41492715,"{""Old"":1382,""New"":1386,""Reason"":3}"
20523616,"{""Old"":862,""New"":870,""Reason"":3}"
19448494,"{""Old"":12568,""New"":12596,""Reason"":3}"
32159212,"{""Old"":41,""New"":45,""Reason"":3}"
28165463,"{""Old"":1792,""New"":1842,""Reason"":3}"
70687690,"{""Old"":84,""New"":88,""Reason"":3}"
81827083,"{""Old"":137606,""New"":137628,""Reason"":3}"
70687690,"{""Old"":119,""New"":123,""Reason"":3}"
51591414,"{""Old"":1425,""New"":1429,""Reason"":3}"
58146064,"{""Old"":24254,""New"":24324,""Reason"":3}"
58146064,"{""Old"":3119,""New"":3203,""Reason"":3}"
56014901,"{""Old"":63,""New"":69,""Reason"":3}"
31997232,"{""Old"":3143,""New"":3251,""Reason"":3}"
22873602,"{""Old"":2278,""New"":2284,""Reason"":3}"
59391335,"{""Old"":4668,""New"":4670,""Reason"":3}"
58146064,"{""Old"":26823,""New"":26853,""Reason"":3}"
71337322,"{""Old"":674,""New"":682,""Reason"":3}"
207050052,"{""Old"":1813,""New"":1823,""Reason"":3}"
120005535,"{""Old"":184,""New"":190,""Reason"":3}"
46039930,"{""Old"":251,""New"":253,""Reason"":3}"
48891507,"{""Old"":26156,""New"":26176,""Reason"":3}"
48891507,"{""Old"":26198,""New"":26220,""Reason"":3}"
120571315,"{""Old"":510,""New"":512,""Reason"":3}"
23245682,"{""Old"":3764,""New"":3766,""Reason"":3}"
18031663,"{""Old"":315,""New"":329,""Reason"":3}"
12772238,"{""Old"":1438,""New"":1442,""Reason"":3}"
56859238,"{""Old"":2328,""New"":2334,""Reason"":3}"
43780156,"{""Old"":668355,""New"":668445,""Reason"":3}"
25225869,"{""Old"":22438,""New"":22444,""Reason"":3}"
11698989,"{""Old"":718,""New"":730,""Reason"":3}"
53138586,"{""Old"":3589,""New"":3609,""Reason"":3}"
53138586,"{""Old"":3691,""New"":3693,""Reason"":3}"
23619815,"{""Old"":71,""New"":77,""Reason"":3}"
53138586,"{""Old"":3559,""New"":3579,""Reason"":3}"
83641058,"{""Old"":515,""New"":517,""Reason"":3}"
60053807,"{""Old"":377,""New"":383,""Reason"":3}"
13173590,"{""Old"":202078,""New"":202146,""Reason"":3}"
23839143,"{""Old"":1659,""New"":1661,""Reason"":3}"
23839143,"{""Old"":1667,""New"":1681,""Reason"":3}"
19448494,"{""Old"":12465,""New"":12493,""Reason"":3}"
31510531,"{""Old"":3628,""New"":3644,""Reason"":3}"
37774016,"{""Old"":94,""New"":96,""Reason"":3}"
55465673,"{""Old"":123,""New"":131,""Reason"":3}"
74103204,"{""Old"":316,""New"":318,""Reason"":3}"
28724757,"{""Old"":208,""New"":214,""Reason"":3}"
12772238,"{""Old"":1420,""New"":1422,""Reason"":3}"
12772238,"{""Old"":1456,""New"":1458,""Reason"":3}"
23234823,"{""Old"":5052,""New"":5060,""Reason"":3}"
23005604,"{""Old"":224,""New"":226,""Reason"":3}"
25673933,"{""Old"":134,""New"":136,""Reason"":3}"
20972847,"{""Old"":194,""New"":198,""Reason"":3}"
32510624,"{""Old"":2,""New"":4,""Reason"":3}"
31997232,"{""Old"":2417,""New"":2501,""Reason"":3}"
31997232,"{""Old"":4425,""New"":4495,""Reason"":3}"
30617128,"{""Old"":182,""New"":184,""Reason"":3}"
17172657,"{""Old"":3275,""New"":3279,""Reason"":3}"
51591414,"{""Old"":1397,""New"":1401,""Reason"":3}"
17172657,"{""Old"":3101,""New"":3115,""Reason"":3}"
42760453,"{""Old"":1310,""New"":1318,""Reason"":3}"
26388823,"{""Old"":2412,""New"":2416,""Reason"":3}"
73076858,"{""Old"":11357,""New"":11361,""Reason"":3}"
80142449,"{""Old"":1883,""New"":1897,""Reason"":3}"
81938721,"{""Old"":2591,""New"":2597,""Reason"":3}"
11096634,"{""Old"":419,""New"":433,""Reason"":3}"
24507103,"{""Old"":703,""New"":705,""Reason"":3}"
19535546,"{""Old"":23944,""New"":23948,""Reason"":3}"
53138586,"{""Old"":3579,""New"":3589,""Reason"":3}"
12735607,"{""Old"":24648,""New"":24654,""Reason"":3}"
221110711,"{""Old"":94,""New"":98,""Reason"":3}"
55465673,"{""Old"":110,""New"":114,""Reason"":3}"
43207454,"{""Old"":4040,""New"":4046,""Reason"":3}"
70687690,"{""Old"":177,""New"":187,""Reason"":3}"
32159212,"{""Old"":31,""New"":33,""Reason"":3}"
19448494,"{""Old"":12463,""New"":12465,""Reason"":3}"
18031663,"{""Old"":286,""New"":290,""Reason"":3}"
20746522,"{""Old"":4480,""New"":4486,""Reason"":3}"
42098274,"{""Old"":1873,""New"":1895,""Reason"":3}"
6561284,"{""Old"":3425,""New"":3427,""Reason"":3}"
58146064,"{""Old"":23443,""New"":23553,""Reason"":3}"
120947546,"{""Old"":933,""New"":937,""Reason"":3}"
413420,"{""Old"":5397,""New"":5401,""Reason"":3}"
58146064,"{""Old"":16189,""New"":16279,""Reason"":3}"
59391335,"{""Old"":4677,""New"":4681,""Reason"":3}"
31997232,"{""Old"":2821,""New"":2831,""Reason"":3}"
20972847,"{""Old"":208,""New"":212,""Reason"":3}"
218733227,"{""Old"":19409,""New"":19411,""Reason"":3}"
23234823,"{""Old"":5065,""New"":5069,""Reason"":3}"
31997232,"{""Old"":2223,""New"":2361,""Reason"":3}"
14034509,"{""Old"":2686,""New"":2688,""Reason"":3}"
41392128,"{""Old"":2040,""New"":2044,""Reason"":3}"
33172032,"{""Old"":124,""New"":126,""Reason"":3}"
19021529,"{""Old"":1568,""New"":1570,""Reason"":3}"
413420,"{""Old"":5375,""New"":5385,""Reason"":3}"
82522730,"{""Old"":38,""New"":42,""Reason"":3}"
19535546,"{""Old"":24908,""New"":24956,""Reason"":3}"
73076858,"{""Old"":11344,""New"":11346,""Reason"":3}"
28226374,"{""Old"":472,""New"":482,""Reason"":3}"
42080759,"{""Old"":217,""New"":219,""Reason"":3}"
75449739,"{""Old"":1073,""New"":1079,""Reason"":3}"
18031663,"{""Old"":794,""New"":796,""Reason"":3}"
18031663,"{""Old"":907,""New"":911,""Reason"":3}"
12772238,"{""Old"":1425,""New"":1433,""Reason"":3}"
28165463,"{""Old"":695,""New"":697,""Reason"":3}"
28165463,"{""Old"":1053,""New"":1083,""Reason"":3}"
28165463,"{""Old"":593,""New"":595,""Reason"":3}"
28165463,"{""Old"":223,""New"":227,""Reason"":3}"
43780156,"{""Old"":665554,""New"":665836,""Reason"":3}"
75730356,"{""Old"":1167,""New"":1169,""Reason"":3}"
43780156,"{""Old"":665836,""New"":666086,""Reason"":3}"
19448494,"{""Old"":12460,""New"":12462,""Reason"":3}"
43207454,"{""Old"":4067,""New"":4075,""Reason"":3}"
81827083,"{""Old"":137551,""New"":137571,""Reason"":3}"
5849885,"{""Old"":563,""New"":569,""Reason"":3}"
40907713,"{""Old"":170,""New"":176,""Reason"":3}"
40907713,"{""Old"":181,""New"":185,""Reason"":3}"
17205050,"{""Old"":2883,""New"":2889,""Reason"":3}"
67898653,"{""Old"":1597,""New"":1609,""Reason"":3}"
35611031,"{""Old"":265,""New"":283,""Reason"":3}"
11308517,"{""Old"":44,""New"":46,""Reason"":3}"
21143559,"{""Old"":1273,""New"":1277,""Reason"":3}"
13868623,"{""Old"":18,""New"":20,""Reason"":3}"
35611031,"{""Old"":238,""New"":240,""Reason"":3}"
31997232,"{""Old"":3309,""New"":3381,""Reason"":3}"
28922167,"{""Old"":428,""New"":436,""Reason"":3}"
11113666,"{""Old"":462,""New"":464,""Reason"":3}"
218733227,"{""Old"":19297,""New"":19319,""Reason"":3}"
31997232,"{""Old"":2045,""New"":2223,""Reason"":3}"
31997232,"{""Old"":2627,""New"":2647,""Reason"":3}"
30617128,"{""Old"":184,""New"":186,""Reason"":3}"
31997232,"{""Old"":2719,""New"":2739,""Reason"":3}"
120428557,"{""Old"":194,""New"":200,""Reason"":3}"
17172657,"{""Old"":3202,""New"":3218,""Reason"":3}"
51591414,"{""Old"":1402,""New"":1418,""Reason"":3}"
68974259,"{""Old"":444,""New"":446,""Reason"":3}"
120860544,"{""Old"":3172,""New"":3176,""Reason"":3}"
28165463,"{""Old"":266,""New"":272,""Reason"":3}"
28165463,"{""Old"":280,""New"":286,""Reason"":3}"
19021529,"{""Old"":1555,""New"":1559,""Reason"":3}"
18031663,"{""Old"":509,""New"":527,""Reason"":3}"
18031663,"{""Old"":701,""New"":717,""Reason"":3}"
18031663,"{""Old"":852,""New"":866,""Reason"":3}"
70687690,"{""Old"":90,""New"":106,""Reason"":3}"
22035132,"{""Old"":316,""New"":318,""Reason"":3}"
40907713,"{""Old"":190,""New"":196,""Reason"":3}"
28165463,"{""Old"":1399,""New"":1441,""Reason"":3}"
52424330,"{""Old"":64,""New"":72,""Reason"":3}"
27820337,"{""Old"":23949,""New"":23951,""Reason"":3}"
211619172,"{""Old"":60,""New"":62,""Reason"":3}"
34549536,"{""Old"":220,""New"":224,""Reason"":3}"
11096634,"{""Old"":461,""New"":477,""Reason"":3}"
11096634,"{""Old"":404,""New"":406,""Reason"":3}"
31675252,"{""Old"":86,""New"":88,""Reason"":3}"
28922167,"{""Old"":1180,""New"":1182,""Reason"":3}"
28922167,"{""Old"":1200,""New"":1214,""Reason"":3}"
31997232,"{""Old"":2647,""New"":2719,""Reason"":3}"
56451856,"{""Old"":79,""New"":83,""Reason"":3}"
21176447,"{""Old"":160,""New"":162,""Reason"":3}"
5058136,"{""Old"":4661,""New"":4671,""Reason"":3}"
35847621,"{""Old"":1848,""New"":1852,""Reason"":3}"
46626552,"{""Old"":588,""New"":592,""Reason"":3}"
31997232,"{""Old"":6225,""New"":6275,""Reason"":3}"
51765158,"{""Old"":3187,""New"":3191,""Reason"":3}"
8763321,"{""Old"":9821,""New"":9827,""Reason"":3}"
7162798,"{""Old"":77,""New"":79,""Reason"":3}"
59391335,"{""Old"":4655,""New"":4657,""Reason"":3}"
120947546,"{""Old"":931,""New"":933,""Reason"":3}"
218733227,"{""Old"":19266,""New"":19272,""Reason"":3}"
59586093,"{""Old"":5000,""New"":5002,""Reason"":3}"
3866978,"{""Old"":777,""New"":781,""Reason"":3}"
43780156,"{""Old"":667705,""New"":668155,""Reason"":3}"
43780156,"{""Old"":680953,""New"":681013,""Reason"":3}"
43207454,"{""Old"":4002,""New"":4006,""Reason"":3}"
28165463,"{""Old"":1863,""New"":1927,""Reason"":3}"
74103204,"{""Old"":351,""New"":361,""Reason"":3}"
47361437,"{""Old"":1763,""New"":1767,""Reason"":3}"
31883559,"{""Old"":153,""New"":155,""Reason"":3}"
43780156,"{""Old"":655390,""New"":655516,""Reason"":3}"
17655371,"{""Old"":3422,""New"":3434,""Reason"":3}"
19448494,"{""Old"":12493,""New"":12513,""Reason"":3}"
13173590,"{""Old"":202146,""New"":202168,""Reason"":3}"
30948438,"{""Old"":49,""New"":51,""Reason"":3}"
6561284,"{""Old"":3406,""New"":3410,""Reason"":3}"
75449739,"{""Old"":1058,""New"":1070,""Reason"":3}"
67898653,"{""Old"":1609,""New"":1611,""Reason"":3}"
19535546,"{""Old"":25090,""New"":25092,""Reason"":3}"
56756847,"{""Old"":610,""New"":634,""Reason"":3}"
73782157,"{""Old"":1238,""New"":1244,""Reason"":3}"
23257706,"{""Old"":1278,""New"":1284,""Reason"":3}"
218572014,"{""Old"":162,""New"":164,""Reason"":3}"
26388823,"{""Old"":2430,""New"":2436,""Reason"":3}"
11096634,"{""Old"":384,""New"":398,""Reason"":3}"
26388823,"{""Old"":2422,""New"":2430,""Reason"":3}"
48891507,"{""Old"":26276,""New"":26300,""Reason"":3}"
48891507,"{""Old"":26140,""New"":26150,""Reason"":3}"
201565207,"{""Old"":2008,""New"":2016,""Reason"":3}"
29422084,"{""Old"":196,""New"":202,""Reason"":3}"
221110711,"{""Old"":87,""New"":89,""Reason"":3}"
20810549,"{""Old"":145,""New"":149,""Reason"":3}"
31997232,"{""Old"":3547,""New"":3601,""Reason"":3}"
22873602,"{""Old"":2284,""New"":2292,""Reason"":3}"
26734523,"{""Old"":696,""New"":702,""Reason"":3}"
43780156,"{""Old"":668155,""New"":668265,""Reason"":3}"
31510531,"{""Old"":3400,""New"":3444,""Reason"":3}"
20746522,"{""Old"":4440,""New"":4452,""Reason"":3}"
38384328,"{""Old"":329,""New"":333,""Reason"":3}"
202493845,"{""Old"":268,""New"":270,""Reason"":3}"
31558571,"{""Old"":3379,""New"":3385,""Reason"":3}"
38384328,"{""Old"":144,""New"":148,""Reason"":3}"
28165463,"{""Old"":1750,""New"":1792,""Reason"":3}"
32159212,"{""Old"":52,""New"":60,""Reason"":3}"
14782560,"{""Old"":850,""New"":852,""Reason"":3}"
19448494,"{""Old"":12647,""New"":13599,""Reason"":3}"
39951938,"{""Old"":1490,""New"":1506,""Reason"":3}"
20810549,"{""Old"":130,""New"":132,""Reason"":3}"
31997232,"{""Old"":2501,""New"":2561,""Reason"":3}"
31997232,"{""Old"":5463,""New"":5735,""Reason"":3}"
28922167,"{""Old"":238,""New"":248,""Reason"":3}"
42080759,"{""Old"":146,""New"":152,""Reason"":3}"
73076858,"{""Old"":11365,""New"":11369,""Reason"":3}"
57658759,"{""Old"":1257,""New"":1259,""Reason"":3}"
3005757,"{""Old"":2106,""New"":2112,""Reason"":3}"
59350024,"{""Old"":948,""New"":950,""Reason"":3}"
25333633,"{""Old"":221,""New"":223,""Reason"":3}"
13030531,"{""Old"":2170,""New"":2172,""Reason"":3}"
20810549,"{""Old"":292,""New"":298,""Reason"":3}"
27213067,"{""Old"":5089,""New"":5091,""Reason"":3}"
27820337,"{""Old"":23951,""New"":23957,""Reason"":3}"
46390566,"{""Old"":516,""New"":522,""Reason"":3}"
37774016,"{""Old"":91,""New"":93,""Reason"":3}"
37774016,"{""Old"":85,""New"":91,""Reason"":3}"
40907713,"{""Old"":198,""New"":206,""Reason"":3}"
19977587,"{""Old"":188,""New"":194,""Reason"":3}"
55818431,"{""Old"":181,""New"":183,""Reason"":3}"
30660899,"{""Old"":610,""New"":612,""Reason"":3}"
16836715,"{""Old"":5613,""New"":5619,""Reason"":3}"
43780156,"{""Old"":660813,""New"":660837,""Reason"":3}"
43780156,"{""Old"":663747,""New"":664063,""Reason"":3}"
27820337,"{""Old"":24222,""New"":24228,""Reason"":3}"
5849885,"{""Old"":535,""New"":537,""Reason"":3}"
48319936,"{""Old"":842,""New"":846,""Reason"":3}"
70687690,"{""Old"":265,""New"":271,""Reason"":3}"
34031723,"{""Old"":1970,""New"":1976,""Reason"":3}"
28165463,"{""Old"":393,""New"":399,""Reason"":3}"
40420894,"{""Old"":3707,""New"":3713,""Reason"":3}"
74103204,"{""Old"":314,""New"":316,""Reason"":3}"
52424330,"{""Old"":33,""New"":35,""Reason"":3}"
32159212,"{""Old"":24,""New"":26,""Reason"":3}"
22728403,"{""Old"":605,""New"":609,""Reason"":3}"
34031723,"{""Old"":1958,""New"":1962,""Reason"":3}"
28165463,"{""Old"":1158,""New"":1168,""Reason"":3}"
11671657,"{""Old"":1381,""New"":1387,""Reason"":3}"
11671657,"{""Old"":1441,""New"":1443,""Reason"":3}"
18031663,"{""Old"":988,""New"":998,""Reason"":3}"
120402648,"{""Old"":3658,""New"":3670,""Reason"":3}"
56756635,"{""Old"":47643,""New"":47645,""Reason"":3}"
38384328,"{""Old"":188,""New"":192,""Reason"":3}"
41492715,"{""Old"":1378,""New"":1382,""Reason"":3}"
32670368,"{""Old"":179,""New"":183,""Reason"":3}"
23073231,"{""Old"":3068,""New"":3072,""Reason"":3}"
28165463,"{""Old"":1694,""New"":1750,""Reason"":3}"
28922167,"{""Old"":248,""New"":252,""Reason"":3}"
28922167,"{""Old"":256,""New"":258,""Reason"":3}"
13868623,"{""Old"":30,""New"":32,""Reason"":3}"
33288799,"{""Old"":92,""New"":98,""Reason"":3}"
24064804,"{""Old"":2073,""New"":2077,""Reason"":3}"
42080759,"{""Old"":187,""New"":193,""Reason"":3}"
81938721,"{""Old"":2624,""New"":2630,""Reason"":3}"
58146064,"{""Old"":16822,""New"":16984,""Reason"":3}"
209520756,"{""Old"":4642,""New"":4674,""Reason"":3}"
79023038,"{""Old"":2477,""New"":2493,""Reason"":3}"
21167199,"{""Old"":61,""New"":63,""Reason"":3}"
63534885,"{""Old"":1140,""New"":1152,""Reason"":3}"
31997232,"{""Old"":3677,""New"":3699,""Reason"":3}"
25913684,"{""Old"":1009,""New"":1019,""Reason"":3}"
59350024,"{""Old"":951,""New"":969,""Reason"":3}"
31997232,"{""Old"":3411,""New"":3473,""Reason"":3}"
26901127,"{""Old"":1939,""New"":1961,""Reason"":3}"
31997232,"{""Old"":5317,""New"":5463,""Reason"":3}"
21167199,"{""Old"":63,""New"":65,""Reason"":3}"
58146064,"{""Old"":4111,""New"":4229,""Reason"":3}"
58146064,"{""Old"":5308,""New"":5402,""Reason"":3}"
58146064,"{""Old"":2675,""New"":2715,""Reason"":3}"
58146064,"{""Old"":17354,""New"":17414,""Reason"":3}"
68008234,"{""Old"":1862,""New"":1874,""Reason"":3}"
35611031,"{""Old"":236,""New"":238,""Reason"":3}"
11077109,"{""Old"":646,""New"":650,""Reason"":3}"
48891507,"{""Old"":26225,""New"":26249,""Reason"":3}"
11096634,"{""Old"":481,""New"":493,""Reason"":3}"
73076858,"{""Old"":11351,""New"":11353,""Reason"":3}"
11096634,"{""Old"":399,""New"":403,""Reason"":3}"
19535546,"{""Old"":24662,""New"":24690,""Reason"":3}"
8638645,"{""Old"":9527,""New"":11161,""Reason"":3}"
50484405,"{""Old"":1976,""New"":1992,""Reason"":3}"
23005604,"{""Old"":205,""New"":207,""Reason"":3}"
59350024,"{""Old"":942,""New"":948,""Reason"":3}"
29972957,"{""Old"":1844,""New"":1848,""Reason"":3}"
58146064,"{""Old"":6100,""New"":6320,""Reason"":3}"
63534885,"{""Old"":1120,""New"":1132,""Reason"":3}"
20810549,"{""Old"":247,""New"":253,""Reason"":3}"
56659199,"{""Old"":1635,""New"":1637,""Reason"":3}"
211619172,"{""Old"":62,""New"":64,""Reason"":3}"
55465673,"{""Old"":133,""New"":135,""Reason"":3}"
52248171,"{""Old"":693,""New"":699,""Reason"":3}"
6561284,"{""Old"":3421,""New"":3425,""Reason"":3}"
43780156,"{""Old"":653941,""New"":653961,""Reason"":3}"
43780156,"{""Old"":664238,""New"":664744,""Reason"":3}"
43780156,"{""Old"":667013,""New"":667173,""Reason"":3}"
18031663,"{""Old"":953,""New"":965,""Reason"":3}"
18031663,"{""Old"":199,""New"":201,""Reason"":3}"
52248171,"{""Old"":701,""New"":703,""Reason"":3}"
34683790,"{""Old"":15555,""New"":16683,""Reason"":3}"
22035132,"{""Old"":309,""New"":311,""Reason"":3}"
30660899,"{""Old"":621,""New"":625,""Reason"":3}"
38384328,"{""Old"":201,""New"":205,""Reason"":3}"
28922167,"{""Old"":1214,""New"":1216,""Reason"":3}"
82522730,"{""Old"":43,""New"":45,""Reason"":3}"
63799212,"{""Old"":46552,""New"":46574,""Reason"":3}"
13868623,"{""Old"":38,""New"":40,""Reason"":3}"
218572014,"{""Old"":198,""New"":200,""Reason"":3}"
6018287,"{""Old"":26646,""New"":26648,""Reason"":3}"
58146064,"{""Old"":23328,""New"":23418,""Reason"":3}"
20188854,"{""Old"":657,""New"":659,""Reason"":3}"
38057858,"{""Old"":2967,""New"":2969,""Reason"":3}"
59350024,"{""Old"":982,""New"":984,""Reason"":3}"
72961247,"{""Old"":188,""New"":190,""Reason"":3}"
19021529,"{""Old"":1525,""New"":1539,""Reason"":3}"
69464352,"{""Old"":2938,""New"":2950,""Reason"":3}"
42098274,"{""Old"":1995,""New"":2055,""Reason"":3}"
34031723,"{""Old"":1951,""New"":1953,""Reason"":3}"
75446575,"{""Old"":1373,""New"":1381,""Reason"":3}"
41837604,"{""Old"":50,""New"":56,""Reason"":3}"
20606266,"{""Old"":4345,""New"":4351,""Reason"":3}"
48891507,"{""Old"":26188,""New"":26190,""Reason"":3}"
13868623,"{""Old"":36,""New"":38,""Reason"":3}"
29422084,"{""Old"":171,""New"":177,""Reason"":3}"
20746522,"{""Old"":4499,""New"":4509,""Reason"":3}"
28922167,"{""Old"":312,""New"":332,""Reason"":3}"
28922167,"{""Old"":138,""New"":144,""Reason"":3}"
55411106,"{""Old"":28115,""New"":28119,""Reason"":3}"
31558571,"{""Old"":3253,""New"":3257,""Reason"":3}"
70687690,"{""Old"":200,""New"":204,""Reason"":3}"
70687690,"{""Old"":60,""New"":62,""Reason"":3}"
70687690,"{""Old"":64,""New"":70,""Reason"":3}"
14975520,"{""Old"":2636,""New"":2646,""Reason"":3}"
47361437,"{""Old"":1909,""New"":1913,""Reason"":3}"
46390566,"{""Old"":533,""New"":535,""Reason"":3}"
41837604,"{""Old"":77,""New"":81,""Reason"":3}"
75446575,"{""Old"":1524,""New"":1540,""Reason"":3}"
19977587,"{""Old"":194,""New"":200,""Reason"":3}"
43780156,"{""Old"":668265,""New"":668355,""Reason"":3}"
43780156,"{""Old"":669295,""New"":669445,""Reason"":3}"
32223000,"{""Old"":4099,""New"":4107,""Reason"":3}"
120860544,"{""Old"":3180,""New"":3184,""Reason"":3}"
18031663,"{""Old"":878,""New"":900,""Reason"":3}"
23096672,"{""Old"":50,""New"":54,""Reason"":3}"
29238599,"{""Old"":16,""New"":18,""Reason"":3}"
53138586,"{""Old"":3671,""New"":3691,""Reason"":3}"
74174722,"{""Old"":332,""New"":344,""Reason"":3}"
58253534,"{""Old"":2018,""New"":2020,""Reason"":3}"
45524274,"{""Old"":648,""New"":674,""Reason"":3}"
47127640,"{""Old"":655,""New"":657,""Reason"":3}"
47842355,"{""Old"":23125,""New"":23127,""Reason"":3}"
31997232,"{""Old"":3251,""New"":3309,""Reason"":3}"
31997232,"{""Old"":2831,""New"":2845,""Reason"":3}"
218819964,"{""Old"":1212,""New"":1216,""Reason"":3}"
22873602,"{""Old"":2251,""New"":2277,""Reason"":3}"
21176447,"{""Old"":140,""New"":148,""Reason"":3}"
58146064,"{""Old"":2247,""New"":2319,""Reason"":3}"
29972957,"{""Old"":1828,""New"":1844,""Reason"":3}"
58146064,"{""Old"":2617,""New"":2659,""Reason"":3}"
81192725,"{""Old"":1117,""New"":1119,""Reason"":3}"
72366825,"{""Old"":626,""New"":628,""Reason"":3}"
68008234,"{""Old"":1915,""New"":1917,""Reason"":3}"
21176447,"{""Old"":172,""New"":176,""Reason"":3}"
24783600,"{""Old"":904,""New"":966,""Reason"":3}"
39520460,"{""Old"":59,""New"":71,""Reason"":3}"
46718808,"{""Old"":302,""New"":304,""Reason"":3}"
19448494,"{""Old"":12516,""New"":12522,""Reason"":3}"
42098274,"{""Old"":2174,""New"":2182,""Reason"":3}"
14782560,"{""Old"":825,""New"":839,""Reason"":3}"
31005231,"{""Old"":73,""New"":77,""Reason"":3}"
32116408,"{""Old"":6215,""New"":6227,""Reason"":3}"
27820337,"{""Old"":24230,""New"":24232,""Reason"":3}"
7568871,"{""Old"":21064,""New"":21068,""Reason"":3}"
31510531,"{""Old"":3618,""New"":3628,""Reason"":3}"
27820337,"{""Old"":24175,""New"":24179,""Reason"":3}"
31510531,"{""Old"":3648,""New"":3650,""Reason"":3}"
28165463,"{""Old"":208,""New"":214,""Reason"":3}"
48319936,"{""Old"":830,""New"":834,""Reason"":3}"
28165463,"{""Old"":844,""New"":856,""Reason"":3}"
28165463,"{""Old"":1040,""New"":1050,""Reason"":3}"
32159212,"{""Old"":39,""New"":41,""Reason"":3}"
37781144,"{""Old"":7868,""New"":7874,""Reason"":3}"
61276865,"{""Old"":368,""New"":372,""Reason"":3}"
120571315,"{""Old"":506,""New"":510,""Reason"":3}"
28922167,"{""Old"":172,""New"":178,""Reason"":3}"
35611031,"{""Old"":257,""New"":265,""Reason"":3}"
48891507,"{""Old"":26848,""New"":26878,""Reason"":3}"
20745147,"{""Old"":142,""New"":144,""Reason"":3}"
48891507,"{""Old"":27572,""New"":27588,""Reason"":3}"
27837911,"{""Old"":3717,""New"":3723,""Reason"":3}"
4586142,"{""Old"":1224,""New"":1254,""Reason"":3}"
47842355,"{""Old"":23266,""New"":23282,""Reason"":3}"
20846516,"{""Old"":11218,""New"":11230,""Reason"":3}"
72848715,"{""Old"":3417,""New"":3421,""Reason"":3}"
3866978,"{""Old"":758,""New"":766,""Reason"":3}"
86580266,"{""Old"":862,""New"":876,""Reason"":3}"
58146064,"{""Old"":3419,""New"":3461,""Reason"":3}"
29972957,"{""Old"":1858,""New"":1860,""Reason"":3}"
20188854,"{""Old"":696,""New"":704,""Reason"":3}"
54428853,"{""Old"":39,""New"":45,""Reason"":3}"
41511291,"{""Old"":859,""New"":863,""Reason"":3}"
58146064,"{""Old"":4809,""New"":4969,""Reason"":3}"
38057858,"{""Old"":2969,""New"":2971,""Reason"":3}"
8638645,"{""Old"":8727,""New"":8739,""Reason"":3}"
56667850,"{""Old"":555117,""New"":555123,""Reason"":3}"
28724757,"{""Old"":220,""New"":224,""Reason"":3}"
27543524,"{""Old"":364,""New"":366,""Reason"":3}"
18031663,"{""Old"":527,""New"":529,""Reason"":3}"
18031663,"{""Old"":926,""New"":950,""Reason"":3}"
8295861,"{""Old"":125,""New"":129,""Reason"":3}"
41837604,"{""Old"":64,""New"":66,""Reason"":3}"
22035132,"{""Old"":312,""New"":314,""Reason"":3}"
47361437,"{""Old"":1801,""New"":1817,""Reason"":3}"
6634097,"{""Old"":624,""New"":626,""Reason"":3}"
43207454,"{""Old"":4024,""New"":4028,""Reason"":3}"
38384328,"{""Old"":159,""New"":165,""Reason"":3}"
11021891,"{""Old"":368,""New"":372,""Reason"":3}"
31558571,"{""Old"":3291,""New"":3311,""Reason"":3}"
46039930,"{""Old"":253,""New"":255,""Reason"":3}"
28226374,"{""Old"":345,""New"":347,""Reason"":3}"
28922167,"{""Old"":86,""New"":88,""Reason"":3}"
44659425,"{""Old"":3792,""New"":3796,""Reason"":3}"
71159796,"{""Old"":677,""New"":687,""Reason"":3}"
71532491,"{""Old"":3758,""New"":3774,""Reason"":3}"
79928100,"{""Old"":274,""New"":276,""Reason"":3}"
79928100,"{""Old"":518,""New"":526,""Reason"":3}"
46039930,"{""Old"":244,""New"":248,""Reason"":3}"
48891507,"{""Old"":27927,""New"":27967,""Reason"":3}"
4586142,"{""Old"":1178,""New"":1196,""Reason"":3}"
44132356,"{""Old"":909,""New"":933,""Reason"":3}"
31997232,"{""Old"":2771,""New"":2781,""Reason"":3}"
16050309,"{""Old"":221,""New"":225,""Reason"":3}"
20810549,"{""Old"":282,""New"":286,""Reason"":3}"
58146064,"{""Old"":4641,""New"":4759,""Reason"":3}"
13030531,"{""Old"":2174,""New"":2176,""Reason"":3}"
22873602,"{""Old"":2294,""New"":2306,""Reason"":3}"
31997232,"{""Old"":1751,""New"":1801,""Reason"":3}"
16050309,"{""Old"":205,""New"":221,""Reason"":3}"
8638645,"{""Old"":8989,""New"":9059,""Reason"":3}"
58146064,"{""Old"":3888,""New"":3936,""Reason"":3}"
49082005,"{""Old"":222,""New"":228,""Reason"":3}"
58146064,"{""Old"":5172,""New"":5304,""Reason"":3}"
27820337,"{""Old"":24207,""New"":24219,""Reason"":3}"
7568871,"{""Old"":21014,""New"":21016,""Reason"":3}"
7568871,"{""Old"":21054,""New"":21064,""Reason"":3}"
7568871,"{""Old"":21070,""New"":21074,""Reason"":3}"
75730356,"{""Old"":1141,""New"":1155,""Reason"":3}"
43780156,"{""Old"":661412,""New"":661558,""Reason"":3}"
32223000,"{""Old"":4079,""New"":4099,""Reason"":3}"
32223000,"{""Old"":4125,""New"":4135,""Reason"":3}"
60702281,"{""Old"":1403,""New"":1407,""Reason"":3}"
70687690,"{""Old"":236,""New"":238,""Reason"":3}"
28165463,"{""Old"":1491,""New"":1563,""Reason"":3}"
57943515,"{""Old"":444,""New"":446,""Reason"":3}"
57796435,"{""Old"":5560,""New"":5562,""Reason"":3}"
37250473,"{""Old"":6207,""New"":6211,""Reason"":3}"
57943515,"{""Old"":415,""New"":433,""Reason"":3}"
47361437,"{""Old"":1768,""New"":1788,""Reason"":3}"
31558571,"{""Old"":3311,""New"":3321,""Reason"":3}"
56859238,"{""Old"":2350,""New"":2354,""Reason"":3}"
75730356,"{""Old"":1135,""New"":1141,""Reason"":3}"
48956693,"{""Old"":1767,""New"":1771,""Reason"":3}"
56756635,"{""Old"":47834,""New"":47838,""Reason"":3}"
56756635,"{""Old"":48431,""New"":48463,""Reason"":3}"
28226374,"{""Old"":382,""New"":384,""Reason"":3}"
57658759,"{""Old"":1252,""New"":1254,""Reason"":3}"
17593825,"{""Old"":2236,""New"":2238,""Reason"":3}"
23716838,"{""Old"":262,""New"":264,""Reason"":3}"
23716838,"{""Old"":257,""New"":261,""Reason"":3}"
48180696,"{""Old"":3043,""New"":3055,""Reason"":3}"
21369105,"{""Old"":36296,""New"":36350,""Reason"":3}"
28922167,"{""Old"":136,""New"":138,""Reason"":3}"
81192725,"{""Old"":1130,""New"":1144,""Reason"":3}"
44961939,"{""Old"":2151,""New"":2153,""Reason"":3}"
73638673,"{""Old"":67,""New"":69,""Reason"":3}"
43996202,"{""Old"":1269,""New"":1271,""Reason"":3}"
3005757,"{""Old"":2123,""New"":2141,""Reason"":3}"
33172032,"{""Old"":133,""New"":139,""Reason"":3}"
20810549,"{""Old"":255,""New"":257,""Reason"":3}"
31997232,"{""Old"":1935,""New"":2045,""Reason"":3}"
21176447,"{""Old"":170,""New"":172,""Reason"":3}"
20188854,"{""Old"":713,""New"":717,""Reason"":3}"
51591414,"{""Old"":1429,""New"":1433,""Reason"":3}"
29972957,"{""Old"":1816,""New"":1828,""Reason"":3}"
58146064,"{""Old"":23838,""New"":23948,""Reason"":3}"
17172657,"{""Old"":3158,""New"":3166,""Reason"":3}"
8763321,"{""Old"":9793,""New"":9797,""Reason"":3}"
46847879,"{""Old"":585,""New"":589,""Reason"":3}"
218390057,"{""Old"":1332,""New"":1346,""Reason"":3}"
31510531,"{""Old"":3602,""New"":3606,""Reason"":3}"
83641058,"{""Old"":485,""New"":493,""Reason"":3}"
34549354,"{""Old"":368,""New"":380,""Reason"":3}"
85485575,"{""Old"":893,""New"":897,""Reason"":3}"
13173590,"{""Old"":201513,""New"":201533,""Reason"":3}"
47361437,"{""Old"":1842,""New"":1856,""Reason"":3}"
32997320,"{""Old"":51,""New"":57,""Reason"":3}"
28165463,"{""Old"":257,""New"":259,""Reason"":3}"
74103204,"{""Old"":309,""New"":311,""Reason"":3}"
32997320,"{""Old"":69,""New"":71,""Reason"":3}"
32997320,"{""Old"":73,""New"":75,""Reason"":3}"
57796435,"{""Old"":5562,""New"":5564,""Reason"":3}"
42098274,"{""Old"":2361,""New"":2393,""Reason"":3}"
72961247,"{""Old"":208,""New"":210,""Reason"":3}"
120402648,"{""Old"":3679,""New"":3687,""Reason"":3}"
11698989,"{""Old"":739,""New"":743,""Reason"":3}"
34574446,"{""Old"":12817,""New"":12819,""Reason"":3}"
34549354,"{""Old"":390,""New"":402,""Reason"":3}"
32670368,"{""Old"":159,""New"":161,""Reason"":3}"
5467177,"{""Old"":306,""New"":328,""Reason"":3}"
49825474,"{""Old"":4655,""New"":4671,""Reason"":3}"
34031723,"{""Old"":1964,""New"":1968,""Reason"":3}"
48319936,"{""Old"":834,""New"":842,""Reason"":3}"
75585261,"{""Old"":6948,""New"":6962,""Reason"":3}"
202493845,"{""Old"":258,""New"":264,""Reason"":3}"
43780156,"{""Old"":670045,""New"":670475,""Reason"":3}"
75730356,"{""Old"":1165,""New"":1167,""Reason"":3}"
42098274,"{""Old"":2149,""New"":2151,""Reason"":3}"
211619172,"{""Old"":70,""New"":72,""Reason"":3}"
38384328,"{""Old"":206,""New"":214,""Reason"":3}"
75585261,"{""Old"":6936,""New"":6942,""Reason"":3}"
43996202,"{""Old"":1252,""New"":1254,""Reason"":3}"
72366825,"{""Old"":629,""New"":631,""Reason"":3}"
27947194,"{""Old"":70,""New"":72,""Reason"":3}"
83319984,"{""Old"":4997,""New"":4999,""Reason"":3}"
31997232,"{""Old"":3473,""New"":3503,""Reason"":3}"
3005757,"{""Old"":2146,""New"":2160,""Reason"":3}"
3005757,"{""Old"":2112,""New"":2114,""Reason"":3}"
54055764,"{""Old"":8222,""New"":8224,""Reason"":3}"
203236673,"{""Old"":5109,""New"":5137,""Reason"":3}"
58146064,"{""Old"":23949,""New"":23989,""Reason"":3}"
19852865,"{""Old"":857,""New"":861,""Reason"":3}"
47842355,"{""Old"":23242,""New"":23256,""Reason"":3}"
11096634,"{""Old"":349,""New"":355,""Reason"":3}"
61276865,"{""Old"":356,""New"":368,""Reason"":3}"
48891507,"{""Old"":27709,""New"":27731,""Reason"":3}"
71532491,"{""Old"":3780,""New"":3782,""Reason"":3}"
79928100,"{""Old"":290,""New"":304,""Reason"":3}"
201887522,"{""Old"":258,""New"":260,""Reason"":3}"
21327228,"{""Old"":73,""New"":81,""Reason"":3}"
19977587,"{""Old"":180,""New"":186,""Reason"":3}"
6559491,"{""Old"":252,""New"":256,""Reason"":3}"
56756635,"{""Old"":47649,""New"":47651,""Reason"":3}"
27543524,"{""Old"":374,""New"":378,""Reason"":3}"
19448494,"{""Old"":12522,""New"":12536,""Reason"":3}"
7489386,"{""Old"":93,""New"":109,""Reason"":3}"
5849885,"{""Old"":362,""New"":364,""Reason"":3}"
49825474,"{""Old"":4624,""New"":4632,""Reason"":3}"
56756635,"{""Old"":48689,""New"":48743,""Reason"":3}"
55818431,"{""Old"":183,""New"":193,""Reason"":3}"
46718808,"{""Old"":262,""New"":268,""Reason"":3}"
43780156,"{""Old"":680042,""New"":680262,""Reason"":3}"
7568871,"{""Old"":21026,""New"":21048,""Reason"":3}"
32223000,"{""Old"":4115,""New"":4117,""Reason"":3}"
14782560,"{""Old"":847,""New"":849,""Reason"":3}"
40420894,"{""Old"":3689,""New"":3707,""Reason"":3}"
57943515,"{""Old"":436,""New"":438,""Reason"":3}"
24196485,"{""Old"":140165,""New"":140177,""Reason"":3}"
5058136,"{""Old"":4734,""New"":4744,""Reason"":3}"
59586093,"{""Old"":5004,""New"":5006,""Reason"":3}"
31997232,"{""Old"":3611,""New"":3637,""Reason"":3}"
54055764,"{""Old"":8224,""New"":8226,""Reason"":3}"
20188854,"{""Old"":711,""New"":713,""Reason"":3}"
58146064,"{""Old"":2562,""New"":2604,""Reason"":3}"
58146064,"{""Old"":4974,""New"":5162,""Reason"":3}"
20188854,"{""Old"":638,""New"":642,""Reason"":3}"
58146064,"{""Old"":5411,""New"":5567,""Reason"":3}"
20810549,"{""Old"":259,""New"":271,""Reason"":3}"
57320977,"{""Old"":543,""New"":545,""Reason"":3}"
63799212,"{""Old"":46804,""New"":46828,""Reason"":3}"
85532021,"{""Old"":24286,""New"":24510,""Reason"":3}"
28922167,"{""Old"":252,""New"":254,""Reason"":3}"
23257706,"{""Old"":1284,""New"":1290,""Reason"":3}"
88028317,"{""Old"":269,""New"":271,""Reason"":3}"
48891507,"{""Old"":27053,""New"":27101,""Reason"":3}"
47842355,"{""Old"":22926,""New"":22936,""Reason"":3}"
218027547,"{""Old"":3320,""New"":3340,""Reason"":3}"
48891507,"{""Old"":26058,""New"":26078,""Reason"":3}"
42098274,"{""Old"":2397,""New"":2411,""Reason"":3}"
42098274,"{""Old"":2395,""New"":2397,""Reason"":3}"
19448494,"{""Old"":12542,""New"":12564,""Reason"":3}"
13173590,"{""Old"":200572,""New"":201438,""Reason"":3}"
56756635,"{""Old"":48013,""New"":48023,""Reason"":3}"
37781144,"{""Old"":7940,""New"":7944,""Reason"":3}"
5849885,"{""Old"":559,""New"":563,""Reason"":3}"
52424330,"{""Old"":47,""New"":49,""Reason"":3}"
32243542,"{""Old"":52,""New"":54,""Reason"":3}"
34574446,"{""Old"":12844,""New"":12846,""Reason"":3}"
50376137,"{""Old"":934,""New"":940,""Reason"":3}"
34683790,"{""Old"":15285,""New"":15305,""Reason"":3}"
16050309,"{""Old"":225,""New"":237,""Reason"":3}"
42098274,"{""Old"":2597,""New"":2633,""Reason"":3}"
20606266,"{""Old"":4339,""New"":4345,""Reason"":3}"
7568871,"{""Old"":21074,""New"":21076,""Reason"":3}"
58146064,"{""Old"":4379,""New"":4491,""Reason"":3}"
20188854,"{""Old"":660,""New"":674,""Reason"":3}"
27654360,"{""Old"":168,""New"":170,""Reason"":3}"
43996202,"{""Old"":1262,""New"":1266,""Reason"":3}"
31997232,"{""Old"":4383,""New"":4425,""Reason"":3}"
218390057,"{""Old"":1330,""New"":1332,""Reason"":3}"
63534885,"{""Old"":1115,""New"":1119,""Reason"":3}"
44659425,"{""Old"":3768,""New"":3774,""Reason"":3}"
28922167,"{""Old"":205,""New"":223,""Reason"":3}"
28922167,"{""Old"":1118,""New"":1132,""Reason"":3}"
28922167,"{""Old"":1112,""New"":1118,""Reason"":3}"
201565207,"{""Old"":2023,""New"":2027,""Reason"":3}"
19852865,"{""Old"":853,""New"":855,""Reason"":3}"
20188854,"{""Old"":739,""New"":743,""Reason"":3}"
41511291,"{""Old"":852,""New"":858,""Reason"":3}"
413420,"{""Old"":5387,""New"":5397,""Reason"":3}"
59391335,"{""Old"":4049,""New"":4059,""Reason"":3}"
43519884,"{""Old"":99,""New"":101,""Reason"":3}"
58146064,"{""Old"":5650,""New"":5690,""Reason"":3}"
35847621,"{""Old"":1844,""New"":1846,""Reason"":3}"
54055764,"{""Old"":8233,""New"":8235,""Reason"":3}"
75446575,"{""Old"":1685,""New"":1705,""Reason"":3}"
74103204,"{""Old"":283,""New"":287,""Reason"":3}"
31558571,"{""Old"":3257,""New"":3259,""Reason"":3}"
42817421,"{""Old"":24206,""New"":24216,""Reason"":3}"
47361437,"{""Old"":1795,""New"":1799,""Reason"":3}"
38384328,"{""Old"":277,""New"":279,""Reason"":3}"
70687690,"{""Old"":169,""New"":171,""Reason"":3}"
8518962,"{""Old"":5374,""New"":5384,""Reason"":3}"
6559491,"{""Old"":272,""New"":280,""Reason"":3}"
74103204,"{""Old"":304,""New"":308,""Reason"":3}"
47361437,"{""Old"":1878,""New"":1886,""Reason"":3}"
49825474,"{""Old"":4640,""New"":4642,""Reason"":3}"
38384328,"{""Old"":275,""New"":277,""Reason"":3}"
46074887,"{""Old"":138,""New"":148,""Reason"":3}"
28165463,"{""Old"":242,""New"":254,""Reason"":3}"
28165463,"{""Old"":931,""New"":955,""Reason"":3}"
46074887,"{""Old"":153,""New"":159,""Reason"":3}"
201565207,"{""Old"":2016,""New"":2018,""Reason"":3}"
80595379,"{""Old"":1365,""New"":1389,""Reason"":3}"
53335368,"{""Old"":5373,""New"":5387,""Reason"":3}"
53335368,"{""Old"":5387,""New"":5389,""Reason"":3}"
4586142,"{""Old"":1314,""New"":1340,""Reason"":3}"
6688497,"{""Old"":463,""New"":469,""Reason"":3}"
59101656,"{""Old"":2054,""New"":2066,""Reason"":3}"
21369105,"{""Old"":35940,""New"":36056,""Reason"":3}"
21369105,"{""Old"":36266,""New"":36296,""Reason"":3}"
49954699,"{""Old"":2060,""New"":2072,""Reason"":3}"
67737880,"{""Old"":2738,""New"":2740,""Reason"":3}"
218027547,"{""Old"":3060,""New"":3074,""Reason"":3}"
37021007,"{""Old"":767,""New"":769,""Reason"":3}"
49616690,"{""Old"":999,""New"":1003,""Reason"":3}"
3866978,"{""Old"":784,""New"":792,""Reason"":3}"
14365010,"{""Old"":996,""New"":1002,""Reason"":3}"
45548775,"{""Old"":4251,""New"":4257,""Reason"":3}"
20846516,"{""Old"":10557,""New"":10567,""Reason"":3}"
58146064,"{""Old"":15859,""New"":15959,""Reason"":3}"
58146064,"{""Old"":15305,""New"":15355,""Reason"":3}"
83319984,"{""Old"":4962,""New"":4982,""Reason"":3}"
14975520,"{""Old"":2608,""New"":2610,""Reason"":3}"
50376137,"{""Old"":940,""New"":942,""Reason"":3}"
34586941,"{""Old"":377,""New"":379,""Reason"":3}"
38384328,"{""Old"":151,""New"":157,""Reason"":3}"
6634097,"{""Old"":629,""New"":649,""Reason"":3}"
43780156,"{""Old"":671050,""New"":671992,""Reason"":3}"
43780156,"{""Old"":678886,""New"":678916,""Reason"":3}"
43780156,"{""Old"":678796,""New"":678886,""Reason"":3}"
57796435,"{""Old"":5564,""New"":5568,""Reason"":3}"
31510531,"{""Old"":3646,""New"":3648,""Reason"":3}"
75446575,"{""Old"":2159,""New"":2161,""Reason"":3}"
74103204,"{""Old"":277,""New"":281,""Reason"":3}"
47703789,"{""Old"":51,""New"":53,""Reason"":3}"
81827083,"{""Old"":137503,""New"":137517,""Reason"":3}"
38384328,"{""Old"":249,""New"":251,""Reason"":3}"
32159212,"{""Old"":28,""New"":30,""Reason"":3}"
38384328,"{""Old"":238,""New"":248,""Reason"":3}"
42098274,"{""Old"":2151,""New"":2165,""Reason"":3}"
72961247,"{""Old"":195,""New"":197,""Reason"":3}"
7568871,"{""Old"":20916,""New"":20946,""Reason"":3}"
72961247,"{""Old"":193,""New"":195,""Reason"":3}"
23716838,"{""Old"":264,""New"":266,""Reason"":3}"
48891507,"{""Old"":27291,""New"":27349,""Reason"":3}"
56756847,"{""Old"":641,""New"":655,""Reason"":3}"
80595379,"{""Old"":1333,""New"":1349,""Reason"":3}"
48891507,"{""Old"":26503,""New"":26519,""Reason"":3}"
80142449,"{""Old"":1914,""New"":1926,""Reason"":3}"
11096634,"{""Old"":381,""New"":383,""Reason"":3}"
21526495,"{""Old"":691,""New"":711,""Reason"":3}"
34696227,"{""Old"":112,""New"":114,""Reason"":3}"
34696227,"{""Old"":129,""New"":131,""Reason"":3}"
21369105,"{""Old"":36179,""New"":36189,""Reason"":3}"
21327228,"{""Old"":57,""New"":61,""Reason"":3}"
55411106,"{""Old"":28119,""New"":28121,""Reason"":3}"
19535546,"{""Old"":25066,""New"":25068,""Reason"":3}"
60955599,"{""Old"":316,""New"":322,""Reason"":3}"
63534885,"{""Old"":1179,""New"":1181,""Reason"":3}"
6028222,"{""Old"":116,""New"":124,""Reason"":3}"
20188854,"{""Old"":683,""New"":695,""Reason"":3}"
58146064,"{""Old"":3781,""New"":3813,""Reason"":3}"
3005757,"{""Old"":2096,""New"":2106,""Reason"":3}"
20188854,"{""Old"":628,""New"":632,""Reason"":3}"
20972847,"{""Old"":199,""New"":203,""Reason"":3}"
59391335,"{""Old"":4060,""New"":4062,""Reason"":3}"
38434189,"{""Old"":9970,""New"":9976,""Reason"":3}"
59391335,"{""Old"":4719,""New"":4731,""Reason"":3}"
18374122,"{""Old"":4460,""New"":4470,""Reason"":3}"
20746522,"{""Old"":4452,""New"":4478,""Reason"":3}"
75446575,"{""Old"":2063,""New"":2081,""Reason"":3}"
75446575,"{""Old"":2102,""New"":2118,""Reason"":3}"
43207454,"{""Old"":3385,""New"":3395,""Reason"":3}"
81827083,"{""Old"":137517,""New"":137549,""Reason"":3}"
34880338,"{""Old"":314,""New"":342,""Reason"":3}"
43780156,"{""Old"":655011,""New"":655165,""Reason"":3}"
34586941,"{""Old"":365,""New"":367,""Reason"":3}"
34586941,"{""Old"":367,""New"":373,""Reason"":3}"
7568871,"{""Old"":20786,""New"":20822,""Reason"":3}"
42098274,"{""Old"":2417,""New"":2427,""Reason"":3}"
12772238,"{""Old"":1442,""New"":1456,""Reason"":3}"
43207454,"{""Old"":3203,""New"":3219,""Reason"":3}"
83319984,"{""Old"":5143,""New"":5147,""Reason"":3}"
41785617,"{""Old"":1933,""New"":1943,""Reason"":3}"
83319984,"{""Old"":4886,""New"":4890,""Reason"":3}"
35611031,"{""Old"":208,""New"":224,""Reason"":3}"
58790686,"{""Old"":21314,""New"":21322,""Reason"":3}"
53138586,"{""Old"":3527,""New"":3559,""Reason"":3}"
79928100,"{""Old"":337,""New"":343,""Reason"":3}"
48891507,"{""Old"":28063,""New"":28119,""Reason"":3}"
201565207,"{""Old"":1972,""New"":1992,""Reason"":3}"
200308757,"{""Old"":914,""New"":918,""Reason"":3}"
88028317,"{""Old"":257,""New"":261,""Reason"":3}"
21327228,"{""Old"":31,""New"":35,""Reason"":3}"
8160573,"{""Old"":389,""New"":391,""Reason"":3}"
22582467,"{""Old"":320,""New"":322,""Reason"":3}"
32381984,"{""Old"":2352,""New"":2356,""Reason"":3}"
23245682,"{""Old"":3766,""New"":3772,""Reason"":3}"
58146064,"{""Old"":15295,""New"":15305,""Reason"":3}"
8638645,"{""Old"":8702,""New"":8716,""Reason"":3}"
32174685,"{""Old"":15749,""New"":15761,""Reason"":3}"
44190365,"{""Old"":407,""New"":423,""Reason"":3}"
20810549,"{""Old"":275,""New"":281,""Reason"":3}"
47704680,"{""Old"":667,""New"":669,""Reason"":3}"
54055764,"{""Old"":8242,""New"":8246,""Reason"":3}"
54055764,"{""Old"":8270,""New"":8278,""Reason"":3}"
44352554,"{""Old"":128,""New"":130,""Reason"":3}"
58146064,"{""Old"":15430,""New"":15502,""Reason"":3}"
31510531,"{""Old"":3482,""New"":3502,""Reason"":3}"
41492715,"{""Old"":1372,""New"":1376,""Reason"":3}"
34574446,"{""Old"":12837,""New"":12841,""Reason"":3}"
43780156,"{""Old"":680709,""New"":680803,""Reason"":3}"
42098274,"{""Old"":3021,""New"":3025,""Reason"":3}"
43207454,"{""Old"":3183,""New"":3185,""Reason"":3}"
75585261,"{""Old"":6942,""New"":6948,""Reason"":3}"
42817421,"{""Old"":24220,""New"":25076,""Reason"":3}"
37781144,"{""Old"":7946,""New"":7950,""Reason"":3}"
75585261,"{""Old"":6962,""New"":6964,""Reason"":3}"
43780156,"{""Old"":676856,""New"":677626,""Reason"":3}"
43780156,"{""Old"":677626,""New"":678286,""Reason"":3}"
18031663,"{""Old"":1139,""New"":1149,""Reason"":3}"
42098274,"{""Old"":2097,""New"":2115,""Reason"":3}"
43780156,"{""Old"":676336,""New"":676856,""Reason"":3}"
34574446,"{""Old"":12784,""New"":12788,""Reason"":3}"
18031663,"{""Old"":1023,""New"":1055,""Reason"":3}"
43207454,"{""Old"":3399,""New"":3421,""Reason"":3}"
2959905,"{""Old"":3126,""New"":3150,""Reason"":3}"
2959905,"{""Old"":3261,""New"":3273,""Reason"":3}"
83319984,"{""Old"":5074,""New"":5076,""Reason"":3}"
56756635,"{""Old"":44313,""New"":44319,""Reason"":3}"
34880338,"{""Old"":306,""New"":308,""Reason"":3}"
43780156,"{""Old"":679816,""New"":680006,""Reason"":3}"
18031663,"{""Old"":387,""New"":409,""Reason"":3}"
28165463,"{""Old"":1638,""New"":1694,""Reason"":3}"
32222243,"{""Old"":42,""New"":48,""Reason"":3}"
45548775,"{""Old"":4235,""New"":4237,""Reason"":3}"
25913684,"{""Old"":981,""New"":985,""Reason"":3}"
44190365,"{""Old"":439,""New"":441,""Reason"":3}"
26734523,"{""Old"":771,""New"":777,""Reason"":3}"
20188854,"{""Old"":624,""New"":628,""Reason"":3}"
71159796,"{""Old"":670,""New"":672,""Reason"":3}"
15824351,"{""Old"":1507,""New"":1511,""Reason"":3}"
53138586,"{""Old"":3284,""New"":3390,""Reason"":3}"
71159796,"{""Old"":647,""New"":649,""Reason"":3}"
79506853,"{""Old"":1248,""New"":1262,""Reason"":3}"
44659425,"{""Old"":3785,""New"":3789,""Reason"":3}"
28922167,"{""Old"":254,""New"":256,""Reason"":3}"
12735607,"{""Old"":24654,""New"":24658,""Reason"":3}"
58014214,"{""Old"":475,""New"":479,""Reason"":3}"
218572014,"{""Old"":166,""New"":172,""Reason"":3}"
75449739,"{""Old"":1182,""New"":1186,""Reason"":3}"
28226374,"{""Old"":486,""New"":490,""Reason"":3}"
58253534,"{""Old"":2016,""New"":2018,""Reason"":3}"
21369105,"{""Old"":36098,""New"":36122,""Reason"":3}"
5467177,"{""Old"":302,""New"":306,""Reason"":3}"
31558571,"{""Old"":3249,""New"":3253,""Reason"":3}"
6634097,"{""Old"":593,""New"":613,""Reason"":3}"
40871687,"{""Old"":2200,""New"":2204,""Reason"":3}"
49825474,"{""Old"":4671,""New"":4673,""Reason"":3}"
58790686,"{""Old"":21312,""New"":21314,""Reason"":3}"
47361437,"{""Old"":1817,""New"":1819,""Reason"":3}"
5467177,"{""Old"":267,""New"":271,""Reason"":3}"
34574446,"{""Old"":12858,""New"":12876,""Reason"":3}"
56756635,"{""Old"":48463,""New"":48507,""Reason"":3}"
56756635,"{""Old"":48614,""New"":48664,""Reason"":3}"
56756635,"{""Old"":50105,""New"":50225,""Reason"":3}"
56756635,"{""Old"":49219,""New"":49279,""Reason"":3}"
46718808,"{""Old"":274,""New"":276,""Reason"":3}"
27543524,"{""Old"":349,""New"":353,""Reason"":3}"
42098274,"{""Old"":2885,""New"":2921,""Reason"":3}"
18031663,"{""Old"":251,""New"":261,""Reason"":3}"
6374913,"{""Old"":420,""New"":426,""Reason"":3}"
212231825,"{""Old"":729,""New"":739,""Reason"":3}"
43519884,"{""Old"":119,""New"":121,""Reason"":3}"
59391335,"{""Old"":4717,""New"":4719,""Reason"":3}"
47704680,"{""Old"":677,""New"":683,""Reason"":3}"
28922167,"{""Old"":299,""New"":309,""Reason"":3}"
21526495,"{""Old"":712,""New"":728,""Reason"":3}"
53335368,"{""Old"":5371,""New"":5373,""Reason"":3}"
28922167,"{""Old"":1160,""New"":1162,""Reason"":3}"
28922167,"{""Old"":258,""New"":260,""Reason"":3}"
4586142,"{""Old"":1270,""New"":1284,""Reason"":3}"
48891507,"{""Old"":26978,""New"":26994,""Reason"":3}"
42760453,"{""Old"":1327,""New"":1335,""Reason"":3}"
29422084,"{""Old"":193,""New"":195,""Reason"":3}"
28922167,"{""Old"":332,""New"":370,""Reason"":3}"
59350024,"{""Old"":975,""New"":979,""Reason"":3}"
8145378,"{""Old"":213,""New"":217,""Reason"":3}"
10065420,"{""Old"":366,""New"":370,""Reason"":3}"
47704680,"{""Old"":579,""New"":581,""Reason"":3}"
77214953,"{""Old"":734,""New"":736,""Reason"":3}"
44132356,"{""Old"":1050,""New"":1064,""Reason"":3}"
3005757,"{""Old"":2160,""New"":2162,""Reason"":3}"
58146064,"{""Old"":7079,""New"":7379,""Reason"":3}"
43207454,"{""Old"":4096,""New"":4114,""Reason"":3}"
28165463,"{""Old"":1842,""New"":1862,""Reason"":3}"
43780156,"{""Old"":680294,""New"":680510,""Reason"":3}"
42098274,"{""Old"":3015,""New"":3021,""Reason"":3}"
43780156,"{""Old"":678286,""New"":678556,""Reason"":3}"
18031663,"{""Old"":1440,""New"":1464,""Reason"":3}"
57796435,"{""Old"":5568,""New"":5584,""Reason"":3}"
38384328,"{""Old"":225,""New"":227,""Reason"":3}"
38384328,"{""Old"":252,""New"":254,""Reason"":3}"
35726314,"{""Old"":1142,""New"":1144,""Reason"":3}"
83319984,"{""Old"":4843,""New"":4851,""Reason"":3}"
83319984,"{""Old"":5018,""New"":5022,""Reason"":3}"
7489386,"{""Old"":76,""New"":78,""Reason"":3}"
5849885,"{""Old"":373,""New"":377,""Reason"":3}"
83319984,"{""Old"":5039,""New"":5055,""Reason"":3}"
62553613,"{""Old"":19122,""New"":19124,""Reason"":3}"
56756635,"{""Old"":50671,""New"":50743,""Reason"":3}"
200308757,"{""Old"":946,""New"":954,""Reason"":3}"
53335368,"{""Old"":5369,""New"":5371,""Reason"":3}"
28226374,"{""Old"":498,""New"":500,""Reason"":3}"
75449739,"{""Old"":1174,""New"":1176,""Reason"":3}"
24064804,"{""Old"":2063,""New"":2073,""Reason"":3}"
48891507,"{""Old"":26258,""New"":26276,""Reason"":3}"
9263084,"{""Old"":176,""New"":178,""Reason"":3}"
44659425,"{""Old"":3714,""New"":3738,""Reason"":3}"
71159796,"{""Old"":634,""New"":640,""Reason"":3}"
59101656,"{""Old"":2079,""New"":2083,""Reason"":3}"
3866978,"{""Old"":772,""New"":776,""Reason"":3}"
72366825,"{""Old"":608,""New"":618,""Reason"":3}"
8638645,"{""Old"":9323,""New"":9387,""Reason"":3}"
43519884,"{""Old"":110,""New"":114,""Reason"":3}"
20846516,"{""Old"":11037,""New"":11041,""Reason"":3}"
8763321,"{""Old"":9802,""New"":9806,""Reason"":3}"
58146064,"{""Old"":2724,""New"":2844,""Reason"":3}"
6028222,"{""Old"":124,""New"":126,""Reason"":3}"
48891507,"{""Old"":27151,""New"":27163,""Reason"":3}"
56031221,"{""Old"":2876,""New"":2878,""Reason"":3}"
81938721,"{""Old"":2602,""New"":2624,""Reason"":3}"
58866450,"{""Old"":4099,""New"":4111,""Reason"":3}"
25124543,"{""Old"":1444,""New"":1458,""Reason"":3}"
48891507,"{""Old"":27731,""New"":27799,""Reason"":3}"
48891507,"{""Old"":26741,""New"":26773,""Reason"":3}"
6305433,"{""Old"":652,""New"":656,""Reason"":3}"
79928100,"{""Old"":510,""New"":518,""Reason"":3}"
23507196,"{""Old"":1891,""New"":1893,""Reason"":3}"
73782157,"{""Old"":1269,""New"":1273,""Reason"":3}"
75446575,"{""Old"":1474,""New"":1524,""Reason"":3}"
18031663,"{""Old"":1464,""New"":1468,""Reason"":3}"
6561284,"{""Old"":3433,""New"":3441,""Reason"":3}"
42098274,"{""Old"":3025,""New"":3039,""Reason"":3}"
42098274,"{""Old"":2055,""New"":2097,""Reason"":3}"
20606266,"{""Old"":4331,""New"":4339,""Reason"":3}"
72956432,"{""Old"":71,""New"":75,""Reason"":3}"
43780156,"{""Old"":680527,""New"":680709,""Reason"":3}"
70687690,"{""Old"":157,""New"":159,""Reason"":3}"
81827083,"{""Old"":137571,""New"":137581,""Reason"":3}"
59451544,"{""Old"":983,""New"":991,""Reason"":3}"
38384328,"{""Old"":287,""New"":303,""Reason"":3}"
56756635,"{""Old"":48537,""New"":48547,""Reason"":3}"
7489386,"{""Old"":119,""New"":125,""Reason"":3}"
75446575,"{""Old"":2012,""New"":2014,""Reason"":3}"
75446575,"{""Old"":1459,""New"":1461,""Reason"":3}"
75446575,"{""Old"":1956,""New"":1982,""Reason"":3}"
34574446,"{""Old"":12810,""New"":12816,""Reason"":3}"
56756635,"{""Old"":48287,""New"":48367,""Reason"":3}"
59699476,"{""Old"":2447,""New"":2451,""Reason"":3}"
6374913,"{""Old"":442,""New"":444,""Reason"":3}"
22192060,"{""Old"":415,""New"":419,""Reason"":3}"
16050309,"{""Old"":201,""New"":205,""Reason"":3}"
31997232,"{""Old"":4309,""New"":4339,""Reason"":3}"
25913684,"{""Old"":975,""New"":981,""Reason"":3}"
20188854,"{""Old"":705,""New"":707,""Reason"":3}"
45548775,"{""Old"":4238,""New"":4244,""Reason"":3}"
21369105,"{""Old"":36153,""New"":36177,""Reason"":3}"
15824351,"{""Old"":1500,""New"":1506,""Reason"":3}"
84693068,"{""Old"":112,""New"":114,""Reason"":3}"
33641525,"{""Old"":39313,""New"":39315,""Reason"":3}"
75449739,"{""Old"":1139,""New"":1141,""Reason"":3}"
80595379,"{""Old"":1349,""New"":1363,""Reason"":3}"
46074887,"{""Old"":115,""New"":121,""Reason"":3}"
46810726,"{""Old"":2590,""New"":2594,""Reason"":3}"
42098274,"{""Old"":2145,""New"":2149,""Reason"":3}"
80653261,"{""Old"":3695,""New"":3697,""Reason"":3}"
7568871,"{""Old"":20828,""New"":20832,""Reason"":3}"
42098274,"{""Old"":2331,""New"":2361,""Reason"":3}"
5849885,"{""Old"":461,""New"":499,""Reason"":3}"
83319984,"{""Old"":5060,""New"":5070,""Reason"":3}"
38384328,"{""Old"":136,""New"":140,""Reason"":3}"
59451544,"{""Old"":1023,""New"":1025,""Reason"":3}"
38241722,"{""Old"":109,""New"":111,""Reason"":3}"
56049845,"{""Old"":2996,""New"":2998,""Reason"":3}"
35726314,"{""Old"":1144,""New"":1146,""Reason"":3}"
7568871,"{""Old"":20946,""New"":20960,""Reason"":3}"
46718808,"{""Old"":255,""New"":259,""Reason"":3}"
83319984,"{""Old"":4914,""New"":4920,""Reason"":3}"
73321564,"{""Old"":787,""New"":789,""Reason"":3}"
38393689,"{""Old"":519,""New"":527,""Reason"":3}"
70687690,"{""Old"":206,""New"":210,""Reason"":3}"
56756635,"{""Old"":50569,""New"":50591,""Reason"":3}"
56756635,"{""Old"":50743,""New"":50763,""Reason"":3}"
56756635,"{""Old"":50763,""New"":50813,""Reason"":3}"
75446575,"{""Old"":1596,""New"":1620,""Reason"":3}"
58146064,"{""Old"":13507,""New"":13691,""Reason"":3}"
51591414,"{""Old"":1379,""New"":1391,""Reason"":3}"
58146064,"{""Old"":9209,""New"":9333,""Reason"":3}"
59391335,"{""Old"":4063,""New"":4069,""Reason"":3}"
44132356,"{""Old"":960,""New"":968,""Reason"":3}"
25913684,"{""Old"":962,""New"":972,""Reason"":3}"
22876363,"{""Old"":517,""New"":545,""Reason"":3}"
39621038,"{""Old"":419,""New"":421,""Reason"":3}"
32174685,"{""Old"":15735,""New"":15749,""Reason"":3}"
44659425,"{""Old"":3804,""New"":3808,""Reason"":3}"
57658759,"{""Old"":1259,""New"":1263,""Reason"":3}"
67737880,"{""Old"":2749,""New"":2751,""Reason"":3}"
68977666,"{""Old"":1021,""New"":1025,""Reason"":3}"
75449739,"{""Old"":1189,""New"":1191,""Reason"":3}"
46810726,"{""Old"":2581,""New"":2583,""Reason"":3}"
29422084,"{""Old"":178,""New"":184,""Reason"":3}"
120571315,"{""Old"":486,""New"":504,""Reason"":3}"
7501032,"{""Old"":3030,""New"":3040,""Reason"":3}"
80653261,"{""Old"":3693,""New"":3695,""Reason"":3}"
42098274,"{""Old"":1597,""New"":1605,""Reason"":3}"
56756635,"{""Old"":48982,""New"":49114,""Reason"":3}"
85485575,"{""Old"":854,""New"":882,""Reason"":3}"
75446575,"{""Old"":1554,""New"":1558,""Reason"":3}"
49825474,"{""Old"":4678,""New"":4682,""Reason"":3}"
74103204,"{""Old"":295,""New"":299,""Reason"":3}"
14782560,"{""Old"":816,""New"":824,""Reason"":3}"
49825474,"{""Old"":4632,""New"":4636,""Reason"":3}"
43207454,"{""Old"":3185,""New"":3187,""Reason"":3}"
41785617,"{""Old"":1943,""New"":1945,""Reason"":3}"
59451544,"{""Old"":969,""New"":981,""Reason"":3}"
56756635,"{""Old"":48567,""New"":48589,""Reason"":3}"
56756635,"{""Old"":47826,""New"":47834,""Reason"":3}"
56756635,"{""Old"":48367,""New"":48421,""Reason"":3}"
75446575,"{""Old"":2091,""New"":2101,""Reason"":3}"
56756635,"{""Old"":49139,""New"":49219,""Reason"":3}"
56756635,"{""Old"":49279,""New"":49289,""Reason"":3}"
56756635,"{""Old"":50250,""New"":50360,""Reason"":3}"
42098274,"{""Old"":2759,""New"":2845,""Reason"":3}"
7568871,"{""Old"":20852,""New"":20854,""Reason"":3}"
43207454,"{""Old"":3519,""New"":3531,""Reason"":3}"
41837604,"{""Old"":125,""New"":129,""Reason"":3}"
56756635,"{""Old"":50823,""New"":50853,""Reason"":3}"
7489386,"{""Old"":109,""New"":115,""Reason"":3}"
5849885,"{""Old"":499,""New"":535,""Reason"":3}"
83319984,"{""Old"":5081,""New"":5085,""Reason"":3}"
74103204,"{""Old"":361,""New"":363,""Reason"":3}"
37781144,"{""Old"":7950,""New"":7954,""Reason"":3}"
7489386,"{""Old"":84,""New"":86,""Reason"":3}"
18031663,"{""Old"":1396,""New"":1416,""Reason"":3}"
27820337,"{""Old"":24196,""New"":24198,""Reason"":3}"
42098274,"{""Old"":2117,""New"":2135,""Reason"":3}"
23716838,"{""Old"":266,""New"":270,""Reason"":3}"
48891507,"{""Old"":26669,""New"":26691,""Reason"":3}"
26399013,"{""Old"":781,""New"":789,""Reason"":3}"
71458070,"{""Old"":198,""New"":204,""Reason"":3}"
21369105,"{""Old"":35868,""New"":35940,""Reason"":3}"
21369105,"{""Old"":36214,""New"":36236,""Reason"":3}"
79928100,"{""Old"":352,""New"":368,""Reason"":3}"
79928100,"{""Old"":526,""New"":528,""Reason"":3}"
201565207,"{""Old"":1969,""New"":1971,""Reason"":3}"
46074887,"{""Old"":170,""New"":172,""Reason"":3}"
218027547,"{""Old"":3436,""New"":3442,""Reason"":3}"
28226374,"{""Old"":384,""New"":386,""Reason"":3}"
80595379,"{""Old"":1331,""New"":1333,""Reason"":3}"
58146064,"{""Old"":8624,""New"":8798,""Reason"":3}"
58146064,"{""Old"":2330,""New"":2422,""Reason"":3}"
17172657,"{""Old"":3139,""New"":3149,""Reason"":3}"
37263988,"{""Old"":624,""New"":630,""Reason"":3}"
77939631,"{""Old"":274,""New"":276,""Reason"":3}"
45548775,"{""Old"":4281,""New"":4283,""Reason"":3}"
51591414,"{""Old"":1447,""New"":1453,""Reason"":3}"
44352554,"{""Old"":118,""New"":120,""Reason"":3}"
47704680,"{""Old"":649,""New"":665,""Reason"":3}"
46626552,"{""Old"":583,""New"":587,""Reason"":3}"
20846516,"{""Old"":11027,""New"":11037,""Reason"":3}"
43195422,"{""Old"":301,""New"":313,""Reason"":3}"
31997232,"{""Old"":5245,""New"":5317,""Reason"":3}"
77214953,"{""Old"":704,""New"":708,""Reason"":3}"
8160573,"{""Old"":368,""New"":370,""Reason"":3}"
26734523,"{""Old"":760,""New"":764,""Reason"":3}"
49082005,"{""Old"":228,""New"":230,""Reason"":3}"
20188854,"{""Old"":597,""New"":599,""Reason"":3}"
75446575,"{""Old"":2153,""New"":2157,""Reason"":3}"
38626648,"{""Old"":658,""New"":662,""Reason"":3}"
41950532,"{""Old"":57,""New"":59,""Reason"":3}"
83319984,"{""Old"":5092,""New"":5106,""Reason"":3}"
38384328,"{""Old"":303,""New"":307,""Reason"":3}"
56049845,"{""Old"":2962,""New"":2972,""Reason"":3}"
47361437,"{""Old"":1832,""New"":1838,""Reason"":3}"
81827083,"{""Old"":137628,""New"":137648,""Reason"":3}"
200308757,"{""Old"":932,""New"":936,""Reason"":3}"
200308757,"{""Old"":925,""New"":927,""Reason"":3}"
55818431,"{""Old"":146,""New"":154,""Reason"":3}"
7568871,"{""Old"":20846,""New"":20852,""Reason"":3}"
43780156,"{""Old"":679164,""New"":679454,""Reason"":3}"
46718808,"{""Old"":279,""New"":283,""Reason"":3}"
42760453,"{""Old"":1336,""New"":1348,""Reason"":3}"
27523198,"{""Old"":1659,""New"":1665,""Reason"":3}"
50621724,"{""Old"":1490,""New"":1500,""Reason"":3}"
44659425,"{""Old"":3754,""New"":3764,""Reason"":3}"
6305433,"{""Old"":826,""New"":856,""Reason"":3}"
21807500,"{""Old"":65,""New"":71,""Reason"":3}"
31997232,"{""Old"":2811,""New"":2821,""Reason"":3}"
44361334,"{""Old"":2031,""New"":2041,""Reason"":3}"
16050309,"{""Old"":178,""New"":192,""Reason"":3}"
44132356,"{""Old"":1064,""New"":1070,""Reason"":3}"
44132356,"{""Old"":1084,""New"":1108,""Reason"":3}"
79023038,"{""Old"":2415,""New"":2441,""Reason"":3}"
7162798,"{""Old"":69,""New"":71,""Reason"":3}"
86441681,"{""Old"":388,""New"":390,""Reason"":3}"
44352554,"{""Old"":396,""New"":398,""Reason"":3}"
44190365,"{""Old"":759,""New"":765,""Reason"":3}"
46174468,"{""Old"":201,""New"":205,""Reason"":3}"
38384328,"{""Old"":197,""New"":199,""Reason"":3}"
43780156,"{""Old"":675079,""New"":676211,""Reason"":3}"
75446575,"{""Old"":2123,""New"":2135,""Reason"":3}"
75446575,"{""Old"":1724,""New"":1770,""Reason"":3}"
48140896,"{""Old"":323,""New"":327,""Reason"":3}"
42098274,"{""Old"":2525,""New"":2555,""Reason"":3}"
42098274,"{""Old"":1755,""New"":1815,""Reason"":3}"
7489386,"{""Old"":67,""New"":69,""Reason"":3}"
70687690,"{""Old"":240,""New"":260,""Reason"":3}"
70687690,"{""Old"":144,""New"":148,""Reason"":3}"
85485575,"{""Old"":891,""New"":893,""Reason"":3}"
34574446,"{""Old"":12819,""New"":12831,""Reason"":3}"
56756635,"{""Old"":50853,""New"":50863,""Reason"":3}"
56756635,"{""Old"":49933,""New"":49953,""Reason"":3}"
75446575,"{""Old"":2082,""New"":2090,""Reason"":3}"
75446575,"{""Old"":2135,""New"":2153,""Reason"":3}"
80653261,"{""Old"":3653,""New"":3669,""Reason"":3}"
80653261,"{""Old"":3699,""New"":3701,""Reason"":3}"
80653261,"{""Old"":3701,""New"":3705,""Reason"":3}"
39411220,"{""Old"":600,""New"":602,""Reason"":3}"
43780156,"{""Old"":680913,""New"":680919,""Reason"":3}"
42098274,"{""Old"":2845,""New"":2885,""Reason"":3}"
6561284,"{""Old"":3457,""New"":3469,""Reason"":3}"
11021891,"{""Old"":286,""New"":288,""Reason"":3}"
7501032,"{""Old"":2979,""New"":2985,""Reason"":3}"
42878232,"{""Old"":11540,""New"":11544,""Reason"":3}"
40264020,"{""Old"":1597,""New"":1603,""Reason"":3}"
39411220,"{""Old"":592,""New"":600,""Reason"":3}"
79928100,"{""Old"":344,""New"":350,""Reason"":3}"
71458070,"{""Old"":216,""New"":218,""Reason"":3}"
37021007,"{""Old"":772,""New"":774,""Reason"":3}"
201565207,"{""Old"":1993,""New"":2001,""Reason"":3}"
201565207,"{""Old"":1965,""New"":1969,""Reason"":3}"
48891507,"{""Old"":26995,""New"":27003,""Reason"":3}"
71159796,"{""Old"":626,""New"":630,""Reason"":3}"
16882752,"{""Old"":1169,""New"":1171,""Reason"":3}"
77214953,"{""Old"":736,""New"":742,""Reason"":3}"
37263988,"{""Old"":615,""New"":621,""Reason"":3}"
44190365,"{""Old"":445,""New"":449,""Reason"":3}"
37263988,"{""Old"":728,""New"":734,""Reason"":3}"
54055764,"{""Old"":8254,""New"":8260,""Reason"":3}"
44190365,"{""Old"":349,""New"":357,""Reason"":3}"
38518964,"{""Old"":85,""New"":87,""Reason"":3}"
413420,"{""Old"":5421,""New"":5423,""Reason"":3}"
43519884,"{""Old"":103,""New"":105,""Reason"":3}"
63534885,"{""Old"":1435,""New"":1439,""Reason"":3}"
77939631,"{""Old"":268,""New"":274,""Reason"":3}"
59699476,"{""Old"":2478,""New"":2488,""Reason"":3}"
84717741,"{""Old"":498,""New"":504,""Reason"":3}"
55818431,"{""Old"":172,""New"":178,""Reason"":3}"
14975520,"{""Old"":2620,""New"":2626,""Reason"":3}"
60053807,"{""Old"":362,""New"":364,""Reason"":3}"
33639865,"{""Old"":4,""New"":8,""Reason"":3}"
18031663,"{""Old"":767,""New"":769,""Reason"":3}"
57796435,"{""Old"":5584,""New"":5604,""Reason"":3}"
42878232,"{""Old"":11545,""New"":11549,""Reason"":3}"
43780156,"{""Old"":663105,""New"":663447,""Reason"":3}"
43780156,"{""Old"":665449,""New"":665529,""Reason"":3}"
50376137,"{""Old"":930,""New"":934,""Reason"":3}"
72784091,"{""Old"":3815,""New"":3817,""Reason"":3}"
27820337,"{""Old"":23957,""New"":23961,""Reason"":3}"
17655371,"{""Old"":3391,""New"":3405,""Reason"":3}"
62553613,"{""Old"":19136,""New"":19138,""Reason"":3}"
44659425,"{""Old"":3629,""New"":3635,""Reason"":3}"
74174722,"{""Old"":349,""New"":351,""Reason"":3}"
21526495,"{""Old"":731,""New"":737,""Reason"":3}"
16882752,"{""Old"":1171,""New"":1187,""Reason"":3}"
57658759,"{""Old"":1264,""New"":1288,""Reason"":3}"
11096634,"{""Old"":441,""New"":455,""Reason"":3}"
201565207,"{""Old"":1958,""New"":1962,""Reason"":3}"
48891507,"{""Old"":28248,""New"":28292,""Reason"":3}"
25124543,"{""Old"":1477,""New"":1479,""Reason"":3}"
44782814,"{""Old"":2765,""New"":2771,""Reason"":3}"
75449739,"{""Old"":1107,""New"":1113,""Reason"":3}"
75449739,"{""Old"":1151,""New"":1155,""Reason"":3}"
218027547,"{""Old"":3348,""New"":3362,""Reason"":3}"
71458070,"{""Old"":218,""New"":220,""Reason"":3}"
48891507,"{""Old"":26544,""New"":26550,""Reason"":3}"
48891507,"{""Old"":26600,""New"":26644,""Reason"":3}"
63534885,"{""Old"":1253,""New"":1255,""Reason"":3}"
26734523,"{""Old"":778,""New"":780,""Reason"":3}"
57197537,"{""Old"":233,""New"":235,""Reason"":3}"
57197537,"{""Old"":250,""New"":254,""Reason"":3}"
58146064,"{""Old"":15195,""New"":15245,""Reason"":3}"
58146064,"{""Old"":3561,""New"":3631,""Reason"":3}"
6374913,"{""Old"":438,""New"":440,""Reason"":3}"
59391335,"{""Old"":3945,""New"":3951,""Reason"":3}"
42098274,"{""Old"":2427,""New"":2439,""Reason"":3}"
42098274,"{""Old"":2999,""New"":3009,""Reason"":3}"
7568871,"{""Old"":21076,""New"":21088,""Reason"":3}"
58146064,"{""Old"":11903,""New"":12075,""Reason"":3}"
37263988,"{""Old"":631,""New"":633,""Reason"":3}"
34683790,"{""Old"":15265,""New"":15285,""Reason"":3}"
70687690,"{""Old"":161,""New"":165,""Reason"":3}"
75446575,"{""Old"":2157,""New"":2159,""Reason"":3}"
75446575,"{""Old"":1906,""New"":1956,""Reason"":3}"
58253534,"{""Old"":2043,""New"":2047,""Reason"":3}"
6559491,"{""Old"":266,""New"":270,""Reason"":3}"
83319984,"{""Old"":5147,""New"":5151,""Reason"":3}"
5849885,"{""Old"":449,""New"":461,""Reason"":3}"
28165463,"{""Old"":747,""New"":769,""Reason"":3}"
52424330,"{""Old"":86,""New"":92,""Reason"":3}"
49825474,"{""Old"":4636,""New"":4640,""Reason"":3}"
41950532,"{""Old"":46,""New"":50,""Reason"":3}"
6559491,"{""Old"":321,""New"":327,""Reason"":3}"
34696227,"{""Old"":121,""New"":125,""Reason"":3}"
28922167,"{""Old"":1132,""New"":1156,""Reason"":3}"
44659425,"{""Old"":3765,""New"":3767,""Reason"":3}"
28922167,"{""Old"":134,""New"":136,""Reason"":3}"
48891507,"{""Old"":27238,""New"":27266,""Reason"":3}"
48891507,"{""Old"":27511,""New"":27547,""Reason"":3}"
79928100,"{""Old"":530,""New"":544,""Reason"":3}"
53335368,"{""Old"":5347,""New"":5363,""Reason"":3}"
80115190,"{""Old"":171,""New"":173,""Reason"":3}"
59101656,"{""Old"":2087,""New"":2089,""Reason"":3}"
8160573,"{""Old"":391,""New"":395,""Reason"":3}"
58146064,"{""Old"":10026,""New"":10174,""Reason"":3}"
56451856,"{""Old"":96,""New"":98,""Reason"":3}"
20188854,"{""Old"":805,""New"":807,""Reason"":3}"
19852865,"{""Old"":824,""New"":844,""Reason"":3}"
58146064,"{""Old"":15527,""New"":15577,""Reason"":3}"
32174685,"{""Old"":15761,""New"":15765,""Reason"":3}"
68253789,"{""Old"":567,""New"":573,""Reason"":3}"
68253789,"{""Old"":581,""New"":583,""Reason"":3}"
20188854,"{""Old"":818,""New"":822,""Reason"":3}"
44782814,"{""Old"":2744,""New"":2750,""Reason"":3}"
59391335,"{""Old"":4731,""New"":4741,""Reason"":3}"
43780156,"{""Old"":678916,""New"":678976,""Reason"":3}"
38841126,"{""Old"":870,""New"":884,""Reason"":3}"
46718808,"{""Old"":298,""New"":302,""Reason"":3}"
50376137,"{""Old"":892,""New"":898,""Reason"":3}"
36212068,"{""Old"":1634,""New"":1648,""Reason"":3}"
58790686,"{""Old"":21322,""New"":21358,""Reason"":3}"
32223000,"{""Old"":4117,""New"":4125,""Reason"":3}"
7568871,"{""Old"":20769,""New"":20773,""Reason"":3}"
56756635,"{""Old"":44299,""New"":44311,""Reason"":3}"
56756635,"{""Old"":48421,""New"":48431,""Reason"":3}"
56756635,"{""Old"":49953,""New"":50055,""Reason"":3}"
19977587,"{""Old"":172,""New"":178,""Reason"":3}"
80961884,"{""Old"":430,""New"":432,""Reason"":3}"
48140896,"{""Old"":327,""New"":331,""Reason"":3}"
43780156,"{""Old"":674007,""New"":674879,""Reason"":3}"
38384328,"{""Old"":222,""New"":224,""Reason"":3}"
26734523,"{""Old"":781,""New"":789,""Reason"":3}"
58146064,"{""Old"":7379,""New"":7671,""Reason"":3}"
58146064,"{""Old"":8021,""New"":8033,""Reason"":3}"
41770140,"{""Old"":253,""New"":257,""Reason"":3}"
44190365,"{""Old"":674,""New"":692,""Reason"":3}"
58146064,"{""Old"":26408,""New"":26478,""Reason"":3}"
58146064,"{""Old"":22256,""New"":22348,""Reason"":3}"
31997232,"{""Old"":3637,""New"":3647,""Reason"":3}"
58146064,"{""Old"":7749,""New"":7813,""Reason"":3}"
9079478,"{""Old"":137,""New"":139,""Reason"":3}"
28679671,"{""Old"":0,""New"":2,""Reason"":3}"
30617128,"{""Old"":172,""New"":174,""Reason"":3}"
37784995,"{""Old"":9629,""New"":9633,""Reason"":3}"
77214953,"{""Old"":713,""New"":727,""Reason"":3}"
31997232,"{""Old"":4269,""New"":4309,""Reason"":3}"
58146064,"{""Old"":1298,""New"":1352,""Reason"":3}"
58146064,"{""Old"":8823,""New"":8965,""Reason"":3}"
58146064,"{""Old"":10950,""New"":11070,""Reason"":3}"
58146064,"{""Old"":26174,""New"":26276,""Reason"":3}"
8638645,"{""Old"":8679,""New"":8691,""Reason"":3}"
6018287,"{""Old"":26648,""New"":26650,""Reason"":3}"
58146064,"{""Old"":6747,""New"":6929,""Reason"":3}"
5058136,"{""Old"":4675,""New"":4709,""Reason"":3}"
85362344,"{""Old"":9,""New"":11,""Reason"":3}"
44961939,"{""Old"":2175,""New"":2179,""Reason"":3}"
69464352,"{""Old"":2958,""New"":2980,""Reason"":3}"
48891507,"{""Old"":24501,""New"":24503,""Reason"":3}"
9263084,"{""Old"":167,""New"":171,""Reason"":3}"
80595379,"{""Old"":1389,""New"":1393,""Reason"":3}"
20745147,"{""Old"":145,""New"":147,""Reason"":3}"
221110711,"{""Old"":77,""New"":79,""Reason"":3}"
66761693,"{""Old"":979,""New"":981,""Reason"":3}"
60955599,"{""Old"":322,""New"":326,""Reason"":3}"
48891507,"{""Old"":28408,""New"":28418,""Reason"":3}"
83319984,"{""Old"":4867,""New"":4877,""Reason"":3}"
43207454,"{""Old"":3440,""New"":3446,""Reason"":3}"
48891507,"{""Old"":27992,""New"":28038,""Reason"":3}"
43780156,"{""Old"":678556,""New"":678796,""Reason"":3}"
56756635,"{""Old"":49621,""New"":49711,""Reason"":3}"
42098274,"{""Old"":2411,""New"":2413,""Reason"":3}"
46390566,"{""Old"":529,""New"":533,""Reason"":3}"
84717741,"{""Old"":504,""New"":506,""Reason"":3}"
120860544,"{""Old"":3176,""New"":3180,""Reason"":3}"
48319936,"{""Old"":850,""New"":866,""Reason"":3}"
56049845,"{""Old"":2956,""New"":2962,""Reason"":3}"
73321564,"{""Old"":789,""New"":791,""Reason"":3}"
73321564,"{""Old"":791,""New"":795,""Reason"":3}"
31558571,"{""Old"":3259,""New"":3263,""Reason"":3}"
80961884,"{""Old"":435,""New"":451,""Reason"":3}"
56756635,"{""Old"":48023,""New"":48137,""Reason"":3}"
11698989,"{""Old"":797,""New"":801,""Reason"":3}"
70687690,"{""Old"":108,""New"":114,""Reason"":3}"
43207454,"{""Old"":3452,""New"":3470,""Reason"":3}"
69464352,"{""Old"":2744,""New"":2752,""Reason"":3}"
86580266,"{""Old"":732,""New"":742,""Reason"":3}"
86580266,"{""Old"":751,""New"":753,""Reason"":3}"
63534885,"{""Old"":1446,""New"":1456,""Reason"":3}"
38802676,"{""Old"":3183,""New"":3185,""Reason"":3}"
58146064,"{""Old"":15115,""New"":15195,""Reason"":3}"
59391335,"{""Old"":4047,""New"":4049,""Reason"":3}"
58146064,"{""Old"":9654,""New"":9704,""Reason"":3}"
58146064,"{""Old"":11170,""New"":11250,""Reason"":3}"
80644460,"{""Old"":73523,""New"":73525,""Reason"":3}"
44961939,"{""Old"":2160,""New"":2164,""Reason"":3}"
6374913,"{""Old"":426,""New"":436,""Reason"":3}"
63534885,"{""Old"":1361,""New"":1377,""Reason"":3}"
31997232,"{""Old"":2739,""New"":2771,""Reason"":3}"
44961939,"{""Old"":2156,""New"":2160,""Reason"":3}"
48056970,"{""Old"":17855,""New"":17857,""Reason"":3}"
10699783,"{""Old"":1544,""New"":1548,""Reason"":3}"
122220431,"{""Old"":764,""New"":766,""Reason"":3}"
74572602,"{""Old"":5943,""New"":5945,""Reason"":3}"
218572014,"{""Old"":184,""New"":196,""Reason"":3}"
80142449,"{""Old"":1927,""New"":1931,""Reason"":3}"
44659425,"{""Old"":3749,""New"":3751,""Reason"":3}"
75730356,"{""Old"":1131,""New"":1135,""Reason"":3}"
50376137,"{""Old"":898,""New"":916,""Reason"":3}"
22728403,"{""Old"":601,""New"":605,""Reason"":3}"
18031663,"{""Old"":1000,""New"":1020,""Reason"":3}"
18031663,"{""Old"":1468,""New"":1482,""Reason"":3}"
27543524,"{""Old"":355,""New"":359,""Reason"":3}"
7568871,"{""Old"":21068,""New"":21070,""Reason"":3}"
30660899,"{""Old"":605,""New"":607,""Reason"":3}"
75446575,"{""Old"":1559,""New"":1563,""Reason"":3}"
6634097,"{""Old"":621,""New"":623,""Reason"":3}"
28165463,"{""Old"":474,""New"":518,""Reason"":3}"
43207454,"{""Old"":4115,""New"":4119,""Reason"":3}"
73321564,"{""Old"":785,""New"":787,""Reason"":3}"
49825474,"{""Old"":4594,""New"":4610,""Reason"":3}"
34031723,"{""Old"":1948,""New"":1950,""Reason"":3}"
28922167,"{""Old"":1110,""New"":1112,""Reason"":3}"
42098274,"{""Old"":2686,""New"":2730,""Reason"":3}"
78077845,"{""Old"":360,""New"":364,""Reason"":3}"
58993301,"{""Old"":2251,""New"":2255,""Reason"":3}"
28226374,"{""Old"":466,""New"":470,""Reason"":3}"
48891507,"{""Old"":24495,""New"":24499,""Reason"":3}"
76995583,"{""Old"":661,""New"":663,""Reason"":3}"
4586142,"{""Old"":1207,""New"":1209,""Reason"":3}"
21369105,"{""Old"":36122,""New"":36146,""Reason"":3}"
58253534,"{""Old"":2047,""New"":2051,""Reason"":3}"
49954699,"{""Old"":2048,""New"":2054,""Reason"":3}"
80115190,"{""Old"":184,""New"":188,""Reason"":3}"
88028317,"{""Old"":267,""New"":269,""Reason"":3}"
48056970,"{""Old"":17839,""New"":17841,""Reason"":3}"
59101656,"{""Old"":2085,""New"":2087,""Reason"":3}"
7541238,"{""Old"":207,""New"":209,""Reason"":3}"
7541238,"{""Old"":97,""New"":101,""Reason"":3}"
6374913,"{""Old"":358,""New"":370,""Reason"":3}"
58146064,"{""Old"":15652,""New"":15784,""Reason"":3}"
57536927,"{""Old"":507,""New"":525,""Reason"":3}"
44190365,"{""Old"":765,""New"":773,""Reason"":3}"
43195422,"{""Old"":314,""New"":328,""Reason"":3}"
30617128,"{""Old"":174,""New"":182,""Reason"":3}"
44352554,"{""Old"":147,""New"":149,""Reason"":3}"
44352554,"{""Old"":152,""New"":162,""Reason"":3}"
218819964,"{""Old"":1291,""New"":1305,""Reason"":3}"
31997232,"{""Old"":3667,""New"":3677,""Reason"":3}"
39951938,"{""Old"":1506,""New"":1526,""Reason"":3}"
34683790,"{""Old"":15235,""New"":15265,""Reason"":3}"
6559491,"{""Old"":282,""New"":288,""Reason"":3}"
42098274,"{""Old"":1553,""New"":1569,""Reason"":3}"
85485575,"{""Old"":848,""New"":852,""Reason"":3}"
6559491,"{""Old"":308,""New"":318,""Reason"":3}"
46390566,"{""Old"":571,""New"":577,""Reason"":3}"
83319984,"{""Old"":4892,""New"":4894,""Reason"":3}"
83319984,"{""Old"":4929,""New"":4947,""Reason"":3}"
38384328,"{""Old"":266,""New"":274,""Reason"":3}"
38241722,"{""Old"":91,""New"":93,""Reason"":3}"
38241722,"{""Old"":105,""New"":109,""Reason"":3}"
85140933,"{""Old"":516,""New"":518,""Reason"":3}"
7568871,"{""Old"":20972,""New"":20994,""Reason"":3}"
42098274,"{""Old"":2261,""New"":2331,""Reason"":3}"
42098274,"{""Old"":1843,""New"":1853,""Reason"":3}"
56756635,"{""Old"":50813,""New"":50823,""Reason"":3}"
55818431,"{""Old"":156,""New"":166,""Reason"":3}"
42098274,"{""Old"":2165,""New"":2169,""Reason"":3}"
85140933,"{""Old"":518,""New"":522,""Reason"":3}"
85140933,"{""Old"":524,""New"":526,""Reason"":3}"
75446575,"{""Old"":1982,""New"":2012,""Reason"":3}"
75446575,"{""Old"":1422,""New"":1444,""Reason"":3}"
75446575,"{""Old"":1444,""New"":1458,""Reason"":3}"
43780156,"{""Old"":662366,""New"":662830,""Reason"":3}"
80809480,"{""Old"":16589,""New"":16591,""Reason"":3}"
83319984,"{""Old"":5111,""New"":5141,""Reason"":3}"
5849885,"{""Old"":377,""New"":379,""Reason"":3}"
42878232,"{""Old"":11529,""New"":11531,""Reason"":3}"
42878232,"{""Old"":11527,""New"":11529,""Reason"":3}"
72784091,"{""Old"":3793,""New"":3799,""Reason"":3}"
46390566,"{""Old"":544,""New"":558,""Reason"":3}"
34574446,"{""Old"":12855,""New"":12857,""Reason"":3}"
56756635,"{""Old"":50591,""New"":50671,""Reason"":3}"
71458070,"{""Old"":208,""New"":212,""Reason"":3}"
46074887,"{""Old"":166,""New"":168,""Reason"":3}"
75449739,"{""Old"":1237,""New"":1281,""Reason"":3}"
28922167,"{""Old"":448,""New"":490,""Reason"":3}"
46817988,"{""Old"":3871,""New"":3873,""Reason"":3}"
21369105,"{""Old"":36240,""New"":36252,""Reason"":3}"
52130629,"{""Old"":547,""New"":551,""Reason"":3}"
22582467,"{""Old"":322,""New"":324,""Reason"":3}"
78077845,"{""Old"":343,""New"":355,""Reason"":3}"
75449739,"{""Old"":1144,""New"":1150,""Reason"":3}"
66761693,"{""Old"":988,""New"":990,""Reason"":3}"
58146064,"{""Old"":27417,""New"":27427,""Reason"":3}"
6028222,"{""Old"":110,""New"":112,""Reason"":3}"
58146064,"{""Old"":13717,""New"":13859,""Reason"":3}"
47704680,"{""Old"":587,""New"":607,""Reason"":3}"
38802676,"{""Old"":3164,""New"":3172,""Reason"":3}"
41532717,"{""Old"":310,""New"":312,""Reason"":3}"
51591414,"{""Old"":1467,""New"":1475,""Reason"":3}"
63534885,"{""Old"":1263,""New"":1287,""Reason"":3}"
16050309,"{""Old"":121,""New"":125,""Reason"":3}"
55807692,"{""Old"":3224,""New"":3226,""Reason"":3}"
120428557,"{""Old"":191,""New"":193,""Reason"":3}"
43195422,"{""Old"":338,""New"":340,""Reason"":3}"
42098274,"{""Old"":2959,""New"":2979,""Reason"":3}"
18031663,"{""Old"":866,""New"":874,""Reason"":3}"
18031663,"{""Old"":186,""New"":194,""Reason"":3}"
52248171,"{""Old"":679,""New"":683,""Reason"":3}"
56859238,"{""Old"":2348,""New"":2350,""Reason"":3}"
35726314,"{""Old"":1137,""New"":1141,""Reason"":3}"
43207454,"{""Old"":3478,""New"":3516,""Reason"":3}"
43207454,"{""Old"":3534,""New"":3966,""Reason"":3}"
49825474,"{""Old"":4673,""New"":4677,""Reason"":3}"
47361437,"{""Old"":1857,""New"":1867,""Reason"":3}"
47361437,"{""Old"":1876,""New"":1878,""Reason"":3}"
18031663,"{""Old"":1417,""New"":1437,""Reason"":3}"
43207454,"{""Old"":4127,""New"":4129,""Reason"":3}"
59451544,"{""Old"":999,""New"":1003,""Reason"":3}"
43207454,"{""Old"":3197,""New"":3199,""Reason"":3}"
83319984,"{""Old"":4985,""New"":4987,""Reason"":3}"
83319984,"{""Old"":5011,""New"":5015,""Reason"":3}"
6561284,"{""Old"":3449,""New"":3457,""Reason"":3}"
57796435,"{""Old"":5548,""New"":5560,""Reason"":3}"
42098274,"{""Old"":2979,""New"":2985,""Reason"":3}"
36212068,"{""Old"":1618,""New"":1620,""Reason"":3}"
18031663,"{""Old"":1303,""New"":1333,""Reason"":3}"
18031663,"{""Old"":1386,""New"":1390,""Reason"":3}"
83319984,"{""Old"":5024,""New"":5036,""Reason"":3}"
41837604,"{""Old"":95,""New"":103,""Reason"":3}"
31510531,"{""Old"":3606,""New"":3612,""Reason"":3}"
81827083,"{""Old"":137670,""New"":137680,""Reason"":3}"
56049845,"{""Old"":2972,""New"":2996,""Reason"":3}"
70687690,"{""Old"":279,""New"":283,""Reason"":3}"
5467177,"{""Old"":271,""New"":273,""Reason"":3}"
38384328,"{""Old"":314,""New"":324,""Reason"":3}"
7489386,"{""Old"":89,""New"":91,""Reason"":3}"
43780156,"{""Old"":679073,""New"":679123,""Reason"":3}"
18031663,"{""Old"":1247,""New"":1301,""Reason"":3}"
75730356,"{""Old"":1091,""New"":1131,""Reason"":3}"
59451544,"{""Old"":1005,""New"":1023,""Reason"":3}"
7568871,"{""Old"":20866,""New"":20900,""Reason"":3}"
48956693,"{""Old"":1753,""New"":1759,""Reason"":3}"
43780156,"{""Old"":680803,""New"":680913,""Reason"":3}"
38241722,"{""Old"":94,""New"":102,""Reason"":3}"
83319984,"{""Old"":4828,""New"":4830,""Reason"":3}"
56049845,"{""Old"":2952,""New"":2956,""Reason"":3}"
48319936,"{""Old"":846,""New"":850,""Reason"":3}"
48891507,"{""Old"":26108,""New"":26132,""Reason"":3}"
6559491,"{""Old"":297,""New"":307,""Reason"":3}"
41837604,"{""Old"":60,""New"":62,""Reason"":3}"
75446575,"{""Old"":1883,""New"":1889,""Reason"":3}"
34549354,"{""Old"":415,""New"":417,""Reason"":3}"
46390566,"{""Old"":522,""New"":524,""Reason"":3}"
49954699,"{""Old"":2058,""New"":2060,""Reason"":3}"
75449739,"{""Old"":1187,""New"":1189,""Reason"":3}"
28226374,"{""Old"":372,""New"":376,""Reason"":3}"
48891507,"{""Old"":26385,""New"":26403,""Reason"":3}"
202946472,"{""Old"":1171,""New"":1173,""Reason"":3}"
44659425,"{""Old"":3711,""New"":3713,""Reason"":3}"
76995583,"{""Old"":585,""New"":595,""Reason"":3}"
11096634,"{""Old"":361,""New"":365,""Reason"":3}"
44132356,"{""Old"":968,""New"":978,""Reason"":3}"
74572602,"{""Old"":5927,""New"":5941,""Reason"":3}"
44659425,"{""Old"":3638,""New"":3646,""Reason"":3}"
86441681,"{""Old"":371,""New"":377,""Reason"":3}"
44352554,"{""Old"":133,""New"":135,""Reason"":3}"
58146064,"{""Old"":11400,""New"":11642,""Reason"":3}"
45243473,"{""Old"":1552,""New"":1562,""Reason"":3}"
77214953,"{""Old"":700,""New"":704,""Reason"":3}"
44132356,"{""Old"":1126,""New"":1128,""Reason"":3}"
43774463,"{""Old"":1225,""New"":1229,""Reason"":3}"
42723630,"{""Old"":79149,""New"":79171,""Reason"":3}"
38057858,"{""Old"":2931,""New"":2935,""Reason"":3}"
7541238,"{""Old"":167,""New"":169,""Reason"":3}"
6018287,"{""Old"":26642,""New"":26646,""Reason"":3}"
6374913,"{""Old"":290,""New"":292,""Reason"":3}"
69464352,"{""Old"":2954,""New"":2956,""Reason"":3}"
42723630,"{""Old"":79171,""New"":79193,""Reason"":3}"
34574446,"{""Old"":12790,""New"":12792,""Reason"":3}"
51591414,"{""Old"":1453,""New"":1467,""Reason"":3}"
58146064,"{""Old"":12362,""New"":12454,""Reason"":3}"
63534885,"{""Old"":1295,""New"":1297,""Reason"":3}"
63534885,"{""Old"":1314,""New"":1318,""Reason"":3}"
71526944,"{""Old"":226,""New"":230,""Reason"":3}"
20606266,"{""Old"":4351,""New"":4361,""Reason"":3}"
58146064,"{""Old"":10328,""New"":10510,""Reason"":3}"
58146064,"{""Old"":786,""New"":794,""Reason"":3}"
58146064,"{""Old"":18922,""New"":19022,""Reason"":3}"
58146064,"{""Old"":20286,""New"":20336,""Reason"":3}"
58146064,"{""Old"":23073,""New"":23113,""Reason"":3}"
58146064,"{""Old"":14550,""New"":14580,""Reason"":3}"
37263988,"{""Old"":724,""New"":728,""Reason"":3}"
72784091,"{""Old"":3817,""New"":3819,""Reason"":3}"
7568871,"{""Old"":20824,""New"":20828,""Reason"":3}"
56756635,"{""Old"":48507,""New"":48537,""Reason"":3}"
56756635,"{""Old"":48547,""New"":48567,""Reason"":3}"
37781144,"{""Old"":7944,""New"":7946,""Reason"":3}"
9313031,"{""Old"":417,""New"":423,""Reason"":3}"
36212068,"{""Old"":1648,""New"":1658,""Reason"":3}"
46718808,"{""Old"":253,""New"":255,""Reason"":3}"
211619172,"{""Old"":66,""New"":70,""Reason"":3}"
42098274,"{""Old"":2413,""New"":2417,""Reason"":3}"
56756635,"{""Old"":48895,""New"":48897,""Reason"":3}"
80653261,"{""Old"":3697,""New"":3699,""Reason"":3}"
38841126,"{""Old"":900,""New"":904,""Reason"":3}"
56756635,"{""Old"":50391,""New"":50461,""Reason"":3}"
50376137,"{""Old"":942,""New"":960,""Reason"":3}"
43780156,"{""Old"":678992,""New"":679032,""Reason"":3}"
27543524,"{""Old"":368,""New"":372,""Reason"":3}"
43780156,"{""Old"":679485,""New"":679785,""Reason"":3}"
41492715,"{""Old"":1376,""New"":1378,""Reason"":3}"
42878232,"{""Old"":11520,""New"":11526,""Reason"":3}"
56756635,"{""Old"":48793,""New"":48815,""Reason"":3}"
80653261,"{""Old"":3669,""New"":3693,""Reason"":3}"
43780156,"{""Old"":672592,""New"":673432,""Reason"":3}"
42878232,"{""Old"":11532,""New"":11536,""Reason"":3}"
7568871,"{""Old"":21088,""New"":21092,""Reason"":3}"
42098274,"{""Old"":2985,""New"":2999,""Reason"":3}"
18374122,"{""Old"":4470,""New"":4472,""Reason"":3}"
82522730,"{""Old"":28,""New"":30,""Reason"":3}"
74572602,"{""Old"":5845,""New"":5857,""Reason"":3}"
6305433,"{""Old"":730,""New"":734,""Reason"":3}"
24064804,"{""Old"":2047,""New"":2053,""Reason"":3}"
48891507,"{""Old"":27374,""New"":27486,""Reason"":3}"
48891507,"{""Old"":27638,""New"":27684,""Reason"":3}"
33641525,"{""Old"":39293,""New"":39297,""Reason"":3}"
33641525,"{""Old"":39299,""New"":39313,""Reason"":3}"
80115190,"{""Old"":157,""New"":163,""Reason"":3}"
22394827,"{""Old"":3377,""New"":3383,""Reason"":3}"
47127640,"{""Old"":647,""New"":655,""Reason"":3}"
28922167,"{""Old"":1156,""New"":1160,""Reason"":3}"
74572602,"{""Old"":5649,""New"":5651,""Reason"":3}"
59101656,"{""Old"":2073,""New"":2075,""Reason"":3}"
58253534,"{""Old"":2000,""New"":2002,""Reason"":3}"
16181251,"{""Old"":2623,""New"":2641,""Reason"":3}"
31997232,"{""Old"":3647,""New"":3667,""Reason"":3}"
20846516,"{""Old"":11457,""New"":12883,""Reason"":3}"
69464352,"{""Old"":2756,""New"":2768,""Reason"":3}"
63534885,"{""Old"":1194,""New"":1202,""Reason"":3}"
81498402,"{""Old"":425,""New"":427,""Reason"":3}"
70156027,"{""Old"":2308,""New"":2314,""Reason"":3}"
44190365,"{""Old"":805,""New"":807,""Reason"":3}"
44190365,"{""Old"":807,""New"":811,""Reason"":3}"
58146064,"{""Old"":21134,""New"":21164,""Reason"":3}"
44190365,"{""Old"":664,""New"":670,""Reason"":3}"
20188854,"{""Old"":807,""New"":813,""Reason"":3}"
58146064,"{""Old"":21891,""New"":22031,""Reason"":3}"
41511291,"{""Old"":848,""New"":850,""Reason"":3}"
58146064,"{""Old"":271,""New"":273,""Reason"":3}"
58146064,"{""Old"":18557,""New"":18667,""Reason"":3}"
44190365,"{""Old"":892,""New"":894,""Reason"":3}"
58146064,"{""Old"":25488,""New"":25668,""Reason"":3}"
38057858,"{""Old"":2946,""New"":2950,""Reason"":3}"
44190365,"{""Old"":566,""New"":592,""Reason"":3}"
58146064,"{""Old"":8011,""New"":8021,""Reason"":3}"
58146064,"{""Old"":13934,""New"":14074,""Reason"":3}"
46626552,"{""Old"":592,""New"":594,""Reason"":3}"
58146064,"{""Old"":18692,""New"":18872,""Reason"":3}"
38057858,"{""Old"":2960,""New"":2964,""Reason"":3}"
72784091,"{""Old"":3799,""New"":3809,""Reason"":3}"
46718808,"{""Old"":284,""New"":298,""Reason"":3}"
42098274,"{""Old"":1729,""New"":1755,""Reason"":3}"
42098274,"{""Old"":3009,""New"":3015,""Reason"":3}"
7568871,"{""Old"":20996,""New"":21002,""Reason"":3}"
34574446,"{""Old"":12852,""New"":12854,""Reason"":3}"
38841126,"{""Old"":905,""New"":909,""Reason"":3}"
75446575,"{""Old"":1620,""New"":1624,""Reason"":3}"
56756635,"{""Old"":48865,""New"":48895,""Reason"":3}"
56756635,"{""Old"":50463,""New"":50563,""Reason"":3}"
41837604,"{""Old"":84,""New"":88,""Reason"":3}"
34880338,"{""Old"":345,""New"":347,""Reason"":3}"
56756635,"{""Old"":49888,""New"":49908,""Reason"":3}"
46390566,"{""Old"":561,""New"":563,""Reason"":3}"
42098274,"{""Old"":1673,""New"":1685,""Reason"":3}"
42098274,"{""Old"":1815,""New"":1829,""Reason"":3}"
42098274,"{""Old"":1833,""New"":1843,""Reason"":3}"
60702281,"{""Old"":1407,""New"":1411,""Reason"":3}"
75446575,"{""Old"":1770,""New"":1802,""Reason"":3}"
56756635,"{""Old"":48922,""New"":48932,""Reason"":3}"
45548775,"{""Old"":4247,""New"":4249,""Reason"":3}"
52130629,"{""Old"":541,""New"":547,""Reason"":3}"
44190365,"{""Old"":364,""New"":382,""Reason"":3}"
58146064,"{""Old"":374,""New"":382,""Reason"":3}"
58146064,"{""Old"":978,""New"":1014,""Reason"":3}"
58146064,"{""Old"":1830,""New"":1884,""Reason"":3}"
44190365,"{""Old"":621,""New"":635,""Reason"":3}"
58146064,"{""Old"":26790,""New"":26800,""Reason"":3}"
58146064,"{""Old"":21756,""New"":21866,""Reason"":3}"
58146064,"{""Old"":22373,""New"":22405,""Reason"":3}"
58146064,"{""Old"":10511,""New"":10601,""Reason"":3}"
58146064,"{""Old"":14580,""New"":14620,""Reason"":3}"
58146064,"{""Old"":722,""New"":736,""Reason"":3}"
68253789,"{""Old"":579,""New"":581,""Reason"":3}"
45548775,"{""Old"":4257,""New"":4267,""Reason"":3}"
58146064,"{""Old"":7671,""New"":7749,""Reason"":3}"
38518964,"{""Old"":74,""New"":84,""Reason"":3}"
58146064,"{""Old"":26282,""New"":26292,""Reason"":3}"
52130629,"{""Old"":527,""New"":531,""Reason"":3}"
20188854,"{""Old"":769,""New"":773,""Reason"":3}"
86580266,"{""Old"":855,""New"":859,""Reason"":3}"
86580266,"{""Old"":878,""New"":882,""Reason"":3}"
59699476,"{""Old"":2454,""New"":2478,""Reason"":3}"
41532717,"{""Old"":324,""New"":326,""Reason"":3}"
77214953,"{""Old"":696,""New"":698,""Reason"":3}"
47704680,"{""Old"":671,""New"":675,""Reason"":3}"
44190365,"{""Old"":721,""New"":735,""Reason"":3}"
58146064,"{""Old"":21013,""New"":21083,""Reason"":3}"
58146064,"{""Old"":12726,""New"":12806,""Reason"":3}"
41770140,"{""Old"":236,""New"":238,""Reason"":3}"
6305433,"{""Old"":734,""New"":762,""Reason"":3}"
78077845,"{""Old"":326,""New"":328,""Reason"":3}"
48891507,"{""Old"":28336,""New"":28398,""Reason"":3}"
221110711,"{""Old"":74,""New"":76,""Reason"":3}"
6305433,"{""Old"":820,""New"":826,""Reason"":3}"
27523198,"{""Old"":1669,""New"":1683,""Reason"":3}"
39621038,"{""Old"":406,""New"":408,""Reason"":3}"
21369105,"{""Old"":36254,""New"":36266,""Reason"":3}"
202946472,"{""Old"":1174,""New"":1186,""Reason"":3}"
48891507,"{""Old"":28398,""New"":28408,""Reason"":3}"
47842355,"{""Old"":23453,""New"":23455,""Reason"":3}"
18031663,"{""Old"":1344,""New"":1384,""Reason"":3}"
42098274,"{""Old"":2393,""New"":2395,""Reason"":3}"
42098274,"{""Old"":2921,""New"":2959,""Reason"":3}"
75446575,"{""Old"":2119,""New"":2123,""Reason"":3}"
62553613,"{""Old"":19140,""New"":19150,""Reason"":3}"
34574446,"{""Old"":12796,""New"":12804,""Reason"":3}"
42098274,"{""Old"":1829,""New"":1833,""Reason"":3}"
56756635,"{""Old"":44311,""New"":44313,""Reason"":3}"
75446575,"{""Old"":1849,""New"":1883,""Reason"":3}"
38841126,"{""Old"":886,""New"":900,""Reason"":3}"
34574446,"{""Old"":12833,""New"":12835,""Reason"":3}"
56756635,"{""Old"":49711,""New"":49863,""Reason"":3}"
41837604,"{""Old"":106,""New"":112,""Reason"":3}"
34549536,"{""Old"":216,""New"":220,""Reason"":3}"
84693068,"{""Old"":115,""New"":119,""Reason"":3}"
28226374,"{""Old"":368,""New"":372,""Reason"":3}"
71159796,"{""Old"":714,""New"":716,""Reason"":3}"
71159796,"{""Old"":716,""New"":720,""Reason"":3}"
71159796,"{""Old"":641,""New"":645,""Reason"":3}"
9263084,"{""Old"":171,""New"":175,""Reason"":3}"
79928100,"{""Old"":419,""New"":433,""Reason"":3}"
6305433,"{""Old"":862,""New"":898,""Reason"":3}"
48891507,"{""Old"":28119,""New"":28185,""Reason"":3}"
81498402,"{""Old"":450,""New"":454,""Reason"":3}"
46074887,"{""Old"":132,""New"":136,""Reason"":3}"
80595379,"{""Old"":1405,""New"":1409,""Reason"":3}"
218027547,"{""Old"":3375,""New"":3409,""Reason"":3}"
6305433,"{""Old"":856,""New"":862,""Reason"":3}"
82350476,"{""Old"":2166,""New"":2174,""Reason"":3}"
42723630,"{""Old"":79106,""New"":79124,""Reason"":3}"
68008234,"{""Old"":1891,""New"":1897,""Reason"":3}"
69464352,"{""Old"":2980,""New"":2990,""Reason"":3}"
70156027,"{""Old"":2297,""New"":2299,""Reason"":3}"
86441681,"{""Old"":379,""New"":381,""Reason"":3}"
58146064,"{""Old"":22628,""New"":22638,""Reason"":3}"
68253789,"{""Old"":583,""New"":595,""Reason"":3}"
58146064,"{""Old"":9433,""New"":9629,""Reason"":3}"
37263988,"{""Old"":656,""New"":666,""Reason"":3}"
58146064,"{""Old"":19072,""New"":19134,""Reason"":3}"
40889719,"{""Old"":8291,""New"":8293,""Reason"":3}"
40889719,"{""Old"":8299,""New"":8303,""Reason"":3}"
8638645,"{""Old"":9437,""New"":9527,""Reason"":3}"
44190365,"{""Old"":431,""New"":435,""Reason"":3}"
20846516,"{""Old"":11017,""New"":11027,""Reason"":3}"
57320977,"{""Old"":521,""New"":523,""Reason"":3}"
41392128,"{""Old"":1849,""New"":1857,""Reason"":3}"
30617128,"{""Old"":155,""New"":157,""Reason"":3}"
37285953,"{""Old"":1110,""New"":1112,""Reason"":3}"
9079478,"{""Old"":144,""New"":148,""Reason"":3}"
58146064,"{""Old"":27632,""New"":27672,""Reason"":3}"
58146064,"{""Old"":10713,""New"":10743,""Reason"":3}"
58146064,"{""Old"":15245,""New"":15275,""Reason"":3}"
58146064,"{""Old"":8057,""New"":8151,""Reason"":3}"
44190365,"{""Old"":773,""New"":783,""Reason"":3}"
58146064,"{""Old"":11646,""New"":11818,""Reason"":3}"
58146064,"{""Old"":14714,""New"":14764,""Reason"":3}"
37285953,"{""Old"":1003,""New"":1007,""Reason"":3}"
58146064,"{""Old"":24968,""New"":25098,""Reason"":3}"
45339611,"{""Old"":0,""New"":2,""Reason"":3}"
58146064,"{""Old"":8044,""New"":8054,""Reason"":3}"
58146064,"{""Old"":22542,""New"":22602,""Reason"":3}"
58146064,"{""Old"":23138,""New"":23228,""Reason"":3}"
58146064,"{""Old"":19661,""New"":19753,""Reason"":3}"
58146064,"{""Old"":22081,""New"":22151,""Reason"":3}"
56756635,"{""Old"":49389,""New"":49421,""Reason"":3}"
75446575,"{""Old"":1802,""New"":1822,""Reason"":3}"
47127640,"{""Old"":645,""New"":647,""Reason"":3}"
58253534,"{""Old"":2039,""New"":2043,""Reason"":3}"
17593825,"{""Old"":2171,""New"":2175,""Reason"":3}"
71159796,"{""Old"":712,""New"":714,""Reason"":3}"
44659425,"{""Old"":3877,""New"":3881,""Reason"":3}"
74572602,"{""Old"":5857,""New"":5871,""Reason"":3}"
84238642,"{""Old"":2649,""New"":2653,""Reason"":3}"
74572602,"{""Old"":5731,""New"":5735,""Reason"":3}"
47127640,"{""Old"":643,""New"":645,""Reason"":3}"
11096634,"{""Old"":356,""New"":360,""Reason"":3}"
39411220,"{""Old"":602,""New"":612,""Reason"":3}"
76995583,"{""Old"":682,""New"":684,""Reason"":3}"
76995583,"{""Old"":559,""New"":573,""Reason"":3}"
59101656,"{""Old"":2077,""New"":2079,""Reason"":3}"
71458070,"{""Old"":212,""New"":216,""Reason"":3}"
60955599,"{""Old"":310,""New"":314,""Reason"":3}"
75449739,"{""Old"":1198,""New"":1214,""Reason"":3}"
46260240,"{""Old"":3894,""New"":3896,""Reason"":3}"
75449739,"{""Old"":1163,""New"":1165,""Reason"":3}"
66761693,"{""Old"":975,""New"":979,""Reason"":3}"
44659425,"{""Old"":3648,""New"":3664,""Reason"":3}"
74572602,"{""Old"":5871,""New"":5899,""Reason"":3}"
44190365,"{""Old"":894,""New"":928,""Reason"":3}"
42220700,"{""Old"":5749,""New"":5751,""Reason"":3}"
86580266,"{""Old"":715,""New"":729,""Reason"":3}"
44190365,"{""Old"":425,""New"":429,""Reason"":3}"
72848715,"{""Old"":3415,""New"":3417,""Reason"":3}"
59391335,"{""Old"":4005,""New"":4021,""Reason"":3}"
44132356,"{""Old"":1007,""New"":1031,""Reason"":3}"
61807882,"{""Old"":228,""New"":230,""Reason"":3}"
58146064,"{""Old"":14306,""New"":14404,""Reason"":3}"
44190365,"{""Old"":880,""New"":886,""Reason"":3}"
41392128,"{""Old"":1972,""New"":1984,""Reason"":3}"
41511291,"{""Old"":866,""New"":872,""Reason"":3}"
38057858,"{""Old"":2971,""New"":2987,""Reason"":3}"
5406980,"{""Old"":3,""New"":5,""Reason"":3}"
29972957,"{""Old"":1860,""New"":1868,""Reason"":3}"
84223984,"{""Old"":9668,""New"":9670,""Reason"":3}"
44190365,"{""Old"":938,""New"":940,""Reason"":3}"
58146064,"{""Old"":1361,""New"":1461,""Reason"":3}"
74572602,"{""Old"":5911,""New"":5925,""Reason"":3}"
38251883,"{""Old"":310,""New"":324,""Reason"":3}"
38096868,"{""Old"":152,""New"":156,""Reason"":3}"
76995583,"{""Old"":684,""New"":694,""Reason"":3}"
76995583,"{""Old"":573,""New"":579,""Reason"":3}"
8963465,"{""Old"":153,""New"":155,""Reason"":3}"
53138586,"{""Old"":1868,""New"":1978,""Reason"":3}"
53138586,"{""Old"":5011,""New"":5489,""Reason"":3}"
42080759,"{""Old"":203,""New"":209,""Reason"":3}"
44659425,"{""Old"":3590,""New"":3592,""Reason"":3}"
27523198,"{""Old"":1692,""New"":1696,""Reason"":3}"
41392128,"{""Old"":1891,""New"":1893,""Reason"":3}"
44190365,"{""Old"":783,""New"":799,""Reason"":3}"
68008234,"{""Old"":1880,""New"":1888,""Reason"":3}"
44782814,"{""Old"":2761,""New"":2765,""Reason"":3}"
6374913,"{""Old"":436,""New"":438,""Reason"":3}"
59391335,"{""Old"":4694,""New"":4714,""Reason"":3}"
47704680,"{""Old"":760,""New"":764,""Reason"":3}"
55807692,"{""Old"":3216,""New"":3220,""Reason"":3}"
17172657,"{""Old"":3225,""New"":3227,""Reason"":3}"
58146064,"{""Old"":19511,""New"":19591,""Reason"":3}"
58146064,"{""Old"":13325,""New"":13457,""Reason"":3}"
58146064,"{""Old"":14985,""New"":15115,""Reason"":3}"
45243473,"{""Old"":1548,""New"":1550,""Reason"":3}"
57197537,"{""Old"":238,""New"":242,""Reason"":3}"
58146064,"{""Old"":363,""New"":369,""Reason"":3}"
58146064,"{""Old"":19294,""New"":19366,""Reason"":3}"
44190365,"{""Old"":860,""New"":866,""Reason"":3}"
6305433,"{""Old"":762,""New"":772,""Reason"":3}"
66761693,"{""Old"":997,""New"":1001,""Reason"":3}"
46039930,"{""Old"":237,""New"":241,""Reason"":3}"
83666131,"{""Old"":31,""New"":33,""Reason"":3}"
18220669,"{""Old"":3509,""New"":3523,""Reason"":3}"
76995583,"{""Old"":545,""New"":557,""Reason"":3}"
80115190,"{""Old"":164,""New"":170,""Reason"":3}"
53138586,"{""Old"":1336,""New"":1462,""Reason"":3}"
8963465,"{""Old"":133,""New"":141,""Reason"":3}"
9263084,"{""Old"":163,""New"":165,""Reason"":3}"
38096868,"{""Old"":139,""New"":147,""Reason"":3}"
41392128,"{""Old"":1881,""New"":1883,""Reason"":3}"
80115190,"{""Old"":200,""New"":202,""Reason"":3}"
7541238,"{""Old"":170,""New"":184,""Reason"":3}"
37263988,"{""Old"":692,""New"":712,""Reason"":3}"
37263988,"{""Old"":736,""New"":738,""Reason"":3}"
58146064,"{""Old"":10743,""New"":10763,""Reason"":3}"
58146064,"{""Old"":12150,""New"":12312,""Reason"":3}"
58146064,"{""Old"":14404,""New"":14498,""Reason"":3}"
63534885,"{""Old"":1133,""New"":1137,""Reason"":3}"
82350476,"{""Old"":2185,""New"":2195,""Reason"":3}"
58146064,"{""Old"":658,""New"":672,""Reason"":3}"
75839552,"{""Old"":365,""New"":391,""Reason"":3}"
26734523,"{""Old"":704,""New"":706,""Reason"":3}"
58146064,"{""Old"":14815,""New"":14835,""Reason"":3}"
44190365,"{""Old"":429,""New"":431,""Reason"":3}"
58146064,"{""Old"":19784,""New"":19886,""Reason"":3}"
58146064,"{""Old"":22828,""New"":22908,""Reason"":3}"
40889719,"{""Old"":8294,""New"":8296,""Reason"":3}"
58146064,"{""Old"":11825,""New"":11875,""Reason"":3}"
38057858,"{""Old"":2937,""New"":2945,""Reason"":3}"
35847621,"{""Old"":1829,""New"":1833,""Reason"":3}"
26734523,"{""Old"":680,""New"":682,""Reason"":3}"
58146064,"{""Old"":24324,""New"":24404,""Reason"":3}"
37285953,"{""Old"":1052,""New"":1068,""Reason"":3}"
78077845,"{""Old"":365,""New"":371,""Reason"":3}"
46039930,"{""Old"":248,""New"":250,""Reason"":3}"
63534885,"{""Old"":1290,""New"":1294,""Reason"":3}"
74572602,"{""Old"":5899,""New"":5911,""Reason"":3}"
88028317,"{""Old"":263,""New"":265,""Reason"":3}"
21369105,"{""Old"":36078,""New"":36098,""Reason"":3}"
41770140,"{""Old"":247,""New"":253,""Reason"":3}"
58146064,"{""Old"":12856,""New"":12926,""Reason"":3}"
58146064,"{""Old"":12976,""New"":13110,""Reason"":3}"
48056970,"{""Old"":17836,""New"":17838,""Reason"":3}"
41770140,"{""Old"":257,""New"":259,""Reason"":3}"
52130629,"{""Old"":533,""New"":539,""Reason"":3}"
58146064,"{""Old"":9754,""New"":9836,""Reason"":3}"
58146064,"{""Old"":12554,""New"":12676,""Reason"":3}"
86594619,"{""Old"":334,""New"":342,""Reason"":3}"
58146064,"{""Old"":18182,""New"":18222,""Reason"":3}"
40889719,"{""Old"":8271,""New"":8277,""Reason"":3}"
18220669,"{""Old"":3523,""New"":3529,""Reason"":3}"
6374913,"{""Old"":374,""New"":398,""Reason"":3}"
6374913,"{""Old"":440,""New"":442,""Reason"":3}"
58146064,"{""Old"":26491,""New"":26561,""Reason"":3}"
35749819,"{""Old"":311,""New"":321,""Reason"":3}"
44961939,"{""Old"":2171,""New"":2173,""Reason"":3}"
35749819,"{""Old"":281,""New"":287,""Reason"":3}"
35749819,"{""Old"":309,""New"":311,""Reason"":3}"
26734523,"{""Old"":809,""New"":811,""Reason"":3}"
6374913,"{""Old"":273,""New"":289,""Reason"":3}"
21369105,"{""Old"":36056,""New"":36078,""Reason"":3}"
28226374,"{""Old"":380,""New"":382,""Reason"":3}"
48891507,"{""Old"":24627,""New"":24641,""Reason"":3}"
48128708,"{""Old"":361,""New"":373,""Reason"":3}"
63534885,"{""Old"":1310,""New"":1314,""Reason"":3}"
75449739,"{""Old"":1169,""New"":1171,""Reason"":3}"
28226374,"{""Old"":357,""New"":359,""Reason"":3}"
78077845,"{""Old"":332,""New"":336,""Reason"":3}"
71458070,"{""Old"":220,""New"":224,""Reason"":3}"
71532491,"{""Old"":3774,""New"":3778,""Reason"":3}"
58146064,"{""Old"":24404,""New"":24444,""Reason"":3}"
20188854,"{""Old"":795,""New"":797,""Reason"":3}"
7541238,"{""Old"":118,""New"":126,""Reason"":3}"
58146064,"{""Old"":1214,""New"":1292,""Reason"":3}"
58146064,"{""Old"":13160,""New"":13250,""Reason"":3}"
58146064,"{""Old"":10763,""New"":10775,""Reason"":3}"
36367780,"{""Old"":37,""New"":39,""Reason"":3}"
87641637,"{""Old"":684,""New"":702,""Reason"":3}"
73782157,"{""Old"":1193,""New"":1199,""Reason"":3}"
48891507,"{""Old"":24718,""New"":25326,""Reason"":3}"
6688497,"{""Old"":489,""New"":499,""Reason"":3}"
58014214,"{""Old"":473,""New"":475,""Reason"":3}"
42481373,"{""Old"":506,""New"":508,""Reason"":3}"
44659425,"{""Old"":3888,""New"":3904,""Reason"":3}"
28922167,"{""Old"":62,""New"":70,""Reason"":3}"
74572602,"{""Old"":5925,""New"":5927,""Reason"":3}"
17593825,"{""Old"":2165,""New"":2169,""Reason"":3}"
20188854,"{""Old"":774,""New"":794,""Reason"":3}"
6305433,"{""Old"":294,""New"":296,""Reason"":3}"
81498402,"{""Old"":437,""New"":441,""Reason"":3}"
22211984,"{""Old"":30,""New"":34,""Reason"":3}"
77939631,"{""Old"":260,""New"":268,""Reason"":3}"
43996202,"{""Old"":1266,""New"":1268,""Reason"":3}"
48128708,"{""Old"":343,""New"":361,""Reason"":3}"
46174468,"{""Old"":191,""New"":201,""Reason"":3}"
7162798,"{""Old"":71,""New"":73,""Reason"":3}"
58146064,"{""Old"":18322,""New"":18352,""Reason"":3}"
58146064,"{""Old"":3278,""New"":3394,""Reason"":3}"
8638645,"{""Old"":8692,""New"":8702,""Reason"":3}"
71526944,"{""Old"":220,""New"":224,""Reason"":3}"
46817988,"{""Old"":3856,""New"":3860,""Reason"":3}"
9079478,"{""Old"":154,""New"":158,""Reason"":3}"
55821371,"{""Old"":471,""New"":473,""Reason"":3}"
38339905,"{""Old"":1348,""New"":1350,""Reason"":3}"
58146064,"{""Old"":26750,""New"":26790,""Reason"":3}"
58146064,"{""Old"":21164,""New"":21294,""Reason"":3}"
58146064,"{""Old"":2422,""New"":2512,""Reason"":3}"
48891507,"{""Old"":24531,""New"":24539,""Reason"":3}"
16181251,"{""Old"":2643,""New"":2653,""Reason"":3}"
67024060,"{""Old"":3087,""New"":3089,""Reason"":3}"
6688497,"{""Old"":507,""New"":509,""Reason"":3}"
58147043,"{""Old"":270,""New"":276,""Reason"":3}"
79928100,"{""Old"":285,""New"":289,""Reason"":3}"
48891507,"{""Old"":28292,""New"":28336,""Reason"":3}"
58866450,"{""Old"":4125,""New"":4137,""Reason"":3}"
200308757,"{""Old"":968,""New"":972,""Reason"":3}"
218572014,"{""Old"":178,""New"":184,""Reason"":3}"
38057858,"{""Old"":2909,""New"":2911,""Reason"":3}"
58146064,"{""Old"":14620,""New"":14714,""Reason"":3}"
58146064,"{""Old"":19754,""New"":19784,""Reason"":3}"
44190365,"{""Old"":501,""New"":515,""Reason"":3}"
5219903,"{""Old"":35,""New"":37,""Reason"":3}"
58146064,"{""Old"":217,""New"":221,""Reason"":3}"
63534885,"{""Old"":1459,""New"":1465,""Reason"":3}"
86580266,"{""Old"":860,""New"":862,""Reason"":3}"
44190365,"{""Old"":301,""New"":309,""Reason"":3}"
44190365,"{""Old"":309,""New"":311,""Reason"":3}"
42723630,"{""Old"":79193,""New"":81603,""Reason"":3}"
59699476,"{""Old"":2439,""New"":2445,""Reason"":3}"
24122427,"{""Old"":29,""New"":31,""Reason"":3}"
57197537,"{""Old"":242,""New"":250,""Reason"":3}"
8160573,"{""Old"":370,""New"":376,""Reason"":3}"
37285953,"{""Old"":1114,""New"":1118,""Reason"":3}"
55821371,"{""Old"":455,""New"":459,""Reason"":3}"
25913684,"{""Old"":830,""New"":834,""Reason"":3}"
60322978,"{""Old"":0,""New"":2,""Reason"":3}"
63534885,"{""Old"":1469,""New"":1491,""Reason"":3}"
68253789,"{""Old"":577,""New"":579,""Reason"":3}"
58146064,"{""Old"":26578,""New"":26750,""Reason"":3}"
58146064,"{""Old"":21591,""New"":21681,""Reason"":3}"
58146064,"{""Old"":22176,""New"":22206,""Reason"":3}"
63534885,"{""Old"":1423,""New"":1427,""Reason"":3}"
20188854,"{""Old"":589,""New"":591,""Reason"":3}"
63534885,"{""Old"":1261,""New"":1263,""Reason"":3}"
58146064,"{""Old"":21294,""New"":21364,""Reason"":3}"
63534885,"{""Old"":1214,""New"":1248,""Reason"":3}"
59391335,"{""Old"":4045,""New"":4047,""Reason"":3}"
61807882,"{""Old"":236,""New"":238,""Reason"":3}"
9079478,"{""Old"":158,""New"":160,""Reason"":3}"
59391335,"{""Old"":4002,""New"":4004,""Reason"":3}"
44190365,"{""Old"":542,""New"":566,""Reason"":3}"
58146064,"{""Old"":18427,""New"":18457,""Reason"":3}"
46847879,"{""Old"":583,""New"":585,""Reason"":3}"
58146064,"{""Old"":20386,""New"":20446,""Reason"":3}"
49082005,"{""Old"":214,""New"":220,""Reason"":3}"
37263988,"{""Old"":714,""New"":724,""Reason"":3}"
44190365,"{""Old"":842,""New"":852,""Reason"":3}"
58146064,"{""Old"":20868,""New"":20988,""Reason"":3}"
8638645,"{""Old"":9184,""New"":9248,""Reason"":3}"
9079478,"{""Old"":150,""New"":152,""Reason"":3}"
55821371,"{""Old"":467,""New"":471,""Reason"":3}"
59065012,"{""Old"":2572,""New"":2592,""Reason"":3}"
25913684,"{""Old"":876,""New"":880,""Reason"":3}"
54055764,"{""Old"":8264,""New"":8270,""Reason"":3}"
26734523,"{""Old"":821,""New"":833,""Reason"":3}"
68253789,"{""Old"":545,""New"":551,""Reason"":3}"
45243473,"{""Old"":1564,""New"":1576,""Reason"":3}"
58146064,"{""Old"":20721,""New"":20843,""Reason"":3}"
68253789,"{""Old"":573,""New"":575,""Reason"":3}"
29972957,"{""Old"":1848,""New"":1858,""Reason"":3}"
44659425,"{""Old"":3607,""New"":3613,""Reason"":3}"
57536927,"{""Old"":525,""New"":527,""Reason"":3}"
46260240,"{""Old"":3888,""New"":3894,""Reason"":3}"
23294053,"{""Old"":365,""New"":371,""Reason"":3}"
7501032,"{""Old"":3004,""New"":3006,""Reason"":3}"
44659425,"{""Old"":3594,""New"":3606,""Reason"":3}"
44659425,"{""Old"":3615,""New"":3623,""Reason"":3}"
44659425,"{""Old"":3682,""New"":3688,""Reason"":3}"
28922167,"{""Old"":102,""New"":106,""Reason"":3}"
17593825,"{""Old"":2152,""New"":2164,""Reason"":3}"
25431164,"{""Old"":772,""New"":774,""Reason"":3}"
25225869,"{""Old"":22908,""New"":22910,""Reason"":3}"
48891507,"{""Old"":25699,""New"":25717,""Reason"":3}"
46074887,"{""Old"":67,""New"":69,""Reason"":3}"
61276865,"{""Old"":372,""New"":378,""Reason"":3}"
44659425,"{""Old"":3796,""New"":3802,""Reason"":3}"
69464352,"{""Old"":2956,""New"":2958,""Reason"":3}"
77214953,"{""Old"":747,""New"":755,""Reason"":3}"
68008234,"{""Old"":1905,""New"":1915,""Reason"":3}"
5861096,"{""Old"":84,""New"":88,""Reason"":3}"
58146064,"{""Old"":1911,""New"":1983,""Reason"":3}"
69464352,"{""Old"":2734,""New"":2742,""Reason"":3}"
69464352,"{""Old"":2742,""New"":2744,""Reason"":3}"
44190365,"{""Old"":837,""New"":841,""Reason"":3}"
58146064,"{""Old"":22430,""New"":22500,""Reason"":3}"
44352554,"{""Old"":139,""New"":141,""Reason"":3}"
7541238,"{""Old"":188,""New"":196,""Reason"":3}"
58146064,"{""Old"":1614,""New"":1648,""Reason"":3}"
44190365,"{""Old"":735,""New"":759,""Reason"":3}"
73798929,"{""Old"":979,""New"":983,""Reason"":3}"
73798929,"{""Old"":998,""New"":1002,""Reason"":3}"
58146064,"{""Old"":19416,""New"":19486,""Reason"":3}"
58146064,"{""Old"":24444,""New"":24464,""Reason"":3}"
58146064,"{""Old"":25989,""New"":26079,""Reason"":3}"
68253789,"{""Old"":575,""New"":577,""Reason"":3}"
44782814,"{""Old"":2713,""New"":2721,""Reason"":3}"
37285953,"{""Old"":908,""New"":922,""Reason"":3}"
59391335,"{""Old"":4611,""New"":4613,""Reason"":3}"
77214953,"{""Old"":683,""New"":687,""Reason"":3}"
59391335,"{""Old"":3951,""New"":3955,""Reason"":3}"
57658759,"{""Old"":1237,""New"":1239,""Reason"":3}"
7378760,"{""Old"":383773,""New"":383783,""Reason"":3}"
7501032,"{""Old"":2956,""New"":2958,""Reason"":3}"
53138586,"{""Old"":6471,""New"":6513,""Reason"":3}"
74572602,"{""Old"":5941,""New"":5943,""Reason"":3}"
74572602,"{""Old"":5577,""New"":5619,""Reason"":3}"
71532491,"{""Old"":3778,""New"":3780,""Reason"":3}"
58146064,"{""Old"":548,""New"":558,""Reason"":3}"
63534885,"{""Old"":1387,""New"":1391,""Reason"":3}"
63534885,"{""Old"":1404,""New"":1408,""Reason"":3}"
63534885,"{""Old"":1408,""New"":1412,""Reason"":3}"
41392128,"{""Old"":1820,""New"":1824,""Reason"":3}"
41532717,"{""Old"":301,""New"":303,""Reason"":3}"
9079478,"{""Old"":129,""New"":135,""Reason"":3}"
68008234,"{""Old"":1897,""New"":1903,""Reason"":3}"
5058136,"{""Old"":4712,""New"":4734,""Reason"":3}"
77214953,"{""Old"":791,""New"":793,""Reason"":3}"
35749819,"{""Old"":297,""New"":309,""Reason"":3}"
58146064,"{""Old"":1992,""New"":2076,""Reason"":3}"
58146064,"{""Old"":2090,""New"":2100,""Reason"":3}"
58146064,"{""Old"":457,""New"":469,""Reason"":3}"
68253789,"{""Old"":551,""New"":567,""Reason"":3}"
58146064,"{""Old"":2522,""New"":2554,""Reason"":3}"
49082005,"{""Old"":220,""New"":222,""Reason"":3}"
47842355,"{""Old"":23429,""New"":23453,""Reason"":3}"
61807882,"{""Old"":249,""New"":265,""Reason"":3}"
59391335,"{""Old"":4463,""New"":4475,""Reason"":3}"
58146064,"{""Old"":26079,""New"":26151,""Reason"":3}"
7541238,"{""Old"":147,""New"":151,""Reason"":3}"
6667137,"{""Old"":968,""New"":978,""Reason"":3}"
38339905,"{""Old"":1376,""New"":1378,""Reason"":3}"
36486502,"{""Old"":2106,""New"":2120,""Reason"":3}"
58147043,"{""Old"":252,""New"":254,""Reason"":3}"
84903313,"{""Old"":1458,""New"":1464,""Reason"":3}"
58146064,"{""Old"":1733,""New"":1765,""Reason"":3}"
45524274,"{""Old"":635,""New"":637,""Reason"":3}"
74572602,"{""Old"":5945,""New"":5947,""Reason"":3}"
74572602,"{""Old"":5699,""New"":5703,""Reason"":3}"
53138586,"{""Old"":3703,""New"":3715,""Reason"":3}"
58147043,"{""Old"":263,""New"":269,""Reason"":3}"
42080759,"{""Old"":140,""New"":142,""Reason"":3}"
39411220,"{""Old"":584,""New"":590,""Reason"":3}"
47842355,"{""Old"":23457,""New"":23459,""Reason"":3}"
46074887,"{""Old"":92,""New"":94,""Reason"":3}"
23294053,"{""Old"":384,""New"":386,""Reason"":3}"
87117053,"{""Old"":166,""New"":170,""Reason"":3}"
80595379,"{""Old"":1363,""New"":1365,""Reason"":3}"
28226374,"{""Old"":395,""New"":399,""Reason"":3}"
7378760,"{""Old"":383475,""New"":383567,""Reason"":3}"
44659425,"{""Old"":3853,""New"":3863,""Reason"":3}"
53138586,"{""Old"":5961,""New"":6065,""Reason"":3}"
51871917,"{""Old"":365,""New"":367,""Reason"":3}"
59101656,"{""Old"":2043,""New"":2045,""Reason"":3}"
58253534,"{""Old"":2051,""New"":2055,""Reason"":3}"
37285953,"{""Old"":993,""New"":997,""Reason"":3}"
57320977,"{""Old"":527,""New"":543,""Reason"":3}"
59391335,"{""Old"":4328,""New"":4332,""Reason"":3}"
31997232,"{""Old"":4215,""New"":4265,""Reason"":3}"
58146064,"{""Old"":5572,""New"":5592,""Reason"":3}"
37263988,"{""Old"":638,""New"":652,""Reason"":3}"
58146064,"{""Old"":323,""New"":327,""Reason"":3}"
58146064,"{""Old"":27587,""New"":27607,""Reason"":3}"
44352554,"{""Old"":374,""New"":396,""Reason"":3}"
51765158,"{""Old"":3203,""New"":3209,""Reason"":3}"
63534885,"{""Old"":1154,""New"":1174,""Reason"":3}"
25225869,"{""Old"":22689,""New"":22699,""Reason"":3}"
59391335,"{""Old"":4518,""New"":4532,""Reason"":3}"
37285953,"{""Old"":866,""New"":876,""Reason"":3}"
38057858,"{""Old"":2955,""New"":2959,""Reason"":3}"
63534885,"{""Old"":1339,""New"":1351,""Reason"":3}"
6374913,"{""Old"":271,""New"":273,""Reason"":3}"
38339905,"{""Old"":1364,""New"":1366,""Reason"":3}"
59391335,"{""Old"":4553,""New"":4569,""Reason"":3}"
86580266,"{""Old"":708,""New"":714,""Reason"":3}"
41392128,"{""Old"":1950,""New"":1968,""Reason"":3}"
6374913,"{""Old"":398,""New"":408,""Reason"":3}"
42220700,"{""Old"":5743,""New"":5749,""Reason"":3}"
38007973,"{""Old"":54551,""New"":54553,""Reason"":3}"
46810726,"{""Old"":2576,""New"":2578,""Reason"":3}"
45548775,"{""Old"":4268,""New"":4280,""Reason"":3}"
43519884,"{""Old"":116,""New"":118,""Reason"":3}"
58146064,"{""Old"":5990,""New"":6100,""Reason"":3}"
58146064,"{""Old"":7813,""New"":7917,""Reason"":3}"
43634643,"{""Old"":115,""New"":117,""Reason"":3}"
48200005,"{""Old"":5493,""New"":5495,""Reason"":3}"
29798681,"{""Old"":757,""New"":759,""Reason"":3}"
63534885,"{""Old"":1181,""New"":1189,""Reason"":3}"
77214953,"{""Old"":775,""New"":777,""Reason"":3}"
41392128,"{""Old"":1862,""New"":1876,""Reason"":3}"
208006046,"{""Old"":376,""New"":378,""Reason"":3}"
4586142,"{""Old"":1284,""New"":1314,""Reason"":3}"
87117053,"{""Old"":137,""New"":139,""Reason"":3}"
58146064,"{""Old"":14149,""New"":14231,""Reason"":3}"
37263988,"{""Old"":740,""New"":742,""Reason"":3}"
48891507,"{""Old"":25944,""New"":25968,""Reason"":3}"
19535546,"{""Old"":23958,""New"":23974,""Reason"":3}"
58253534,"{""Old"":2035,""New"":2039,""Reason"":3}"
59101656,"{""Old"":2048,""New"":2054,""Reason"":3}"
6305433,"{""Old"":198,""New"":200,""Reason"":3}"
202946472,"{""Old"":1188,""New"":1192,""Reason"":3}"
81498402,"{""Old"":441,""New"":443,""Reason"":3}"
31997232,"{""Old"":4265,""New"":4269,""Reason"":3}"
59350024,"{""Old"":984,""New"":990,""Reason"":3}"
27213067,"{""Old"":5067,""New"":5083,""Reason"":3}"
44132356,"{""Old"":1033,""New"":1035,""Reason"":3}"
59699476,"{""Old"":2417,""New"":2419,""Reason"":3}"
59699476,"{""Old"":2426,""New"":2438,""Reason"":3}"
43996202,"{""Old"":1271,""New"":1273,""Reason"":3}"
69464352,"{""Old"":2752,""New"":2756,""Reason"":3}"
82350476,"{""Old"":2196,""New"":2198,""Reason"":3}"
6374913,"{""Old"":408,""New"":420,""Reason"":3}"
58146064,"{""Old"":330,""New"":338,""Reason"":3}"
58146064,"{""Old"":1649,""New"":1733,""Reason"":3}"
4586142,"{""Old"":1137,""New"":1143,""Reason"":3}"
58146064,"{""Old"":26152,""New"":26172,""Reason"":3}"
8763321,"{""Old"":9813,""New"":9819,""Reason"":3}"
58146064,"{""Old"":6445,""New"":6597,""Reason"":3}"
7162798,"{""Old"":73,""New"":75,""Reason"":3}"
7541238,"{""Old"":161,""New"":165,""Reason"":3}"
58146064,"{""Old"":15275,""New"":15295,""Reason"":3}"
75839552,"{""Old"":394,""New"":396,""Reason"":3}"
8160573,"{""Old"":382,""New"":386,""Reason"":3}"
58146064,"{""Old"":27477,""New"":27587,""Reason"":3}"
58146064,"{""Old"":10608,""New"":10670,""Reason"":3}"
31997232,"{""Old"":3969,""New"":4069,""Reason"":3}"
31997232,"{""Old"":4151,""New"":4205,""Reason"":3}"
44782814,"{""Old"":2730,""New"":2736,""Reason"":3}"
48891507,"{""Old"":25854,""New"":25896,""Reason"":3}"
87117053,"{""Old"":188,""New"":196,""Reason"":3}"
76221677,"{""Old"":913,""New"":917,""Reason"":3}"
48891507,"{""Old"":24665,""New"":24679,""Reason"":3}"
77261913,"{""Old"":794,""New"":796,""Reason"":3}"
75449739,"{""Old"":858,""New"":868,""Reason"":3}"
7378760,"{""Old"":383647,""New"":383657,""Reason"":3}"
58146064,"{""Old"":20051,""New"":20211,""Reason"":3}"
58146064,"{""Old"":919,""New"":953,""Reason"":3}"
63799212,"{""Old"":49428,""New"":49430,""Reason"":3}"
49954699,"{""Old"":2073,""New"":2093,""Reason"":3}"
25225869,"{""Old"":22660,""New"":22664,""Reason"":3}"
45215660,"{""Old"":3283,""New"":3299,""Reason"":3}"
58146064,"{""Old"":494,""New"":498,""Reason"":3}"
212231825,"{""Old"":739,""New"":741,""Reason"":3}"
58146064,"{""Old"":8279,""New"":8299,""Reason"":3}"
55092140,"{""Old"":2,""New"":4,""Reason"":3}"
58146064,"{""Old"":7917,""New"":8011,""Reason"":3}"
63534885,"{""Old"":1324,""New"":1332,""Reason"":3}"
44190365,"{""Old"":713,""New"":719,""Reason"":3}"
59391335,"{""Old"":4579,""New"":4605,""Reason"":3}"
41392128,"{""Old"":2009,""New"":2013,""Reason"":3}"
7541238,"{""Old"":203,""New"":205,""Reason"":3}"
47704680,"{""Old"":793,""New"":795,""Reason"":3}"
37285953,"{""Old"":797,""New"":807,""Reason"":3}"
44782814,"{""Old"":2738,""New"":2742,""Reason"":3}"
59391335,"{""Old"":4382,""New"":4384,""Reason"":3}"
41532717,"{""Old"":326,""New"":328,""Reason"":3}"
208006046,"{""Old"":383,""New"":387,""Reason"":3}"
87641637,"{""Old"":787,""New"":789,""Reason"":3}"
9622278,"{""Old"":183,""New"":187,""Reason"":3}"
7501032,"{""Old"":2996,""New"":3000,""Reason"":3}"
42481373,"{""Old"":192,""New"":194,""Reason"":3}"
41392128,"{""Old"":1938,""New"":1940,""Reason"":3}"
28922167,"{""Old"":1162,""New"":1166,""Reason"":3}"
44352554,"{""Old"":217,""New"":223,""Reason"":3}"
7162798,"{""Old"":79,""New"":81,""Reason"":3}"
7541238,"{""Old"":110,""New"":116,""Reason"":3}"
58146064,"{""Old"":1473,""New"":1605,""Reason"":3}"
37263988,"{""Old"":734,""New"":736,""Reason"":3}"
203236673,"{""Old"":5137,""New"":5139,""Reason"":3}"
58146064,"{""Old"":26478,""New"":26488,""Reason"":3}"
58146064,"{""Old"":26566,""New"":26576,""Reason"":3}"
7162798,"{""Old"":67,""New"":69,""Reason"":3}"
51871917,"{""Old"":363,""New"":365,""Reason"":3}"
74572602,"{""Old"":5651,""New"":5655,""Reason"":3}"
44659425,"{""Old"":3818,""New"":3822,""Reason"":3}"
53138586,"{""Old"":6299,""New"":6409,""Reason"":3}"
84903313,"{""Old"":1455,""New"":1457,""Reason"":3}"
48891507,"{""Old"":25489,""New"":25495,""Reason"":3}"
46810726,"{""Old"":2537,""New"":2551,""Reason"":3}"
87342909,"{""Old"":555,""New"":557,""Reason"":3}"
6305433,"{""Old"":560,""New"":588,""Reason"":3}"
23294053,"{""Old"":386,""New"":388,""Reason"":3}"
38251883,"{""Old"":325,""New"":331,""Reason"":3}"
75449739,"{""Old"":1100,""New"":1104,""Reason"":3}"
46074887,"{""Old"":51,""New"":53,""Reason"":3}"
8356068,"{""Old"":32,""New"":34,""Reason"":3}"
44352554,"{""Old"":308,""New"":324,""Reason"":3}"
51765158,"{""Old"":3209,""New"":3215,""Reason"":3}"
58146064,"{""Old"":9861,""New"":9951,""Reason"":3}"
35749819,"{""Old"":287,""New"":297,""Reason"":3}"
47704680,"{""Old"":710,""New"":716,""Reason"":3}"
41392128,"{""Old"":1990,""New"":1992,""Reason"":3}"
58146064,"{""Old"":19184,""New"":19244,""Reason"":3}"
45243473,"{""Old"":1581,""New"":1583,""Reason"":3}"
86594619,"{""Old"":350,""New"":352,""Reason"":3}"
58146064,"{""Old"":26296,""New"":26406,""Reason"":3}"
77214953,"{""Old"":756,""New"":760,""Reason"":3}"
47704680,"{""Old"":756,""New"":758,""Reason"":3}"
37263988,"{""Old"":738,""New"":740,""Reason"":3}"
40889719,"{""Old"":8278,""New"":8282,""Reason"":3}"
26734523,"{""Old"":818,""New"":820,""Reason"":3}"
44190365,"{""Old"":423,""New"":425,""Reason"":3}"
44190365,"{""Old"":435,""New"":439,""Reason"":3}"
77214953,"{""Old"":744,""New"":746,""Reason"":3}"
41392128,"{""Old"":1884,""New"":1886,""Reason"":3}"
6667137,"{""Old"":955,""New"":961,""Reason"":3}"
31997232,"{""Old"":4339,""New"":4359,""Reason"":3}"
7162798,"{""Old"":75,""New"":77,""Reason"":3}"
44190365,"{""Old"":636,""New"":664,""Reason"":3}"
58146064,"{""Old"":19591,""New"":19661,""Reason"":3}"
86594619,"{""Old"":342,""New"":350,""Reason"":3}"
58146064,"{""Old"":10200,""New"":10328,""Reason"":3}"
48891507,"{""Old"":26014,""New"":26034,""Reason"":3}"
87117053,"{""Old"":220,""New"":222,""Reason"":3}"
44132356,"{""Old"":1031,""New"":1033,""Reason"":3}"
71532491,"{""Old"":3748,""New"":3758,""Reason"":3}"
6305433,"{""Old"":910,""New"":912,""Reason"":3}"
11308517,"{""Old"":55,""New"":57,""Reason"":3}"
7378760,"{""Old"":383606,""New"":383646,""Reason"":3}"
47842355,"{""Old"":23407,""New"":23429,""Reason"":3}"
201800786,"{""Old"":947,""New"":961,""Reason"":3}"
42481373,"{""Old"":188,""New"":192,""Reason"":3}"
73798929,"{""Old"":1002,""New"":1004,""Reason"":3}"
7378760,"{""Old"":383657,""New"":383713,""Reason"":3}"
79954574,"{""Old"":53,""New"":55,""Reason"":3}"
17299565,"{""Old"":194,""New"":198,""Reason"":3}"
75577743,"{""Old"":852,""New"":868,""Reason"":3}"
28922167,"{""Old"":1168,""New"":1174,""Reason"":3}"
63799212,"{""Old"":48832,""New"":48840,""Reason"":3}"
74572602,"{""Old"":5949,""New"":5961,""Reason"":3}"
53138586,"{""Old"":6269,""New"":6299,""Reason"":3}"
44352554,"{""Old"":248,""New"":258,""Reason"":3}"
58146064,"{""Old"":21389,""New"":21481,""Reason"":3}"
58146064,"{""Old"":22713,""New"":22803,""Reason"":3}"
71526944,"{""Old"":205,""New"":213,""Reason"":3}"
44190365,"{""Old"":799,""New"":805,""Reason"":3}"
84238642,"{""Old"":2644,""New"":2648,""Reason"":3}"
74572602,"{""Old"":5723,""New"":5725,""Reason"":3}"
29422084,"{""Old"":205,""New"":211,""Reason"":3}"
73638673,"{""Old"":64,""New"":66,""Reason"":3}"
73054770,"{""Old"":70,""New"":72,""Reason"":3}"
58146064,"{""Old"":8153,""New"":8203,""Reason"":3}"
58146064,"{""Old"":9040,""New"":9134,""Reason"":3}"
58146064,"{""Old"":26803,""New"":26823,""Reason"":3}"
58146064,"{""Old"":21556,""New"":21566,""Reason"":3}"
58146064,"{""Old"":19961,""New"":20001,""Reason"":3}"
7541238,"{""Old"":131,""New"":137,""Reason"":3}"
80644460,"{""Old"":73511,""New"":73523,""Reason"":3}"
58146064,"{""Old"":1767,""New"":1829,""Reason"":3}"
58146064,"{""Old"":2107,""New"":2233,""Reason"":3}"
71526944,"{""Old"":195,""New"":203,""Reason"":3}"
58146064,"{""Old"":25198,""New"":25338,""Reason"":3}"
58146064,"{""Old"":25768,""New"":25988,""Reason"":3}"
58146064,"{""Old"":22958,""New"":23048,""Reason"":3}"
58146064,"{""Old"":24714,""New"":24868,""Reason"":3}"
59391335,"{""Old"":4498,""New"":4500,""Reason"":3}"
31997232,"{""Old"":4069,""New"":4129,""Reason"":3}"
74493708,"{""Old"":1959,""New"":1985,""Reason"":3}"
44782814,"{""Old"":2723,""New"":2725,""Reason"":3}"
31997232,"{""Old"":2781,""New"":2811,""Reason"":3}"
31997232,"{""Old"":3401,""New"":3411,""Reason"":3}"
47704680,"{""Old"":733,""New"":743,""Reason"":3}"
45672798,"{""Old"":660,""New"":672,""Reason"":3}"
59391335,"{""Old"":4198,""New"":4254,""Reason"":3}"
44190365,"{""Old"":811,""New"":813,""Reason"":3}"
58146064,"{""Old"":20521,""New"":20621,""Reason"":3}"
41532717,"{""Old"":314,""New"":322,""Reason"":3}"
44190365,"{""Old"":928,""New"":934,""Reason"":3}"
48200005,"{""Old"":5495,""New"":5499,""Reason"":3}"
84223984,"{""Old"":9662,""New"":9664,""Reason"":3}"
8638645,"{""Old"":8716,""New"":8726,""Reason"":3}"
63534885,"{""Old"":1300,""New"":1308,""Reason"":3}"
58146064,"{""Old"":10673,""New"":10713,""Reason"":3}"
58146064,"{""Old"":14498,""New"":14550,""Reason"":3}"
58146064,"{""Old"":22502,""New"":22542,""Reason"":3}"
84223984,"{""Old"":9664,""New"":9668,""Reason"":3}"
43774463,"{""Old"":1197,""New"":1217,""Reason"":3}"
63534885,"{""Old"":1391,""New"":1401,""Reason"":3}"
41532717,"{""Old"":322,""New"":324,""Reason"":3}"
77214953,"{""Old"":681,""New"":683,""Reason"":3}"
38802676,"{""Old"":3181,""New"":3183,""Reason"":3}"
55969664,"{""Old"":194,""New"":196,""Reason"":3}"
58147043,"{""Old"":247,""New"":251,""Reason"":3}"
218027547,"{""Old"":3425,""New"":3435,""Reason"":3}"
75449739,"{""Old"":820,""New"":826,""Reason"":3}"
80115190,"{""Old"":210,""New"":212,""Reason"":3}"
75449739,"{""Old"":920,""New"":926,""Reason"":3}"
48891507,"{""Old"":25455,""New"":25463,""Reason"":3}"
16251092,"{""Old"":13584,""New"":13586,""Reason"":3}"
53138586,"{""Old"":1306,""New"":1336,""Reason"":3}"
75577743,"{""Old"":868,""New"":872,""Reason"":3}"
53138586,"{""Old"":1978,""New"":2098,""Reason"":3}"
53138586,"{""Old"":2900,""New"":3228,""Reason"":3}"
53138586,"{""Old"":4390,""New"":4474,""Reason"":3}"
53138586,"{""Old"":2684,""New"":2900,""Reason"":3}"
71446593,"{""Old"":184,""New"":186,""Reason"":3}"
53138586,"{""Old"":1462,""New"":1794,""Reason"":3}"
37285953,"{""Old"":1088,""New"":1100,""Reason"":3}"
37285953,"{""Old"":836,""New"":840,""Reason"":3}"
45672798,"{""Old"":656,""New"":660,""Reason"":3}"
25333633,"{""Old"":224,""New"":226,""Reason"":3}"
37285953,"{""Old"":781,""New"":785,""Reason"":3}"
59391335,"{""Old"":4360,""New"":4382,""Reason"":3}"
44782814,"{""Old"":2750,""New"":2752,""Reason"":3}"
44132356,"{""Old"":988,""New"":992,""Reason"":3}"
43774463,"{""Old"":1187,""New"":1189,""Reason"":3}"
41392128,"{""Old"":2004,""New"":2006,""Reason"":3}"
44132356,"{""Old"":1138,""New"":1142,""Reason"":3}"
27213067,"{""Old"":5083,""New"":5087,""Reason"":3}"
47704680,"{""Old"":610,""New"":626,""Reason"":3}"
27213067,"{""Old"":5087,""New"":5089,""Reason"":3}"
6688497,"{""Old"":521,""New"":525,""Reason"":3}"
74174722,"{""Old"":327,""New"":331,""Reason"":3}"
59065012,"{""Old"":2600,""New"":2602,""Reason"":3}"
59065012,"{""Old"":2614,""New"":2616,""Reason"":3}"
202946472,"{""Old"":1161,""New"":1163,""Reason"":3}"
46074887,"{""Old"":128,""New"":130,""Reason"":3}"
84238642,"{""Old"":2653,""New"":2657,""Reason"":3}"
44659425,"{""Old"":3885,""New"":3887,""Reason"":3}"
79928100,"{""Old"":308,""New"":312,""Reason"":3}"
63799212,"{""Old"":49094,""New"":49104,""Reason"":3}"
74572602,"{""Old"":5735,""New"":5739,""Reason"":3}"
63799212,"{""Old"":49422,""New"":49428,""Reason"":3}"
82377265,"{""Old"":168,""New"":172,""Reason"":3}"
42080759,"{""Old"":128,""New"":140,""Reason"":3}"
43774463,"{""Old"":1231,""New"":1233,""Reason"":3}"
41392128,"{""Old"":1987,""New"":1989,""Reason"":3}"
54937851,"{""Old"":87728,""New"":87730,""Reason"":3}"
59391335,"{""Old"":4479,""New"":4491,""Reason"":3}"
6667137,"{""Old"":985,""New"":989,""Reason"":3}"
59391335,"{""Old"":4096,""New"":4098,""Reason"":3}"
59391335,"{""Old"":4304,""New"":4328,""Reason"":3}"
8145378,"{""Old"":219,""New"":223,""Reason"":3}"
54937851,"{""Old"":87730,""New"":87732,""Reason"":3}"
47704680,"{""Old"":627,""New"":639,""Reason"":3}"
37285953,"{""Old"":965,""New"":975,""Reason"":3}"
45672798,"{""Old"":639,""New"":651,""Reason"":3}"
52607239,"{""Old"":3677,""New"":3679,""Reason"":3}"
59391335,"{""Old"":3955,""New"":3957,""Reason"":3}"
45672798,"{""Old"":630,""New"":634,""Reason"":3}"
38339905,"{""Old"":1366,""New"":1368,""Reason"":3}"
47704680,"{""Old"":720,""New"":724,""Reason"":3}"
59391335,"{""Old"":4350,""New"":4356,""Reason"":3}"
48891507,"{""Old"":24684,""New"":24696,""Reason"":3}"
59391335,"{""Old"":4414,""New"":4416,""Reason"":3}"
48891507,"{""Old"":24652,""New"":24656,""Reason"":3}"
75449739,"{""Old"":889,""New"":891,""Reason"":3}"
76995583,"{""Old"":666,""New"":668,""Reason"":3}"
7378760,"{""Old"":383411,""New"":383475,""Reason"":3}"
42481373,"{""Old"":502,""New"":506,""Reason"":3}"
76995583,"{""Old"":704,""New"":708,""Reason"":3}"
4586142,"{""Old"":1144,""New"":1150,""Reason"":3}"
87342909,"{""Old"":551,""New"":553,""Reason"":3}"
51871917,"{""Old"":347,""New"":349,""Reason"":3}"
31845307,"{""Old"":654,""New"":676,""Reason"":3}"
48128989,"{""Old"":7,""New"":9,""Reason"":3}"
201565207,"{""Old"":2021,""New"":2023,""Reason"":3}"
28226374,"{""Old"":353,""New"":357,""Reason"":3}"
81498402,"{""Old"":471,""New"":473,""Reason"":3}"
48891507,"{""Old"":24583,""New"":24619,""Reason"":3}"
6305433,"{""Old"":684,""New"":688,""Reason"":3}"
6305433,"{""Old"":772,""New"":796,""Reason"":3}"
87342909,"{""Old"":576,""New"":578,""Reason"":3}"
31845307,"{""Old"":651,""New"":653,""Reason"":3}"
37285953,"{""Old"":1112,""New"":1114,""Reason"":3}"
44132356,"{""Old"":1108,""New"":1122,""Reason"":3}"
41392128,"{""Old"":2038,""New"":2040,""Reason"":3}"
21176447,"{""Old"":148,""New"":160,""Reason"":3}"
8145378,"{""Old"":223,""New"":225,""Reason"":3}"
44361334,"{""Old"":2043,""New"":2047,""Reason"":3}"
37285953,"{""Old"":774,""New"":776,""Reason"":3}"
55807692,"{""Old"":3220,""New"":3224,""Reason"":3}"
21176447,"{""Old"":162,""New"":170,""Reason"":3}"
31997232,"{""Old"":4373,""New"":4383,""Reason"":3}"
31997232,"{""Old"":3601,""New"":3611,""Reason"":3}"
41392128,"{""Old"":1905,""New"":1909,""Reason"":3}"
59391335,"{""Old"":3984,""New"":4002,""Reason"":3}"
37784995,"{""Old"":9662,""New"":9664,""Reason"":3}"
37285953,"{""Old"":1100,""New"":1110,""Reason"":3}"
41392128,"{""Old"":1924,""New"":1936,""Reason"":3}"
47704680,"{""Old"":779,""New"":785,""Reason"":3}"
75449739,"{""Old"":793,""New"":797,""Reason"":3}"
46728214,"{""Old"":1411,""New"":1415,""Reason"":3}"
75449739,"{""Old"":759,""New"":779,""Reason"":3}"
58256646,"{""Old"":40,""New"":42,""Reason"":3}"
59391335,"{""Old"":4022,""New"":4044,""Reason"":3}"
77214953,"{""Old"":764,""New"":770,""Reason"":3}"
58151101,"{""Old"":14438,""New"":14444,""Reason"":3}"
32381984,"{""Old"":2348,""New"":2352,""Reason"":3}"
74572602,"{""Old"":5655,""New"":5657,""Reason"":3}"
48146255,"{""Old"":608,""New"":610,""Reason"":3}"
46074887,"{""Old"":249,""New"":261,""Reason"":3}"
79142355,"{""Old"":3710,""New"":3712,""Reason"":3}"
48891507,"{""Old"":28185,""New"":28245,""Reason"":3}"
87641637,"{""Old"":771,""New"":787,""Reason"":3}"
46728214,"{""Old"":1404,""New"":1410,""Reason"":3}"
7378760,"{""Old"":383397,""New"":383411,""Reason"":3}"
7501032,"{""Old"":2964,""New"":2968,""Reason"":3}"
53138586,"{""Old"":4799,""New"":5011,""Reason"":3}"
53138586,"{""Old"":6513,""New"":6523,""Reason"":3}"
58151101,"{""Old"":14444,""New"":14452,""Reason"":3}"
11096634,"{""Old"":375,""New"":379,""Reason"":3}"
46074887,"{""Old"":44,""New"":46,""Reason"":3}"
87117053,"{""Old"":176,""New"":182,""Reason"":3}"
75449739,"{""Old"":927,""New"":931,""Reason"":3}"
41392128,"{""Old"":1877,""New"":1879,""Reason"":3}"
41392128,"{""Old"":1900,""New"":1904,""Reason"":3}"
59391335,"{""Old"":4427,""New"":4441,""Reason"":3}"
63082603,"{""Old"":20751,""New"":20765,""Reason"":3}"
41392128,"{""Old"":1921,""New"":1923,""Reason"":3}"
44132356,"{""Old"":1122,""New"":1126,""Reason"":3}"
59391335,"{""Old"":3933,""New"":3939,""Reason"":3}"
59391335,"{""Old"":3957,""New"":3963,""Reason"":3}"
59391335,"{""Old"":4741,""New"":4745,""Reason"":3}"
59391335,"{""Old"":4332,""New"":4344,""Reason"":3}"
47704680,"{""Old"":766,""New"":778,""Reason"":3}"
37285953,"{""Old"":977,""New"":993,""Reason"":3}"
41392128,"{""Old"":1993,""New"":1997,""Reason"":3}"
41392128,"{""Old"":1837,""New"":1841,""Reason"":3}"
45672798,"{""Old"":635,""New"":639,""Reason"":3}"
77214953,"{""Old"":777,""New"":791,""Reason"":3}"
63082603,"{""Old"":20731,""New"":20751,""Reason"":3}"
22873602,"{""Old"":2247,""New"":2251,""Reason"":3}"
59391335,"{""Old"":4420,""New"":4426,""Reason"":3}"
45672798,"{""Old"":627,""New"":629,""Reason"":3}"
43774463,"{""Old"":1220,""New"":1222,""Reason"":3}"
43774463,"{""Old"":1229,""New"":1231,""Reason"":3}"
41532717,"{""Old"":287,""New"":297,""Reason"":3}"
37285953,"{""Old"":847,""New"":857,""Reason"":3}"
59391335,"{""Old"":4502,""New"":4512,""Reason"":3}"
9079478,"{""Old"":126,""New"":128,""Reason"":3}"
55821371,"{""Old"":477,""New"":489,""Reason"":3}"
67391495,"{""Old"":1231,""New"":1241,""Reason"":3}"
59065012,"{""Old"":2593,""New"":2599,""Reason"":3}"
75449739,"{""Old"":892,""New"":904,""Reason"":3}"
75449739,"{""Old"":868,""New"":872,""Reason"":3}"
35611031,"{""Old"":296,""New"":298,""Reason"":3}"
77261913,"{""Old"":743,""New"":755,""Reason"":3}"
75449739,"{""Old"":853,""New"":855,""Reason"":3}"
73782157,"{""Old"":1186,""New"":1190,""Reason"":3}"
87117053,"{""Old"":218,""New"":220,""Reason"":3}"
53138586,"{""Old"":3228,""New"":3284,""Reason"":3}"
43634643,"{""Old"":128,""New"":130,""Reason"":3}"
31845307,"{""Old"":715,""New"":717,""Reason"":3}"
84903313,"{""Old"":1473,""New"":1475,""Reason"":3}"
38405690,"{""Old"":1496,""New"":1520,""Reason"":3}"
28922167,"{""Old"":1166,""New"":1168,""Reason"":3}"
46074887,"{""Old"":207,""New"":211,""Reason"":3}"
6305433,"{""Old"":620,""New"":646,""Reason"":3}"
57658759,"{""Old"":1240,""New"":1244,""Reason"":3}"
74572602,"{""Old"":5947,""New"":5949,""Reason"":3}"
48891507,"{""Old"":25524,""New"":25526,""Reason"":3}"
53138586,"{""Old"":6179,""New"":6269,""Reason"":3}"
8963465,"{""Old"":150,""New"":152,""Reason"":3}"
79339453,"{""Old"":521,""New"":525,""Reason"":3}"
79339453,"{""Old"":527,""New"":531,""Reason"":3}"
59391335,"{""Old"":3963,""New"":3975,""Reason"":3}"
31997232,"{""Old"":1817,""New"":1935,""Reason"":3}"
41392128,"{""Old"":1896,""New"":1898,""Reason"":3}"
61807882,"{""Old"":231,""New"":235,""Reason"":3}"
25225869,"{""Old"":22883,""New"":22889,""Reason"":3}"
25225869,"{""Old"":22894,""New"":22908,""Reason"":3}"
61807882,"{""Old"":266,""New"":268,""Reason"":3}"
37285953,"{""Old"":891,""New"":895,""Reason"":3}"
37285953,"{""Old"":1011,""New"":1029,""Reason"":3}"
80744637,"{""Old"":451450,""New"":451520,""Reason"":3}"
44659425,"{""Old"":3932,""New"":3948,""Reason"":3}"
44659425,"{""Old"":3744,""New"":3746,""Reason"":3}"
78346759,"{""Old"":375,""New"":379,""Reason"":3}"
87641637,"{""Old"":717,""New"":747,""Reason"":3}"
46074887,"{""Old"":110,""New"":112,""Reason"":3}"
17593825,"{""Old"":2183,""New"":2195,""Reason"":3}"
75449739,"{""Old"":990,""New"":994,""Reason"":3}"
81498402,"{""Old"":473,""New"":477,""Reason"":3}"
87641637,"{""Old"":623,""New"":627,""Reason"":3}"
87641637,"{""Old"":759,""New"":771,""Reason"":3}"
77261913,"{""Old"":756,""New"":774,""Reason"":3}"
53335368,"{""Old"":5331,""New"":5335,""Reason"":3}"
46074887,"{""Old"":98,""New"":100,""Reason"":3}"
38096868,"{""Old"":147,""New"":151,""Reason"":3}"
28226374,"{""Old"":401,""New"":403,""Reason"":3}"
58256646,"{""Old"":49,""New"":51,""Reason"":3}"
63799212,"{""Old"":49104,""New"":49110,""Reason"":3}"
71159796,"{""Old"":630,""New"":634,""Reason"":3}"
71159796,"{""Old"":658,""New"":670,""Reason"":3}"
6305433,"{""Old"":588,""New"":610,""Reason"":3}"
78077845,"{""Old"":355,""New"":359,""Reason"":3}"
58256646,"{""Old"":58,""New"":62,""Reason"":3}"
76995583,"{""Old"":678,""New"":682,""Reason"":3}"
76995583,"{""Old"":602,""New"":604,""Reason"":3}"
53335368,"{""Old"":5335,""New"":5347,""Reason"":3}"
9622278,"{""Old"":193,""New"":201,""Reason"":3}"
58151101,"{""Old"":14420,""New"":14424,""Reason"":3}"
48253581,"{""Old"":1267,""New"":1269,""Reason"":3}"
87641637,"{""Old"":802,""New"":806,""Reason"":3}"
79142355,"{""Old"":3706,""New"":3710,""Reason"":3}"
87117053,"{""Old"":173,""New"":175,""Reason"":3}"
75449739,"{""Old"":905,""New"":907,""Reason"":3}"
35611031,"{""Old"":294,""New"":296,""Reason"":3}"
66761693,"{""Old"":993,""New"":997,""Reason"":3}"
87641637,"{""Old"":967,""New"":969,""Reason"":3}"
75449739,"{""Old"":850,""New"":852,""Reason"":3}"
73054770,"{""Old"":72,""New"":76,""Reason"":3}"
49954699,"{""Old"":2042,""New"":2048,""Reason"":3}"
74572602,"{""Old"":5625,""New"":5633,""Reason"":3}"
74572602,"{""Old"":5725,""New"":5731,""Reason"":3}"
44659425,"{""Old"":3848,""New"":3852,""Reason"":3}"
63799212,"{""Old"":48972,""New"":48978,""Reason"":3}"
44659425,"{""Old"":3775,""New"":3779,""Reason"":3}"
48180696,"{""Old"":3041,""New"":3043,""Reason"":3}"
75449739,"{""Old"":1044,""New"":1050,""Reason"":3}"
6688497,"{""Old"":501,""New"":505,""Reason"":3}"
76995583,"{""Old"":632,""New"":636,""Reason"":3}"
21304659,"{""Old"":623,""New"":625,""Reason"":3}"
79142355,"{""Old"":4408,""New"":4410,""Reason"":3}"
201800786,"{""Old"":964,""New"":970,""Reason"":3}"
200308757,"{""Old"":957,""New"":967,""Reason"":3}"
57520319,"{""Old"":179,""New"":185,""Reason"":3}"
6688497,"{""Old"":527,""New"":533,""Reason"":3}"
76995583,"{""Old"":534,""New"":536,""Reason"":3}"
74572602,"{""Old"":5703,""New"":5723,""Reason"":3}"
27523198,"{""Old"":1696,""New"":1698,""Reason"":3}"
44659425,"{""Old"":3949,""New"":3951,""Reason"":3}"
78077845,"{""Old"":371,""New"":373,""Reason"":3}"
39038951,"{""Old"":14911,""New"":14913,""Reason"":3}"
76221677,"{""Old"":924,""New"":930,""Reason"":3}"
48891507,"{""Old"":26089,""New"":26105,""Reason"":3}"
75449739,"{""Old"":813,""New"":817,""Reason"":3}"
87342909,"{""Old"":553,""New"":555,""Reason"":3}"
63799212,"{""Old"":46599,""New"":46629,""Reason"":3}"
63799212,"{""Old"":48916,""New"":48922,""Reason"":3}"
75449739,"{""Old"":1028,""New"":1032,""Reason"":3}"
27523198,"{""Old"":1698,""New"":1708,""Reason"":3}"
58253534,"{""Old"":2055,""New"":2059,""Reason"":3}"
42481373,"{""Old"":508,""New"":510,""Reason"":3}"
28922167,"{""Old"":73,""New"":77,""Reason"":3}"
63799212,"{""Old"":49276,""New"":49284,""Reason"":3}"
63799212,"{""Old"":48802,""New"":48804,""Reason"":3}"
72546612,"{""Old"":246,""New"":256,""Reason"":3}"
58256646,"{""Old"":53,""New"":57,""Reason"":3}"
46728214,"{""Old"":1393,""New"":1399,""Reason"":3}"
58993301,"{""Old"":2243,""New"":2251,""Reason"":3}"
6305433,"{""Old"":648,""New"":652,""Reason"":3}"
53138586,"{""Old"":3693,""New"":3703,""Reason"":3}"
6305433,"{""Old"":200,""New"":202,""Reason"":3}"
6305433,"{""Old"":796,""New"":820,""Reason"":3}"
48891507,"{""Old"":27850,""New"":27902,""Reason"":3}"
73782157,"{""Old"":1223,""New"":1227,""Reason"":3}"
37021007,"{""Old"":769,""New"":771,""Reason"":3}"
46810726,"{""Old"":2556,""New"":2568,""Reason"":3}"
75449739,"{""Old"":744,""New"":750,""Reason"":3}"
75449739,"{""Old"":786,""New"":790,""Reason"":3}"
75449739,"{""Old"":834,""New"":836,""Reason"":3}"
46074887,"{""Old"":225,""New"":229,""Reason"":3}"
7378760,"{""Old"":383567,""New"":383605,""Reason"":3}"
79339453,"{""Old"":511,""New"":515,""Reason"":3}"
42481373,"{""Old"":498,""New"":502,""Reason"":3}"
74572602,"{""Old"":5739,""New"":5741,""Reason"":3}"
63799212,"{""Old"":49086,""New"":49088,""Reason"":3}"
201565207,"{""Old"":1963,""New"":1965,""Reason"":3}"
44659425,"{""Old"":3907,""New"":3911,""Reason"":3}"
75449739,"{""Old"":996,""New"":1000,""Reason"":3}"
58866450,"{""Old"":4137,""New"":4773,""Reason"":3}"
9622278,"{""Old"":190,""New"":192,""Reason"":3}"
71446593,"{""Old"":173,""New"":175,""Reason"":3}"
81498402,"{""Old"":443,""New"":445,""Reason"":3}"
48891507,"{""Old"":25650,""New"":25664,""Reason"":3}"
75449739,"{""Old"":799,""New"":801,""Reason"":3}"
11096634,"{""Old"":366,""New"":370,""Reason"":3}"
75449739,"{""Old"":882,""New"":884,""Reason"":3}"
75449739,"{""Old"":962,""New"":964,""Reason"":3}"
46810726,"{""Old"":2588,""New"":2590,""Reason"":3}"
71458070,"{""Old"":188,""New"":190,""Reason"":3}"
44659425,"{""Old"":3672,""New"":3678,""Reason"":3}"
44659425,"{""Old"":3680,""New"":3682,""Reason"":3}"
47296478,"{""Old"":9,""New"":11,""Reason"":3}"
42080759,"{""Old"":239,""New"":245,""Reason"":3}"
51871917,"{""Old"":357,""New"":359,""Reason"":3}"
24064804,"{""Old"":2055,""New"":2063,""Reason"":3}"
71159796,"{""Old"":698,""New"":704,""Reason"":3}"
74572602,"{""Old"":5633,""New"":5635,""Reason"":3}"
68977666,"{""Old"":1025,""New"":1027,""Reason"":3}"
47127640,"{""Old"":657,""New"":659,""Reason"":3}"
6305433,"{""Old"":296,""New"":302,""Reason"":3}"
87641637,"{""Old"":830,""New"":856,""Reason"":3}"
25124543,"{""Old"":1461,""New"":1477,""Reason"":3}"
48891507,"{""Old"":24499,""New"":24501,""Reason"":3}"
87641637,"{""Old"":961,""New"":967,""Reason"":3}"
75449739,"{""Old"":1283,""New"":1293,""Reason"":3}"
73782157,"{""Old"":1212,""New"":1214,""Reason"":3}"
63799212,"{""Old"":46887,""New"":48755,""Reason"":3}"
58151101,"{""Old"":14418,""New"":14420,""Reason"":3}"
7378760,"{""Old"":383713,""New"":383773,""Reason"":3}"
74572602,"{""Old"":5741,""New"":5753,""Reason"":3}"
73782157,"{""Old"":1201,""New"":1205,""Reason"":3}"
23563391,"{""Old"":31323,""New"":31325,""Reason"":3}"
59101656,"{""Old"":2041,""New"":2043,""Reason"":3}"
53138586,"{""Old"":6107,""New"":6179,""Reason"":3}"
84903313,"{""Old"":1478,""New"":1490,""Reason"":3}"
81180726,"{""Old"":112,""New"":114,""Reason"":3}"
74572602,"{""Old"":5813,""New"":5831,""Reason"":3}"
78346759,"{""Old"":346,""New"":352,""Reason"":3}"
25225869,"{""Old"":22749,""New"":22833,""Reason"":3}"
39411220,"{""Old"":569,""New"":577,""Reason"":3}"
79142355,"{""Old"":3746,""New"":4258,""Reason"":3}"
87117053,"{""Old"":211,""New"":217,""Reason"":3}"
75449739,"{""Old"":956,""New"":958,""Reason"":3}"
24720485,"{""Old"":224,""New"":236,""Reason"":3}"
77261913,"{""Old"":775,""New"":777,""Reason"":3}"
202946472,"{""Old"":1147,""New"":1161,""Reason"":3}"
71159796,"{""Old"":704,""New"":712,""Reason"":3}"
44659425,"{""Old"":3690,""New"":3708,""Reason"":3}"
44659425,"{""Old"":3866,""New"":3870,""Reason"":3}"
23829638,"{""Old"":2835,""New"":2845,""Reason"":3}"
201800786,"{""Old"":981,""New"":989,""Reason"":3}"
87117053,"{""Old"":182,""New"":186,""Reason"":3}"
75449739,"{""Old"":987,""New"":989,""Reason"":3}"
75449739,"{""Old"":1021,""New"":1025,""Reason"":3}"
87641637,"{""Old"":657,""New"":663,""Reason"":3}"
6305433,"{""Old"":302,""New"":304,""Reason"":3}"
48891507,"{""Old"":25924,""New"":25932,""Reason"":3}"
46074887,"{""Old"":194,""New"":200,""Reason"":3}"
75449739,"{""Old"":844,""New"":846,""Reason"":3}"
6305433,"{""Old"":272,""New"":294,""Reason"":3}"
63799212,"{""Old"":49053,""New"":49061,""Reason"":3}"
53335368,"{""Old"":5363,""New"":5369,""Reason"":3}"
6688497,"{""Old"":477,""New"":481,""Reason"":3}"
87342909,"{""Old"":574,""New"":576,""Reason"":3}"
87641637,"{""Old"":941,""New"":961,""Reason"":3}"
74572602,"{""Old"":5619,""New"":5625,""Reason"":3}"
45215660,"{""Old"":3269,""New"":3283,""Reason"":3}"
84238642,"{""Old"":2642,""New"":2644,""Reason"":3}"
74572602,"{""Old"":5753,""New"":5755,""Reason"":3}"
44659425,"{""Old"":3923,""New"":3925,""Reason"":3}"
63799212,"{""Old"":46853,""New"":46887,""Reason"":3}"
63799212,"{""Old"":49367,""New"":49397,""Reason"":3}"
78346759,"{""Old"":360,""New"":372,""Reason"":3}"
11124734,"{""Old"":2332,""New"":2346,""Reason"":3}"
122220431,"{""Old"":766,""New"":768,""Reason"":3}"
75449739,"{""Old"":914,""New"":916,""Reason"":3}"
35611031,"{""Old"":298,""New"":300,""Reason"":3}"
58253534,"{""Old"":2020,""New"":2034,""Reason"":3}"
31845307,"{""Old"":701,""New"":713,""Reason"":3}"
39621038,"{""Old"":404,""New"":406,""Reason"":3}"
46074887,"{""Old"":173,""New"":181,""Reason"":3}"
87117053,"{""Old"":150,""New"":154,""Reason"":3}"
55411106,"{""Old"":28107,""New"":28111,""Reason"":3}"
53138586,"{""Old"":5735,""New"":5961,""Reason"":3}"
43634643,"{""Old"":118,""New"":126,""Reason"":3}"
55411106,"{""Old"":28111,""New"":28115,""Reason"":3}"
42760453,"{""Old"":1348,""New"":1356,""Reason"":3}"
44659425,"{""Old"":3839,""New"":3845,""Reason"":3}"
21058197,"{""Old"":195,""New"":197,""Reason"":3}"
46817988,"{""Old"":3866,""New"":3868,""Reason"":3}"
42481373,"{""Old"":194,""New"":204,""Reason"":3}"
80142449,"{""Old"":1900,""New"":1906,""Reason"":3}"
87342909,"{""Old"":570,""New"":572,""Reason"":3}"
87641637,"{""Old"":751,""New"":759,""Reason"":3}"
75449739,"{""Old"":1003,""New"":1007,""Reason"":3}"
201565207,"{""Old"":1955,""New"":1957,""Reason"":3}"
37021007,"{""Old"":762,""New"":766,""Reason"":3}"
56756847,"{""Old"":667,""New"":671,""Reason"":3}"
48891507,"{""Old"":25591,""New"":25601,""Reason"":3}"
48891507,"{""Old"":25673,""New"":25687,""Reason"":3}"
75449739,"{""Old"":1117,""New"":1129,""Reason"":3}"
67737880,"{""Old"":2751,""New"":2753,""Reason"":3}"
79878389,"{""Old"":5431,""New"":5433,""Reason"":3}"
63799212,"{""Old"":49088,""New"":49094,""Reason"":3}"
63799212,"{""Old"":49235,""New"":49251,""Reason"":3}"
33088661,"{""Old"":93,""New"":99,""Reason"":3}"
58253534,"{""Old"":2059,""New"":2065,""Reason"":3}"
75577743,"{""Old"":872,""New"":888,""Reason"":3}"
6688497,"{""Old"":512,""New"":514,""Reason"":3}"
53138586,"{""Old"":1794,""New"":1868,""Reason"":3}"
208006046,"{""Old"":378,""New"":382,""Reason"":3}"
73798929,"{""Old"":984,""New"":994,""Reason"":3}"
29422084,"{""Old"":152,""New"":158,""Reason"":3}"
79928100,"{""Old"":458,""New"":460,""Reason"":3}"
48891507,"{""Old"":24550,""New"":24556,""Reason"":3}"
28226374,"{""Old"":363,""New"":367,""Reason"":3}"
28226374,"{""Old"":376,""New"":380,""Reason"":3}"
75449739,"{""Old"":933,""New"":951,""Reason"":3}"
76221677,"{""Old"":932,""New"":934,""Reason"":3}"
58993301,"{""Old"":2255,""New"":2273,""Reason"":3}"
87641637,"{""Old"":875,""New"":941,""Reason"":3}"
46074887,"{""Old"":73,""New"":81,""Reason"":3}"
81498402,"{""Old"":463,""New"":469,""Reason"":3}"
75449739,"{""Old"":1052,""New"":1054,""Reason"":3}"
76995583,"{""Old"":581,""New"":583,""Reason"":3}"
42481373,"{""Old"":47,""New"":49,""Reason"":3}"
44659425,"{""Old"":3824,""New"":3828,""Reason"":3}"
82522730,"{""Old"":22,""New"":24,""Reason"":3}"
63799212,"{""Old"":49309,""New"":49317,""Reason"":3}"
74572602,"{""Old"":5843,""New"":5845,""Reason"":3}"
21369105,"{""Old"":36190,""New"":36214,""Reason"":3}"
48891507,"{""Old"":25729,""New"":25767,""Reason"":3}"
48891507,"{""Old"":25778,""New"":25800,""Reason"":3}"
53138586,"{""Old"":6409,""New"":6471,""Reason"":3}"
23294053,"{""Old"":372,""New"":384,""Reason"":3}"
46074887,"{""Old"":16,""New"":18,""Reason"":3}"
75449739,"{""Old"":1016,""New"":1020,""Reason"":3}"
75449739,"{""Old"":1033,""New"":1037,""Reason"":3}"
81498402,"{""Old"":469,""New"":471,""Reason"":3}"
6305433,"{""Old"":610,""New"":620,""Reason"":3}"
42481373,"{""Old"":496,""New"":498,""Reason"":3}"
76221677,"{""Old"":908,""New"":910,""Reason"":3}"
80115190,"{""Old"":190,""New"":198,""Reason"":3}"
75449739,"{""Old"":802,""New"":806,""Reason"":3}"
77261913,"{""Old"":790,""New"":794,""Reason"":3}"
77261913,"{""Old"":785,""New"":787,""Reason"":3}"
46074887,"{""Old"":203,""New"":205,""Reason"":3}"
122220431,"{""Old"":762,""New"":764,""Reason"":3}"
48891507,"{""Old"":25501,""New"":25513,""Reason"":3}"
35611031,"{""Old"":283,""New"":293,""Reason"":3}"
39038951,"{""Old"":14913,""New"":14915,""Reason"":3}"
73798929,"{""Old"":1004,""New"":1010,""Reason"":3}"
56031221,"{""Old"":2878,""New"":2880,""Reason"":3}"
75449739,"{""Old"":969,""New"":981,""Reason"":3}"
46074887,"{""Old"":57,""New"":59,""Reason"":3}"
73782157,"{""Old"":1217,""New"":1221,""Reason"":3}"
79142355,"{""Old"":4410,""New"":4412,""Reason"":3}"
48891507,"{""Old"":25977,""New"":26009,""Reason"":3}"
87342909,"{""Old"":581,""New"":583,""Reason"":3}"
7501032,"{""Old"":2958,""New"":2964,""Reason"":3}"
53138586,"{""Old"":2630,""New"":2684,""Reason"":3}"
53138586,"{""Old"":6065,""New"":6107,""Reason"":3}"
39621038,"{""Old"":400,""New"":402,""Reason"":3}"
55969664,"{""Old"":187,""New"":191,""Reason"":3}"
6305433,"{""Old"":898,""New"":910,""Reason"":3}"
6305433,"{""Old"":554,""New"":560,""Reason"":3}"
75449739,"{""Old"":751,""New"":757,""Reason"":3}"
7501032,"{""Old"":2988,""New"":2990,""Reason"":3}"
47842355,"{""Old"":23455,""New"":23457,""Reason"":3}"
17299565,"{""Old"":201,""New"":215,""Reason"":3}"
9622278,"{""Old"":175,""New"":177,""Reason"":3}"
46260240,"{""Old"":3886,""New"":3888,""Reason"":3}"
55218853,"{""Old"":1886,""New"":1892,""Reason"":3}"
31845307,"{""Old"":679,""New"":695,""Reason"":3}"
53138586,"{""Old"":846,""New"":856,""Reason"":3}"
53138586,"{""Old"":2098,""New"":2130,""Reason"":3}"
87342909,"{""Old"":568,""New"":570,""Reason"":3}"
6305433,"{""Old"":646,""New"":648,""Reason"":3}"
73798929,"{""Old"":1010,""New"":1012,""Reason"":3}"
36486502,"{""Old"":2104,""New"":2106,""Reason"":3}"
201800786,"{""Old"":999,""New"":1017,""Reason"":3}"
7501032,"{""Old"":3006,""New"":3026,""Reason"":3}"
48891507,"{""Old"":25812,""New"":25846,""Reason"":3}"
87117053,"{""Old"":203,""New"":209,""Reason"":3}"
43634643,"{""Old"":131,""New"":133,""Reason"":3}"
79339453,"{""Old"":532,""New"":544,""Reason"":3}"
76995583,"{""Old"":643,""New"":655,""Reason"":3}"
76995583,"{""Old"":694,""New"":704,""Reason"":3}"
42481373,"{""Old"":454,""New"":496,""Reason"":3}"
76995583,"{""Old"":656,""New"":658,""Reason"":3}"
76995583,"{""Old"":607,""New"":617,""Reason"":3}"
76995583,"{""Old"":618,""New"":628,""Reason"":3}"
6305433,"{""Old"":188,""New"":198,""Reason"":3}"
75449739,"{""Old"":740,""New"":742,""Reason"":3}"
87342909,"{""Old"":572,""New"":574,""Reason"":3}"
48891507,"{""Old"":25540,""New"":25574,""Reason"":3}"
28226374,"{""Old"":404,""New"":408,""Reason"":3}"
87342909,"{""Old"":549,""New"":551,""Reason"":3}"
75449739,"{""Old"":878,""New"":880,""Reason"":3}"
75449739,"{""Old"":829,""New"":833,""Reason"":3}"
201800786,"{""Old"":1018,""New"":1040,""Reason"":3}"
7378760,"{""Old"":383320,""New"":383322,""Reason"":3}"
53138586,"{""Old"":5489,""New"":5735,""Reason"":3}"
45524274,"{""Old"":616,""New"":632,""Reason"":3}"
79339453,"{""Old"":544,""New"":546,""Reason"":3}"
75577743,"{""Old"":888,""New"":900,""Reason"":3}"
79339453,"{""Old"":546,""New"":558,""Reason"":3}"
75449739,"{""Old"":847,""New"":849,""Reason"":3}"
87342909,"{""Old"":563,""New"":565,""Reason"":3}"
46074887,"{""Old"":234,""New"":248,""Reason"":3}"
12735607,"{""Old"":27538,""New"":27542,""Reason"":3}"
11124734,"{""Old"":2430,""New"":2432,""Reason"":3}"
11124734,"{""Old"":2400,""New"":2404,""Reason"":3}"
11124734,"{""Old"":2404,""New"":2412,""Reason"":3}"
218155358,"{""Old"":125782,""New"":126508,""Reason"":3}"
11074843,"{""Old"":955,""New"":991,""Reason"":3}"
2588270,"{""Old"":113,""New"":115,""Reason"":3}"
11124734,"{""Old"":2346,""New"":2386,""Reason"":3}"
2588270,"{""Old"":115,""New"":117,""Reason"":3}"
14421637,"{""Old"":1555,""New"":1565,""Reason"":3}"
14421637,"{""Old"":1582,""New"":1586,""Reason"":3}"
11124734,"{""Old"":2412,""New"":2416,""Reason"":3}"
14421637,"{""Old"":1566,""New"":1574,""Reason"":3}"
201515673,"{""Old"":80,""New"":84,""Reason"":3}"
218155358,"{""Old"":132295,""New"":132315,""Reason"":3}"
121362925,"{""Old"":1147,""New"":1149,""Reason"":3}"
21250520,"{""Old"":6507,""New"":6509,""Reason"":3}"
11124734,"{""Old"":2416,""New"":2430,""Reason"":3}"
21250520,"{""Old"":6509,""New"":6511,""Reason"":3}"
11074843,"{""Old"":1102,""New"":1110,""Reason"":3}"
11074843,"{""Old"":1343,""New"":1347,""Reason"":3}"
218155358,"{""Old"":129195,""New"":129235,""Reason"":3}"
13827446,"{""Old"":1728,""New"":1740,""Reason"":3}"
13827446,"{""Old"":1751,""New"":1753,""Reason"":3}"
10724076,"{""Old"":245,""New"":251,""Reason"":3}"
26072040,"{""Old"":3387,""New"":3409,""Reason"":3}"
26072040,"{""Old"":3379,""New"":3381,""Reason"":3}"
26072040,"{""Old"":3384,""New"":3386,""Reason"":3}"
123142839,"{""Old"":34,""New"":38,""Reason"":3}"
212331358,"{""Old"":1823,""New"":1829,""Reason"":3}"
212331358,"{""Old"":1835,""New"":1837,""Reason"":3}"
121949783,"{""Old"":389,""New"":393,""Reason"":3}"
25225869,"{""Old"":84694,""New"":84838,""Reason"":3}"
25225869,"{""Old"":84484,""New"":84534,""Reason"":3}"
25225869,"{""Old"":86092,""New"":86122,""Reason"":3}"
26072040,"{""Old"":3375,""New"":3377,""Reason"":3}"
22653584,"{""Old"":308,""New"":314,""Reason"":3}"
22653584,"{""Old"":316,""New"":318,""Reason"":3}"
10724076,"{""Old"":227,""New"":237,""Reason"":3}"
120872655,"{""Old"":2306,""New"":2308,""Reason"":3}"
123142839,"{""Old"":21,""New"":23,""Reason"":3}"
218649506,"{""Old"":4077,""New"":4079,""Reason"":3}"
11610995,"{""Old"":420,""New"":422,""Reason"":3}"
25225869,"{""Old"":82983,""New"":82993,""Reason"":3}"
25225869,"{""Old"":86908,""New"":86938,""Reason"":3}"
27222556,"{""Old"":11565,""New"":11567,""Reason"":3}"
11074843,"{""Old"":1040,""New"":1042,""Reason"":3}"
11610995,"{""Old"":424,""New"":426,""Reason"":3}"
25225869,"{""Old"":83118,""New"":83164,""Reason"":3}"
25225869,"{""Old"":87868,""New"":87878,""Reason"":3}"
218155358,"{""Old"":131563,""New"":131595,""Reason"":3}"
120872655,"{""Old"":2282,""New"":2306,""Reason"":3}"
25225869,"{""Old"":83264,""New"":83266,""Reason"":3}"
25225869,"{""Old"":84634,""New"":84644,""Reason"":3}"
25225869,"{""Old"":82871,""New"":82883,""Reason"":3}"
21250520,"{""Old"":6489,""New"":6493,""Reason"":3}"
25225869,"{""Old"":84888,""New"":85018,""Reason"":3}"
25225869,"{""Old"":86658,""New"":86778,""Reason"":3}"
25225869,"{""Old"":83266,""New"":83404,""Reason"":3}"
25225869,"{""Old"":83504,""New"":83514,""Reason"":3}"
25225869,"{""Old"":84061,""New"":84121,""Reason"":3}"
25225869,"{""Old"":87063,""New"":87143,""Reason"":3}"
218155358,"{""Old"":128886,""New"":128968,""Reason"":3}"
25225869,"{""Old"":82867,""New"":82871,""Reason"":3}"
25225869,"{""Old"":85513,""New"":85553,""Reason"":3}"
10724076,"{""Old"":255,""New"":259,""Reason"":3}"
25225869,"{""Old"":83827,""New"":83961,""Reason"":3}"
25225869,"{""Old"":87696,""New"":87796,""Reason"":3}"
25225869,"{""Old"":87978,""New"":88108,""Reason"":3}"
25225869,"{""Old"":84246,""New"":84266,""Reason"":3}"
11074843,"{""Old"":879,""New"":893,""Reason"":3}"
218155358,"{""Old"":130467,""New"":130743,""Reason"":3}"
218155358,"{""Old"":129072,""New"":129082,""Reason"":3}"
218155358,"{""Old"":129235,""New"":129255,""Reason"":3}"
11074843,"{""Old"":1064,""New"":1078,""Reason"":3}"
11074843,"{""Old"":1098,""New"":1100,""Reason"":3}"
11074843,"{""Old"":1875,""New"":1895,""Reason"":3}"
21250520,"{""Old"":6495,""New"":6501,""Reason"":3}"
27222556,"{""Old"":11559,""New"":11565,""Reason"":3}"
27222556,"{""Old"":11549,""New"":11551,""Reason"":3}"
18504836,"{""Old"":2670,""New"":2672,""Reason"":3}"
212331358,"{""Old"":1830,""New"":1834,""Reason"":3}"
13088875,"{""Old"":249,""New"":255,""Reason"":3}"
25225869,"{""Old"":83705,""New"":83777,""Reason"":3}"
25225869,"{""Old"":87686,""New"":87696,""Reason"":3}"
25225869,"{""Old"":83514,""New"":83530,""Reason"":3}"
25225869,"{""Old"":86298,""New"":86398,""Reason"":3}"
218155358,"{""Old"":130743,""New"":131093,""Reason"":3}"
26072040,"{""Old"":3377,""New"":3379,""Reason"":3}"
212331358,"{""Old"":1857,""New"":1859,""Reason"":3}"
15601095,"{""Old"":750,""New"":752,""Reason"":3}"
2588270,"{""Old"":121,""New"":123,""Reason"":3}"
17655247,"{""Old"":99,""New"":101,""Reason"":3}"
218155358,"{""Old"":132165,""New"":132275,""Reason"":3}"
11074843,"{""Old"":1776,""New"":1800,""Reason"":3}"
124012824,"{""Old"":51,""New"":53,""Reason"":3}"
206190188,"{""Old"":1328,""New"":1340,""Reason"":3}"
120308116,"{""Old"":2092,""New"":2094,""Reason"":3}"
71563520,"{""Old"":1038,""New"":1054,""Reason"":3}"
25225869,"{""Old"":85578,""New"":85718,""Reason"":3}"
11074843,"{""Old"":1970,""New"":2022,""Reason"":3}"
218155358,"{""Old"":131093,""New"":131393,""Reason"":3}"
218155358,"{""Old"":129082,""New"":129084,""Reason"":3}"
23814762,"{""Old"":2027,""New"":2031,""Reason"":3}"
15023949,"{""Old"":2842,""New"":2852,""Reason"":3}"
11074843,"{""Old"":1004,""New"":1022,""Reason"":3}"
218155358,"{""Old"":129084,""New"":129104,""Reason"":3}"
11610995,"{""Old"":369,""New"":373,""Reason"":3}"
3712439,"{""Old"":393,""New"":399,""Reason"":3}"
218155358,"{""Old"":131393,""New"":131543,""Reason"":3}"
25225869,"{""Old"":87616,""New"":87686,""Reason"":3}"
19535546,"{""Old"":25131,""New"":25151,""Reason"":3}"
21250520,"{""Old"":6502,""New"":6504,""Reason"":3}"
25799691,"{""Old"":5363,""New"":5365,""Reason"":3}"
13088875,"{""Old"":242,""New"":248,""Reason"":3}"
25225869,"{""Old"":87796,""New"":87866,""Reason"":3}"
18139052,"{""Old"":122,""New"":124,""Reason"":3}"
219499139,"{""Old"":18110,""New"":18120,""Reason"":3}"
13827446,"{""Old"":1714,""New"":1720,""Reason"":3}"
23127214,"{""Old"":1957,""New"":1963,""Reason"":3}"
38893932,"{""Old"":84,""New"":86,""Reason"":3}"
18139052,"{""Old"":116,""New"":118,""Reason"":3}"
13030531,"{""Old"":2240,""New"":2256,""Reason"":3}"
11074843,"{""Old"":1150,""New"":1158,""Reason"":3}"
50484405,"{""Old"":2159,""New"":2165,""Reason"":3}"
25225869,"{""Old"":85818,""New"":85898,""Reason"":3}"
12815044,"{""Old"":45,""New"":47,""Reason"":3}"
13507689,"{""Old"":1297,""New"":1299,""Reason"":3}"
19535546,"{""Old"":25151,""New"":25163,""Reason"":3}"
11698989,"{""Old"":1632,""New"":1634,""Reason"":3}"
13507689,"{""Old"":1317,""New"":1319,""Reason"":3}"
11074843,"{""Old"":1088,""New"":1096,""Reason"":3}"
11074843,"{""Old"":1422,""New"":1440,""Reason"":3}"
11074843,"{""Old"":1540,""New"":1588,""Reason"":3}"
23127214,"{""Old"":1925,""New"":1931,""Reason"":3}"
3712439,"{""Old"":363,""New"":377,""Reason"":3}"
3712439,"{""Old"":389,""New"":393,""Reason"":3}"
218155358,"{""Old"":131543,""New"":131563,""Reason"":3}"
50484405,"{""Old"":2072,""New"":2078,""Reason"":3}"
11610995,"{""Old"":416,""New"":418,""Reason"":3}"
20273346,"{""Old"":3097,""New"":3103,""Reason"":3}"
71563520,"{""Old"":1054,""New"":1056,""Reason"":3}"
6081875,"{""Old"":194,""New"":200,""Reason"":3}"
13030531,"{""Old"":2266,""New"":2272,""Reason"":3}"
13030531,"{""Old"":2272,""New"":2274,""Reason"":3}"
13827446,"{""Old"":1748,""New"":1750,""Reason"":3}"
9126115,"{""Old"":2486,""New"":2504,""Reason"":3}"
25225869,"{""Old"":84454,""New"":84484,""Reason"":3}"
9126115,"{""Old"":2348,""New"":2368,""Reason"":3}"
35847621,"{""Old"":1914,""New"":1934,""Reason"":3}"
218155358,"{""Old"":128386,""New"":128520,""Reason"":3}"
18190867,"{""Old"":2467,""New"":2469,""Reason"":3}"
26072040,"{""Old"":3381,""New"":3383,""Reason"":3}"
50484405,"{""Old"":2055,""New"":2061,""Reason"":3}"
413420,"{""Old"":5511,""New"":5517,""Reason"":3}"
221229293,"{""Old"":24358,""New"":24368,""Reason"":3}"
50484405,"{""Old"":2119,""New"":2123,""Reason"":3}"
50484405,"{""Old"":2171,""New"":2173,""Reason"":3}"
20273346,"{""Old"":3092,""New"":3096,""Reason"":3}"
218155358,"{""Old"":131915,""New"":131975,""Reason"":3}"
218155358,"{""Old"":132105,""New"":132165,""Reason"":3}"
29223697,"{""Old"":59,""New"":63,""Reason"":3}"
13030531,"{""Old"":2260,""New"":2266,""Reason"":3}"
206190188,"{""Old"":1340,""New"":1348,""Reason"":3}"
120872655,"{""Old"":2309,""New"":2315,""Reason"":3}"
9126115,"{""Old"":2159,""New"":2161,""Reason"":3}"
11074843,"{""Old"":1124,""New"":1140,""Reason"":3}"
206190188,"{""Old"":1348,""New"":1352,""Reason"":3}"
18190867,"{""Old"":2465,""New"":2467,""Reason"":3}"
25225869,"{""Old"":86128,""New"":86168,""Reason"":3}"
25225869,"{""Old"":86778,""New"":86858,""Reason"":3}"
25225869,"{""Old"":87268,""New"":87398,""Reason"":3}"
9126115,"{""Old"":2558,""New"":2562,""Reason"":3}"
212331358,"{""Old"":1803,""New"":1815,""Reason"":3}"
218155358,"{""Old"":129168,""New"":129188,""Reason"":3}"
218155358,"{""Old"":128190,""New"":128386,""Reason"":3}"
218155358,"{""Old"":128520,""New"":128600,""Reason"":3}"
218155358,"{""Old"":131715,""New"":131845,""Reason"":3}"
218155358,"{""Old"":132285,""New"":132295,""Reason"":3}"
40889719,"{""Old"":8935,""New"":8937,""Reason"":3}"
50484405,"{""Old"":2037,""New"":2039,""Reason"":3}"
218155358,"{""Old"":128672,""New"":128886,""Reason"":3}"
88565307,"{""Old"":94,""New"":98,""Reason"":3}"
121949783,"{""Old"":402,""New"":424,""Reason"":3}"
212331358,"{""Old"":1851,""New"":1857,""Reason"":3}"
24727227,"{""Old"":376,""New"":378,""Reason"":3}"
46019951,"{""Old"":86135,""New"":86139,""Reason"":3}"
13030531,"{""Old"":2228,""New"":2230,""Reason"":3}"
218155358,"{""Old"":129255,""New"":129265,""Reason"":3}"
25225869,"{""Old"":85068,""New"":85258,""Reason"":3}"
25225869,"{""Old"":85258,""New"":85438,""Reason"":3}"
71563520,"{""Old"":1029,""New"":1031,""Reason"":3}"
218155358,"{""Old"":128600,""New"":128672,""Reason"":3}"
2588270,"{""Old"":117,""New"":121,""Reason"":3}"
37340062,"{""Old"":290,""New"":300,""Reason"":3}"
13827446,"{""Old"":1762,""New"":1766,""Reason"":3}"
50064911,"{""Old"":4202,""New"":4226,""Reason"":3}"
413420,"{""Old"":5481,""New"":5497,""Reason"":3}"
218155358,"{""Old"":131895,""New"":131915,""Reason"":3}"
9126115,"{""Old"":2396,""New"":2422,""Reason"":3}"
20273346,"{""Old"":3079,""New"":3091,""Reason"":3}"
21250520,"{""Old"":6535,""New"":6539,""Reason"":3}"
30469632,"{""Old"":46,""New"":48,""Reason"":3}"
40889719,"{""Old"":8951,""New"":8953,""Reason"":3}"
10091853,"{""Old"":124,""New"":126,""Reason"":3}"
25225869,"{""Old"":85898,""New"":86092,""Reason"":3}"
25225869,"{""Old"":87423,""New"":87615,""Reason"":3}"
20273346,"{""Old"":3111,""New"":3119,""Reason"":3}"
23748897,"{""Old"":6618,""New"":6620,""Reason"":3}"
50484405,"{""Old"":2043,""New"":2051,""Reason"":3}"
50484405,"{""Old"":2106,""New"":2116,""Reason"":3}"
50484405,"{""Old"":2165,""New"":2171,""Reason"":3}"
11074843,"{""Old"":1032,""New"":1040,""Reason"":3}"
14286191,"{""Old"":1469,""New"":1471,""Reason"":3}"
25225869,"{""Old"":84266,""New"":84454,""Reason"":3}"
11074843,"{""Old"":1258,""New"":1268,""Reason"":3}"
11074843,"{""Old"":1688,""New"":1726,""Reason"":3}"
50484405,"{""Old"":2183,""New"":2187,""Reason"":3}"
35847621,"{""Old"":1934,""New"":1938,""Reason"":3}"
21297005,"{""Old"":1310,""New"":1314,""Reason"":3}"
41121780,"{""Old"":1453,""New"":1457,""Reason"":3}"
72176930,"{""Old"":400,""New"":408,""Reason"":3}"
25225869,"{""Old"":83605,""New"":83655,""Reason"":3}"
24729085,"{""Old"":35,""New"":37,""Reason"":3}"
218155358,"{""Old"":131975,""New"":132065,""Reason"":3}"
11610995,"{""Old"":399,""New"":401,""Reason"":3}"
77237347,"{""Old"":201,""New"":203,""Reason"":3}"
40540878,"{""Old"":4772,""New"":4784,""Reason"":3}"
40889719,"{""Old"":8959,""New"":8963,""Reason"":3}"
73311678,"{""Old"":483,""New"":489,""Reason"":3}"
215003922,"{""Old"":4455,""New"":4457,""Reason"":3}"
24632559,"{""Old"":302,""New"":308,""Reason"":3}"
37781144,"{""Old"":8135,""New"":8145,""Reason"":3}"
7460872,"{""Old"":5169,""New"":5205,""Reason"":3}"
72176930,"{""Old"":372,""New"":380,""Reason"":3}"
77237347,"{""Old"":196,""New"":198,""Reason"":3}"
50484405,"{""Old"":2187,""New"":2203,""Reason"":3}"
218155358,"{""Old"":129104,""New"":129168,""Reason"":3}"
13083476,"{""Old"":1834,""New"":1836,""Reason"":3}"
38719209,"{""Old"":3782,""New"":3838,""Reason"":3}"
21669245,"{""Old"":2834,""New"":2848,""Reason"":3}"
11610995,"{""Old"":383,""New"":387,""Reason"":3}"
18190867,"{""Old"":2461,""New"":2465,""Reason"":3}"
25225869,"{""Old"":86498,""New"":86568,""Reason"":3}"
73311678,"{""Old"":493,""New"":497,""Reason"":3}"
73311678,"{""Old"":638,""New"":648,""Reason"":3}"
13827446,"{""Old"":1652,""New"":1664,""Reason"":3}"
9126115,"{""Old"":2554,""New"":2558,""Reason"":3}"
24729085,"{""Old"":33,""New"":35,""Reason"":3}"
50484405,"{""Old"":2173,""New"":2183,""Reason"":3}"
29223697,"{""Old"":78,""New"":80,""Reason"":3}"
73311678,"{""Old"":722,""New"":724,""Reason"":3}"
84101086,"{""Old"":1242,""New"":1246,""Reason"":3}"
26072040,"{""Old"":3409,""New"":3411,""Reason"":3}"
11074843,"{""Old"":897,""New"":917,""Reason"":3}"
72430238,"{""Old"":49,""New"":51,""Reason"":3}"
218155358,"{""Old"":129000,""New"":129072,""Reason"":3}"
25225869,"{""Old"":79883,""New"":79947,""Reason"":3}"
23748897,"{""Old"":6620,""New"":6628,""Reason"":3}"
25225869,"{""Old"":86618,""New"":86658,""Reason"":3}"
25225869,"{""Old"":80226,""New"":82286,""Reason"":3}"
9126115,"{""Old"":2246,""New"":2286,""Reason"":3}"
13827446,"{""Old"":1648,""New"":1652,""Reason"":3}"
38478123,"{""Old"":4032,""New"":4034,""Reason"":3}"
10091853,"{""Old"":116,""New"":122,""Reason"":3}"
38478123,"{""Old"":3943,""New"":3947,""Reason"":3}"
13507689,"{""Old"":1301,""New"":1309,""Reason"":3}"
9126115,"{""Old"":2193,""New"":2197,""Reason"":3}"
80817173,"{""Old"":1841,""New"":1853,""Reason"":3}"
73311678,"{""Old"":716,""New"":720,""Reason"":3}"
48669632,"{""Old"":2950,""New"":2952,""Reason"":3}"
40540878,"{""Old"":4770,""New"":4772,""Reason"":3}"
24632559,"{""Old"":316,""New"":318,""Reason"":3}"
50064911,"{""Old"":4187,""New"":4199,""Reason"":3}"
3712439,"{""Old"":377,""New"":379,""Reason"":3}"
46019951,"{""Old"":86466,""New"":86550,""Reason"":3}"
73432002,"{""Old"":605,""New"":609,""Reason"":3}"
84101086,"{""Old"":1298,""New"":1300,""Reason"":3}"
58251878,"{""Old"":3413,""New"":3435,""Reason"":3}"
13827446,"{""Old"":1679,""New"":1683,""Reason"":3}"
211619172,"{""Old"":132,""New"":136,""Reason"":3}"
52567168,"{""Old"":189,""New"":191,""Reason"":3}"
73432002,"{""Old"":589,""New"":599,""Reason"":3}"
28562228,"{""Old"":396,""New"":400,""Reason"":3}"
9126115,"{""Old"":2438,""New"":2450,""Reason"":3}"
50484405,"{""Old"":2150,""New"":2158,""Reason"":3}"
73311678,"{""Old"":724,""New"":734,""Reason"":3}"
20621797,"{""Old"":103,""New"":105,""Reason"":3}"
34592975,"{""Old"":3661,""New"":3663,""Reason"":3}"
9126115,"{""Old"":2473,""New"":2483,""Reason"":3}"
38478123,"{""Old"":3949,""New"":3969,""Reason"":3}"
25225869,"{""Old"":79948,""New"":80078,""Reason"":3}"
44499172,"{""Old"":860,""New"":862,""Reason"":3}"
34519323,"{""Old"":74,""New"":76,""Reason"":3}"
46019951,"{""Old"":86550,""New"":86570,""Reason"":3}"
34592975,"{""Old"":3801,""New"":3813,""Reason"":3}"
58251878,"{""Old"":3320,""New"":3350,""Reason"":3}"
24727227,"{""Old"":393,""New"":397,""Reason"":3}"
35549372,"{""Old"":122622,""New"":122634,""Reason"":3}"
38478123,"{""Old"":3865,""New"":3885,""Reason"":3}"
28694850,"{""Old"":122,""New"":124,""Reason"":3}"
11610995,"{""Old"":401,""New"":403,""Reason"":3}"
57658759,"{""Old"":1334,""New"":1346,""Reason"":3}"
44499172,"{""Old"":846,""New"":860,""Reason"":3}"
23127214,"{""Old"":1945,""New"":1957,""Reason"":3}"
34592975,"{""Old"":3698,""New"":3702,""Reason"":3}"
44050877,"{""Old"":187,""New"":189,""Reason"":3}"
20273346,"{""Old"":3107,""New"":3111,""Reason"":3}"
84101086,"{""Old"":1300,""New"":1314,""Reason"":3}"
48669632,"{""Old"":2965,""New"":2969,""Reason"":3}"
58251878,"{""Old"":3445,""New"":3451,""Reason"":3}"
9126115,"{""Old"":2163,""New"":2167,""Reason"":3}"
38478123,"{""Old"":3976,""New"":3978,""Reason"":3}"
9126115,"{""Old"":2070,""New"":2098,""Reason"":3}"
55218853,"{""Old"":2067,""New"":2069,""Reason"":3}"
13083476,"{""Old"":1792,""New"":1804,""Reason"":3}"
11074843,"{""Old"":928,""New"":942,""Reason"":3}"
50484405,"{""Old"":2090,""New"":2104,""Reason"":3}"
24647209,"{""Old"":243,""New"":245,""Reason"":3}"
69144170,"{""Old"":970,""New"":972,""Reason"":3}"
24632559,"{""Old"":318,""New"":320,""Reason"":3}"
9126115,"{""Old"":2173,""New"":2177,""Reason"":3}"
60253573,"{""Old"":8787,""New"":8789,""Reason"":3}"
63398241,"{""Old"":435,""New"":439,""Reason"":3}"
65816233,"{""Old"":194,""New"":202,""Reason"":3}"
44050877,"{""Old"":178,""New"":186,""Reason"":3}"
20972847,"{""Old"":371,""New"":375,""Reason"":3}"
73903016,"{""Old"":435,""New"":439,""Reason"":3}"
48145859,"{""Old"":60,""New"":62,""Reason"":3}"
73311678,"{""Old"":509,""New"":519,""Reason"":3}"
215164277,"{""Old"":4666,""New"":4680,""Reason"":3}"
60253573,"{""Old"":8659,""New"":8669,""Reason"":3}"
73432002,"{""Old"":581,""New"":587,""Reason"":3}"
69483532,"{""Old"":446,""New"":448,""Reason"":3}"
72176930,"{""Old"":226,""New"":228,""Reason"":3}"
56267635,"{""Old"":304,""New"":316,""Reason"":3}"
218155358,"{""Old"":131595,""New"":131715,""Reason"":3}"
218155358,"{""Old"":132275,""New"":132285,""Reason"":3}"
7541238,"{""Old"":219,""New"":223,""Reason"":3}"
56267635,"{""Old"":236,""New"":240,""Reason"":3}"
34592975,"{""Old"":3843,""New"":3847,""Reason"":3}"
72635564,"{""Old"":288,""New"":292,""Reason"":3}"
72176930,"{""Old"":452,""New"":456,""Reason"":3}"
72176930,"{""Old"":299,""New"":325,""Reason"":3}"
3712439,"{""Old"":379,""New"":389,""Reason"":3}"
58251878,"{""Old"":3451,""New"":3455,""Reason"":3}"
73311678,"{""Old"":526,""New"":544,""Reason"":3}"
58251878,"{""Old"":3374,""New"":3378,""Reason"":3}"
10091853,"{""Old"":103,""New"":105,""Reason"":3}"
38137211,"{""Old"":677,""New"":685,""Reason"":3}"
38478123,"{""Old"":3939,""New"":3943,""Reason"":3}"
58251878,"{""Old"":3235,""New"":3259,""Reason"":3}"
73903016,"{""Old"":374,""New"":382,""Reason"":3}"
34592975,"{""Old"":3692,""New"":3698,""Reason"":3}"
69144170,"{""Old"":955,""New"":965,""Reason"":3}"
9126115,"{""Old"":2116,""New"":2132,""Reason"":3}"
72176930,"{""Old"":369,""New"":371,""Reason"":3}"
69144170,"{""Old"":942,""New"":944,""Reason"":3}"
25225869,"{""Old"":86168,""New"":86198,""Reason"":3}"
41172607,"{""Old"":104,""New"":106,""Reason"":3}"
220553191,"{""Old"":67590,""New"":67596,""Reason"":3}"
34592975,"{""Old"":3816,""New"":3820,""Reason"":3}"
44050877,"{""Old"":165,""New"":169,""Reason"":3}"
56267635,"{""Old"":240,""New"":244,""Reason"":3}"
120308116,"{""Old"":2084,""New"":2086,""Reason"":3}"
21297005,"{""Old"":1314,""New"":1316,""Reason"":3}"
24632559,"{""Old"":310,""New"":312,""Reason"":3}"
62146758,"{""Old"":95,""New"":97,""Reason"":3}"
46019951,"{""Old"":86389,""New"":86433,""Reason"":3}"
44200952,"{""Old"":1682,""New"":1684,""Reason"":3}"
5819188,"{""Old"":10659,""New"":10663,""Reason"":3}"
40889719,"{""Old"":8957,""New"":8959,""Reason"":3}"
24632559,"{""Old"":312,""New"":314,""Reason"":3}"
28694850,"{""Old"":125,""New"":127,""Reason"":3}"
44200952,"{""Old"":1664,""New"":1670,""Reason"":3}"
218155358,"{""Old"":128968,""New"":129000,""Reason"":3}"
218155358,"{""Old"":130265,""New"":130467,""Reason"":3}"
221229293,"{""Old"":24231,""New"":24233,""Reason"":3}"
72176930,"{""Old"":380,""New"":392,""Reason"":3}"
57650512,"{""Old"":509,""New"":515,""Reason"":3}"
20621797,"{""Old"":93,""New"":95,""Reason"":3}"
60253573,"{""Old"":8797,""New"":9291,""Reason"":3}"
80817173,"{""Old"":1746,""New"":1756,""Reason"":3}"
50064911,"{""Old"":4954,""New"":4956,""Reason"":3}"
56267635,"{""Old"":246,""New"":248,""Reason"":3}"
120308116,"{""Old"":2088,""New"":2092,""Reason"":3}"
9126115,"{""Old"":2532,""New"":2542,""Reason"":3}"
9126115,"{""Old"":2542,""New"":2554,""Reason"":3}"
40889719,"{""Old"":8953,""New"":8957,""Reason"":3}"
72176930,"{""Old"":276,""New"":284,""Reason"":3}"
212873640,"{""Old"":101,""New"":109,""Reason"":3}"
73311678,"{""Old"":465,""New"":471,""Reason"":3}"
413420,"{""Old"":5497,""New"":5511,""Reason"":3}"
34592975,"{""Old"":3702,""New"":3704,""Reason"":3}"
69144170,"{""Old"":946,""New"":954,""Reason"":3}"
7460872,"{""Old"":5361,""New"":5365,""Reason"":3}"
213654411,"{""Old"":611,""New"":621,""Reason"":3}"
36380670,"{""Old"":43338,""New"":43340,""Reason"":3}"
65816233,"{""Old"":149,""New"":153,""Reason"":3}"
72176930,"{""Old"":420,""New"":446,""Reason"":3}"
9126115,"{""Old"":2309,""New"":2343,""Reason"":3}"
13827446,"{""Old"":1708,""New"":1710,""Reason"":3}"
13827446,"{""Old"":1771,""New"":1783,""Reason"":3}"
218155358,"{""Old"":131845,""New"":131895,""Reason"":3}"
34592975,"{""Old"":3747,""New"":3749,""Reason"":3}"
34592975,"{""Old"":3830,""New"":3840,""Reason"":3}"
7541238,"{""Old"":213,""New"":217,""Reason"":3}"
38137211,"{""Old"":668,""New"":672,""Reason"":3}"
38478123,"{""Old"":4002,""New"":4006,""Reason"":3}"
21250520,"{""Old"":6522,""New"":6530,""Reason"":3}"
13827446,"{""Old"":1785,""New"":1787,""Reason"":3}"
70398912,"{""Old"":2540,""New"":2542,""Reason"":3}"
211619172,"{""Old"":136,""New"":138,""Reason"":3}"
76366906,"{""Old"":510,""New"":514,""Reason"":3}"
50064911,"{""Old"":4275,""New"":4277,""Reason"":3}"
11610995,"{""Old"":387,""New"":391,""Reason"":3}"
46019951,"{""Old"":86433,""New"":86453,""Reason"":3}"
6081875,"{""Old"":224,""New"":228,""Reason"":3}"
11610995,"{""Old"":412,""New"":416,""Reason"":3}"
58251878,"{""Old"":3435,""New"":3443,""Reason"":3}"
59717715,"{""Old"":180,""New"":184,""Reason"":3}"
58251878,"{""Old"":3350,""New"":3354,""Reason"":3}"
48669632,"{""Old"":2943,""New"":2949,""Reason"":3}"
41172607,"{""Old"":102,""New"":104,""Reason"":3}"
69483532,"{""Old"":434,""New"":444,""Reason"":3}"
23748897,"{""Old"":6628,""New"":6630,""Reason"":3}"
37340062,"{""Old"":282,""New"":290,""Reason"":3}"
211619172,"{""Old"":130,""New"":132,""Reason"":3}"
52567168,"{""Old"":167,""New"":171,""Reason"":3}"
24632559,"{""Old"":314,""New"":316,""Reason"":3}"
13827446,"{""Old"":1766,""New"":1768,""Reason"":3}"
52567168,"{""Old"":191,""New"":193,""Reason"":3}"
80920886,"{""Old"":2563,""New"":2567,""Reason"":3}"
41121780,"{""Old"":1447,""New"":1453,""Reason"":3}"
80817173,"{""Old"":1819,""New"":1831,""Reason"":3}"
40889719,"{""Old"":8963,""New"":8967,""Reason"":3}"
73311678,"{""Old"":720,""New"":722,""Reason"":3}"
48669632,"{""Old"":2970,""New"":2974,""Reason"":3}"
7460872,"{""Old"":5353,""New"":5361,""Reason"":3}"
21250520,"{""Old"":6519,""New"":6521,""Reason"":3}"
48669632,"{""Old"":2975,""New"":2977,""Reason"":3}"
34592975,"{""Old"":3789,""New"":3797,""Reason"":3}"
211385738,"{""Old"":167,""New"":169,""Reason"":3}"
9126115,"{""Old"":2371,""New"":2387,""Reason"":3}"
84101086,"{""Old"":1289,""New"":1293,""Reason"":3}"
63398241,"{""Old"":398,""New"":412,""Reason"":3}"
63398241,"{""Old"":510,""New"":512,""Reason"":3}"
7460872,"{""Old"":5349,""New"":5353,""Reason"":3}"
9126115,"{""Old"":2513,""New"":2527,""Reason"":3}"
7541238,"{""Old"":240,""New"":250,""Reason"":3}"
11610995,"{""Old"":392,""New"":396,""Reason"":3}"
13030531,"{""Old"":2232,""New"":2238,""Reason"":3}"
221229293,"{""Old"":24226,""New"":24228,""Reason"":3}"
13827446,"{""Old"":1694,""New"":1704,""Reason"":3}"
24196485,"{""Old"":155654,""New"":156336,""Reason"":3}"
28562228,"{""Old"":394,""New"":396,""Reason"":3}"
50064911,"{""Old"":4229,""New"":4235,""Reason"":3}"
218155358,"{""Old"":132065,""New"":132105,""Reason"":3}"
7460872,"{""Old"":5105,""New"":5123,""Reason"":3}"
72176930,"{""Old"":347,""New"":369,""Reason"":3}"
25225869,"{""Old"":80079,""New"":80101,""Reason"":3}"
7460872,"{""Old"":5319,""New"":5349,""Reason"":3}"
41172607,"{""Old"":100,""New"":102,""Reason"":3}"
63398241,"{""Old"":488,""New"":490,""Reason"":3}"
63398241,"{""Old"":525,""New"":531,""Reason"":3}"
11610995,"{""Old"":409,""New"":411,""Reason"":3}"
58251878,"{""Old"":3216,""New"":3222,""Reason"":3}"
56267635,"{""Old"":248,""New"":252,""Reason"":3}"
69144170,"{""Old"":976,""New"":988,""Reason"":3}"
38478123,"{""Old"":3910,""New"":3914,""Reason"":3}"
38478123,"{""Old"":4034,""New"":4036,""Reason"":3}"
38478123,"{""Old"":4039,""New"":4043,""Reason"":3}"
52567168,"{""Old"":178,""New"":186,""Reason"":3}"
73311678,"{""Old"":451,""New"":457,""Reason"":3}"
22464954,"{""Old"":2045,""New"":2049,""Reason"":3}"
48889917,"{""Old"":84,""New"":90,""Reason"":3}"
72176930,"{""Old"":235,""New"":243,""Reason"":3}"
70398912,"{""Old"":2510,""New"":2522,""Reason"":3}"
7837058,"{""Old"":650,""New"":654,""Reason"":3}"
84101086,"{""Old"":1314,""New"":1322,""Reason"":3}"
84101086,"{""Old"":1273,""New"":1283,""Reason"":3}"
72430238,"{""Old"":44,""New"":48,""Reason"":3}"
41121780,"{""Old"":1443,""New"":1447,""Reason"":3}"
34592975,"{""Old"":3732,""New"":3744,""Reason"":3}"
34592975,"{""Old"":3820,""New"":3822,""Reason"":3}"
79300480,"{""Old"":69,""New"":73,""Reason"":3}"
73903016,"{""Old"":370,""New"":372,""Reason"":3}"
73903016,"{""Old"":392,""New"":400,""Reason"":3}"
28694850,"{""Old"":151,""New"":155,""Reason"":3}"
58251878,"{""Old"":3443,""New"":3445,""Reason"":3}"
59717715,"{""Old"":184,""New"":190,""Reason"":3}"
73311678,"{""Old"":582,""New"":586,""Reason"":3}"
7541238,"{""Old"":230,""New"":238,""Reason"":3}"
24632559,"{""Old"":308,""New"":310,""Reason"":3}"
28694850,"{""Old"":134,""New"":146,""Reason"":3}"
13827446,"{""Old"":1666,""New"":1668,""Reason"":3}"
60253573,"{""Old"":8753,""New"":8761,""Reason"":3}"
60253573,"{""Old"":8789,""New"":8793,""Reason"":3}"
70398912,"{""Old"":2542,""New"":2544,""Reason"":3}"
15545255,"{""Old"":1923,""New"":1925,""Reason"":3}"
63398241,"{""Old"":462,""New"":480,""Reason"":3}"
38478123,"{""Old"":4027,""New"":4029,""Reason"":3}"
30581151,"{""Old"":2,""New"":4,""Reason"":3}"
46019951,"{""Old"":86453,""New"":86463,""Reason"":3}"
72176930,"{""Old"":413,""New"":417,""Reason"":3}"
72430238,"{""Old"":34,""New"":42,""Reason"":3}"
16258085,"{""Old"":80,""New"":84,""Reason"":3}"
65816233,"{""Old"":75,""New"":85,""Reason"":3}"
25225869,"{""Old"":82436,""New"":82442,""Reason"":3}"
73311678,"{""Old"":429,""New"":437,""Reason"":3}"
84101086,"{""Old"":1249,""New"":1263,""Reason"":3}"
73903016,"{""Old"":408,""New"":410,""Reason"":3}"
50484405,"{""Old"":2137,""New"":2141,""Reason"":3}"
13083476,"{""Old"":1804,""New"":1834,""Reason"":3}"
38478123,"{""Old"":4029,""New"":4031,""Reason"":3}"
28694850,"{""Old"":147,""New"":149,""Reason"":3}"
74426538,"{""Old"":4120,""New"":4122,""Reason"":3}"
73311678,"{""Old"":601,""New"":619,""Reason"":3}"
41172607,"{""Old"":98,""New"":100,""Reason"":3}"
50064911,"{""Old"":4249,""New"":4263,""Reason"":3}"
65816233,"{""Old"":157,""New"":177,""Reason"":3}"
58251878,"{""Old"":3279,""New"":3297,""Reason"":3}"
62146758,"{""Old"":103,""New"":115,""Reason"":3}"
60253573,"{""Old"":8725,""New"":8745,""Reason"":3}"
60253573,"{""Old"":8793,""New"":8797,""Reason"":3}"
58251878,"{""Old"":3401,""New"":3413,""Reason"":3}"
80817173,"{""Old"":1756,""New"":1760,""Reason"":3}"
38478123,"{""Old"":4013,""New"":4027,""Reason"":3}"
20621797,"{""Old"":108,""New"":112,""Reason"":3}"
13030531,"{""Old"":2225,""New"":2227,""Reason"":3}"
56267635,"{""Old"":244,""New"":246,""Reason"":3}"
75899123,"{""Old"":5270,""New"":5276,""Reason"":3}"
73903016,"{""Old"":421,""New"":423,""Reason"":3}"
80817173,"{""Old"":1783,""New"":1795,""Reason"":3}"
34592975,"{""Old"":3847,""New"":3851,""Reason"":3}"
44200952,"{""Old"":1676,""New"":1682,""Reason"":3}"
7837058,"{""Old"":654,""New"":656,""Reason"":3}"
9126115,"{""Old"":2212,""New"":2244,""Reason"":3}"
38478123,"{""Old"":3983,""New"":4001,""Reason"":3}"
87149686,"{""Old"":670,""New"":674,""Reason"":3}"
52652477,"{""Old"":1613,""New"":1629,""Reason"":3}"
73903016,"{""Old"":401,""New"":407,""Reason"":3}"
73311678,"{""Old"":672,""New"":704,""Reason"":3}"
60253573,"{""Old"":8669,""New"":8725,""Reason"":3}"
47462189,"{""Old"":2250,""New"":2272,""Reason"":3}"
80817173,"{""Old"":1835,""New"":1841,""Reason"":3}"
44050877,"{""Old"":161,""New"":163,""Reason"":3}"
24727227,"{""Old"":380,""New"":384,""Reason"":3}"
413420,"{""Old"":5470,""New"":5480,""Reason"":3}"
38137211,"{""Old"":673,""New"":675,""Reason"":3}"
72635564,"{""Old"":304,""New"":310,""Reason"":3}"
9126115,"{""Old"":2104,""New"":2116,""Reason"":3}"
7460872,"{""Old"":5047,""New"":5049,""Reason"":3}"
9126115,"{""Old"":2425,""New"":2429,""Reason"":3}"
40889719,"{""Old"":8943,""New"":8947,""Reason"":3}"
73903016,"{""Old"":441,""New"":453,""Reason"":3}"
58251878,"{""Old"":3395,""New"":3401,""Reason"":3}"
6081875,"{""Old"":216,""New"":220,""Reason"":3}"
80817173,"{""Old"":1853,""New"":1861,""Reason"":3}"
56267635,"{""Old"":286,""New"":298,""Reason"":3}"
13827446,"{""Old"":1794,""New"":1800,""Reason"":3}"
73432002,"{""Old"":599,""New"":605,""Reason"":3}"
7460872,"{""Old"":5205,""New"":5257,""Reason"":3}"
62146758,"{""Old"":89,""New"":93,""Reason"":3}"
18190867,"{""Old"":2469,""New"":2471,""Reason"":3}"
7460872,"{""Old"":5307,""New"":5315,""Reason"":3}"
7460872,"{""Old"":5257,""New"":5261,""Reason"":3}"
63398241,"{""Old"":508,""New"":510,""Reason"":3}"
9126115,"{""Old"":2098,""New"":2104,""Reason"":3}"
206190188,"{""Old"":1326,""New"":1328,""Reason"":3}"
6081875,"{""Old"":221,""New"":223,""Reason"":3}"
80817173,"{""Old"":1768,""New"":1774,""Reason"":3}"
9126115,"{""Old"":2452,""New"":2470,""Reason"":3}"
57650512,"{""Old"":502,""New"":506,""Reason"":3}"
219796247,"{""Old"":2830,""New"":2842,""Reason"":3}"
9126115,"{""Old"":2132,""New"":2134,""Reason"":3}"
7460872,"{""Old"":5315,""New"":5319,""Reason"":3}"
58251878,"{""Old"":3354,""New"":3372,""Reason"":3}"
9368915,"{""Old"":1,""New"":3,""Reason"":3}"
84101086,"{""Old"":1293,""New"":1297,""Reason"":3}"
16258085,"{""Old"":84,""New"":86,""Reason"":3}"
13827446,"{""Old"":1710,""New"":1712,""Reason"":3}"
81423562,"{""Old"":4027,""New"":4033,""Reason"":3}"
5802697,"{""Old"":6195,""New"":6209,""Reason"":3}"
70398912,"{""Old"":2529,""New"":2535,""Reason"":3}"
24729085,"{""Old"":31,""New"":33,""Reason"":3}"
73311678,"{""Old"":499,""New"":501,""Reason"":3}"
13827446,"{""Old"":1674,""New"":1676,""Reason"":3}"
34592975,"{""Old"":3750,""New"":3754,""Reason"":3}"
84101086,"{""Old"":1283,""New"":1285,""Reason"":3}"
9126115,"{""Old"":2044,""New"":2054,""Reason"":3}"
30469632,"{""Old"":57,""New"":63,""Reason"":3}"
34592975,"{""Old"":3685,""New"":3691,""Reason"":3}"
218155358,"{""Old"":127516,""New"":128190,""Reason"":3}"
6081875,"{""Old"":202,""New"":210,""Reason"":3}"
44050877,"{""Old"":190,""New"":192,""Reason"":3}"
50064911,"{""Old"":4235,""New"":4237,""Reason"":3}"
72430238,"{""Old"":23,""New"":29,""Reason"":3}"
56267635,"{""Old"":316,""New"":320,""Reason"":3}"
70398912,"{""Old"":2538,""New"":2540,""Reason"":3}"
28082637,"{""Old"":238,""New"":242,""Reason"":3}"
75835433,"{""Old"":5417,""New"":5423,""Reason"":3}"
44050877,"{""Old"":174,""New"":176,""Reason"":3}"
34592975,"{""Old"":3777,""New"":3785,""Reason"":3}"
63398241,"{""Old"":491,""New"":493,""Reason"":3}"
65816233,"{""Old"":124,""New"":134,""Reason"":3}"
44200952,"{""Old"":1670,""New"":1676,""Reason"":3}"
50064911,"{""Old"":4965,""New"":4967,""Reason"":3}"
56267635,"{""Old"":298,""New"":304,""Reason"":3}"
218155358,"{""Old"":126946,""New"":127516,""Reason"":3}"
34592975,"{""Old"":3672,""New"":3676,""Reason"":3}"
34592975,"{""Old"":3785,""New"":3789,""Reason"":3}"
34592975,"{""Old"":3714,""New"":3732,""Reason"":3}"
50064911,"{""Old"":4288,""New"":4298,""Reason"":3}"
34592975,"{""Old"":3678,""New"":3684,""Reason"":3}"
48669632,"{""Old"":2937,""New"":2941,""Reason"":3}"
50064911,"{""Old"":4327,""New"":4901,""Reason"":3}"
50064911,"{""Old"":4323,""New"":4327,""Reason"":3}"
63398241,"{""Old"":427,""New"":429,""Reason"":3}"
63398241,"{""Old"":493,""New"":499,""Reason"":3}"
7460872,"{""Old"":5287,""New"":5307,""Reason"":3}"
56267635,"{""Old"":254,""New"":256,""Reason"":3}"
50064911,"{""Old"":4304,""New"":4314,""Reason"":3}"
56267635,"{""Old"":252,""New"":254,""Reason"":3}"
56267635,"{""Old"":256,""New"":258,""Reason"":3}"
218155358,"{""Old"":126508,""New"":126946,""Reason"":3}"
60253573,"{""Old"":8761,""New"":8787,""Reason"":3}"
72176930,"{""Old"":450,""New"":452,""Reason"":3}"
41008032,"{""Old"":2838,""New"":2840,""Reason"":3}"
60253573,"{""Old"":8745,""New"":8753,""Reason"":3}"
19535546,"{""Old"":25117,""New"":25131,""Reason"":3}"
65816233,"{""Old"":92,""New"":94,""Reason"":3}"
65816233,"{""Old"":73,""New"":75,""Reason"":3}"
72176930,"{""Old"":392,""New"":394,""Reason"":3}"
63398241,"{""Old"":514,""New"":524,""Reason"":3}"
65816233,"{""Old"":60,""New"":68,""Reason"":3}"
65816233,"{""Old"":185,""New"":191,""Reason"":3}"
72176930,"{""Old"":446,""New"":450,""Reason"":3}"
65816233,"{""Old"":142,""New"":146,""Reason"":3}"
63398241,"{""Old"":413,""New"":417,""Reason"":3}"
63398241,"{""Old"":482,""New"":486,""Reason"":3}"
64795193,"{""Old"":974,""New"":976,""Reason"":3}"
44200952,"{""Old"":1660,""New"":1664,""Reason"":3}"
46074887,"{""Old"":276,""New"":280,""Reason"":3}"
7460872,"{""Old"":5261,""New"":5287,""Reason"":3}"
69483532,"{""Old"":444,""New"":446,""Reason"":3}"
63398241,"{""Old"":430,""New"":432,""Reason"":3}"
65816233,"{""Old"":105,""New"":113,""Reason"":3}"
65816233,"{""Old"":94,""New"":98,""Reason"":3}"
35355719,"{""Old"":1124,""New"":1134,""Reason"":3}"
35355719,"{""Old"":964,""New"":982,""Reason"":3}"
35355719,"{""Old"":1062,""New"":1068,""Reason"":3}"
81515075,"{""Old"":704,""New"":712,""Reason"":3}"
6868129,"{""Old"":9165,""New"":9175,""Reason"":3}"
84393747,"{""Old"":2739,""New"":2757,""Reason"":3}"
84303672,"{""Old"":16961,""New"":16963,""Reason"":3}"
81515075,"{""Old"":853,""New"":855,""Reason"":3}"
35749819,"{""Old"":1286,""New"":1308,""Reason"":3}"
35355719,"{""Old"":808,""New"":812,""Reason"":3}"
63411683,"{""Old"":859,""New"":865,""Reason"":3}"
21513924,"{""Old"":1929,""New"":1931,""Reason"":3}"
35355719,"{""Old"":891,""New"":907,""Reason"":3}"
64773850,"{""Old"":1466,""New"":1468,""Reason"":3}"
69483719,"{""Old"":165,""New"":167,""Reason"":3}"
82629288,"{""Old"":31326,""New"":31332,""Reason"":3}"
38057858,"{""Old"":3288,""New"":3292,""Reason"":3}"
46844671,"{""Old"":6308,""New"":6338,""Reason"":3}"
208769033,"{""Old"":565607,""New"":565617,""Reason"":3}"
35355719,"{""Old"":1134,""New"":1150,""Reason"":3}"
38057858,"{""Old"":3767,""New"":3769,""Reason"":3}"
35875544,"{""Old"":62263,""New"":64199,""Reason"":3}"
38057858,"{""Old"":3518,""New"":3534,""Reason"":3}"
54525546,"{""Old"":3660,""New"":3666,""Reason"":3}"
68854926,"{""Old"":1407,""New"":1409,""Reason"":3}"
82717800,"{""Old"":3809,""New"":3819,""Reason"":3}"
6921698,"{""Old"":355,""New"":359,""Reason"":3}"
82717800,"{""Old"":3691,""New"":3693,""Reason"":3}"
53138586,"{""Old"":36849,""New"":36851,""Reason"":3}"
84788448,"{""Old"":258,""New"":262,""Reason"":3}"
63411683,"{""Old"":979,""New"":995,""Reason"":3}"
44510856,"{""Old"":3142,""New"":3148,""Reason"":3}"
53138586,"{""Old"":33340,""New"":33384,""Reason"":3}"
60717927,"{""Old"":156,""New"":164,""Reason"":3}"
84303672,"{""Old"":16901,""New"":16915,""Reason"":3}"
82629288,"{""Old"":33636,""New"":33718,""Reason"":3}"
63411683,"{""Old"":778,""New"":794,""Reason"":3}"
45715010,"{""Old"":10700,""New"":10724,""Reason"":3}"
73503694,"{""Old"":3878,""New"":3884,""Reason"":3}"
56636784,"{""Old"":1272,""New"":1276,""Reason"":3}"
53138586,"{""Old"":33680,""New"":33774,""Reason"":3}"
73503694,"{""Old"":3887,""New"":3889,""Reason"":3}"
45715010,"{""Old"":10810,""New"":10822,""Reason"":3}"
81515075,"{""Old"":570,""New"":572,""Reason"":3}"
211230900,"{""Old"":1130,""New"":1142,""Reason"":3}"
73531147,"{""Old"":3997,""New"":3999,""Reason"":3}"
3712439,"{""Old"":401,""New"":403,""Reason"":3}"
84537023,"{""Old"":84,""New"":86,""Reason"":3}"
63411683,"{""Old"":834,""New"":844,""Reason"":3}"
35749819,"{""Old"":914,""New"":946,""Reason"":3}"
56636784,"{""Old"":1030,""New"":1046,""Reason"":3}"
44510856,"{""Old"":2999,""New"":3003,""Reason"":3}"
82717800,"{""Old"":3696,""New"":3700,""Reason"":3}"
19928862,"{""Old"":29693,""New"":29703,""Reason"":3}"
44510856,"{""Old"":3972,""New"":3992,""Reason"":3}"
84788448,"{""Old"":245,""New"":247,""Reason"":3}"
4665776,"{""Old"":722,""New"":724,""Reason"":3}"
211232772,"{""Old"":367,""New"":369,""Reason"":3}"
82717800,"{""Old"":3629,""New"":3631,""Reason"":3}"
6956438,"{""Old"":2143,""New"":2145,""Reason"":3}"
84788448,"{""Old"":253,""New"":255,""Reason"":3}"
44510856,"{""Old"":3006,""New"":3026,""Reason"":3}"
42743959,"{""Old"":118315,""New"":118345,""Reason"":3}"
42743959,"{""Old"":118095,""New"":118175,""Reason"":3}"
4200722,"{""Old"":82190,""New"":82192,""Reason"":3}"
70687690,"{""Old"":435,""New"":437,""Reason"":3}"
84393747,"{""Old"":2652,""New"":2656,""Reason"":3}"
70530526,"{""Old"":2256,""New"":2268,""Reason"":3}"
40700927,"{""Old"":943,""New"":959,""Reason"":3}"
81192725,"{""Old"":1442,""New"":1446,""Reason"":3}"
34659987,"{""Old"":2983,""New"":3005,""Reason"":3}"
34659987,"{""Old"":3010,""New"":3028,""Reason"":3}"
37253685,"{""Old"":484,""New"":490,""Reason"":3}"
37253685,"{""Old"":567,""New"":573,""Reason"":3}"
84303672,"{""Old"":16481,""New"":16499,""Reason"":3}"
82717800,"{""Old"":3702,""New"":3710,""Reason"":3}"
45715010,"{""Old"":10732,""New"":10756,""Reason"":3}"
6921698,"{""Old"":305,""New"":315,""Reason"":3}"
7651372,"{""Old"":5250,""New"":5300,""Reason"":3}"
44510856,"{""Old"":4469,""New"":4485,""Reason"":3}"
35355719,"{""Old"":922,""New"":932,""Reason"":3}"
38057858,"{""Old"":3473,""New"":3487,""Reason"":3}"
76302980,"{""Old"":245,""New"":249,""Reason"":3}"
44510856,"{""Old"":3031,""New"":3035,""Reason"":3}"
59586281,"{""Old"":70,""New"":72,""Reason"":3}"
81515075,"{""Old"":536,""New"":552,""Reason"":3}"
38057858,"{""Old"":3268,""New"":3272,""Reason"":3}"
38057858,"{""Old"":3273,""New"":3281,""Reason"":3}"
62293113,"{""Old"":774,""New"":778,""Reason"":3}"
35875544,"{""Old"":62153,""New"":62213,""Reason"":3}"
82629288,"{""Old"":34407,""New"":34417,""Reason"":3}"
76302980,"{""Old"":202,""New"":204,""Reason"":3}"
6956438,"{""Old"":2160,""New"":2178,""Reason"":3}"
6921698,"{""Old"":363,""New"":367,""Reason"":3}"
44510856,"{""Old"":4361,""New"":4363,""Reason"":3}"
44510856,"{""Old"":4655,""New"":4677,""Reason"":3}"
45715010,"{""Old"":11252,""New"":11266,""Reason"":3}"
76302980,"{""Old"":175,""New"":183,""Reason"":3}"
88028317,"{""Old"":285,""New"":291,""Reason"":3}"
2861503,"{""Old"":2215,""New"":2217,""Reason"":3}"
44510856,"{""Old"":2958,""New"":2970,""Reason"":3}"
6956438,"{""Old"":2145,""New"":2147,""Reason"":3}"
6921698,"{""Old"":463,""New"":481,""Reason"":3}"
6921698,"{""Old"":524,""New"":528,""Reason"":3}"
9038838,"{""Old"":177,""New"":181,""Reason"":3}"
2861503,"{""Old"":2034,""New"":2046,""Reason"":3}"
2861503,"{""Old"":2196,""New"":2208,""Reason"":3}"
44510856,"{""Old"":4032,""New"":4044,""Reason"":3}"
2861503,"{""Old"":2132,""New"":2146,""Reason"":3}"
6921698,"{""Old"":450,""New"":452,""Reason"":3}"
45715010,"{""Old"":11230,""New"":11244,""Reason"":3}"
44510856,"{""Old"":3538,""New"":3548,""Reason"":3}"
6956438,"{""Old"":2093,""New"":2097,""Reason"":3}"
76302980,"{""Old"":224,""New"":228,""Reason"":3}"
76302980,"{""Old"":159,""New"":161,""Reason"":3}"
6956438,"{""Old"":2348,""New"":2352,""Reason"":3}"
85142450,"{""Old"":58,""New"":60,""Reason"":3}"
44510856,"{""Old"":3733,""New"":3751,""Reason"":3}"
44510856,"{""Old"":3926,""New"":3956,""Reason"":3}"
7651372,"{""Old"":3700,""New"":3754,""Reason"":3}"
7651372,"{""Old"":4156,""New"":4176,""Reason"":3}"
43365752,"{""Old"":4511,""New"":4513,""Reason"":3}"
30928027,"{""Old"":1270,""New"":1278,""Reason"":3}"
45715010,"{""Old"":10757,""New"":10791,""Reason"":3}"
44510856,"{""Old"":3043,""New"":3065,""Reason"":3}"
44510856,"{""Old"":3084,""New"":3104,""Reason"":3}"
6921698,"{""Old"":263,""New"":267,""Reason"":3}"
6956438,"{""Old"":2346,""New"":2348,""Reason"":3}"
76302980,"{""Old"":242,""New"":244,""Reason"":3}"
44510856,"{""Old"":4181,""New"":4183,""Reason"":3}"
87483171,"{""Old"":788,""New"":790,""Reason"":3}"
44510856,"{""Old"":2940,""New"":2956,""Reason"":3}"
6921698,"{""Old"":172,""New"":176,""Reason"":3}"
56636784,"{""Old"":1048,""New"":1052,""Reason"":3}"
84788448,"{""Old"":242,""New"":244,""Reason"":3}"
76302980,"{""Old"":163,""New"":167,""Reason"":3}"
88028317,"{""Old"":300,""New"":302,""Reason"":3}"
6921698,"{""Old"":178,""New"":180,""Reason"":3}"
45715010,"{""Old"":10688,""New"":10700,""Reason"":3}"
70530526,"{""Old"":2253,""New"":2255,""Reason"":3}"
35749819,"{""Old"":2182,""New"":2198,""Reason"":3}"
84303672,"{""Old"":17013,""New"":17043,""Reason"":3}"
9979043,"{""Old"":667,""New"":669,""Reason"":3}"
46844671,"{""Old"":6223,""New"":6277,""Reason"":3}"
7473273,"{""Old"":220788,""New"":220816,""Reason"":3}"
73079522,"{""Old"":183,""New"":185,""Reason"":3}"
20611717,"{""Old"":292,""New"":310,""Reason"":3}"
37569323,"{""Old"":659,""New"":683,""Reason"":3}"
70687690,"{""Old"":401,""New"":409,""Reason"":3}"
83272424,"{""Old"":209,""New"":213,""Reason"":3}"
27820337,"{""Old"":24398,""New"":24400,""Reason"":3}"
3712439,"{""Old"":415,""New"":417,""Reason"":3}"
3712439,"{""Old"":420,""New"":424,""Reason"":3}"
47371397,"{""Old"":734,""New"":748,""Reason"":3}"
39479328,"{""Old"":888,""New"":892,""Reason"":3}"
82717800,"{""Old"":3637,""New"":3655,""Reason"":3}"
9907824,"{""Old"":1916,""New"":1932,""Reason"":3}"
19572786,"{""Old"":732,""New"":744,""Reason"":3}"
47420217,"{""Old"":2484,""New"":2492,""Reason"":3}"
38319980,"{""Old"":239132,""New"":239142,""Reason"":3}"
38319980,"{""Old"":239067,""New"":239079,""Reason"":3}"
73503694,"{""Old"":3885,""New"":3887,""Reason"":3}"
82717800,"{""Old"":3659,""New"":3675,""Reason"":3}"
84957257,"{""Old"":30209,""New"":30235,""Reason"":3}"
84957257,"{""Old"":30469,""New"":30479,""Reason"":3}"
61141875,"{""Old"":2208,""New"":2214,""Reason"":3}"
42743959,"{""Old"":112572,""New"":112574,""Reason"":3}"
72335177,"{""Old"":5020,""New"":5030,""Reason"":3}"
38518128,"{""Old"":3570,""New"":3578,""Reason"":3}"
208910409,"{""Old"":1678,""New"":1684,""Reason"":3}"
73531147,"{""Old"":3986,""New"":3988,""Reason"":3}"
85601968,"{""Old"":236,""New"":242,""Reason"":3}"
42743959,"{""Old"":118345,""New"":118415,""Reason"":3}"
9979043,"{""Old"":837,""New"":849,""Reason"":3}"
84303672,"{""Old"":16609,""New"":16623,""Reason"":3}"
21594855,"{""Old"":629,""New"":631,""Reason"":3}"
22980187,"{""Old"":539,""New"":543,""Reason"":3}"
36195039,"{""Old"":971,""New"":973,""Reason"":3}"
33160780,"{""Old"":28868,""New"":28870,""Reason"":3}"
38057858,"{""Old"":3509,""New"":3515,""Reason"":3}"
63411683,"{""Old"":893,""New"":899,""Reason"":3}"
63411683,"{""Old"":912,""New"":926,""Reason"":3}"
7473273,"{""Old"":220314,""New"":220326,""Reason"":3}"
18841126,"{""Old"":51216,""New"":51222,""Reason"":3}"
37250473,"{""Old"":6885,""New"":6891,""Reason"":3}"
42335801,"{""Old"":1629,""New"":1631,""Reason"":3}"
42743959,"{""Old"":112574,""New"":112584,""Reason"":3}"
43953490,"{""Old"":34019,""New"":34051,""Reason"":3}"
35355719,"{""Old"":1069,""New"":1087,""Reason"":3}"
38057858,"{""Old"":3703,""New"":3715,""Reason"":3}"
38057858,"{""Old"":3745,""New"":3749,""Reason"":3}"
37979975,"{""Old"":130,""New"":142,""Reason"":3}"
38057858,"{""Old"":3255,""New"":3261,""Reason"":3}"
9979043,"{""Old"":814,""New"":830,""Reason"":3}"
22184453,"{""Old"":5150,""New"":5182,""Reason"":3}"
35749819,"{""Old"":898,""New"":904,""Reason"":3}"
9979043,"{""Old"":558,""New"":566,""Reason"":3}"
35355719,"{""Old"":824,""New"":836,""Reason"":3}"
9979043,"{""Old"":654,""New"":658,""Reason"":3}"
82629288,"{""Old"":34195,""New"":34225,""Reason"":3}"
82629288,"{""Old"":34236,""New"":34266,""Reason"":3}"
19743643,"{""Old"":39,""New"":43,""Reason"":3}"
84957257,"{""Old"":30277,""New"":30309,""Reason"":3}"
6921698,"{""Old"":492,""New"":500,""Reason"":3}"
88028317,"{""Old"":304,""New"":316,""Reason"":3}"
8128487,"{""Old"":17819,""New"":17821,""Reason"":3}"
46707680,"{""Old"":1645,""New"":1649,""Reason"":3}"
37837221,"{""Old"":368,""New"":370,""Reason"":3}"
59176920,"{""Old"":670,""New"":674,""Reason"":3}"
44510856,"{""Old"":4345,""New"":4357,""Reason"":3}"
76302980,"{""Old"":153,""New"":157,""Reason"":3}"
34153959,"{""Old"":54,""New"":56,""Reason"":3}"
44510856,"{""Old"":3652,""New"":3708,""Reason"":3}"
44510856,"{""Old"":3832,""New"":3866,""Reason"":3}"
44510856,"{""Old"":4820,""New"":4858,""Reason"":3}"
7651372,"{""Old"":3264,""New"":3266,""Reason"":3}"
86617310,"{""Old"":181,""New"":183,""Reason"":3}"
35795613,"{""Old"":4219,""New"":4237,""Reason"":3}"
20523163,"{""Old"":704,""New"":706,""Reason"":3}"
9979043,"{""Old"":1159,""New"":1161,""Reason"":3}"
85532021,"{""Old"":24510,""New"":24838,""Reason"":3}"
60717927,"{""Old"":169,""New"":185,""Reason"":3}"
62293113,"{""Old"":746,""New"":750,""Reason"":3}"
17740321,"{""Old"":1668,""New"":1670,""Reason"":3}"
72335177,"{""Old"":5045,""New"":5049,""Reason"":3}"
62553613,"{""Old"":21305,""New"":21315,""Reason"":3}"
21304659,"{""Old"":1112,""New"":1126,""Reason"":3}"
36607525,"{""Old"":2945,""New"":2951,""Reason"":3}"
60169402,"{""Old"":2551,""New"":2563,""Reason"":3}"
38319980,"{""Old"":240198,""New"":240220,""Reason"":3}"
38319980,"{""Old"":240797,""New"":240829,""Reason"":3}"
6921698,"{""Old"":578,""New"":590,""Reason"":3}"
6921698,"{""Old"":598,""New"":602,""Reason"":3}"
6921698,"{""Old"":276,""New"":290,""Reason"":3}"
82629288,"{""Old"":34370,""New"":34382,""Reason"":3}"
56636784,"{""Old"":1246,""New"":1268,""Reason"":3}"
63411683,"{""Old"":854,""New"":858,""Reason"":3}"
70398912,"{""Old"":2703,""New"":2707,""Reason"":3}"
37979975,"{""Old"":159,""New"":165,""Reason"":3}"
6881205,"{""Old"":11448,""New"":11456,""Reason"":3}"
82629288,"{""Old"":32037,""New"":32039,""Reason"":3}"
82629288,"{""Old"":31870,""New"":31890,""Reason"":3}"
9979043,"{""Old"":1305,""New"":1319,""Reason"":3}"
9979043,"{""Old"":862,""New"":884,""Reason"":3}"
38518128,"{""Old"":3519,""New"":3523,""Reason"":3}"
41093570,"{""Old"":959,""New"":963,""Reason"":3}"
38249066,"{""Old"":2038,""New"":2054,""Reason"":3}"
33503495,"{""Old"":4393,""New"":4397,""Reason"":3}"
47842355,"{""Old"":23879,""New"":23893,""Reason"":3}"
6475871,"{""Old"":1614,""New"":1622,""Reason"":3}"
209276684,"{""Old"":361,""New"":365,""Reason"":3}"
22917348,"{""Old"":530,""New"":534,""Reason"":3}"
4665776,"{""Old"":712,""New"":722,""Reason"":3}"
208910409,"{""Old"":1785,""New"":1789,""Reason"":3}"
20344682,"{""Old"":994,""New"":1002,""Reason"":3}"
39090702,"{""Old"":13524,""New"":13526,""Reason"":3}"
61452615,"{""Old"":4713,""New"":4715,""Reason"":3}"
43195422,"{""Old"":2079,""New"":2081,""Reason"":3}"
6084170,"{""Old"":14275,""New"":14307,""Reason"":3}"
208910409,"{""Old"":1731,""New"":1737,""Reason"":3}"
62293113,"{""Old"":844,""New"":848,""Reason"":3}"
18374122,"{""Old"":4675,""New"":4689,""Reason"":3}"
35355719,"{""Old"":984,""New"":990,""Reason"":3}"
44982170,"{""Old"":2344,""New"":2354,""Reason"":3}"
82629288,"{""Old"":32051,""New"":32067,""Reason"":3}"
82629288,"{""Old"":31525,""New"":31543,""Reason"":3}"
44982170,"{""Old"":2279,""New"":2289,""Reason"":3}"
44982170,"{""Old"":2318,""New"":2322,""Reason"":3}"
83272424,"{""Old"":207,""New"":209,""Reason"":3}"
71538718,"{""Old"":2229,""New"":2237,""Reason"":3}"
38241722,"{""Old"":113,""New"":115,""Reason"":3}"
84393747,"{""Old"":2681,""New"":2711,""Reason"":3}"
62293113,"{""Old"":712,""New"":714,""Reason"":3}"
208910409,"{""Old"":1675,""New"":1677,""Reason"":3}"
62293113,"{""Old"":743,""New"":745,""Reason"":3}"
38319980,"{""Old"":240174,""New"":240194,""Reason"":3}"
9979043,"{""Old"":791,""New"":811,""Reason"":3}"
9979043,"{""Old"":1176,""New"":1182,""Reason"":3}"
19981811,"{""Old"":447515,""New"":447519,""Reason"":3}"
58147043,"{""Old"":497,""New"":507,""Reason"":3}"
33545916,"{""Old"":233,""New"":235,""Reason"":3}"
47420217,"{""Old"":3121,""New"":3125,""Reason"":3}"
29446496,"{""Old"":245,""New"":251,""Reason"":3}"
211232772,"{""Old"":346,""New"":348,""Reason"":3}"
38057858,"{""Old"":3422,""New"":3426,""Reason"":3}"
6868129,"{""Old"":9706,""New"":9712,""Reason"":3}"
35355719,"{""Old"":1157,""New"":1163,""Reason"":3}"
49993613,"{""Old"":11145,""New"":11159,""Reason"":3}"
36195039,"{""Old"":975,""New"":983,""Reason"":3}"
43694202,"{""Old"":110371,""New"":110423,""Reason"":3}"
8128487,"{""Old"":17478,""New"":17482,""Reason"":3}"
38319980,"{""Old"":241357,""New"":241437,""Reason"":3}"
38319980,"{""Old"":239100,""New"":239120,""Reason"":3}"
35875544,"{""Old"":61789,""New"":61793,""Reason"":3}"
3712439,"{""Old"":430,""New"":432,""Reason"":3}"
62293113,"{""Old"":833,""New"":835,""Reason"":3}"
62293113,"{""Old"":898,""New"":902,""Reason"":3}"
18841126,"{""Old"":51198,""New"":51210,""Reason"":3}"
6865857,"{""Old"":50171,""New"":50231,""Reason"":3}"
12243986,"{""Old"":17380,""New"":17382,""Reason"":3}"
208341661,"{""Old"":1895,""New"":1911,""Reason"":3}"
9979043,"{""Old"":898,""New"":902,""Reason"":3}"
81188234,"{""Old"":1090,""New"":1094,""Reason"":3}"
37253685,"{""Old"":551,""New"":567,""Reason"":3}"
82629288,"{""Old"":32214,""New"":32216,""Reason"":3}"
13875208,"{""Old"":251,""New"":253,""Reason"":3}"
13270858,"{""Old"":7865,""New"":7867,""Reason"":3}"
43694202,"{""Old"":110878,""New"":110932,""Reason"":3}"
8128487,"{""Old"":17715,""New"":17721,""Reason"":3}"
37837221,"{""Old"":391,""New"":393,""Reason"":3}"
62706161,"{""Old"":127,""New"":129,""Reason"":3}"
37837221,"{""Old"":598,""New"":606,""Reason"":3}"
37837221,"{""Old"":608,""New"":612,""Reason"":3}"
38319980,"{""Old"":239994,""New"":240046,""Reason"":3}"
38319980,"{""Old"":240509,""New"":240571,""Reason"":3}"
9979043,"{""Old"":1155,""New"":1157,""Reason"":3}"
49616690,"{""Old"":1214,""New"":1222,""Reason"":3}"
35749819,"{""Old"":2324,""New"":2334,""Reason"":3}"
35749819,"{""Old"":1432,""New"":1442,""Reason"":3}"
68854926,"{""Old"":1450,""New"":1452,""Reason"":3}"
70530526,"{""Old"":2274,""New"":2280,""Reason"":3}"
56336987,"{""Old"":31,""New"":33,""Reason"":3}"
9979043,"{""Old"":1082,""New"":1112,""Reason"":3}"
9979043,"{""Old"":944,""New"":948,""Reason"":3}"
82629288,"{""Old"":31463,""New"":31465,""Reason"":3}"
58147043,"{""Old"":707,""New"":709,""Reason"":3}"
13129297,"{""Old"":683,""New"":685,""Reason"":3}"
12735607,"{""Old"":27729,""New"":27733,""Reason"":3}"
201124645,"{""Old"":985,""New"":989,""Reason"":3}"
12735607,"{""Old"":27717,""New"":27719,""Reason"":3}"
12735607,"{""Old"":27725,""New"":27729,""Reason"":3}"
47420217,"{""Old"":2878,""New"":2882,""Reason"":3}"
20611717,"{""Old"":783,""New"":789,""Reason"":3}"
42743959,"{""Old"":113831,""New"":113887,""Reason"":3}"
42743959,"{""Old"":118275,""New"":118315,""Reason"":3}"
58910127,"{""Old"":3227,""New"":3249,""Reason"":3}"
73079522,"{""Old"":199,""New"":203,""Reason"":3}"
44982170,"{""Old"":2364,""New"":2366,""Reason"":3}"
201935746,"{""Old"":32,""New"":34,""Reason"":3}"
84303672,"{""Old"":16203,""New"":16207,""Reason"":3}"
82629288,"{""Old"":31455,""New"":31459,""Reason"":3}"
84303672,"{""Old"":16235,""New"":16239,""Reason"":3}"
35355719,"{""Old"":910,""New"":922,""Reason"":3}"
38057858,"{""Old"":3107,""New"":3121,""Reason"":3}"
37979975,"{""Old"":153,""New"":159,""Reason"":3}"
63411683,"{""Old"":813,""New"":823,""Reason"":3}"
13875208,"{""Old"":235,""New"":239,""Reason"":3}"
209201529,"{""Old"":437,""New"":441,""Reason"":3}"
209201529,"{""Old"":431,""New"":437,""Reason"":3}"
84957257,"{""Old"":30511,""New"":30525,""Reason"":3}"
209276684,"{""Old"":591,""New"":593,""Reason"":3}"
33545916,"{""Old"":153,""New"":155,""Reason"":3}"
38733101,"{""Old"":1164,""New"":1178,""Reason"":3}"
58147043,"{""Old"":770,""New"":782,""Reason"":3}"
47420217,"{""Old"":3116,""New"":3118,""Reason"":3}"
47420217,"{""Old"":2518,""New"":2526,""Reason"":3}"
11665893,"{""Old"":25884,""New"":26428,""Reason"":3}"
209201529,"{""Old"":423,""New"":425,""Reason"":3}"
218666368,"{""Old"":20883,""New"":20933,""Reason"":3}"
209201529,"{""Old"":366,""New"":382,""Reason"":3}"
49616690,"{""Old"":1222,""New"":1224,""Reason"":3}"
82629288,"{""Old"":34557,""New"":34567,""Reason"":3}"
84303672,"{""Old"":18199,""New"":18201,""Reason"":3}"
38057858,"{""Old"":3249,""New"":3253,""Reason"":3}"
73738957,"{""Old"":133,""New"":147,""Reason"":3}"
82629288,"{""Old"":32142,""New"":32164,""Reason"":3}"
82629288,"{""Old"":32300,""New"":32334,""Reason"":3}"
82629288,"{""Old"":32776,""New"":32796,""Reason"":3}"
34343897,"{""Old"":2886,""New"":2888,""Reason"":3}"
81515075,"{""Old"":846,""New"":850,""Reason"":3}"
81515075,"{""Old"":737,""New"":739,""Reason"":3}"
6881205,"{""Old"":11401,""New"":11403,""Reason"":3}"
20500685,"{""Old"":738,""New"":752,""Reason"":3}"
4665776,"{""Old"":751,""New"":753,""Reason"":3}"
8152682,"{""Old"":84,""New"":86,""Reason"":3}"
71538718,"{""Old"":2227,""New"":2229,""Reason"":3}"
59586281,"{""Old"":67,""New"":69,""Reason"":3}"
12301610,"{""Old"":6346,""New"":6348,""Reason"":3}"
47420217,"{""Old"":2754,""New"":2756,""Reason"":3}"
64856829,"{""Old"":110,""New"":114,""Reason"":3}"
47842355,"{""Old"":23772,""New"":23790,""Reason"":3}"
17593825,"{""Old"":2529,""New"":2543,""Reason"":3}"
218666368,"{""Old"":19636,""New"":19676,""Reason"":3}"
19021529,"{""Old"":1834,""New"":1842,""Reason"":3}"
9979043,"{""Old"":672,""New"":700,""Reason"":3}"
49616690,"{""Old"":1211,""New"":1213,""Reason"":3}"
82629288,"{""Old"":32027,""New"":32035,""Reason"":3}"
84303672,"{""Old"":16244,""New"":16246,""Reason"":3}"
82629288,"{""Old"":33216,""New"":33362,""Reason"":3}"
20611717,"{""Old"":747,""New"":771,""Reason"":3}"
20611717,"{""Old"":611,""New"":643,""Reason"":3}"
12330101,"{""Old"":18989,""New"":18995,""Reason"":3}"
47420217,"{""Old"":2992,""New"":3004,""Reason"":3}"
37837221,"{""Old"":571,""New"":573,""Reason"":3}"
38319980,"{""Old"":240698,""New"":240730,""Reason"":3}"
46432620,"{""Old"":2635,""New"":2641,""Reason"":3}"
38319980,"{""Old"":239870,""New"":239994,""Reason"":3}"
35749819,"{""Old"":1442,""New"":1486,""Reason"":3}"
70530526,"{""Old"":2232,""New"":2250,""Reason"":3}"
35749819,"{""Old"":1328,""New"":1332,""Reason"":3}"
35749819,"{""Old"":1636,""New"":1678,""Reason"":3}"
7473273,"{""Old"":223384,""New"":223390,""Reason"":3}"
9979043,"{""Old"":731,""New"":735,""Reason"":3}"
9979043,"{""Old"":579,""New"":593,""Reason"":3}"
14286191,"{""Old"":1584,""New"":1586,""Reason"":3}"
30187813,"{""Old"":3666,""New"":3672,""Reason"":3}"
18374122,"{""Old"":4546,""New"":4548,""Reason"":3}"
10107034,"{""Old"":1414,""New"":1420,""Reason"":3}"
12301610,"{""Old"":6369,""New"":6381,""Reason"":3}"
218666368,"{""Old"":19362,""New"":19378,""Reason"":3}"
218666368,"{""Old"":19450,""New"":19480,""Reason"":3}"
46432620,"{""Old"":2643,""New"":2659,""Reason"":3}"
73544911,"{""Old"":2440,""New"":2442,""Reason"":3}"
76604874,"{""Old"":658,""New"":662,""Reason"":3}"
218666368,"{""Old"":20823,""New"":20883,""Reason"":3}"
218666368,"{""Old"":19378,""New"":19424,""Reason"":3}"
47420217,"{""Old"":2862,""New"":2878,""Reason"":3}"
47420217,"{""Old"":2554,""New"":2556,""Reason"":3}"
47420217,"{""Old"":2556,""New"":2558,""Reason"":3}"
62706161,"{""Old"":137,""New"":143,""Reason"":3}"
37837221,"{""Old"":615,""New"":619,""Reason"":3}"
38319980,"{""Old"":240310,""New"":240326,""Reason"":3}"
120947546,"{""Old"":997,""New"":999,""Reason"":3}"
20500685,"{""Old"":752,""New"":756,""Reason"":3}"
14760885,"{""Old"":124,""New"":126,""Reason"":3}"
71906094,"{""Old"":1027,""New"":1029,""Reason"":3}"
209276684,"{""Old"":290,""New"":292,""Reason"":3}"
58147043,"{""Old"":598,""New"":604,""Reason"":3}"
73544911,"{""Old"":2406,""New"":2438,""Reason"":3}"
209201529,"{""Old"":388,""New"":390,""Reason"":3}"
12301610,"{""Old"":6381,""New"":6383,""Reason"":3}"
218666368,"{""Old"":20475,""New"":20537,""Reason"":3}"
218666368,"{""Old"":19104,""New"":19112,""Reason"":3}"
13129297,"{""Old"":691,""New"":699,""Reason"":3}"
201124645,"{""Old"":979,""New"":985,""Reason"":3}"
15173769,"{""Old"":449,""New"":453,""Reason"":3}"
14760885,"{""Old"":131,""New"":143,""Reason"":3}"
82350476,"{""Old"":2277,""New"":2295,""Reason"":3}"
7473273,"{""Old"":220866,""New"":220888,""Reason"":3}"
82629288,"{""Old"":31342,""New"":31344,""Reason"":3}"
84303672,"{""Old"":16425,""New"":16431,""Reason"":3}"
49993613,"{""Old"":11182,""New"":11184,""Reason"":3}"
218610415,"{""Old"":722,""New"":744,""Reason"":3}"
12664344,"{""Old"":179,""New"":183,""Reason"":3}"
23234823,"{""Old"":5142,""New"":5144,""Reason"":3}"
4665776,"{""Old"":740,""New"":748,""Reason"":3}"
32105486,"{""Old"":548,""New"":550,""Reason"":3}"
42743959,"{""Old"":115119,""New"":115179,""Reason"":3}"
41861120,"{""Old"":305,""New"":309,""Reason"":3}"
22917348,"{""Old"":572,""New"":578,""Reason"":3}"
19905536,"{""Old"":345,""New"":347,""Reason"":3}"
19905536,"{""Old"":348,""New"":352,""Reason"":3}"
209201529,"{""Old"":411,""New"":413,""Reason"":3}"
12766621,"{""Old"":190,""New"":194,""Reason"":3}"
24952300,"{""Old"":25263,""New"":25271,""Reason"":3}"
15173769,"{""Old"":458,""New"":464,""Reason"":3}"
19928862,"{""Old"":29081,""New"":29291,""Reason"":3}"
218666368,"{""Old"":19735,""New"":19761,""Reason"":3}"
218666368,"{""Old"":20974,""New"":21004,""Reason"":3}"
12664344,"{""Old"":188,""New"":190,""Reason"":3}"
218733227,"{""Old"":29879,""New"":29893,""Reason"":3}"
34592975,"{""Old"":3927,""New"":3931,""Reason"":3}"
67836518,"{""Old"":21951,""New"":21953,""Reason"":3}"
43195422,"{""Old"":2103,""New"":2107,""Reason"":3}"
14286191,"{""Old"":1594,""New"":1596,""Reason"":3}"
14286191,"{""Old"":1598,""New"":1602,""Reason"":3}"
14286191,"{""Old"":1579,""New"":1581,""Reason"":3}"
42743959,"{""Old"":118175,""New"":118275,""Reason"":3}"
42743959,"{""Old"":114899,""New"":115049,""Reason"":3}"
18374122,"{""Old"":4570,""New"":4574,""Reason"":3}"
19571076,"{""Old"":2072,""New"":2076,""Reason"":3}"
22917348,"{""Old"":536,""New"":550,""Reason"":3}"
58147043,"{""Old"":799,""New"":801,""Reason"":3}"
15173769,"{""Old"":437,""New"":443,""Reason"":3}"
38319980,"{""Old"":240152,""New"":240174,""Reason"":3}"
84957257,"{""Old"":30431,""New"":30461,""Reason"":3}"
84957257,"{""Old"":30497,""New"":30511,""Reason"":3}"
37837221,"{""Old"":468,""New"":474,""Reason"":3}"
38319980,"{""Old"":238462,""New"":238476,""Reason"":3}"
38319980,"{""Old"":238687,""New"":238689,""Reason"":3}"
38319980,"{""Old"":238823,""New"":238905,""Reason"":3}"
38319980,"{""Old"":238907,""New"":238929,""Reason"":3}"
37837221,"{""Old"":590,""New"":596,""Reason"":3}"
59176920,"{""Old"":628,""New"":640,""Reason"":3}"
37837221,"{""Old"":492,""New"":498,""Reason"":3}"
13129297,"{""Old"":685,""New"":691,""Reason"":3}"
218666368,"{""Old"":19993,""New"":20007,""Reason"":3}"
218666368,"{""Old"":20114,""New"":20150,""Reason"":3}"
13129297,"{""Old"":648,""New"":654,""Reason"":3}"
17593825,"{""Old"":2557,""New"":2563,""Reason"":3}"
218666368,"{""Old"":19912,""New"":19968,""Reason"":3}"
9979043,"{""Old"":638,""New"":650,""Reason"":3}"
9979043,"{""Old"":1325,""New"":1329,""Reason"":3}"
81192725,"{""Old"":1379,""New"":1407,""Reason"":3}"
218610415,"{""Old"":661,""New"":667,""Reason"":3}"
61141875,"{""Old"":2221,""New"":2223,""Reason"":3}"
43195422,"{""Old"":2086,""New"":2088,""Reason"":3}"
19021529,"{""Old"":1812,""New"":1826,""Reason"":3}"
18374122,"{""Old"":4581,""New"":4603,""Reason"":3}"
42743959,"{""Old"":118005,""New"":118095,""Reason"":3}"
18374122,"{""Old"":4500,""New"":4504,""Reason"":3}"
20611717,"{""Old"":715,""New"":727,""Reason"":3}"
58910127,"{""Old"":3265,""New"":3267,""Reason"":3}"
38733101,"{""Old"":1151,""New"":1163,""Reason"":3}"
8128487,"{""Old"":17741,""New"":17819,""Reason"":3}"
8128487,"{""Old"":17895,""New"":17903,""Reason"":3}"
74637935,"{""Old"":352,""New"":378,""Reason"":3}"
51096421,"{""Old"":294,""New"":296,""Reason"":3}"
53809280,"{""Old"":66,""New"":68,""Reason"":3}"
38319980,"{""Old"":240755,""New"":240797,""Reason"":3}"
37837221,"{""Old"":541,""New"":549,""Reason"":3}"
33800425,"{""Old"":795,""New"":801,""Reason"":3}"
19928862,"{""Old"":29351,""New"":29531,""Reason"":3}"
15173769,"{""Old"":429,""New"":435,""Reason"":3}"
15173769,"{""Old"":464,""New"":466,""Reason"":3}"
12330101,"{""Old"":18986,""New"":18988,""Reason"":3}"
24952300,"{""Old"":25271,""New"":25979,""Reason"":3}"
47420217,"{""Old"":2590,""New"":2596,""Reason"":3}"
47420217,"{""Old"":2643,""New"":2647,""Reason"":3}"
218666368,"{""Old"":20771,""New"":20823,""Reason"":3}"
67836518,"{""Old"":21953,""New"":21963,""Reason"":3}"
46626552,"{""Old"":758,""New"":768,""Reason"":3}"
22917348,"{""Old"":900,""New"":914,""Reason"":3}"
4394443,"{""Old"":749,""New"":769,""Reason"":3}"
32105486,"{""Old"":457,""New"":475,""Reason"":3}"
61141875,"{""Old"":2223,""New"":2227,""Reason"":3}"
12766621,"{""Old"":181,""New"":183,""Reason"":3}"
218666368,"{""Old"":19424,""New"":19450,""Reason"":3}"
17593825,"{""Old"":2521,""New"":2523,""Reason"":3}"
38319980,"{""Old"":240326,""New"":240366,""Reason"":3}"
8128487,"{""Old"":17975,""New"":17997,""Reason"":3}"
10107034,"{""Old"":1427,""New"":1431,""Reason"":3}"
218666368,"{""Old"":19677,""New"":19685,""Reason"":3}"
218666368,"{""Old"":20057,""New"":20089,""Reason"":3}"
12301610,"{""Old"":6359,""New"":6367,""Reason"":3}"
17172657,"{""Old"":3746,""New"":3752,""Reason"":3}"
17172657,"{""Old"":3574,""New"":3588,""Reason"":3}"
12664344,"{""Old"":176,""New"":178,""Reason"":3}"
20500685,"{""Old"":736,""New"":738,""Reason"":3}"
42273855,"{""Old"":2223,""New"":2225,""Reason"":3}"
42335801,"{""Old"":1624,""New"":1626,""Reason"":3}"
85219672,"{""Old"":159091,""New"":159141,""Reason"":3}"
32105486,"{""Old"":487,""New"":507,""Reason"":3}"
32105486,"{""Old"":612,""New"":630,""Reason"":3}"
22917348,"{""Old"":916,""New"":918,""Reason"":3}"
200117375,"{""Old"":794,""New"":800,""Reason"":3}"
20746522,"{""Old"":4559,""New"":4581,""Reason"":3}"
207939651,"{""Old"":2294,""New"":2298,""Reason"":3}"
13129297,"{""Old"":656,""New"":658,""Reason"":3}"
13129297,"{""Old"":668,""New"":680,""Reason"":3}"
218666368,"{""Old"":20737,""New"":20771,""Reason"":3}"
218666368,"{""Old"":21014,""New"":21024,""Reason"":3}"
10107034,"{""Old"":1438,""New"":1442,""Reason"":3}"
13129297,"{""Old"":702,""New"":708,""Reason"":3}"
218666368,"{""Old"":20537,""New"":20737,""Reason"":3}"
74637935,"{""Old"":341,""New"":345,""Reason"":3}"
13129297,"{""Old"":719,""New"":733,""Reason"":3}"
24396948,"{""Old"":966,""New"":984,""Reason"":3}"
209201529,"{""Old"":356,""New"":358,""Reason"":3}"
209201529,"{""Old"":383,""New"":387,""Reason"":3}"
209201529,"{""Old"":391,""New"":399,""Reason"":3}"
218666368,"{""Old"":21004,""New"":21014,""Reason"":3}"
218666368,"{""Old"":19580,""New"":19636,""Reason"":3}"
209201529,"{""Old"":294,""New"":296,""Reason"":3}"
218666368,"{""Old"":19865,""New"":19887,""Reason"":3}"
12664344,"{""Old"":194,""New"":210,""Reason"":3}"
27820337,"{""Old"":24405,""New"":24441,""Reason"":3}"
19571076,"{""Old"":2059,""New"":2065,""Reason"":3}"
19571076,"{""Old"":2068,""New"":2070,""Reason"":3}"
42743959,"{""Old"":116644,""New"":117176,""Reason"":3}"
41314505,"{""Old"":1468,""New"":1474,""Reason"":3}"
17641709,"{""Old"":100,""New"":102,""Reason"":3}"
4665776,"{""Old"":753,""New"":757,""Reason"":3}"
211232772,"{""Old"":354,""New"":362,""Reason"":3}"
13270858,"{""Old"":7863,""New"":7865,""Reason"":3}"
17593825,"{""Old"":2550,""New"":2554,""Reason"":3}"
13875208,"{""Old"":241,""New"":245,""Reason"":3}"
10107034,"{""Old"":1433,""New"":1437,""Reason"":3}"
218666368,"{""Old"":19786,""New"":19840,""Reason"":3}"
17593825,"{""Old"":2516,""New"":2518,""Reason"":3}"
209201529,"{""Old"":262,""New"":264,""Reason"":3}"
207939651,"{""Old"":2272,""New"":2284,""Reason"":3}"
6956438,"{""Old"":2083,""New"":2085,""Reason"":3}"
27978244,"{""Old"":880,""New"":884,""Reason"":3}"
17172657,"{""Old"":3719,""New"":3721,""Reason"":3}"
17172657,"{""Old"":3723,""New"":3737,""Reason"":3}"
22917348,"{""Old"":960,""New"":1018,""Reason"":3}"
18374122,"{""Old"":4565,""New"":4567,""Reason"":3}"
22917348,"{""Old"":684,""New"":702,""Reason"":3}"
22917348,"{""Old"":752,""New"":796,""Reason"":3}"
19571076,"{""Old"":2051,""New"":2053,""Reason"":3}"
22917348,"{""Old"":1018,""New"":1024,""Reason"":3}"
4394443,"{""Old"":770,""New"":774,""Reason"":3}"
11450019,"{""Old"":706,""New"":712,""Reason"":3}"
47420217,"{""Old"":2468,""New"":2470,""Reason"":3}"
47420217,"{""Old"":2632,""New"":2642,""Reason"":3}"
47420217,"{""Old"":2648,""New"":2650,""Reason"":3}"
36607525,"{""Old"":2939,""New"":2941,""Reason"":3}"
36607525,"{""Old"":3073,""New"":3085,""Reason"":3}"
85532021,"{""Old"":25624,""New"":25754,""Reason"":3}"
19928862,"{""Old"":29291,""New"":29351,""Reason"":3}"
19928862,"{""Old"":30035,""New"":30057,""Reason"":3}"
28505678,"{""Old"":2799,""New"":2803,""Reason"":3}"
2861503,"{""Old"":2262,""New"":2272,""Reason"":3}"
61452615,"{""Old"":4873,""New"":4879,""Reason"":3}"
211534404,"{""Old"":1204,""New"":1222,""Reason"":3}"
17172657,"{""Old"":3758,""New"":3760,""Reason"":3}"
17172657,"{""Old"":3737,""New"":3741,""Reason"":3}"
20500685,"{""Old"":728,""New"":736,""Reason"":3}"
17172657,"{""Old"":3627,""New"":3631,""Reason"":3}"
17172657,"{""Old"":3660,""New"":3664,""Reason"":3}"
17172657,"{""Old"":3557,""New"":3561,""Reason"":3}"
22917348,"{""Old"":914,""New"":916,""Reason"":3}"
36252064,"{""Old"":1705,""New"":1725,""Reason"":3}"
36252064,"{""Old"":1725,""New"":1741,""Reason"":3}"
22917348,"{""Old"":846,""New"":850,""Reason"":3}"
22917348,"{""Old"":550,""New"":552,""Reason"":3}"
22917348,"{""Old"":1024,""New"":1026,""Reason"":3}"
4665776,"{""Old"":759,""New"":761,""Reason"":3}"
218666368,"{""Old"":20934,""New"":20974,""Reason"":3}"
209201529,"{""Old"":344,""New"":356,""Reason"":3}"
38319980,"{""Old"":240060,""New"":240112,""Reason"":3}"
38319980,"{""Old"":240384,""New"":240394,""Reason"":3}"
84957257,"{""Old"":30461,""New"":30469,""Reason"":3}"
84957257,"{""Old"":30527,""New"":30533,""Reason"":3}"
47420217,"{""Old"":2449,""New"":2465,""Reason"":3}"
38319980,"{""Old"":238382,""New"":238412,""Reason"":3}"
6084170,"{""Old"":14229,""New"":14259,""Reason"":3}"
19928862,"{""Old"":29531,""New"":29573,""Reason"":3}"
17172657,"{""Old"":3567,""New"":3573,""Reason"":3}"
17172657,"{""Old"":3691,""New"":3705,""Reason"":3}"
120428557,"{""Old"":239,""New"":241,""Reason"":3}"
23234823,"{""Old"":5136,""New"":5142,""Reason"":3}"
17172657,"{""Old"":3711,""New"":3713,""Reason"":3}"
22184453,"{""Old"":6237,""New"":6327,""Reason"":3}"
21513924,"{""Old"":1941,""New"":1947,""Reason"":3}"
19928862,"{""Old"":30057,""New"":30097,""Reason"":3}"
19905536,"{""Old"":359,""New"":361,""Reason"":3}"
16045691,"{""Old"":11500,""New"":11502,""Reason"":3}"
218101067,"{""Old"":474,""New"":486,""Reason"":3}"
37693967,"{""Old"":3368,""New"":3388,""Reason"":3}"
24396948,"{""Old"":993,""New"":995,""Reason"":3}"
34553385,"{""Old"":2180,""New"":2186,""Reason"":3}"
17172657,"{""Old"":3752,""New"":3758,""Reason"":3}"
17172657,"{""Old"":3552,""New"":3554,""Reason"":3}"
17172657,"{""Old"":3607,""New"":3617,""Reason"":3}"
20500685,"{""Old"":724,""New"":728,""Reason"":3}"
32105486,"{""Old"":295,""New"":297,""Reason"":3}"
32105486,"{""Old"":398,""New"":430,""Reason"":3}"
58910127,"{""Old"":3115,""New"":3117,""Reason"":3}"
20522629,"{""Old"":1471,""New"":1473,""Reason"":3}"
18667214,"{""Old"":210,""New"":214,""Reason"":3}"
121438682,"{""Old"":1143,""New"":1147,""Reason"":3}"
47681970,"{""Old"":713,""New"":715,""Reason"":3}"
37569323,"{""Old"":688,""New"":690,""Reason"":3}"
218101067,"{""Old"":466,""New"":468,""Reason"":3}"
16319032,"{""Old"":4033,""New"":4037,""Reason"":3}"
37693967,"{""Old"":3390,""New"":3402,""Reason"":3}"
37693967,"{""Old"":3361,""New"":3363,""Reason"":3}"
17593825,"{""Old"":2367,""New"":2373,""Reason"":3}"
207939651,"{""Old"":2287,""New"":2289,""Reason"":3}"
37693967,"{""Old"":3343,""New"":3359,""Reason"":3}"
8128487,"{""Old"":17635,""New"":17639,""Reason"":3}"
60045629,"{""Old"":201,""New"":203,""Reason"":3}"
43694202,"{""Old"":110710,""New"":110784,""Reason"":3}"
34553385,"{""Old"":2186,""New"":2188,""Reason"":3}"
32105486,"{""Old"":592,""New"":600,""Reason"":3}"
4665776,"{""Old"":749,""New"":751,""Reason"":3}"
202721668,"{""Old"":749,""New"":753,""Reason"":3}"
22917348,"{""Old"":524,""New"":530,""Reason"":3}"
121412293,"{""Old"":846,""New"":850,""Reason"":3}"
121412293,"{""Old"":851,""New"":853,""Reason"":3}"
17791451,"{""Old"":36,""New"":40,""Reason"":3}"
27978244,"{""Old"":850,""New"":852,""Reason"":3}"
22184453,"{""Old"":5569,""New"":5641,""Reason"":3}"
22184453,"{""Old"":5892,""New"":6022,""Reason"":3}"
22184453,"{""Old"":5741,""New"":5867,""Reason"":3}"
120428557,"{""Old"":203,""New"":205,""Reason"":3}"
46707680,"{""Old"":1641,""New"":1643,""Reason"":3}"
13129297,"{""Old"":715,""New"":717,""Reason"":3}"
218666368,"{""Old"":21024,""New"":21026,""Reason"":3}"
218101067,"{""Old"":458,""New"":466,""Reason"":3}"
21513924,"{""Old"":1952,""New"":1962,""Reason"":3}"
21513924,"{""Old"":1939,""New"":1941,""Reason"":3}"
21084471,"{""Old"":536,""New"":538,""Reason"":3}"
209201529,"{""Old"":272,""New"":286,""Reason"":3}"
209201529,"{""Old"":264,""New"":270,""Reason"":3}"
18374122,"{""Old"":4520,""New"":4532,""Reason"":3}"
71538718,"{""Old"":2187,""New"":2203,""Reason"":3}"
32105486,"{""Old"":630,""New"":632,""Reason"":3}"
41492715,"{""Old"":1429,""New"":1431,""Reason"":3}"
41492715,"{""Old"":1431,""New"":1443,""Reason"":3}"
17172657,"{""Old"":3643,""New"":3653,""Reason"":3}"
22184453,"{""Old"":6197,""New"":6237,""Reason"":3}"
17757619,"{""Old"":28145,""New"":28157,""Reason"":3}"
38249066,"{""Old"":2092,""New"":2106,""Reason"":3}"
60169402,"{""Old"":2541,""New"":2543,""Reason"":3}"
28505678,"{""Old"":2812,""New"":2818,""Reason"":3}"
21084471,"{""Old"":520,""New"":522,""Reason"":3}"
21084471,"{""Old"":538,""New"":540,""Reason"":3}"
207939651,"{""Old"":2290,""New"":2292,""Reason"":3}"
207939651,"{""Old"":2262,""New"":2266,""Reason"":3}"
21084471,"{""Old"":420,""New"":434,""Reason"":3}"
21084471,"{""Old"":522,""New"":532,""Reason"":3}"
72335177,"{""Old"":5031,""New"":5033,""Reason"":3}"
17641709,"{""Old"":103,""New"":111,""Reason"":3}"
17791451,"{""Old"":22,""New"":24,""Reason"":3}"
19642365,"{""Old"":501,""New"":507,""Reason"":3}"
202721668,"{""Old"":739,""New"":741,""Reason"":3}"
20746522,"{""Old"":4581,""New"":4585,""Reason"":3}"
27978244,"{""Old"":852,""New"":870,""Reason"":3}"
120428557,"{""Old"":218,""New"":238,""Reason"":3}"
22184453,"{""Old"":6380,""New"":8470,""Reason"":3}"
14584161,"{""Old"":669,""New"":671,""Reason"":3}"
17172657,"{""Old"":3668,""New"":3672,""Reason"":3}"
20979216,"{""Old"":368,""New"":370,""Reason"":3}"
211230900,"{""Old"":1391,""New"":1403,""Reason"":3}"
17172657,"{""Old"":3674,""New"":3690,""Reason"":3}"
19928862,"{""Old"":30198,""New"":30208,""Reason"":3}"
21084471,"{""Old"":414,""New"":420,""Reason"":3}"
21852487,"{""Old"":292,""New"":296,""Reason"":3}"
6921698,"{""Old"":46,""New"":50,""Reason"":3}"
10107034,"{""Old"":1444,""New"":1446,""Reason"":3}"
37693967,"{""Old"":3404,""New"":3406,""Reason"":3}"
21084471,"{""Old"":532,""New"":534,""Reason"":3}"
207939651,"{""Old"":2257,""New"":2261,""Reason"":3}"
218101067,"{""Old"":456,""New"":458,""Reason"":3}"
68299606,"{""Old"":662,""New"":674,""Reason"":3}"
67737880,"{""Old"":2813,""New"":2815,""Reason"":3}"
41492715,"{""Old"":1397,""New"":1425,""Reason"":3}"
13173406,"{""Old"":4799,""New"":4857,""Reason"":3}"
61452615,"{""Old"":4830,""New"":4848,""Reason"":3}"
43582178,"{""Old"":816,""New"":822,""Reason"":3}"
27801143,"{""Old"":2951,""New"":2963,""Reason"":3}"
21084471,"{""Old"":510,""New"":520,""Reason"":3}"
209201529,"{""Old"":305,""New"":311,""Reason"":3}"
21084471,"{""Old"":460,""New"":488,""Reason"":3}"
21084471,"{""Old"":408,""New"":414,""Reason"":3}"
21084471,"{""Old"":434,""New"":450,""Reason"":3}"
201518206,"{""Old"":2541,""New"":2543,""Reason"":3}"
19928862,"{""Old"":21565,""New"":21669,""Reason"":3}"
45715010,"{""Old"":11358,""New"":11364,""Reason"":3}"
21852487,"{""Old"":327,""New"":339,""Reason"":3}"
21084471,"{""Old"":508,""New"":510,""Reason"":3}"
16152700,"{""Old"":18175,""New"":18181,""Reason"":3}"
19750058,"{""Old"":982,""New"":984,""Reason"":3}"
19928862,"{""Old"":19236,""New"":19268,""Reason"":3}"
19928862,"{""Old"":21719,""New"":21819,""Reason"":3}"
19928862,"{""Old"":21493,""New"":21565,""Reason"":3}"
27389129,"{""Old"":207,""New"":209,""Reason"":3}"
19928862,"{""Old"":22071,""New"":22091,""Reason"":3}"
19928862,"{""Old"":21005,""New"":21245,""Reason"":3}"
27389129,"{""Old"":209,""New"":213,""Reason"":3}"
36252064,"{""Old"":1675,""New"":1705,""Reason"":3}"
13173406,"{""Old"":5880,""New"":5910,""Reason"":3}"
10091853,"{""Old"":193,""New"":201,""Reason"":3}"
13173406,"{""Old"":4779,""New"":4799,""Reason"":3}"
13173406,"{""Old"":4935,""New"":4957,""Reason"":3}"
13173406,"{""Old"":5015,""New"":5017,""Reason"":3}"
16391102,"{""Old"":2057,""New"":2061,""Reason"":3}"
121438682,"{""Old"":1138,""New"":1142,""Reason"":3}"
121412293,"{""Old"":841,""New"":845,""Reason"":3}"
42743959,"{""Old"":115049,""New"":115119,""Reason"":3}"
212466458,"{""Old"":551,""New"":557,""Reason"":3}"
72335177,"{""Old"":5033,""New"":5045,""Reason"":3}"
4665776,"{""Old"":725,""New"":731,""Reason"":3}"
4394443,"{""Old"":743,""New"":745,""Reason"":3}"
211230900,"{""Old"":1385,""New"":1391,""Reason"":3}"
17172657,"{""Old"":3600,""New"":3606,""Reason"":3}"
17172657,"{""Old"":3620,""New"":3626,""Reason"":3}"
17172657,"{""Old"":3547,""New"":3549,""Reason"":3}"
211045909,"{""Old"":51,""New"":53,""Reason"":3}"
120428557,"{""Old"":214,""New"":216,""Reason"":3}"
33545916,"{""Old"":155,""New"":171,""Reason"":3}"
33545916,"{""Old"":187,""New"":189,""Reason"":3}"
34700327,"{""Old"":12238,""New"":12246,""Reason"":3}"
68299606,"{""Old"":633,""New"":639,""Reason"":3}"
201518206,"{""Old"":2539,""New"":2541,""Reason"":3}"
21513924,"{""Old"":1895,""New"":1897,""Reason"":3}"
21084471,"{""Old"":458,""New"":460,""Reason"":3}"
209201529,"{""Old"":299,""New"":303,""Reason"":3}"
38249066,"{""Old"":2112,""New"":2136,""Reason"":3}"
200117375,"{""Old"":748,""New"":750,""Reason"":3}"
14269055,"{""Old"":120,""New"":122,""Reason"":3}"
71538718,"{""Old"":2204,""New"":2208,""Reason"":3}"
200117375,"{""Old"":881,""New"":883,""Reason"":3}"
13173406,"{""Old"":6002,""New"":6030,""Reason"":3}"
12243986,"{""Old"":17393,""New"":17849,""Reason"":3}"
124010515,"{""Old"":1171,""New"":1173,""Reason"":3}"
200117375,"{""Old"":849,""New"":855,""Reason"":3}"
14269055,"{""Old"":124,""New"":128,""Reason"":3}"
202721668,"{""Old"":712,""New"":716,""Reason"":3}"
200117375,"{""Old"":883,""New"":895,""Reason"":3}"
204513086,"{""Old"":1018,""New"":1032,""Reason"":3}"
200117375,"{""Old"":857,""New"":881,""Reason"":3}"
20325501,"{""Old"":1289,""New"":1295,""Reason"":3}"
13173406,"{""Old"":5652,""New"":5752,""Reason"":3}"
13173406,"{""Old"":5752,""New"":5832,""Reason"":3}"
17172657,"{""Old"":3633,""New"":3641,""Reason"":3}"
13173406,"{""Old"":5023,""New"":5025,""Reason"":3}"
13173406,"{""Old"":4608,""New"":4642,""Reason"":3}"
13173406,"{""Old"":5832,""New"":5880,""Reason"":3}"
13173406,"{""Old"":4065,""New"":4067,""Reason"":3}"
124010515,"{""Old"":1165,""New"":1171,""Reason"":3}"
123784040,"{""Old"":440,""New"":442,""Reason"":3}"
208769033,"{""Old"":553575,""New"":553609,""Reason"":3}"
208769033,"{""Old"":553984,""New"":554018,""Reason"":3}"
208769033,"{""Old"":555290,""New"":555620,""Reason"":3}"
19928862,"{""Old"":30138,""New"":30188,""Reason"":3}"
34700327,"{""Old"":12262,""New"":12264,""Reason"":3}"
60045629,"{""Old"":194,""New"":198,""Reason"":3}"
58147043,"{""Old"":742,""New"":750,""Reason"":3}"
37693967,"{""Old"":3402,""New"":3404,""Reason"":3}"
16152700,"{""Old"":18162,""New"":18166,""Reason"":3}"
19572786,"{""Old"":670,""New"":718,""Reason"":3}"
15948147,"{""Old"":80,""New"":82,""Reason"":3}"
218101067,"{""Old"":468,""New"":474,""Reason"":3}"
13173406,"{""Old"":5946,""New"":5962,""Reason"":3}"
16391102,"{""Old"":2065,""New"":2069,""Reason"":3}"
13173406,"{""Old"":4921,""New"":4935,""Reason"":3}"
13173406,"{""Old"":4067,""New"":4113,""Reason"":3}"
13173406,"{""Old"":4488,""New"":4554,""Reason"":3}"
18667214,"{""Old"":208,""New"":210,""Reason"":3}"
202721668,"{""Old"":770,""New"":772,""Reason"":3}"
12243986,"{""Old"":17368,""New"":17380,""Reason"":3}"
10091853,"{""Old"":174,""New"":180,""Reason"":3}"
58380615,"{""Old"":2106,""New"":2112,""Reason"":3}"
13173406,"{""Old"":4250,""New"":4270,""Reason"":3}"
124010515,"{""Old"":1181,""New"":1183,""Reason"":3}"
13173406,"{""Old"":4344,""New"":4436,""Reason"":3}"
13173406,"{""Old"":5017,""New"":5023,""Reason"":3}"
13173406,"{""Old"":4857,""New"":4921,""Reason"":3}"
13173406,"{""Old"":4989,""New"":4995,""Reason"":3}"
13173406,"{""Old"":4723,""New"":4779,""Reason"":3}"
12714938,"{""Old"":397,""New"":399,""Reason"":3}"
13173406,"{""Old"":4977,""New"":4989,""Reason"":3}"
13173406,"{""Old"":5988,""New"":6002,""Reason"":3}"
19642365,"{""Old"":521,""New"":525,""Reason"":3}"
43195422,"{""Old"":2061,""New"":2075,""Reason"":3}"
208769033,"{""Old"":564453,""New"":564571,""Reason"":3}"
208769033,"{""Old"":565079,""New"":565231,""Reason"":3}"
27801143,"{""Old"":3511,""New"":3525,""Reason"":3}"
208769033,"{""Old"":551815,""New"":551825,""Reason"":3}"
208769033,"{""Old"":565527,""New"":565607,""Reason"":3}"
208769033,"{""Old"":551739,""New"":551765,""Reason"":3}"
208769033,"{""Old"":565231,""New"":565251,""Reason"":3}"
44200952,"{""Old"":1789,""New"":1791,""Reason"":3}"
11006597,"{""Old"":365,""New"":371,""Reason"":3}"
19928862,"{""Old"":23156,""New"":23344,""Reason"":3}"
56636784,"{""Old"":1188,""New"":1214,""Reason"":3}"
209276684,"{""Old"":350,""New"":354,""Reason"":3}"
14269055,"{""Old"":117,""New"":119,""Reason"":3}"
202721668,"{""Old"":754,""New"":770,""Reason"":3}"
12938543,"{""Old"":1591,""New"":1603,""Reason"":3}"
12243986,"{""Old"":17387,""New"":17393,""Reason"":3}"
13173406,"{""Old"":4180,""New"":4208,""Reason"":3}"
13173406,"{""Old"":4995,""New"":5015,""Reason"":3}"
124010515,"{""Old"":1334,""New"":1344,""Reason"":3}"
12243986,"{""Old"":17383,""New"":17387,""Reason"":3}"
11635777,"{""Old"":372,""New"":374,""Reason"":3}"
124010515,"{""Old"":1316,""New"":1328,""Reason"":3}"
10091853,"{""Old"":201,""New"":203,""Reason"":3}"
14269055,"{""Old"":128,""New"":130,""Reason"":3}"
21594855,"{""Old"":620,""New"":628,""Reason"":3}"
207753961,"{""Old"":200,""New"":204,""Reason"":3}"
22184453,"{""Old"":6327,""New"":6379,""Reason"":3}"
19743643,"{""Old"":56,""New"":58,""Reason"":3}"
208769033,"{""Old"":565497,""New"":565527,""Reason"":3}"
11006597,"{""Old"":357,""New"":365,""Reason"":3}"
11006597,"{""Old"":377,""New"":379,""Reason"":3}"
218649505,"{""Old"":516,""New"":518,""Reason"":3}"
33545916,"{""Old"":181,""New"":185,""Reason"":3}"
36607525,"{""Old"":3089,""New"":3101,""Reason"":3}"
6921698,"{""Old"":42,""New"":44,""Reason"":3}"
13173406,"{""Old"":5025,""New"":5027,""Reason"":3}"
124010515,"{""Old"":1089,""New"":1127,""Reason"":3}"
10091853,"{""Old"":187,""New"":189,""Reason"":3}"
124010515,"{""Old"":1208,""New"":1246,""Reason"":3}"
124010515,"{""Old"":1312,""New"":1316,""Reason"":3}"
123784040,"{""Old"":437,""New"":439,""Reason"":3}"
124010515,"{""Old"":1061,""New"":1089,""Reason"":3}"
18153003,"{""Old"":270,""New"":288,""Reason"":3}"
16391102,"{""Old"":2062,""New"":2064,""Reason"":3}"
123784040,"{""Old"":424,""New"":436,""Reason"":3}"
124010515,"{""Old"":1328,""New"":1334,""Reason"":3}"
121438682,"{""Old"":1120,""New"":1128,""Reason"":3}"
200117375,"{""Old"":855,""New"":857,""Reason"":3}"
28694850,"{""Old"":748,""New"":750,""Reason"":3}"
30715919,"{""Old"":3487,""New"":3493,""Reason"":3}"
208769033,"{""Old"":551103,""New"":551259,""Reason"":3}"
208769033,"{""Old"":551371,""New"":551421,""Reason"":3}"
81470453,"{""Old"":953,""New"":969,""Reason"":3}"
208769033,"{""Old"":564437,""New"":564453,""Reason"":3}"
81470453,"{""Old"":998,""New"":1012,""Reason"":3}"
208769033,"{""Old"":564783,""New"":564969,""Reason"":3}"
81470453,"{""Old"":983,""New"":985,""Reason"":3}"
208032196,"{""Old"":293,""New"":295,""Reason"":3}"
47012685,"{""Old"":4059,""New"":4073,""Reason"":3}"
21143559,"{""Old"":1421,""New"":1425,""Reason"":3}"
5608223,"{""Old"":55,""New"":59,""Reason"":3}"
19928862,"{""Old"":19643,""New"":19943,""Reason"":3}"
11096634,"{""Old"":1823,""New"":1841,""Reason"":3}"
11096634,"{""Old"":2050,""New"":2062,""Reason"":3}"
13325040,"{""Old"":564,""New"":566,""Reason"":3}"
12259144,"{""Old"":4633,""New"":4639,""Reason"":3}"
19928862,"{""Old"":20275,""New"":21005,""Reason"":3}"
19928862,"{""Old"":19493,""New"":19643,""Reason"":3}"
19928862,"{""Old"":21981,""New"":22071,""Reason"":3}"
13173406,"{""Old"":4961,""New"":4977,""Reason"":3}"
208910409,"{""Old"":1793,""New"":1795,""Reason"":3}"
218110198,"{""Old"":1655,""New"":1663,""Reason"":3}"
121144107,"{""Old"":499,""New"":501,""Reason"":3}"
19642365,"{""Old"":516,""New"":520,""Reason"":3}"
36252064,"{""Old"":1652,""New"":1666,""Reason"":3}"
20522629,"{""Old"":1474,""New"":1494,""Reason"":3}"
28694850,"{""Old"":713,""New"":719,""Reason"":3}"
36252064,"{""Old"":1622,""New"":1638,""Reason"":3}"
12346315,"{""Old"":13832,""New"":13844,""Reason"":3}"
121144107,"{""Old"":483,""New"":499,""Reason"":3}"
12938543,"{""Old"":1609,""New"":1617,""Reason"":3}"
32101526,"{""Old"":6384,""New"":6400,""Reason"":3}"
81470453,"{""Old"":945,""New"":953,""Reason"":3}"
209276684,"{""Old"":322,""New"":338,""Reason"":3}"
43694202,"{""Old"":109993,""New"":109997,""Reason"":3}"
8128487,"{""Old"":17541,""New"":17547,""Reason"":3}"
8128487,"{""Old"":17721,""New"":17741,""Reason"":3}"
8128487,"{""Old"":18013,""New"":18057,""Reason"":3}"
33545916,"{""Old"":171,""New"":173,""Reason"":3}"
209276684,"{""Old"":356,""New"":360,""Reason"":3}"
15948147,"{""Old"":57,""New"":63,""Reason"":3}"
8128487,"{""Old"":17639,""New"":17663,""Reason"":3}"
23814762,"{""Old"":2063,""New"":2075,""Reason"":3}"
15948147,"{""Old"":64,""New"":66,""Reason"":3}"
19572786,"{""Old"":664,""New"":670,""Reason"":3}"
20746522,"{""Old"":4585,""New"":4587,""Reason"":3}"
207753961,"{""Old"":205,""New"":217,""Reason"":3}"
12346315,"{""Old"":13942,""New"":13956,""Reason"":3}"
12346315,"{""Old"":13916,""New"":13942,""Reason"":3}"
124010515,"{""Old"":1177,""New"":1179,""Reason"":3}"
36252064,"{""Old"":1444,""New"":1480,""Reason"":3}"
212466458,"{""Old"":547,""New"":549,""Reason"":3}"
20746522,"{""Old"":4587,""New"":4591,""Reason"":3}"
19738598,"{""Old"":88,""New"":90,""Reason"":3}"
208769033,"{""Old"":551259,""New"":551341,""Reason"":3}"
208769033,"{""Old"":565401,""New"":565435,""Reason"":3}"
208769033,"{""Old"":556020,""New"":563162,""Reason"":3}"
32101526,"{""Old"":6366,""New"":6370,""Reason"":3}"
48669632,"{""Old"":3231,""New"":3281,""Reason"":3}"
27801143,"{""Old"":3495,""New"":3499,""Reason"":3}"
218610415,"{""Old"":716,""New"":722,""Reason"":3}"
14817824,"{""Old"":1898,""New"":1906,""Reason"":3}"
80238063,"{""Old"":63,""New"":83,""Reason"":3}"
21513924,"{""Old"":1877,""New"":1885,""Reason"":3}"
208440716,"{""Old"":118,""New"":132,""Reason"":3}"
60169402,"{""Old"":2509,""New"":2531,""Reason"":3}"
21084471,"{""Old"":327,""New"":389,""Reason"":3}"
19928862,"{""Old"":21909,""New"":21981,""Reason"":3}"
19928862,"{""Old"":21889,""New"":21909,""Reason"":3}"
8128487,"{""Old"":18148,""New"":18176,""Reason"":3}"
8128487,"{""Old"":18057,""New"":18081,""Reason"":3}"
58147043,"{""Old"":559,""New"":561,""Reason"":3}"
21513924,"{""Old"":1897,""New"":1923,""Reason"":3}"
21852487,"{""Old"":297,""New"":299,""Reason"":3}"
21084471,"{""Old"":488,""New"":508,""Reason"":3}"
21513924,"{""Old"":1863,""New"":1875,""Reason"":3}"
48056970,"{""Old"":29078,""New"":29086,""Reason"":3}"
19928862,"{""Old"":21869,""New"":21889,""Reason"":3}"
19928862,"{""Old"":25309,""New"":26085,""Reason"":3}"
2861503,"{""Old"":1996,""New"":2010,""Reason"":3}"
218655117,"{""Old"":859,""New"":863,""Reason"":3}"
21889185,"{""Old"":421,""New"":429,""Reason"":3}"
208769033,"{""Old"":565283,""New"":565303,""Reason"":3}"
208769033,"{""Old"":565435,""New"":565497,""Reason"":3}"
208769033,"{""Old"":551341,""New"":551371,""Reason"":3}"
208769033,"{""Old"":551431,""New"":551451,""Reason"":3}"
208769033,"{""Old"":554543,""New"":554615,""Reason"":3}"
21889185,"{""Old"":411,""New"":419,""Reason"":3}"
21304659,"{""Old"":1132,""New"":1142,""Reason"":3}"
22467927,"{""Old"":14,""New"":16,""Reason"":3}"
13173406,"{""Old"":4957,""New"":4961,""Reason"":3}"
12938543,"{""Old"":1604,""New"":1608,""Reason"":3}"
12714938,"{""Old"":420,""New"":436,""Reason"":3}"
124010515,"{""Old"":1127,""New"":1131,""Reason"":3}"
13173406,"{""Old"":5910,""New"":5946,""Reason"":3}"
13173406,"{""Old"":6030,""New"":6034,""Reason"":3}"
124010515,"{""Old"":1151,""New"":1165,""Reason"":3}"
124010515,"{""Old"":1131,""New"":1151,""Reason"":3}"
124010515,"{""Old"":1278,""New"":1312,""Reason"":3}"
200117375,"{""Old"":801,""New"":835,""Reason"":3}"
36252064,"{""Old"":1530,""New"":1566,""Reason"":3}"
71538718,"{""Old"":2209,""New"":2211,""Reason"":3}"
202721668,"{""Old"":716,""New"":732,""Reason"":3}"
54503421,"{""Old"":2126,""New"":2128,""Reason"":3}"
21084471,"{""Old"":450,""New"":458,""Reason"":3}"
44510856,"{""Old"":3465,""New"":3471,""Reason"":3}"
44510856,"{""Old"":3238,""New"":3246,""Reason"":3}"
54503421,"{""Old"":2133,""New"":2137,""Reason"":3}"
218666368,"{""Old"":19005,""New"":19009,""Reason"":3}"
218101067,"{""Old"":444,""New"":456,""Reason"":3}"
58147043,"{""Old"":562,""New"":582,""Reason"":3}"
33545916,"{""Old"":185,""New"":187,""Reason"":3}"
208769033,"{""Old"":551623,""New"":551633,""Reason"":3}"
47012685,"{""Old"":4081,""New"":4093,""Reason"":3}"
47012685,"{""Old"":4097,""New"":4143,""Reason"":3}"
81470453,"{""Old"":939,""New"":941,""Reason"":3}"
81470453,"{""Old"":1012,""New"":1022,""Reason"":3}"
208769033,"{""Old"":565355,""New"":565401,""Reason"":3}"
19738598,"{""Old"":91,""New"":95,""Reason"":3}"
12714938,"{""Old"":412,""New"":420,""Reason"":3}"
12714938,"{""Old"":437,""New"":447,""Reason"":3}"
28694850,"{""Old"":755,""New"":757,""Reason"":3}"
28694850,"{""Old"":776,""New"":782,""Reason"":3}"
121412293,"{""Old"":826,""New"":834,""Reason"":3}"
121144107,"{""Old"":505,""New"":509,""Reason"":3}"
18841126,"{""Old"":50484,""New"":50494,""Reason"":3}"
23814762,"{""Old"":2081,""New"":2083,""Reason"":3}"
36607525,"{""Old"":3021,""New"":3051,""Reason"":3}"
43617762,"{""Old"":2078,""New"":2082,""Reason"":3}"
19928862,"{""Old"":27195,""New"":27877,""Reason"":3}"
38249066,"{""Old"":1767,""New"":1769,""Reason"":3}"
21852487,"{""Old"":340,""New"":344,""Reason"":3}"
36607525,"{""Old"":2894,""New"":2912,""Reason"":3}"
19928862,"{""Old"":30188,""New"":30198,""Reason"":3}"
19572786,"{""Old"":754,""New"":756,""Reason"":3}"
38249066,"{""Old"":1878,""New"":1888,""Reason"":3}"
38249066,"{""Old"":2161,""New"":2163,""Reason"":3}"
8128487,"{""Old"":17920,""New"":17932,""Reason"":3}"
58147043,"{""Old"":594,""New"":596,""Reason"":3}"
87250886,"{""Old"":1064,""New"":1066,""Reason"":3}"
28498050,"{""Old"":164,""New"":168,""Reason"":3}"
35795613,"{""Old"":4244,""New"":4246,""Reason"":3}"
208032196,"{""Old"":266,""New"":272,""Reason"":3}"
61658100,"{""Old"":3372,""New"":3386,""Reason"":3}"
61658100,"{""Old"":3389,""New"":3395,""Reason"":3}"
21889185,"{""Old"":419,""New"":421,""Reason"":3}"
62773054,"{""Old"":77,""New"":79,""Reason"":3}"
22917348,"{""Old"":628,""New"":634,""Reason"":3}"
12346315,"{""Old"":13872,""New"":13886,""Reason"":3}"
208032196,"{""Old"":299,""New"":301,""Reason"":3}"
12938543,"{""Old"":1574,""New"":1576,""Reason"":3}"
36252064,"{""Old"":1581,""New"":1609,""Reason"":3}"
202721668,"{""Old"":744,""New"":746,""Reason"":3}"
20606266,"{""Old"":4430,""New"":4438,""Reason"":3}"
22917348,"{""Old"":566,""New"":572,""Reason"":3}"
36252064,"{""Old"":1351,""New"":1363,""Reason"":3}"
124010515,"{""Old"":1261,""New"":1267,""Reason"":3}"
11006597,"{""Old"":331,""New"":347,""Reason"":3}"
13438747,"{""Old"":152,""New"":154,""Reason"":3}"
13438747,"{""Old"":233,""New"":235,""Reason"":3}"
23814762,"{""Old"":2096,""New"":2098,""Reason"":3}"
23814762,"{""Old"":2090,""New"":2094,""Reason"":3}"
218655117,"{""Old"":893,""New"":895,""Reason"":3}"
56636784,"{""Old"":1214,""New"":1242,""Reason"":3}"
2861503,"{""Old"":1985,""New"":1995,""Reason"":3}"
16391114,"{""Old"":2848,""New"":2850,""Reason"":3}"
21852487,"{""Old"":308,""New"":326,""Reason"":3}"
21084471,"{""Old"":534,""New"":536,""Reason"":3}"
208769033,"{""Old"":551709,""New"":551739,""Reason"":3}"
208769033,"{""Old"":564571,""New"":564783,""Reason"":3}"
27801143,"{""Old"":3677,""New"":3681,""Reason"":3}"
218610415,"{""Old"":608,""New"":614,""Reason"":3}"
298627,"{""Old"":720,""New"":724,""Reason"":3}"
13173406,"{""Old"":4661,""New"":4723,""Reason"":3}"
13173406,"{""Old"":5962,""New"":5988,""Reason"":3}"
36252064,"{""Old"":1423,""New"":1433,""Reason"":3}"
206035544,"{""Old"":23,""New"":25,""Reason"":3}"
11450019,"{""Old"":667,""New"":669,""Reason"":3}"
19642365,"{""Old"":494,""New"":500,""Reason"":3}"
26912227,"{""Old"":2920,""New"":2922,""Reason"":3}"
11006597,"{""Old"":380,""New"":384,""Reason"":3}"
19928862,"{""Old"":21669,""New"":21719,""Reason"":3}"
44510856,"{""Old"":3403,""New"":3413,""Reason"":3}"
31351678,"{""Old"":188,""New"":190,""Reason"":3}"
53293406,"{""Old"":12750,""New"":12752,""Reason"":3}"
208769033,"{""Old"":565281,""New"":565283,""Reason"":3}"
35795613,"{""Old"":4266,""New"":4288,""Reason"":3}"
61658100,"{""Old"":3399,""New"":3403,""Reason"":3}"
20344682,"{""Old"":1006,""New"":1012,""Reason"":3}"
208769033,"{""Old"":551689,""New"":551709,""Reason"":3}"
208032196,"{""Old"":287,""New"":289,""Reason"":3}"
30715919,"{""Old"":3473,""New"":3485,""Reason"":3}"
18841126,"{""Old"":50790,""New"":50828,""Reason"":3}"
12938543,"{""Old"":1585,""New"":1591,""Reason"":3}"
18153003,"{""Old"":249,""New"":253,""Reason"":3}"
18841126,"{""Old"":50717,""New"":50729,""Reason"":3}"
18841126,"{""Old"":50758,""New"":50772,""Reason"":3}"
14269055,"{""Old"":132,""New"":134,""Reason"":3}"
218177032,"{""Old"":140,""New"":142,""Reason"":3}"
18841126,"{""Old"":50653,""New"":50665,""Reason"":3}"
12346315,"{""Old"":13778,""New"":13800,""Reason"":3}"
16391114,"{""Old"":2836,""New"":2840,""Reason"":3}"
11521893,"{""Old"":2230,""New"":2236,""Reason"":3}"
16391114,"{""Old"":2833,""New"":2835,""Reason"":3}"
11096634,"{""Old"":2032,""New"":2044,""Reason"":3}"
15948147,"{""Old"":83,""New"":89,""Reason"":3}"
11096634,"{""Old"":2227,""New"":2243,""Reason"":3}"
38249066,"{""Old"":2144,""New"":2148,""Reason"":3}"
17593825,"{""Old"":2373,""New"":2383,""Reason"":3}"
11096634,"{""Old"":2072,""New"":2078,""Reason"":3}"
13325040,"{""Old"":579,""New"":585,""Reason"":3}"
218838499,"{""Old"":359,""New"":363,""Reason"":3}"
208769033,"{""Old"":565315,""New"":565355,""Reason"":3}"
208032196,"{""Old"":296,""New"":298,""Reason"":3}"
208769033,"{""Old"":551515,""New"":551531,""Reason"":3}"
208769033,"{""Old"":551569,""New"":551623,""Reason"":3}"
22876363,"{""Old"":787,""New"":789,""Reason"":3}"
208769033,"{""Old"":565303,""New"":565315,""Reason"":3}"
35749819,"{""Old"":624,""New"":674,""Reason"":3}"
208769033,"{""Old"":565251,""New"":565281,""Reason"":3}"
12346315,"{""Old"":13762,""New"":13766,""Reason"":3}"
18841126,"{""Old"":50828,""New"":50852,""Reason"":3}"
18153003,"{""Old"":254,""New"":262,""Reason"":3}"
36252064,"{""Old"":1507,""New"":1511,""Reason"":3}"
220774874,"{""Old"":86,""New"":88,""Reason"":3}"
18841126,"{""Old"":50940,""New"":50942,""Reason"":3}"
14817824,"{""Old"":1906,""New"":1908,""Reason"":3}"
6084170,"{""Old"":14120,""New"":14124,""Reason"":3}"
41248658,"{""Old"":598,""New"":610,""Reason"":3}"
38249066,"{""Old"":1962,""New"":1994,""Reason"":3}"
38249066,"{""Old"":2054,""New"":2070,""Reason"":3}"
44510856,"{""Old"":4880,""New"":4886,""Reason"":3}"
21084471,"{""Old"":291,""New"":319,""Reason"":3}"
2861503,"{""Old"":2028,""New"":2032,""Reason"":3}"
44510856,"{""Old"":3368,""New"":3378,""Reason"":3}"
60169402,"{""Old"":2533,""New"":2537,""Reason"":3}"
21084471,"{""Old"":402,""New"":406,""Reason"":3}"
6084170,"{""Old"":14383,""New"":14389,""Reason"":3}"
87250886,"{""Old"":1060,""New"":1062,""Reason"":3}"
208032196,"{""Old"":261,""New"":265,""Reason"":3}"
42724579,"{""Old"":2953,""New"":2977,""Reason"":3}"
47012685,"{""Old"":4046,""New"":4056,""Reason"":3}"
18374122,"{""Old"":4534,""New"":4538,""Reason"":3}"
38518128,"{""Old"":3580,""New"":3582,""Reason"":3}"
28694850,"{""Old"":782,""New"":784,""Reason"":3}"
18153003,"{""Old"":292,""New"":296,""Reason"":3}"
12346315,"{""Old"":13898,""New"":13902,""Reason"":3}"
208910409,"{""Old"":1583,""New"":1597,""Reason"":3}"
18841126,"{""Old"":50936,""New"":50940,""Reason"":3}"
18841126,"{""Old"":50993,""New"":51033,""Reason"":3}"
23814762,"{""Old"":2078,""New"":2080,""Reason"":3}"
12346315,"{""Old"":13812,""New"":13832,""Reason"":3}"
18841126,"{""Old"":50609,""New"":50647,""Reason"":3}"
21084471,"{""Old"":222,""New"":238,""Reason"":3}"
2861503,"{""Old"":1974,""New"":1984,""Reason"":3}"
218666368,"{""Old"":18959,""New"":18967,""Reason"":3}"
38249066,"{""Old"":2136,""New"":2142,""Reason"":3}"
38249066,"{""Old"":2188,""New"":2190,""Reason"":3}"
60169402,"{""Old"":2531,""New"":2533,""Reason"":3}"
13438747,"{""Old"":159,""New"":161,""Reason"":3}"
11096634,"{""Old"":2084,""New"":2108,""Reason"":3}"
11096634,"{""Old"":1939,""New"":1949,""Reason"":3}"
209276684,"{""Old"":485,""New"":501,""Reason"":3}"
11096634,"{""Old"":1955,""New"":1967,""Reason"":3}"
11096634,"{""Old"":2189,""New"":2203,""Reason"":3}"
16251092,"{""Old"":20370,""New"":20374,""Reason"":3}"
16251092,"{""Old"":20375,""New"":20383,""Reason"":3}"
298627,"{""Old"":727,""New"":737,""Reason"":3}"
43195422,"{""Old"":2089,""New"":2101,""Reason"":3}"
3609679,"{""Old"":324,""New"":338,""Reason"":3}"
208769033,"{""Old"":551633,""New"":551655,""Reason"":3}"
27978244,"{""Old"":885,""New"":889,""Reason"":3}"
208769033,"{""Old"":551483,""New"":551505,""Reason"":3}"
208769033,"{""Old"":551505,""New"":551515,""Reason"":3}"
208769033,"{""Old"":551451,""New"":551483,""Reason"":3}"
208769033,"{""Old"":551531,""New"":551569,""Reason"":3}"
23814762,"{""Old"":2094,""New"":2096,""Reason"":3}"
22917348,"{""Old"":1342,""New"":1362,""Reason"":3}"
18841126,"{""Old"":50593,""New"":50595,""Reason"":3}"
12938543,"{""Old"":1617,""New"":1619,""Reason"":3}"
12346315,"{""Old"":13906,""New"":13912,""Reason"":3}"
11096634,"{""Old"":2127,""New"":2141,""Reason"":3}"
23814762,"{""Old"":2037,""New"":2061,""Reason"":3}"
11096634,"{""Old"":1850,""New"":1860,""Reason"":3}"
44851623,"{""Old"":1190,""New"":1196,""Reason"":3}"
31351678,"{""Old"":190,""New"":200,""Reason"":3}"
209276684,"{""Old"":503,""New"":505,""Reason"":3}"
209276684,"{""Old"":477,""New"":481,""Reason"":3}"
87250886,"{""Old"":1066,""New"":1074,""Reason"":3}"
19738598,"{""Old"":83,""New"":87,""Reason"":3}"
61452615,"{""Old"":4718,""New"":4724,""Reason"":3}"
70530526,"{""Old"":2333,""New"":2341,""Reason"":3}"
38057858,"{""Old"":3606,""New"":3626,""Reason"":3}"
38057858,"{""Old"":3630,""New"":3640,""Reason"":3}"
35749819,"{""Old"":714,""New"":730,""Reason"":3}"
87250886,"{""Old"":1076,""New"":1088,""Reason"":3}"
212466458,"{""Old"":539,""New"":545,""Reason"":3}"
22917348,"{""Old"":1136,""New"":1178,""Reason"":3}"
22917348,"{""Old"":1191,""New"":1193,""Reason"":3}"
22917348,"{""Old"":1314,""New"":1342,""Reason"":3}"
11450019,"{""Old"":673,""New"":677,""Reason"":3}"
11006597,"{""Old"":354,""New"":356,""Reason"":3}"
11096634,"{""Old"":1880,""New"":1888,""Reason"":3}"
11096634,"{""Old"":2203,""New"":2227,""Reason"":3}"
11096634,"{""Old"":1997,""New"":2005,""Reason"":3}"
11096634,"{""Old"":2243,""New"":2249,""Reason"":3}"
11096634,"{""Old"":2143,""New"":2163,""Reason"":3}"
13325040,"{""Old"":606,""New"":610,""Reason"":3}"
11521893,"{""Old"":2204,""New"":2210,""Reason"":3}"
48073539,"{""Old"":3672,""New"":3674,""Reason"":3}"
56636784,"{""Old"":1176,""New"":1188,""Reason"":3}"
45715010,"{""Old"":11330,""New"":11358,""Reason"":3}"
212090192,"{""Old"":1988,""New"":1994,""Reason"":3}"
22876363,"{""Old"":767,""New"":787,""Reason"":3}"
208032196,"{""Old"":273,""New"":281,""Reason"":3}"
22876363,"{""Old"":765,""New"":767,""Reason"":3}"
20979216,"{""Old"":358,""New"":366,""Reason"":3}"
208769033,"{""Old"":551043,""New"":551103,""Reason"":3}"
61658100,"{""Old"":3411,""New"":3423,""Reason"":3}"
220774874,"{""Old"":89,""New"":97,""Reason"":3}"
22917348,"{""Old"":1362,""New"":1384,""Reason"":3}"
22917348,"{""Old"":1455,""New"":1469,""Reason"":3}"
22917348,"{""Old"":1208,""New"":1256,""Reason"":3}"
22917348,"{""Old"":378,""New"":380,""Reason"":3}"
18841126,"{""Old"":50959,""New"":50993,""Reason"":3}"
28694850,"{""Old"":729,""New"":735,""Reason"":3}"
18479295,"{""Old"":319,""New"":323,""Reason"":3}"
19404305,"{""Old"":799,""New"":801,""Reason"":3}"
44510856,"{""Old"":4886,""New"":4908,""Reason"":3}"
19928862,"{""Old"":24194,""New"":24584,""Reason"":3}"
11096634,"{""Old"":1978,""New"":1980,""Reason"":3}"
209276684,"{""Old"":449,""New"":457,""Reason"":3}"
11096634,"{""Old"":2172,""New"":2182,""Reason"":3}"
11096634,"{""Old"":2016,""New"":2032,""Reason"":3}"
209276684,"{""Old"":505,""New"":515,""Reason"":3}"
44851623,"{""Old"":1168,""New"":1178,""Reason"":3}"
22300968,"{""Old"":94,""New"":96,""Reason"":3}"
35749819,"{""Old"":826,""New"":866,""Reason"":3}"
210819557,"{""Old"":139,""New"":145,""Reason"":3}"
218838499,"{""Old"":364,""New"":366,""Reason"":3}"
208769033,"{""Old"":551675,""New"":551689,""Reason"":3}"
38057858,"{""Old"":3596,""New"":3598,""Reason"":3}"
298627,"{""Old"":748,""New"":750,""Reason"":3}"
18841126,"{""Old"":51143,""New"":51153,""Reason"":3}"
22917348,"{""Old"":1399,""New"":1441,""Reason"":3}"
22917348,"{""Old"":431,""New"":441,""Reason"":3}"
36252064,"{""Old"":1379,""New"":1387,""Reason"":3}"
12122284,"{""Old"":535,""New"":537,""Reason"":3}"
18841126,"{""Old"":50671,""New"":50705,""Reason"":3}"
18841126,"{""Old"":50731,""New"":50735,""Reason"":3}"
13438747,"{""Old"":181,""New"":199,""Reason"":3}"
34153959,"{""Old"":52,""New"":54,""Reason"":3}"
15948147,"{""Old"":69,""New"":71,""Reason"":3}"
16391114,"{""Old"":2845,""New"":2847,""Reason"":3}"
209276684,"{""Old"":420,""New"":438,""Reason"":3}"
13438747,"{""Old"":74,""New"":78,""Reason"":3}"
218655117,"{""Old"":864,""New"":878,""Reason"":3}"
17399014,"{""Old"":735,""New"":739,""Reason"":3}"
16251092,"{""Old"":20358,""New"":20370,""Reason"":3}"
209276684,"{""Old"":410,""New"":416,""Reason"":3}"
9083671,"{""Old"":15233,""New"":15245,""Reason"":3}"
9083671,"{""Old"":16648,""New"":16650,""Reason"":3}"
211534404,"{""Old"":1225,""New"":1229,""Reason"":3}"
61658100,"{""Old"":3403,""New"":3409,""Reason"":3}"
298627,"{""Old"":738,""New"":748,""Reason"":3}"
61452615,"{""Old"":4904,""New"":4908,""Reason"":3}"
43582178,"{""Old"":775,""New"":779,""Reason"":3}"
42724579,"{""Old"":2947,""New"":2949,""Reason"":3}"
30715919,"{""Old"":3508,""New"":3518,""Reason"":3}"
19404305,"{""Old"":770,""New"":772,""Reason"":3}"
22917348,"{""Old"":1268,""New"":1314,""Reason"":3}"
20606266,"{""Old"":4424,""New"":4430,""Reason"":3}"
19404305,"{""Old"":781,""New"":785,""Reason"":3}"
17399014,"{""Old"":719,""New"":725,""Reason"":3}"
11006597,"{""Old"":372,""New"":376,""Reason"":3}"
44851623,"{""Old"":1196,""New"":1202,""Reason"":3}"
19750058,"{""Old"":977,""New"":981,""Reason"":3}"
43959427,"{""Old"":5310,""New"":5316,""Reason"":3}"
44510856,"{""Old"":4860,""New"":4878,""Reason"":3}"
45715010,"{""Old"":11278,""New"":11292,""Reason"":3}"
19928862,"{""Old"":26135,""New"":27195,""Reason"":3}"
19928862,"{""Old"":27877,""New"":28467,""Reason"":3}"
53727285,"{""Old"":2972,""New"":2974,""Reason"":3}"
56674287,"{""Old"":2962,""New"":2964,""Reason"":3}"
7473273,"{""Old"":220605,""New"":220635,""Reason"":3}"
20500685,"{""Old"":757,""New"":759,""Reason"":3}"
35749819,"{""Old"":560,""New"":568,""Reason"":3}"
81470453,"{""Old"":985,""New"":987,""Reason"":3}"
19743643,"{""Old"":58,""New"":60,""Reason"":3}"
11096634,"{""Old"":1894,""New"":1906,""Reason"":3}"
11096634,"{""Old"":1986,""New"":1988,""Reason"":3}"
19743643,"{""Old"":53,""New"":55,""Reason"":3}"
209276684,"{""Old"":531,""New"":533,""Reason"":3}"
16251092,"{""Old"":20356,""New"":20358,""Reason"":3}"
11096634,"{""Old"":2166,""New"":2170,""Reason"":3}"
53138586,"{""Old"":32961,""New"":32987,""Reason"":3}"
19928862,"{""Old"":21819,""New"":21869,""Reason"":3}"
44510856,"{""Old"":3438,""New"":3440,""Reason"":3}"
53727285,"{""Old"":2975,""New"":2979,""Reason"":3}"
76302980,"{""Old"":113,""New"":121,""Reason"":3}"
13438747,"{""Old"":88,""New"":94,""Reason"":3}"
7045817,"{""Old"":2189,""New"":2193,""Reason"":3}"
26912227,"{""Old"":2904,""New"":2918,""Reason"":3}"
22917348,"{""Old"":1441,""New"":1455,""Reason"":3}"
43959427,"{""Old"":5303,""New"":5309,""Reason"":3}"
11096634,"{""Old"":2349,""New"":2351,""Reason"":3}"
11096634,"{""Old"":1917,""New"":1929,""Reason"":3}"
13438747,"{""Old"":99,""New"":105,""Reason"":3}"
37693967,"{""Old"":3388,""New"":3390,""Reason"":3}"
44510856,"{""Old"":4909,""New"":4931,""Reason"":3}"
44851623,"{""Old"":1155,""New"":1167,""Reason"":3}"
7473273,"{""Old"":220537,""New"":220555,""Reason"":3}"
218733227,"{""Old"":29783,""New"":29785,""Reason"":3}"
23234823,"{""Old"":5120,""New"":5122,""Reason"":3}"
208769033,"{""Old"":551421,""New"":551431,""Reason"":3}"
13438747,"{""Old"":124,""New"":134,""Reason"":3}"
44510856,"{""Old"":4145,""New"":4155,""Reason"":3}"
53138586,"{""Old"":33384,""New"":33466,""Reason"":3}"
21513924,"{""Old"":1931,""New"":1933,""Reason"":3}"
44510856,"{""Old"":3271,""New"":3279,""Reason"":3}"
56636784,"{""Old"":949,""New"":965,""Reason"":3}"
44510856,"{""Old"":4048,""New"":4060,""Reason"":3}"
43959427,"{""Old"":5316,""New"":5324,""Reason"":3}"
22917348,"{""Old"":1385,""New"":1387,""Reason"":3}"
19404305,"{""Old"":802,""New"":804,""Reason"":3}"
19404305,"{""Old"":790,""New"":792,""Reason"":3}"
13438747,"{""Old"":149,""New"":151,""Reason"":3}"
13438747,"{""Old"":220,""New"":230,""Reason"":3}"
13438747,"{""Old"":146,""New"":148,""Reason"":3}"
21513924,"{""Old"":1927,""New"":1929,""Reason"":3}"
44510856,"{""Old"":4062,""New"":4072,""Reason"":3}"
211230900,"{""Old"":1115,""New"":1127,""Reason"":3}"
82629288,"{""Old"":34577,""New"":34587,""Reason"":3}"
14955578,"{""Old"":2582,""New"":2594,""Reason"":3}"
38733450,"{""Old"":489,""New"":497,""Reason"":3}"
18667214,"{""Old"":191,""New"":203,""Reason"":3}"
18548432,"{""Old"":1496,""New"":1498,""Reason"":3}"
18667214,"{""Old"":206,""New"":208,""Reason"":3}"
35749819,"{""Old"":1928,""New"":2046,""Reason"":3}"
70530526,"{""Old"":2321,""New"":2325,""Reason"":3}"
11521893,"{""Old"":2217,""New"":2229,""Reason"":3}"
13325040,"{""Old"":586,""New"":606,""Reason"":3}"
209276684,"{""Old"":461,""New"":465,""Reason"":3}"
18841126,"{""Old"":50667,""New"":50669,""Reason"":3}"
11096634,"{""Old"":1778,""New"":1810,""Reason"":3}"
7651372,"{""Old"":2479,""New"":2509,""Reason"":3}"
81180726,"{""Old"":406,""New"":424,""Reason"":3}"
48073539,"{""Old"":3666,""New"":3672,""Reason"":3}"
76302980,"{""Old"":129,""New"":131,""Reason"":3}"
43959427,"{""Old"":5295,""New"":5297,""Reason"":3}"
44510856,"{""Old"":4092,""New"":4108,""Reason"":3}"
56674287,"{""Old"":2971,""New"":2977,""Reason"":3}"
44510856,"{""Old"":4935,""New"":4945,""Reason"":3}"
53727285,"{""Old"":2966,""New"":2972,""Reason"":3}"
42724579,"{""Old"":2950,""New"":2952,""Reason"":3}"
47012685,"{""Old"":3723,""New"":3763,""Reason"":3}"
44510856,"{""Old"":3199,""New"":3213,""Reason"":3}"
68231347,"{""Old"":1067,""New"":1071,""Reason"":3}"
61675960,"{""Old"":196,""New"":206,""Reason"":3}"
61658100,"{""Old"":3395,""New"":3399,""Reason"":3}"
13438747,"{""Old"":169,""New"":175,""Reason"":3}"
13438747,"{""Old"":117,""New"":121,""Reason"":3}"
23234823,"{""Old"":5097,""New"":5099,""Reason"":3}"
47681970,"{""Old"":669,""New"":673,""Reason"":3}"
12346315,"{""Old"":13852,""New"":13864,""Reason"":3}"
3871154,"{""Old"":6019,""New"":6033,""Reason"":3}"
18841126,"{""Old"":50736,""New"":50746,""Reason"":3}"
28694850,"{""Old"":757,""New"":763,""Reason"":3}"
209201529,"{""Old"":238,""New"":240,""Reason"":3}"
13438747,"{""Old"":207,""New"":211,""Reason"":3}"
70398912,"{""Old"":2721,""New"":2725,""Reason"":3}"
11096634,"{""Old"":2429,""New"":2441,""Reason"":3}"
21513924,"{""Old"":1925,""New"":1927,""Reason"":3}"
44510856,"{""Old"":4933,""New"":4935,""Reason"":3}"
21686379,"{""Old"":3435,""New"":3467,""Reason"":3}"
14955578,"{""Old"":2634,""New"":2648,""Reason"":3}"
61452615,"{""Old"":4735,""New"":4763,""Reason"":3}"
14955578,"{""Old"":2553,""New"":2561,""Reason"":3}"
14955578,"{""Old"":2662,""New"":2676,""Reason"":3}"
9254415,"{""Old"":53975,""New"":53977,""Reason"":3}"
47681970,"{""Old"":680,""New"":696,""Reason"":3}"
21686379,"{""Old"":3236,""New"":3278,""Reason"":3}"
38733450,"{""Old"":497,""New"":507,""Reason"":3}"
11096634,"{""Old"":2264,""New"":2268,""Reason"":3}"
19404305,"{""Old"":772,""New"":778,""Reason"":3}"
17593825,"{""Old"":2475,""New"":2479,""Reason"":3}"
22300968,"{""Old"":97,""New"":101,""Reason"":3}"
218469411,"{""Old"":704,""New"":708,""Reason"":3}"
11096634,"{""Old"":2269,""New"":2283,""Reason"":3}"
13325040,"{""Old"":615,""New"":623,""Reason"":3}"
28240512,"{""Old"":2830,""New"":2832,""Reason"":3}"
17399014,"{""Old"":793,""New"":797,""Reason"":3}"
25637034,"{""Old"":89,""New"":91,""Reason"":3}"
203026620,"{""Old"":565,""New"":579,""Reason"":3}"
28240512,"{""Old"":2814,""New"":2830,""Reason"":3}"
7651372,"{""Old"":2772,""New"":2882,""Reason"":3}"
21084471,"{""Old"":319,""New"":327,""Reason"":3}"
18548432,"{""Old"":1486,""New"":1496,""Reason"":3}"
18548432,"{""Old"":1498,""New"":1500,""Reason"":3}"
12122284,"{""Old"":502,""New"":510,""Reason"":3}"
22917348,"{""Old"":441,""New"":475,""Reason"":3}"
18374122,"{""Old"":4711,""New"":4713,""Reason"":3}"
27820337,"{""Old"":24378,""New"":24382,""Reason"":3}"
47681970,"{""Old"":697,""New"":703,""Reason"":3}"
208769033,"{""Old"":551009,""New"":551043,""Reason"":3}"
298627,"{""Old"":752,""New"":754,""Reason"":3}"
84303672,"{""Old"":16727,""New"":16731,""Reason"":3}"
84303672,"{""Old"":16731,""New"":16757,""Reason"":3}"
17593825,"{""Old"":2422,""New"":2424,""Reason"":3}"
17593825,"{""Old"":2457,""New"":2461,""Reason"":3}"
81180726,"{""Old"":392,""New"":398,""Reason"":3}"
6921698,"{""Old"":110,""New"":120,""Reason"":3}"
218421140,"{""Old"":1220,""New"":1222,""Reason"":3}"
18841126,"{""Old"":50876,""New"":50936,""Reason"":3}"
18841126,"{""Old"":50569,""New"":50591,""Reason"":3}"
7045817,"{""Old"":2196,""New"":2198,""Reason"":3}"
22917348,"{""Old"":380,""New"":382,""Reason"":3}"
88718619,"{""Old"":64,""New"":66,""Reason"":3}"
9254415,"{""Old"":53982,""New"":53986,""Reason"":3}"
22917348,"{""Old"":534,""New"":536,""Reason"":3}"
208753271,"{""Old"":386,""New"":394,""Reason"":3}"
11096634,"{""Old"":2295,""New"":2301,""Reason"":3}"
38249066,"{""Old"":2204,""New"":2206,""Reason"":3}"
17593825,"{""Old"":2479,""New"":2511,""Reason"":3}"
208753271,"{""Old"":372,""New"":374,""Reason"":3}"
208753271,"{""Old"":365,""New"":369,""Reason"":3}"
25637034,"{""Old"":114,""New"":118,""Reason"":3}"
11096634,"{""Old"":2414,""New"":2420,""Reason"":3}"
82629288,"{""Old"":34607,""New"":34617,""Reason"":3}"
81470453,"{""Old"":1025,""New"":1029,""Reason"":3}"
27978244,"{""Old"":889,""New"":893,""Reason"":3}"
21889185,"{""Old"":429,""New"":433,""Reason"":3}"
30715919,"{""Old"":3502,""New"":3506,""Reason"":3}"
38057858,"{""Old"":3641,""New"":3643,""Reason"":3}"
81515075,"{""Old"":579,""New"":601,""Reason"":3}"
35749819,"{""Old"":1782,""New"":1822,""Reason"":3}"
21686379,"{""Old"":3279,""New"":3325,""Reason"":3}"
218610415,"{""Old"":668,""New"":682,""Reason"":3}"
14955578,"{""Old"":2596,""New"":2602,""Reason"":3}"
14955578,"{""Old"":2566,""New"":2572,""Reason"":3}"
44510856,"{""Old"":4157,""New"":4167,""Reason"":3}"
7651372,"{""Old"":2718,""New"":2772,""Reason"":3}"
28240512,"{""Old"":2794,""New"":2814,""Reason"":3}"
69483719,"{""Old"":206,""New"":212,""Reason"":3}"
81972838,"{""Old"":19535,""New"":19539,""Reason"":3}"
46260240,"{""Old"":4055,""New"":4059,""Reason"":3}"
11096634,"{""Old"":2332,""New"":2336,""Reason"":3}"
7045817,"{""Old"":2199,""New"":2211,""Reason"":3}"
22917348,"{""Old"":475,""New"":477,""Reason"":3}"
43927063,"{""Old"":58,""New"":60,""Reason"":3}"
47012685,"{""Old"":3878,""New"":3908,""Reason"":3}"
7473273,"{""Old"":220473,""New"":220487,""Reason"":3}"
27978244,"{""Old"":877,""New"":879,""Reason"":3}"
82629288,"{""Old"":34587,""New"":34607,""Reason"":3}"
47012685,"{""Old"":3599,""New"":3623,""Reason"":3}"
35749819,"{""Old"":1840,""New"":1846,""Reason"":3}"
38057858,"{""Old"":3169,""New"":3175,""Reason"":3}"
38057858,"{""Old"":3206,""New"":3220,""Reason"":3}"
19928862,"{""Old"":29573,""New"":29653,""Reason"":3}"
206872234,"{""Old"":10063,""New"":10067,""Reason"":3}"
81180726,"{""Old"":390,""New"":392,""Reason"":3}"
33503495,"{""Old"":4408,""New"":4420,""Reason"":3}"
209276684,"{""Old"":482,""New"":484,""Reason"":3}"
11096634,"{""Old"":2355,""New"":2373,""Reason"":3}"
81972838,"{""Old"":19485,""New"":19493,""Reason"":3}"
218469411,"{""Old"":690,""New"":692,""Reason"":3}"
220481817,"{""Old"":356,""New"":360,""Reason"":3}"
17399014,"{""Old"":747,""New"":749,""Reason"":3}"
11096634,"{""Old"":2441,""New"":2443,""Reason"":3}"
11096634,"{""Old"":2284,""New"":2288,""Reason"":3}"
18374122,"{""Old"":4691,""New"":4695,""Reason"":3}"
38733450,"{""Old"":507,""New"":527,""Reason"":3}"
65594943,"{""Old"":9756,""New"":9762,""Reason"":3}"
47012685,"{""Old"":3847,""New"":3873,""Reason"":3}"
42723630,"{""Old"":82087,""New"":82089,""Reason"":3}"
40700927,"{""Old"":1011,""New"":1013,""Reason"":3}"
7473273,"{""Old"":220401,""New"":220423,""Reason"":3}"
35795613,"{""Old"":4246,""New"":4266,""Reason"":3}"
40700927,"{""Old"":1026,""New"":1034,""Reason"":3}"
30715919,"{""Old"":3518,""New"":3534,""Reason"":3}"
211230900,"{""Old"":1256,""New"":1258,""Reason"":3}"
208769033,"{""Old"":551655,""New"":551675,""Reason"":3}"
35749819,"{""Old"":1846,""New"":1856,""Reason"":3}"
19928862,"{""Old"":17459,""New"":17461,""Reason"":3}"
19928862,"{""Old"":21245,""New"":21493,""Reason"":3}"
44510856,"{""Old"":3484,""New"":3486,""Reason"":3}"
32027539,"{""Old"":1902,""New"":1904,""Reason"":3}"
7651372,"{""Old"":2397,""New"":2429,""Reason"":3}"
81972838,"{""Old"":19502,""New"":19504,""Reason"":3}"
17593825,"{""Old"":2431,""New"":2437,""Reason"":3}"
17593825,"{""Old"":2411,""New"":2413,""Reason"":3}"
17399014,"{""Old"":750,""New"":764,""Reason"":3}"
21526495,"{""Old"":742,""New"":748,""Reason"":3}"
16391114,"{""Old"":2858,""New"":2860,""Reason"":3}"
11096634,"{""Old"":2293,""New"":2295,""Reason"":3}"
33503495,"{""Old"":4422,""New"":4426,""Reason"":3}"
20606266,"{""Old"":4397,""New"":4409,""Reason"":3}"
84537023,"{""Old"":94,""New"":96,""Reason"":3}"
42335801,"{""Old"":1632,""New"":1654,""Reason"":3}"
18374122,"{""Old"":4703,""New"":4707,""Reason"":3}"
22917348,"{""Old"":1388,""New"":1398,""Reason"":3}"
19005457,"{""Old"":5538,""New"":5548,""Reason"":3}"
59586281,"{""Old"":86,""New"":88,""Reason"":3}"
38733450,"{""Old"":448,""New"":464,""Reason"":3}"
38733450,"{""Old"":441,""New"":447,""Reason"":3}"
14955578,"{""Old"":2547,""New"":2549,""Reason"":3}"
21686379,"{""Old"":3098,""New"":3128,""Reason"":3}"
21686379,"{""Old"":3325,""New"":3347,""Reason"":3}"
84303672,"{""Old"":16549,""New"":16553,""Reason"":3}"
7473273,"{""Old"":220685,""New"":220713,""Reason"":3}"
47012685,"{""Old"":4009,""New"":4023,""Reason"":3}"
35749819,"{""Old"":1836,""New"":1838,""Reason"":3}"
30928027,"{""Old"":1299,""New"":1305,""Reason"":3}"
6921698,"{""Old"":64,""New"":74,""Reason"":3}"
60702281,"{""Old"":1595,""New"":1597,""Reason"":3}"
85219672,"{""Old"":159141,""New"":159181,""Reason"":3}"
83272424,"{""Old"":164,""New"":172,""Reason"":3}"
41595126,"{""Old"":321,""New"":329,""Reason"":3}"
59586281,"{""Old"":79,""New"":81,""Reason"":3}"
83272424,"{""Old"":162,""New"":164,""Reason"":3}"
12122284,"{""Old"":533,""New"":535,""Reason"":3}"
35749819,"{""Old"":1740,""New"":1782,""Reason"":3}"
40700927,"{""Old"":979,""New"":983,""Reason"":3}"
84303672,"{""Old"":16877,""New"":16899,""Reason"":3}"
40700927,"{""Old"":1051,""New"":1053,""Reason"":3}"
9460679,"{""Old"":842,""New"":844,""Reason"":3}"
40700927,"{""Old"":1053,""New"":1059,""Reason"":3}"
47012685,"{""Old"":3819,""New"":3841,""Reason"":3}"
208769033,"{""Old"":564969,""New"":565079,""Reason"":3}"
210733499,"{""Old"":34,""New"":36,""Reason"":3}"
38057858,"{""Old"":3570,""New"":3574,""Reason"":3}"
38057858,"{""Old"":3575,""New"":3579,""Reason"":3}"
35749819,"{""Old"":758,""New"":788,""Reason"":3}"
21686379,"{""Old"":3207,""New"":3217,""Reason"":3}"
14955578,"{""Old"":2605,""New"":2623,""Reason"":3}"
21686379,"{""Old"":3501,""New"":3537,""Reason"":3}"
17593825,"{""Old"":2409,""New"":2411,""Reason"":3}"
81972838,"{""Old"":19447,""New"":19459,""Reason"":3}"
218469411,"{""Old"":680,""New"":690,""Reason"":3}"
47420217,"{""Old"":3102,""New"":3108,""Reason"":3}"
11096634,"{""Old"":2401,""New"":2409,""Reason"":3}"
7045817,"{""Old"":2170,""New"":2172,""Reason"":3}"
18548432,"{""Old"":1500,""New"":1532,""Reason"":3}"
19404305,"{""Old"":793,""New"":797,""Reason"":3}"
18374122,"{""Old"":4645,""New"":4665,""Reason"":3}"
19005457,"{""Old"":5548,""New"":5550,""Reason"":3}"
218733227,"{""Old"":29847,""New"":29849,""Reason"":3}"
7473273,"{""Old"":221158,""New"":222840,""Reason"":3}"
40700927,"{""Old"":990,""New"":996,""Reason"":3}"
210733499,"{""Old"":41,""New"":43,""Reason"":3}"
40700927,"{""Old"":1036,""New"":1048,""Reason"":3}"
47012685,"{""Old"":3639,""New"":3651,""Reason"":3}"
47012685,"{""Old"":3661,""New"":3683,""Reason"":3}"
84303672,"{""Old"":16864,""New"":16874,""Reason"":3}"
47012685,"{""Old"":3683,""New"":3693,""Reason"":3}"
35749819,"{""Old"":890,""New"":896,""Reason"":3}"
56674287,"{""Old"":2981,""New"":2987,""Reason"":3}"
6921698,"{""Old"":78,""New"":84,""Reason"":3}"
218421140,"{""Old"":1218,""New"":1220,""Reason"":3}"
6921698,"{""Old"":140,""New"":142,""Reason"":3}"
11096634,"{""Old"":2310,""New"":2332,""Reason"":3}"
218469411,"{""Old"":710,""New"":712,""Reason"":3}"
11096634,"{""Old"":2373,""New"":2391,""Reason"":3}"
11096634,"{""Old"":2457,""New"":2463,""Reason"":3}"
22699772,"{""Old"":865,""New"":867,""Reason"":3}"
218649505,"{""Old"":504,""New"":516,""Reason"":3}"
16391114,"{""Old"":2853,""New"":2857,""Reason"":3}"
25637034,"{""Old"":100,""New"":104,""Reason"":3}"
16219476,"{""Old"":16,""New"":18,""Reason"":3}"
47012685,"{""Old"":3696,""New"":3720,""Reason"":3}"
35749819,"{""Old"":2349,""New"":2351,""Reason"":3}"
81515075,"{""Old"":576,""New"":578,""Reason"":3}"
81515075,"{""Old"":607,""New"":611,""Reason"":3}"
211230900,"{""Old"":1284,""New"":1286,""Reason"":3}"
211230900,"{""Old"":1189,""New"":1199,""Reason"":3}"
207314833,"{""Old"":44,""New"":48,""Reason"":3}"
9460679,"{""Old"":845,""New"":847,""Reason"":3}"
47012685,"{""Old"":3583,""New"":3593,""Reason"":3}"
16391114,"{""Old"":2860,""New"":2874,""Reason"":3}"
17399014,"{""Old"":728,""New"":732,""Reason"":3}"
69483719,"{""Old"":158,""New"":160,""Reason"":3}"
44510856,"{""Old"":3548,""New"":3552,""Reason"":3}"
53138586,"{""Old"":33282,""New"":33340,""Reason"":3}"
46844671,"{""Old"":6973,""New"":6979,""Reason"":3}"
211230900,"{""Old"":1258,""New"":1264,""Reason"":3}"
211230900,"{""Old"":1209,""New"":1211,""Reason"":3}"
35749819,"{""Old"":1838,""New"":1840,""Reason"":3}"
211230900,"{""Old"":1216,""New"":1222,""Reason"":3}"
46844671,"{""Old"":6699,""New"":6739,""Reason"":3}"
46844671,"{""Old"":6943,""New"":6973,""Reason"":3}"
19981811,"{""Old"":447573,""New"":447575,""Reason"":3}"
47012685,"{""Old"":3629,""New"":3639,""Reason"":3}"
72848715,"{""Old"":3810,""New"":3814,""Reason"":3}"
40700927,"{""Old"":983,""New"":987,""Reason"":3}"
298627,"{""Old"":750,""New"":752,""Reason"":3}"
36252064,"{""Old"":1297,""New"":1321,""Reason"":3}"
27820337,"{""Old"":24373,""New"":24375,""Reason"":3}"
20223159,"{""Old"":41968,""New"":41980,""Reason"":3}"
14808266,"{""Old"":54814,""New"":54816,""Reason"":3}"
22451263,"{""Old"":1544,""New"":1558,""Reason"":3}"
6921698,"{""Old"":150,""New"":154,""Reason"":3}"
38057858,"{""Old"":3137,""New"":3151,""Reason"":3}"
210819557,"{""Old"":95,""New"":99,""Reason"":3}"
35749819,"{""Old"":866,""New"":882,""Reason"":3}"
40700927,"{""Old"":973,""New"":979,""Reason"":3}"
37253685,"{""Old"":198,""New"":214,""Reason"":3}"
47012685,"{""Old"":4025,""New"":4037,""Reason"":3}"
47012685,"{""Old"":3959,""New"":4007,""Reason"":3}"
84303672,"{""Old"":16648,""New"":16652,""Reason"":3}"
38057858,"{""Old"":3165,""New"":3167,""Reason"":3}"
21686379,"{""Old"":3347,""New"":3363,""Reason"":3}"
64773850,"{""Old"":1481,""New"":1485,""Reason"":3}"
9254415,"{""Old"":53994,""New"":53996,""Reason"":3}"
14808266,"{""Old"":54397,""New"":54399,""Reason"":3}"
17593825,"{""Old"":2438,""New"":2454,""Reason"":3}"
20223159,"{""Old"":41980,""New"":41984,""Reason"":3}"
20223159,"{""Old"":41922,""New"":41948,""Reason"":3}"
20223159,"{""Old"":41966,""New"":41968,""Reason"":3}"
17399014,"{""Old"":714,""New"":718,""Reason"":3}"
25637034,"{""Old"":106,""New"":112,""Reason"":3}"
11096634,"{""Old"":2443,""New"":2457,""Reason"":3}"
14955578,"{""Old"":2561,""New"":2565,""Reason"":3}"
21686379,"{""Old"":3149,""New"":3187,""Reason"":3}"
70530526,"{""Old"":2342,""New"":2346,""Reason"":3}"
38611871,"{""Old"":86,""New"":94,""Reason"":3}"
23256688,"{""Old"":373,""New"":379,""Reason"":3}"
46844671,"{""Old"":6491,""New"":6563,""Reason"":3}"
38057858,"{""Old"":3183,""New"":3191,""Reason"":3}"
211230900,"{""Old"":1383,""New"":1385,""Reason"":3}"
21686379,"{""Old"":3390,""New"":3410,""Reason"":3}"
209201529,"{""Old"":240,""New"":242,""Reason"":3}"
218110198,"{""Old"":1669,""New"":1671,""Reason"":3}"
23033741,"{""Old"":10643,""New"":10645,""Reason"":3}"
53138586,"{""Old"":33516,""New"":33580,""Reason"":3}"
44510856,"{""Old"":3508,""New"":3522,""Reason"":3}"
18374122,"{""Old"":4797,""New"":4801,""Reason"":3}"
12122284,"{""Old"":481,""New"":497,""Reason"":3}"
28082093,"{""Old"":830,""New"":836,""Reason"":3}"
44510856,"{""Old"":4112,""New"":4124,""Reason"":3}"
24396948,"{""Old"":989,""New"":993,""Reason"":3}"
120645004,"{""Old"":18,""New"":20,""Reason"":3}"
7651372,"{""Old"":4756,""New"":4766,""Reason"":3}"
81180726,"{""Old"":438,""New"":440,""Reason"":3}"
20223159,"{""Old"":41960,""New"":41962,""Reason"":3}"
209276684,"{""Old"":309,""New"":311,""Reason"":3}"
81180726,"{""Old"":506,""New"":508,""Reason"":3}"
19572786,"{""Old"":648,""New"":652,""Reason"":3}"
204513086,"{""Old"":1005,""New"":1007,""Reason"":3}"
35749819,"{""Old"":2494,""New"":2542,""Reason"":3}"
84303672,"{""Old"":16807,""New"":16813,""Reason"":3}"
64773850,"{""Old"":1391,""New"":1395,""Reason"":3}"
70530526,"{""Old"":2364,""New"":2394,""Reason"":3}"
211230900,"{""Old"":1366,""New"":1378,""Reason"":3}"
21686379,"{""Old"":3467,""New"":3477,""Reason"":3}"
69483719,"{""Old"":194,""New"":202,""Reason"":3}"
38319980,"{""Old"":239027,""New"":239051,""Reason"":3}"
29313718,"{""Old"":3269,""New"":3271,""Reason"":3}"
17399014,"{""Old"":768,""New"":792,""Reason"":3}"
20223159,"{""Old"":41948,""New"":41960,""Reason"":3}"
218110198,"{""Old"":1666,""New"":1668,""Reason"":3}"
53138586,"{""Old"":32945,""New"":32961,""Reason"":3}"
82717800,"{""Old"":3744,""New"":3756,""Reason"":3}"
76302980,"{""Old"":133,""New"":135,""Reason"":3}"
81180726,"{""Old"":470,""New"":490,""Reason"":3}"
2861503,"{""Old"":2075,""New"":2125,""Reason"":3}"
18374122,"{""Old"":4740,""New"":4746,""Reason"":3}"
18374122,"{""Old"":4763,""New"":4771,""Reason"":3}"
18374122,"{""Old"":4784,""New"":4796,""Reason"":3}"
60702281,"{""Old"":1599,""New"":1611,""Reason"":3}"
35749819,"{""Old"":2542,""New"":2630,""Reason"":3}"
211230900,"{""Old"":1222,""New"":1234,""Reason"":3}"
211230900,"{""Old"":1356,""New"":1360,""Reason"":3}"
54525546,"{""Old"":3637,""New"":3643,""Reason"":3}"
37253685,"{""Old"":509,""New"":519,""Reason"":3}"
5687991,"{""Old"":1643,""New"":1645,""Reason"":3}"
7473273,"{""Old"":220994,""New"":221058,""Reason"":3}"
46844671,"{""Old"":6754,""New"":6860,""Reason"":3}"
38249066,"{""Old"":2106,""New"":2112,""Reason"":3}"
38611871,"{""Old"":75,""New"":79,""Reason"":3}"
20223159,"{""Old"":38145,""New"":38159,""Reason"":3}"
218649505,"{""Old"":440,""New"":462,""Reason"":3}"
47420217,"{""Old"":3073,""New"":3081,""Reason"":3}"
209201529,"{""Old"":252,""New"":254,""Reason"":3}"
23053094,"{""Old"":2950,""New"":2952,""Reason"":3}"
60169402,"{""Old"":2465,""New"":2469,""Reason"":3}"
24396948,"{""Old"":999,""New"":1001,""Reason"":3}"
81972838,"{""Old"":19403,""New"":19411,""Reason"":3}"
20223159,"{""Old"":41910,""New"":41922,""Reason"":3}"
42746753,"{""Old"":2857,""New"":2859,""Reason"":3}"
54525546,"{""Old"":3644,""New"":3660,""Reason"":3}"
37979975,"{""Old"":49,""New"":51,""Reason"":3}"
37979975,"{""Old"":39,""New"":43,""Reason"":3}"
211230900,"{""Old"":1245,""New"":1251,""Reason"":3}"
20755643,"{""Old"":2,""New"":4,""Reason"":3}"
21686379,"{""Old"":3077,""New"":3087,""Reason"":3}"
21686379,"{""Old"":3537,""New"":3561,""Reason"":3}"
83272424,"{""Old"":146,""New"":162,""Reason"":3}"
38518128,"{""Old"":3537,""New"":3569,""Reason"":3}"
30928027,"{""Old"":1393,""New"":1423,""Reason"":3}"
19981811,"{""Old"":447570,""New"":447572,""Reason"":3}"
28240512,"{""Old"":2783,""New"":2793,""Reason"":3}"
44510856,"{""Old"":3471,""New"":3473,""Reason"":3}"
22965502,"{""Old"":148,""New"":154,""Reason"":3}"
14808266,"{""Old"":54418,""New"":54814,""Reason"":3}"
27820337,"{""Old"":24388,""New"":24398,""Reason"":3}"
210614478,"{""Old"":866,""New"":868,""Reason"":3}"
59586281,"{""Old"":76,""New"":78,""Reason"":3}"
62553613,"{""Old"":21154,""New"":21180,""Reason"":3}"
62553613,"{""Old"":21182,""New"":21212,""Reason"":3}"
14955578,"{""Old"":2652,""New"":2660,""Reason"":3}"
21686379,"{""Old"":3477,""New"":3501,""Reason"":3}"
9460679,"{""Old"":836,""New"":842,""Reason"":3}"
35749819,"{""Old"":2060,""New"":2182,""Reason"":3}"
24647209,"{""Old"":263,""New"":267,""Reason"":3}"
46844671,"{""Old"":6861,""New"":6909,""Reason"":3}"
7631259,"{""Old"":35,""New"":37,""Reason"":3}"
84303672,"{""Old"":17044,""New"":18068,""Reason"":3}"
84303672,"{""Old"":18187,""New"":18191,""Reason"":3}"
47012685,"{""Old"":3771,""New"":3813,""Reason"":3}"
84303672,"{""Old"":16813,""New"":16839,""Reason"":3}"
81972838,"{""Old"":19422,""New"":19424,""Reason"":3}"
23256688,"{""Old"":438,""New"":440,""Reason"":3}"
22909512,"{""Old"":79,""New"":85,""Reason"":3}"
218649505,"{""Old"":316,""New"":318,""Reason"":3}"
81972838,"{""Old"":19427,""New"":19447,""Reason"":3}"
11096634,"{""Old"":2341,""New"":2343,""Reason"":3}"
82717800,"{""Old"":3724,""New"":3726,""Reason"":3}"
44510856,"{""Old"":3526,""New"":3528,""Reason"":3}"
70398912,"{""Old"":2742,""New"":2752,""Reason"":3}"
45715010,"{""Old"":11269,""New"":11273,""Reason"":3}"
7651372,"{""Old"":4801,""New"":4811,""Reason"":3}"
44510856,"{""Old"":4074,""New"":4086,""Reason"":3}"
44871874,"{""Old"":133,""New"":135,""Reason"":3}"
3275117,"{""Old"":6403,""New"":6407,""Reason"":3}"
7473273,"{""Old"":222990,""New"":222992,""Reason"":3}"
35749819,"{""Old"":2351,""New"":2375,""Reason"":3}"
68854926,"{""Old"":1416,""New"":1422,""Reason"":3}"
33160780,"{""Old"":29054,""New"":29056,""Reason"":3}"
46844671,"{""Old"":5856,""New"":5862,""Reason"":3}"
7473273,"{""Old"":223909,""New"":223969,""Reason"":3}"
20344682,"{""Old"":1002,""New"":1006,""Reason"":3}"
63411683,"{""Old"":901,""New"":905,""Reason"":3}"
44510856,"{""Old"":4126,""New"":4134,""Reason"":3}"
7651372,"{""Old"":4836,""New"":4856,""Reason"":3}"
7651372,"{""Old"":2534,""New"":2618,""Reason"":3}"
220481817,"{""Old"":371,""New"":373,""Reason"":3}"
20223159,"{""Old"":41962,""New"":41966,""Reason"":3}"
218649505,"{""Old"":434,""New"":440,""Reason"":3}"
60169402,"{""Old"":2437,""New"":2441,""Reason"":3}"
82629288,"{""Old"":34131,""New"":34193,""Reason"":3}"
82629288,"{""Old"":34226,""New"":34236,""Reason"":3}"
38057858,"{""Old"":3588,""New"":3594,""Reason"":3}"
46844671,"{""Old"":5905,""New"":5933,""Reason"":3}"
33165300,"{""Old"":1,""New"":3,""Reason"":3}"
68083877,"{""Old"":807,""New"":811,""Reason"":3}"
88718619,"{""Old"":62,""New"":64,""Reason"":3}"
211232772,"{""Old"":350,""New"":354,""Reason"":3}"
17740321,"{""Old"":1665,""New"":1667,""Reason"":3}"
83272424,"{""Old"":175,""New"":177,""Reason"":3}"
31708742,"{""Old"":3296,""New"":3304,""Reason"":3}"
44871874,"{""Old"":126,""New"":130,""Reason"":3}"
41248658,"{""Old"":611,""New"":613,""Reason"":3}"
81180726,"{""Old"":468,""New"":470,""Reason"":3}"
21513924,"{""Old"":1933,""New"":1935,""Reason"":3}"
46260240,"{""Old"":4059,""New"":4061,""Reason"":3}"
47420217,"{""Old"":3054,""New"":3068,""Reason"":3}"
7651372,"{""Old"":4062,""New"":4154,""Reason"":3}"
7651372,"{""Old"":4309,""New"":4329,""Reason"":3}"
81180726,"{""Old"":447,""New"":457,""Reason"":3}"
11131174,"{""Old"":8,""New"":10,""Reason"":3}"
6921698,"{""Old"":133,""New"":139,""Reason"":3}"
33741582,"{""Old"":30,""New"":32,""Reason"":3}"
22451263,"{""Old"":1526,""New"":1534,""Reason"":3}"
18374122,"{""Old"":4749,""New"":4761,""Reason"":3}"
41861120,"{""Old"":312,""New"":316,""Reason"":3}"
20523163,"{""Old"":706,""New"":710,""Reason"":3}"
84303672,"{""Old"":18183,""New"":18187,""Reason"":3}"
68253789,"{""Old"":625,""New"":627,""Reason"":3}"
47012685,"{""Old"":4093,""New"":4097,""Reason"":3}"
37979975,"{""Old"":55,""New"":61,""Reason"":3}"
35749819,"{""Old"":882,""New"":890,""Reason"":3}"
82629288,"{""Old"":33516,""New"":33566,""Reason"":3}"
21686379,"{""Old"":3047,""New"":3061,""Reason"":3}"
38057858,"{""Old"":3677,""New"":3679,""Reason"":3}"
17593825,"{""Old"":2420,""New"":2422,""Reason"":3}"
88626866,"{""Old"":1602,""New"":1604,""Reason"":3}"
6921698,"{""Old"":683,""New"":685,""Reason"":3}"
43959427,"{""Old"":5297,""New"":5303,""Reason"":3}"
45715010,"{""Old"":11196,""New"":11202,""Reason"":3}"
21513924,"{""Old"":1923,""New"":1925,""Reason"":3}"
2861503,"{""Old"":2150,""New"":2172,""Reason"":3}"
82717800,"{""Old"":3819,""New"":3821,""Reason"":3}"
44871874,"{""Old"":130,""New"":132,""Reason"":3}"
30187813,"{""Old"":3654,""New"":3662,""Reason"":3}"
62553613,"{""Old"":21103,""New"":21105,""Reason"":3}"
206680848,"{""Old"":1239,""New"":1259,""Reason"":3}"
206680848,"{""Old"":1237,""New"":1239,""Reason"":3}"
62553613,"{""Old"":21132,""New"":21144,""Reason"":3}"
38958463,"{""Old"":10334,""New"":10550,""Reason"":3}"
82629288,"{""Old"":34495,""New"":34527,""Reason"":3}"
82350476,"{""Old"":2295,""New"":2301,""Reason"":3}"
84303672,"{""Old"":16939,""New"":16951,""Reason"":3}"
210819557,"{""Old"":145,""New"":149,""Reason"":3}"
7473273,"{""Old"":223254,""New"":223272,""Reason"":3}"
84303672,"{""Old"":16915,""New"":16927,""Reason"":3}"
63411683,"{""Old"":977,""New"":979,""Reason"":3}"
46844671,"{""Old"":6373,""New"":6457,""Reason"":3}"
37979975,"{""Old"":80,""New"":86,""Reason"":3}"
27837911,"{""Old"":3877,""New"":3883,""Reason"":3}"
81972838,"{""Old"":19511,""New"":19521,""Reason"":3}"
218649505,"{""Old"":476,""New"":494,""Reason"":3}"
218649505,"{""Old"":494,""New"":502,""Reason"":3}"
20223159,"{""Old"":38496,""New"":38508,""Reason"":3}"
81972838,"{""Old"":19539,""New"":19557,""Reason"":3}"
16391114,"{""Old"":2874,""New"":2878,""Reason"":3}"
62293113,"{""Old"":817,""New"":827,""Reason"":3}"
28694850,"{""Old"":736,""New"":738,""Reason"":3}"
48073539,"{""Old"":3685,""New"":3689,""Reason"":3}"
19928862,"{""Old"":29885,""New"":29935,""Reason"":3}"
30928027,"{""Old"":1379,""New"":1393,""Reason"":3}"
44871874,"{""Old"":137,""New"":139,""Reason"":3}"
19981811,"{""Old"":447539,""New"":447563,""Reason"":3}"
9979043,"{""Old"":1266,""New"":1276,""Reason"":3}"
207314833,"{""Old"":37,""New"":39,""Reason"":3}"
3275117,"{""Old"":6381,""New"":6403,""Reason"":3}"
210614478,"{""Old"":854,""New"":862,""Reason"":3}"
36252064,"{""Old"":1326,""New"":1328,""Reason"":3}"
41861120,"{""Old"":317,""New"":321,""Reason"":3}"
18374122,"{""Old"":4607,""New"":4627,""Reason"":3}"
57691409,"{""Old"":41,""New"":43,""Reason"":3}"
2861503,"{""Old"":2219,""New"":2251,""Reason"":3}"
6921698,"{""Old"":705,""New"":707,""Reason"":3}"
45715010,"{""Old"":10822,""New"":10858,""Reason"":3}"
56636784,"{""Old"":1046,""New"":1048,""Reason"":3}"
44510856,"{""Old"":3304,""New"":3318,""Reason"":3}"
70398912,"{""Old"":2756,""New"":2766,""Reason"":3}"
24396948,"{""Old"":995,""New"":999,""Reason"":3}"
69483719,"{""Old"":170,""New"":182,""Reason"":3}"
218610415,"{""Old"":553,""New"":561,""Reason"":3}"
37253685,"{""Old"":519,""New"":551,""Reason"":3}"
37253685,"{""Old"":271,""New"":281,""Reason"":3}"
20523163,"{""Old"":688,""New"":700,""Reason"":3}"
20523163,"{""Old"":185,""New"":199,""Reason"":3}"
207052297,"{""Old"":3495,""New"":3497,""Reason"":3}"
54377448,"{""Old"":405,""New"":425,""Reason"":3}"
35749819,"{""Old"":2439,""New"":2477,""Reason"":3}"
68253789,"{""Old"":621,""New"":625,""Reason"":3}"
7473273,"{""Old"":223440,""New"":223474,""Reason"":3}"
29014052,"{""Old"":34,""New"":36,""Reason"":3}"
38057858,"{""Old"":3785,""New"":3789,""Reason"":3}"
33160780,"{""Old"":29309,""New"":29315,""Reason"":3}"
212090192,"{""Old"":1986,""New"":1988,""Reason"":3}"
17740321,"{""Old"":1670,""New"":1700,""Reason"":3}"
62553613,"{""Old"":21108,""New"":21128,""Reason"":3}"
48073539,"{""Old"":3692,""New"":3694,""Reason"":3}"
22965502,"{""Old"":155,""New"":157,""Reason"":3}"
63411683,"{""Old"":935,""New"":941,""Reason"":3}"
38057858,"{""Old"":3661,""New"":3663,""Reason"":3}"
21686379,"{""Old"":3063,""New"":3065,""Reason"":3}"
20523163,"{""Old"":239,""New"":245,""Reason"":3}"
82629288,"{""Old"":33910,""New"":33950,""Reason"":3}"
81515075,"{""Old"":661,""New"":679,""Reason"":3}"
211230900,"{""Old"":1152,""New"":1184,""Reason"":3}"
60825698,"{""Old"":5068,""New"":5098,""Reason"":3}"
70530526,"{""Old"":2308,""New"":2310,""Reason"":3}"
7045817,"{""Old"":2181,""New"":2189,""Reason"":3}"
62553613,"{""Old"":21289,""New"":21305,""Reason"":3}"
12122284,"{""Old"":474,""New"":480,""Reason"":3}"
81972838,"{""Old"":19425,""New"":19427,""Reason"":3}"
44851623,"{""Old"":1179,""New"":1183,""Reason"":3}"
6921698,"{""Old"":95,""New"":105,""Reason"":3}"
7651372,"{""Old"":3147,""New"":3189,""Reason"":3}"
44510856,"{""Old"":4196,""New"":4224,""Reason"":3}"
20223159,"{""Old"":38459,""New"":38471,""Reason"":3}"
209276684,"{""Old"":299,""New"":303,""Reason"":3}"
33545916,"{""Old"":269,""New"":275,""Reason"":3}"
218610415,"{""Old"":602,""New"":604,""Reason"":3}"
23256688,"{""Old"":442,""New"":454,""Reason"":3}"
23256688,"{""Old"":408,""New"":422,""Reason"":3}"
82629288,"{""Old"":31793,""New"":31795,""Reason"":3}"
82629288,"{""Old"":32015,""New"":32019,""Reason"":3}"
82629288,"{""Old"":33858,""New"":33888,""Reason"":3}"
84303672,"{""Old"":16963,""New"":16973,""Reason"":3}"
37253685,"{""Old"":318,""New"":336,""Reason"":3}"
38057858,"{""Old"":3132,""New"":3136,""Reason"":3}"
12122284,"{""Old"":515,""New"":533,""Reason"":3}"
22917348,"{""Old"":1090,""New"":1110,""Reason"":3}"
36252064,"{""Old"":1412,""New"":1418,""Reason"":3}"
43927063,"{""Old"":55,""New"":57,""Reason"":3}"
71538718,"{""Old"":2219,""New"":2225,""Reason"":3}"
200117375,"{""Old"":835,""New"":849,""Reason"":3}"
17740321,"{""Old"":1658,""New"":1660,""Reason"":3}"
42335801,"{""Old"":1660,""New"":1672,""Reason"":3}"
59586281,"{""Old"":74,""New"":76,""Reason"":3}"
38518128,"{""Old"":3578,""New"":3580,""Reason"":3}"
9454481,"{""Old"":67,""New"":69,""Reason"":3}"
41324398,"{""Old"":221,""New"":225,""Reason"":3}"
23256688,"{""Old"":440,""New"":442,""Reason"":3}"
35749819,"{""Old"":1884,""New"":1900,""Reason"":3}"
42723630,"{""Old"":82073,""New"":82087,""Reason"":3}"
82629288,"{""Old"":31683,""New"":31693,""Reason"":3}"
37979975,"{""Old"":89,""New"":95,""Reason"":3}"
17740321,"{""Old"":1706,""New"":1712,""Reason"":3}"
218610415,"{""Old"":581,""New"":593,""Reason"":3}"
62923015,"{""Old"":5647,""New"":5649,""Reason"":3}"
62553613,"{""Old"":21263,""New"":21275,""Reason"":3}"
30187813,"{""Old"":3662,""New"":3666,""Reason"":3}"
62101601,"{""Old"":20,""New"":24,""Reason"":3}"
32027539,"{""Old"":1906,""New"":1908,""Reason"":3}"
20223159,"{""Old"":38608,""New"":41160,""Reason"":3}"
47420217,"{""Old"":2823,""New"":2829,""Reason"":3}"
7051383,"{""Old"":2052,""New"":2056,""Reason"":3}"
9979043,"{""Old"":1204,""New"":1212,""Reason"":3}"
84303672,"{""Old"":18191,""New"":18197,""Reason"":3}"
64773850,"{""Old"":1475,""New"":1481,""Reason"":3}"
63411683,"{""Old"":941,""New"":949,""Reason"":3}"
24647209,"{""Old"":248,""New"":250,""Reason"":3}"
17308188,"{""Old"":64,""New"":78,""Reason"":3}"
27801143,"{""Old"":3719,""New"":3747,""Reason"":3}"
19021529,"{""Old"":1843,""New"":1845,""Reason"":3}"
218733227,"{""Old"":29763,""New"":29767,""Reason"":3}"
218733227,"{""Old"":29785,""New"":29821,""Reason"":3}"
20523163,"{""Old"":392,""New"":432,""Reason"":3}"
7473273,"{""Old"":223625,""New"":223679,""Reason"":3}"
42273855,"{""Old"":2265,""New"":2281,""Reason"":3}"
58380615,"{""Old"":2112,""New"":2114,""Reason"":3}"
22917348,"{""Old"":498,""New"":518,""Reason"":3}"
88718619,"{""Old"":60,""New"":62,""Reason"":3}"
7651372,"{""Old"":4241,""New"":4301,""Reason"":3}"
20223159,"{""Old"":37462,""New"":37470,""Reason"":3}"
45715010,"{""Old"":11298,""New"":11314,""Reason"":3}"
44510856,"{""Old"":3490,""New"":3500,""Reason"":3}"
30928027,"{""Old"":1331,""New"":1379,""Reason"":3}"
24396948,"{""Old"":1008,""New"":1014,""Reason"":3}"
37253685,"{""Old"":299,""New"":305,""Reason"":3}"
37253685,"{""Old"":414,""New"":442,""Reason"":3}"
33160780,"{""Old"":29315,""New"":29321,""Reason"":3}"
84303672,"{""Old"":16983,""New"":17007,""Reason"":3}"
82629288,"{""Old"":33021,""New"":33191,""Reason"":3}"
37253685,"{""Old"":281,""New"":295,""Reason"":3}"
46844671,"{""Old"":6909,""New"":6943,""Reason"":3}"
35749819,"{""Old"":2376,""New"":2382,""Reason"":3}"
20523163,"{""Old"":349,""New"":359,""Reason"":3}"
7473273,"{""Old"":220938,""New"":220944,""Reason"":3}"
23234823,"{""Old"":5105,""New"":5111,""Reason"":3}"
23234823,"{""Old"":5111,""New"":5115,""Reason"":3}"
41324398,"{""Old"":225,""New"":229,""Reason"":3}"
46844671,"{""Old"":6979,""New"":6995,""Reason"":3}"
49616690,"{""Old"":1224,""New"":1236,""Reason"":3}"
82629288,"{""Old"":34111,""New"":34131,""Reason"":3}"
82629288,"{""Old"":34337,""New"":34347,""Reason"":3}"
82629288,"{""Old"":34472,""New"":34492,""Reason"":3}"
42273855,"{""Old"":2243,""New"":2257,""Reason"":3}"
58910127,"{""Old"":3143,""New"":3145,""Reason"":3}"
17740321,"{""Old"":1703,""New"":1705,""Reason"":3}"
22917348,"{""Old"":1054,""New"":1074,""Reason"":3}"
83272424,"{""Old"":191,""New"":193,""Reason"":3}"
28694850,"{""Old"":765,""New"":775,""Reason"":3}"
218649505,"{""Old"":428,""New"":434,""Reason"":3}"
218649505,"{""Old"":502,""New"":504,""Reason"":3}"
16152700,"{""Old"":18181,""New"":18201,""Reason"":3}"
7651372,"{""Old"":4434,""New"":4484,""Reason"":3}"
7051383,"{""Old"":2050,""New"":2052,""Reason"":3}"
31388374,"{""Old"":8,""New"":10,""Reason"":3}"
27801143,"{""Old"":3827,""New"":3829,""Reason"":3}"
81972838,"{""Old"":19469,""New"":19481,""Reason"":3}"
22909512,"{""Old"":61,""New"":67,""Reason"":3}"
37253685,"{""Old"":295,""New"":299,""Reason"":3}"
26912227,"{""Old"":2889,""New"":2897,""Reason"":3}"
7897828,"{""Old"":10895,""New"":10925,""Reason"":3}"
22917348,"{""Old"":518,""New"":524,""Reason"":3}"
58910127,"{""Old"":3179,""New"":3225,""Reason"":3}"
62553613,"{""Old"":21261,""New"":21263,""Reason"":3}"
42743959,"{""Old"":117588,""New"":117864,""Reason"":3}"
62101601,"{""Old"":2,""New"":4,""Reason"":3}"
218649505,"{""Old"":318,""New"":332,""Reason"":3}"
33427419,"{""Old"":223,""New"":227,""Reason"":3}"
81180726,"{""Old"":504,""New"":506,""Reason"":3}"
6921698,"{""Old"":544,""New"":550,""Reason"":3}"
6921698,"{""Old"":647,""New"":651,""Reason"":3}"
24230812,"{""Old"":2348,""New"":2350,""Reason"":3}"
35355719,"{""Old"":932,""New"":936,""Reason"":3}"
17308188,"{""Old"":51,""New"":53,""Reason"":3}"
41324398,"{""Old"":229,""New"":231,""Reason"":3}"
24647209,"{""Old"":251,""New"":255,""Reason"":3}"
218649505,"{""Old"":462,""New"":476,""Reason"":3}"
38057858,"{""Old"":3680,""New"":3684,""Reason"":3}"
33160780,"{""Old"":29214,""New"":29232,""Reason"":3}"
22909512,"{""Old"":76,""New"":78,""Reason"":3}"
20611717,"{""Old"":349,""New"":365,""Reason"":3}"
20611717,"{""Old"":643,""New"":663,""Reason"":3}"
22917348,"{""Old"":1110,""New"":1112,""Reason"":3}"
22917348,"{""Old"":1074,""New"":1090,""Reason"":3}"
70398912,"{""Old"":2727,""New"":2739,""Reason"":3}"
7651372,"{""Old"":4766,""New"":4776,""Reason"":3}"
23903843,"{""Old"":332,""New"":336,""Reason"":3}"
218733227,"{""Old"":29843,""New"":29847,""Reason"":3}"
82629288,"{""Old"":33626,""New"":33636,""Reason"":3}"
82629288,"{""Old"":34327,""New"":34337,""Reason"":3}"
41324398,"{""Old"":199,""New"":201,""Reason"":3}"
208769033,"{""Old"":551765,""New"":551815,""Reason"":3}"
52008256,"{""Old"":74,""New"":82,""Reason"":3}"
82629288,"{""Old"":33828,""New"":33858,""Reason"":3}"
20523163,"{""Old"":270,""New"":310,""Reason"":3}"
58910127,"{""Old"":3125,""New"":3133,""Reason"":3}"
25154055,"{""Old"":1593,""New"":1597,""Reason"":3}"
63783680,"{""Old"":2048,""New"":2062,""Reason"":3}"
66983109,"{""Old"":37,""New"":39,""Reason"":3}"
7051383,"{""Old"":2032,""New"":2034,""Reason"":3}"
19981811,"{""Old"":447475,""New"":447515,""Reason"":3}"
7651372,"{""Old"":3754,""New"":3818,""Reason"":3}"
7651372,"{""Old"":4693,""New"":4755,""Reason"":3}"
21084471,"{""Old"":390,""New"":402,""Reason"":3}"
66273046,"{""Old"":12666,""New"":12668,""Reason"":3}"
33545916,"{""Old"":281,""New"":287,""Reason"":3}"
9907824,"{""Old"":1906,""New"":1908,""Reason"":3}"
82629288,"{""Old"":34266,""New"":34326,""Reason"":3}"
82629288,"{""Old"":34348,""New"":34358,""Reason"":3}"
46844671,"{""Old"":6153,""New"":6185,""Reason"":3}"
27801143,"{""Old"":3861,""New"":3863,""Reason"":3}"
55539039,"{""Old"":72,""New"":76,""Reason"":3}"
38057858,"{""Old"":3351,""New"":3363,""Reason"":3}"
13173406,"{""Old"":4001,""New"":4013,""Reason"":3}"
22451263,"{""Old"":1535,""New"":1537,""Reason"":3}"
45331910,"{""Old"":719,""New"":723,""Reason"":3}"
9038838,"{""Old"":160,""New"":166,""Reason"":3}"
45331910,"{""Old"":724,""New"":736,""Reason"":3}"
57815934,"{""Old"":105,""New"":107,""Reason"":3}"
38057858,"{""Old"":3717,""New"":3737,""Reason"":3}"
84303672,"{""Old"":16174,""New"":16176,""Reason"":3}"
44982170,"{""Old"":2322,""New"":2344,""Reason"":3}"
82629288,"{""Old"":34359,""New"":34369,""Reason"":3}"
218610415,"{""Old"":595,""New"":597,""Reason"":3}"
20523163,"{""Old"":710,""New"":712,""Reason"":3}"
20523163,"{""Old"":584,""New"":604,""Reason"":3}"
33427419,"{""Old"":239,""New"":241,""Reason"":3}"
20611717,"{""Old"":497,""New"":553,""Reason"":3}"
42273855,"{""Old"":2228,""New"":2242,""Reason"":3}"
47681970,"{""Old"":707,""New"":713,""Reason"":3}"
25491019,"{""Old"":1252,""New"":1254,""Reason"":3}"
16251092,"{""Old"":20383,""New"":20389,""Reason"":3}"
76302980,"{""Old"":221,""New"":223,""Reason"":3}"
7651372,"{""Old"":4334,""New"":4344,""Reason"":3}"
7651372,"{""Old"":3018,""New"":3122,""Reason"":3}"
7651372,"{""Old"":4184,""New"":4234,""Reason"":3}"
56610746,"{""Old"":2203,""New"":2215,""Reason"":3}"
82717800,"{""Old"":3734,""New"":3738,""Reason"":3}"
45715010,"{""Old"":11144,""New"":11158,""Reason"":3}"
2968081,"{""Old"":2511,""New"":2515,""Reason"":3}"
59976015,"{""Old"":172,""New"":178,""Reason"":3}"
19021529,"{""Old"":1846,""New"":1848,""Reason"":3}"
68854926,"{""Old"":1410,""New"":1414,""Reason"":3}"
7473273,"{""Old"":223322,""New"":223334,""Reason"":3}"
218733227,"{""Old"":29910,""New"":29918,""Reason"":3}"
218733227,"{""Old"":29855,""New"":29867,""Reason"":3}"
82629288,"{""Old"":33718,""New"":33758,""Reason"":3}"
44982170,"{""Old"":2370,""New"":2372,""Reason"":3}"
84303672,"{""Old"":18122,""New"":18124,""Reason"":3}"
82629288,"{""Old"":33888,""New"":33908,""Reason"":3}"
47012685,"{""Old"":3908,""New"":3934,""Reason"":3}"
27801143,"{""Old"":3845,""New"":3851,""Reason"":3}"
27801143,"{""Old"":3591,""New"":3593,""Reason"":3}"
82629288,"{""Old"":32019,""New"":32027,""Reason"":3}"
82629288,"{""Old"":33993,""New"":34063,""Reason"":3}"
37569323,"{""Old"":690,""New"":692,""Reason"":3}"
42273855,"{""Old"":2217,""New"":2223,""Reason"":3}"
66983109,"{""Old"":47,""New"":49,""Reason"":3}"
218500891,"{""Old"":185,""New"":189,""Reason"":3}"
56636784,"{""Old"":1276,""New"":1282,""Reason"":3}"
209201529,"{""Old"":256,""New"":258,""Reason"":3}"
38249066,"{""Old"":2198,""New"":2204,""Reason"":3}"
19981811,"{""Old"":447520,""New"":447522,""Reason"":3}"
60169402,"{""Old"":2444,""New"":2450,""Reason"":3}"
22965502,"{""Old"":158,""New"":160,""Reason"":3}"
7651372,"{""Old"":4015,""New"":4037,""Reason"":3}"
8423937,"{""Old"":85,""New"":89,""Reason"":3}"
38057858,"{""Old"":3221,""New"":3239,""Reason"":3}"
81470453,"{""Old"":1029,""New"":1031,""Reason"":3}"
20523163,"{""Old"":604,""New"":634,""Reason"":3}"
20523163,"{""Old"":712,""New"":714,""Reason"":3}"
37253685,"{""Old"":454,""New"":474,""Reason"":3}"
9460679,"{""Old"":847,""New"":859,""Reason"":3}"
38761159,"{""Old"":956,""New"":968,""Reason"":3}"
208032196,"{""Old"":291,""New"":293,""Reason"":3}"
7473273,"{""Old"":223221,""New"":223229,""Reason"":3}"
7473273,"{""Old"":223704,""New"":223752,""Reason"":3}"
27801143,"{""Old"":3781,""New"":3801,""Reason"":3}"
27801143,"{""Old"":3811,""New"":3817,""Reason"":3}"
27801143,"{""Old"":3589,""New"":3591,""Reason"":3}"
48669632,"{""Old"":3316,""New"":3320,""Reason"":3}"
20611717,"{""Old"":795,""New"":801,""Reason"":3}"
75730356,"{""Old"":1183,""New"":1185,""Reason"":3}"
11450019,"{""Old"":679,""New"":699,""Reason"":3}"
42743959,"{""Old"":114471,""New"":114713,""Reason"":3}"
42743959,"{""Old"":114073,""New"":114471,""Reason"":3}"
9254415,"{""Old"":53989,""New"":53991,""Reason"":3}"
84537023,"{""Old"":99,""New"":103,""Reason"":3}"
218649505,"{""Old"":356,""New"":362,""Reason"":3}"
7651372,"{""Old"":3505,""New"":3575,""Reason"":3}"
47420217,"{""Old"":2853,""New"":2855,""Reason"":3}"
76302980,"{""Old"":218,""New"":220,""Reason"":3}"
7051383,"{""Old"":1994,""New"":2000,""Reason"":3}"
82717800,"{""Old"":3821,""New"":3835,""Reason"":3}"
6921698,"{""Old"":505,""New"":515,""Reason"":3}"
45715010,"{""Old"":11115,""New"":11129,""Reason"":3}"
38057858,"{""Old"":3780,""New"":3782,""Reason"":3}"
59976015,"{""Old"":178,""New"":180,""Reason"":3}"
49993613,"{""Old"":11184,""New"":11194,""Reason"":3}"
27801143,"{""Old"":3801,""New"":3811,""Reason"":3}"
27801143,"{""Old"":3573,""New"":3583,""Reason"":3}"
46973434,"{""Old"":324,""New"":326,""Reason"":3}"
82629288,"{""Old"":34064,""New"":34074,""Reason"":3}"
22980187,"{""Old"":545,""New"":569,""Reason"":3}"
84303672,"{""Old"":16248,""New"":16252,""Reason"":3}"
82629288,"{""Old"":34547,""New"":34557,""Reason"":3}"
82629288,"{""Old"":31471,""New"":31475,""Reason"":3}"
61658100,"{""Old"":3369,""New"":3371,""Reason"":3}"
27801143,"{""Old"":3557,""New"":3559,""Reason"":3}"
8423937,"{""Old"":78,""New"":84,""Reason"":3}"
212466458,"{""Old"":549,""New"":551,""Reason"":3}"
47681970,"{""Old"":704,""New"":706,""Reason"":3}"
42335801,"{""Old"":1617,""New"":1623,""Reason"":3}"
63783680,"{""Old"":2077,""New"":2091,""Reason"":3}"
37250473,"{""Old"":6519,""New"":6543,""Reason"":3}"
47420217,"{""Old"":2835,""New"":2851,""Reason"":3}"
47420217,"{""Old"":2377,""New"":2379,""Reason"":3}"
3016041,"{""Old"":143,""New"":167,""Reason"":3}"
82717800,"{""Old"":3763,""New"":3785,""Reason"":3}"
19928862,"{""Old"":30098,""New"":30138,""Reason"":3}"
56636784,"{""Old"":1242,""New"":1246,""Reason"":3}"
218500891,"{""Old"":190,""New"":196,""Reason"":3}"
218610415,"{""Old"":566,""New"":568,""Reason"":3}"
38761159,"{""Old"":968,""New"":1004,""Reason"":3}"
8423937,"{""Old"":74,""New"":76,""Reason"":3}"
23256688,"{""Old"":432,""New"":434,""Reason"":3}"
27801143,"{""Old"":3829,""New"":3845,""Reason"":3}"
68253789,"{""Old"":609,""New"":621,""Reason"":3}"
27801143,"{""Old"":3559,""New"":3573,""Reason"":3}"
84303672,"{""Old"":16553,""New"":16559,""Reason"":3}"
82629288,"{""Old"":34420,""New"":34430,""Reason"":3}"
74426538,"{""Old"":4699,""New"":4701,""Reason"":3}"
24230812,"{""Old"":2360,""New"":2364,""Reason"":3}"
47420217,"{""Old"":2380,""New"":2382,""Reason"":3}"
44510856,"{""Old"":4430,""New"":4466,""Reason"":3}"
44510856,"{""Old"":4631,""New"":4647,""Reason"":3}"
66273046,"{""Old"":12678,""New"":12680,""Reason"":3}"
76302980,"{""Old"":255,""New"":259,""Reason"":3}"
20611717,"{""Old"":839,""New"":849,""Reason"":3}"
32105486,"{""Old"":261,""New"":263,""Reason"":3}"
42743959,"{""Old"":116320,""New"":116644,""Reason"":3}"
7897828,"{""Old"":10878,""New"":10894,""Reason"":3}"
58910127,"{""Old"":3256,""New"":3262,""Reason"":3}"
81180726,"{""Old"":430,""New"":438,""Reason"":3}"
47420217,"{""Old"":2415,""New"":2419,""Reason"":3}"
7051383,"{""Old"":2048,""New"":2050,""Reason"":3}"
209276684,"{""Old"":281,""New"":283,""Reason"":3}"
45715010,"{""Old"":11083,""New"":11109,""Reason"":3}"
64795193,"{""Old"":1087,""New"":1089,""Reason"":3}"
64795193,"{""Old"":1081,""New"":1087,""Reason"":3}"
38057858,"{""Old"":3668,""New"":3670,""Reason"":3}"
82629288,"{""Old"":31333,""New"":31335,""Reason"":3}"
82629288,"{""Old"":34567,""New"":34577,""Reason"":3}"
56636784,"{""Old"":1016,""New"":1030,""Reason"":3}"
32027539,"{""Old"":1876,""New"":1878,""Reason"":3}"
76302980,"{""Old"":229,""New"":231,""Reason"":3}"
44510856,"{""Old"":3891,""New"":3901,""Reason"":3}"
6921698,"{""Old"":693,""New"":703,""Reason"":3}"
44510856,"{""Old"":3956,""New"":3966,""Reason"":3}"
19928862,"{""Old"":19943,""New"":20275,""Reason"":3}"
6921698,"{""Old"":651,""New"":655,""Reason"":3}"
19928862,"{""Old"":28467,""New"":29081,""Reason"":3}"
87483171,"{""Old"":774,""New"":776,""Reason"":3}"
19928862,"{""Old"":29653,""New"":29693,""Reason"":3}"
6921698,"{""Old"":347,""New"":349,""Reason"":3}"
82717800,"{""Old"":3797,""New"":3801,""Reason"":3}"
81972838,"{""Old"":19521,""New"":19525,""Reason"":3}"
31558571,"{""Old"":3432,""New"":3444,""Reason"":3}"
18841126,"{""Old"":51073,""New"":51089,""Reason"":3}"
42273855,"{""Old"":2206,""New"":2208,""Reason"":3}"
38057858,"{""Old"":3751,""New"":3753,""Reason"":3}"
38057858,"{""Old"":3448,""New"":3464,""Reason"":3}"
27801143,"{""Old"":3583,""New"":3589,""Reason"":3}"
20523163,"{""Old"":684,""New"":688,""Reason"":3}"
27801143,"{""Old"":3851,""New"":3861,""Reason"":3}"
20523163,"{""Old"":462,""New"":496,""Reason"":3}"
20523163,"{""Old"":680,""New"":684,""Reason"":3}"
3609679,"{""Old"":342,""New"":344,""Reason"":3}"
27801143,"{""Old"":2789,""New"":2827,""Reason"":3}"
48669632,"{""Old"":3309,""New"":3313,""Reason"":3}"
76302980,"{""Old"":185,""New"":193,""Reason"":3}"
6921698,"{""Old"":392,""New"":394,""Reason"":3}"
19572786,"{""Old"":718,""New"":732,""Reason"":3}"
6921698,"{""Old"":369,""New"":385,""Reason"":3}"
6956438,"{""Old"":2253,""New"":2269,""Reason"":3}"
38319980,"{""Old"":239057,""New"":239067,""Reason"":3}"
53138586,"{""Old"":33988,""New"":34062,""Reason"":3}"
6921698,"{""Old"":604,""New"":606,""Reason"":3}"
40303794,"{""Old"":17246,""New"":17260,""Reason"":3}"
200117375,"{""Old"":895,""New"":897,""Reason"":3}"
83272424,"{""Old"":173,""New"":175,""Reason"":3}"
18374122,"{""Old"":4713,""New"":4731,""Reason"":3}"
42273855,"{""Old"":2215,""New"":2217,""Reason"":3}"
20611717,"{""Old"":739,""New"":747,""Reason"":3}"
20611717,"{""Old"":791,""New"":795,""Reason"":3}"
20611717,"{""Old"":236,""New"":242,""Reason"":3}"
38057858,"{""Old"":3755,""New"":3759,""Reason"":3}"
35749819,"{""Old"":788,""New"":826,""Reason"":3}"
48669632,"{""Old"":3351,""New"":3357,""Reason"":3}"
6868129,"{""Old"":9178,""New"":9180,""Reason"":3}"
7710759,"{""Old"":1000,""New"":1012,""Reason"":3}"
48669632,"{""Old"":3326,""New"":3330,""Reason"":3}"
27801143,"{""Old"":3747,""New"":3771,""Reason"":3}"
84303672,"{""Old"":18165,""New"":18169,""Reason"":3}"
35749819,"{""Old"":1272,""New"":1278,""Reason"":3}"
33160780,"{""Old"":29156,""New"":29164,""Reason"":3}"
61277138,"{""Old"":1481,""New"":1525,""Reason"":3}"
61277138,"{""Old"":1525,""New"":1527,""Reason"":3}"
82717800,"{""Old"":3631,""New"":3633,""Reason"":3}"
39479328,"{""Old"":869,""New"":887,""Reason"":3}"
70687690,"{""Old"":422,""New"":434,""Reason"":3}"
25154055,"{""Old"":1600,""New"":1618,""Reason"":3}"
58910127,"{""Old"":3175,""New"":3177,""Reason"":3}"
63783680,"{""Old"":2070,""New"":2072,""Reason"":3}"
32105486,"{""Old"":451,""New"":457,""Reason"":3}"
42743959,"{""Old"":115300,""New"":115320,""Reason"":3}"
42743959,"{""Old"":117864,""New"":117924,""Reason"":3}"
38057858,"{""Old"":3645,""New"":3659,""Reason"":3}"
41286998,"{""Old"":140,""New"":142,""Reason"":3}"
82629288,"{""Old"":31350,""New"":31352,""Reason"":3}"
41324398,"{""Old"":201,""New"":207,""Reason"":3}"
35355719,"{""Old"":982,""New"":984,""Reason"":3}"
35355719,"{""Old"":1104,""New"":1118,""Reason"":3}"
57000930,"{""Old"":75,""New"":79,""Reason"":3}"
2861503,"{""Old"":2174,""New"":2194,""Reason"":3}"
6956438,"{""Old"":2304,""New"":2346,""Reason"":3}"
47420217,"{""Old"":2792,""New"":2804,""Reason"":3}"
56610746,"{""Old"":2221,""New"":2233,""Reason"":3}"
7651372,"{""Old"":2321,""New"":2347,""Reason"":3}"
6956438,"{""Old"":2109,""New"":2119,""Reason"":3}"
33545916,"{""Old"":279,""New"":281,""Reason"":3}"
35355719,"{""Old"":942,""New"":960,""Reason"":3}"
22909512,"{""Old"":91,""New"":93,""Reason"":3}"
49993613,"{""Old"":11159,""New"":11161,""Reason"":3}"
54377448,"{""Old"":399,""New"":405,""Reason"":3}"
6881205,"{""Old"":11353,""New"":11367,""Reason"":3}"
68253789,"{""Old"":632,""New"":634,""Reason"":3}"
37979975,"{""Old"":112,""New"":118,""Reason"":3}"
38057858,"{""Old"":3761,""New"":3765,""Reason"":3}"
38057858,"{""Old"":3774,""New"":3778,""Reason"":3}"
41286998,"{""Old"":162,""New"":164,""Reason"":3}"
84303672,"{""Old"":16223,""New"":16229,""Reason"":3}"
9979043,"{""Old"":912,""New"":924,""Reason"":3}"
40700927,"{""Old"":911,""New"":913,""Reason"":3}"
37253685,"{""Old"":374,""New"":394,""Reason"":3}"
27801143,"{""Old"":3425,""New"":3439,""Reason"":3}"
20611717,"{""Old"":837,""New"":839,""Reason"":3}"
20611717,"{""Old"":406,""New"":450,""Reason"":3}"
62553613,"{""Old"":21216,""New"":21256,""Reason"":3}"
8675108,"{""Old"":393,""New"":395,""Reason"":3}"
36252064,"{""Old"":1321,""New"":1325,""Reason"":3}"
18841126,"{""Old"":51099,""New"":51143,""Reason"":3}"
209201529,"{""Old"":320,""New"":336,""Reason"":3}"
38249066,"{""Old"":2002,""New"":2038,""Reason"":3}"
81972838,"{""Old"":19573,""New"":19575,""Reason"":3}"
7051383,"{""Old"":2036,""New"":2046,""Reason"":3}"
7051383,"{""Old"":2003,""New"":2019,""Reason"":3}"
7051383,"{""Old"":2020,""New"":2022,""Reason"":3}"
47420217,"{""Old"":2430,""New"":2432,""Reason"":3}"
19928862,"{""Old"":29703,""New"":29885,""Reason"":3}"
17593825,"{""Old"":2462,""New"":2472,""Reason"":3}"
44510856,"{""Old"":4707,""New"":4735,""Reason"":3}"
7651372,"{""Old"":4956,""New"":4988,""Reason"":3}"
47420217,"{""Old"":2385,""New"":2391,""Reason"":3}"
47420217,"{""Old"":2399,""New"":2413,""Reason"":3}"
47420217,"{""Old"":3050,""New"":3052,""Reason"":3}"
27801143,"{""Old"":2863,""New"":2873,""Reason"":3}"
72848715,"{""Old"":3796,""New"":3810,""Reason"":3}"
33160780,"{""Old"":29257,""New"":29259,""Reason"":3}"
48669632,"{""Old"":3188,""New"":3190,""Reason"":3}"
21686379,"{""Old"":3366,""New"":3378,""Reason"":3}"
68854926,"{""Old"":1422,""New"":1450,""Reason"":3}"
210733499,"{""Old"":37,""New"":41,""Reason"":3}"
62101601,"{""Old"":8,""New"":10,""Reason"":3}"
37250473,"{""Old"":6475,""New"":6487,""Reason"":3}"
20611717,"{""Old"":771,""New"":783,""Reason"":3}"
58910127,"{""Old"":3101,""New"":3105,""Reason"":3}"
58910127,"{""Old"":3146,""New"":3160,""Reason"":3}"
20611717,"{""Old"":695,""New"":715,""Reason"":3}"
209523409,"{""Old"":685,""New"":687,""Reason"":3}"
7651372,"{""Old"":4485,""New"":4575,""Reason"":3}"
45715010,"{""Old"":10896,""New"":10920,""Reason"":3}"
45715010,"{""Old"":10610,""New"":10620,""Reason"":3}"
6956438,"{""Old"":2182,""New"":2186,""Reason"":3}"
37253685,"{""Old"":165,""New"":167,""Reason"":3}"
82629288,"{""Old"":32035,""New"":32037,""Reason"":3}"
9979043,"{""Old"":990,""New"":1006,""Reason"":3}"
44982170,"{""Old"":2354,""New"":2362,""Reason"":3}"
63411683,"{""Old"":930,""New"":934,""Reason"":3}"
44982170,"{""Old"":2366,""New"":2370,""Reason"":3}"
41286998,"{""Old"":153,""New"":157,""Reason"":3}"
7473273,"{""Old"":223827,""New"":223909,""Reason"":3}"
48669632,"{""Old"":3216,""New"":3226,""Reason"":3}"
35355719,"{""Old"":1166,""New"":1170,""Reason"":3}"
64773850,"{""Old"":1434,""New"":1450,""Reason"":3}"
218733227,"{""Old"":29896,""New"":29910,""Reason"":3}"
42743959,"{""Old"":117924,""New"":117984,""Reason"":3}"
59586281,"{""Old"":90,""New"":94,""Reason"":3}"
85219672,"{""Old"":159071,""New"":159091,""Reason"":3}"
39230615,"{""Old"":134,""New"":138,""Reason"":3}"
25154055,"{""Old"":1623,""New"":1635,""Reason"":3}"
20611717,"{""Old"":835,""New"":837,""Reason"":3}"
43376749,"{""Old"":108,""New"":112,""Reason"":3}"
44510856,"{""Old"":4737,""New"":4759,""Reason"":3}"
86617310,"{""Old"":184,""New"":188,""Reason"":3}"
38319980,"{""Old"":241095,""New"":241125,""Reason"":3}"
38319980,"{""Old"":241649,""New"":241681,""Reason"":3}"
22909512,"{""Old"":87,""New"":91,""Reason"":3}"
38057858,"{""Old"":3489,""New"":3493,""Reason"":3}"
35355719,"{""Old"":1174,""New"":1180,""Reason"":3}"
6881205,"{""Old"":11412,""New"":11416,""Reason"":3}"
9979043,"{""Old"":599,""New"":631,""Reason"":3}"
82629288,"{""Old"":32039,""New"":32051,""Reason"":3}"
9979043,"{""Old"":1339,""New"":1343,""Reason"":3}"
34343897,"{""Old"":2901,""New"":2903,""Reason"":3}"
27801143,"{""Old"":2939,""New"":2951,""Reason"":3}"
6868129,"{""Old"":9452,""New"":9456,""Reason"":3}"
3609679,"{""Old"":340,""New"":342,""Reason"":3}"
63411683,"{""Old"":824,""New"":832,""Reason"":3}"
35749819,"{""Old"":1278,""New"":1282,""Reason"":3}"
35355719,"{""Old"":990,""New"":992,""Reason"":3}"
38057858,"{""Old"":3549,""New"":3559,""Reason"":3}"
75730356,"{""Old"":1186,""New"":1188,""Reason"":3}"
32105486,"{""Old"":509,""New"":515,""Reason"":3}"
37250473,"{""Old"":6495,""New"":6499,""Reason"":3}"
37250473,"{""Old"":6625,""New"":6631,""Reason"":3}"
37250473,"{""Old"":6653,""New"":6681,""Reason"":3}"
25491019,"{""Old"":1263,""New"":1265,""Reason"":3}"
25491019,"{""Old"":1277,""New"":1281,""Reason"":3}"
87483171,"{""Old"":810,""New"":814,""Reason"":3}"
44510856,"{""Old"":4526,""New"":4542,""Reason"":3}"
44510856,"{""Old"":4291,""New"":4301,""Reason"":3}"
30928027,"{""Old"":1256,""New"":1268,""Reason"":3}"
56610746,"{""Old"":2216,""New"":2218,""Reason"":3}"
60169402,"{""Old"":2479,""New"":2493,""Reason"":3}"
44510856,"{""Old"":4491,""New"":4515,""Reason"":3}"
63411683,"{""Old"":846,""New"":848,""Reason"":3}"
44982170,"{""Old"":2362,""New"":2364,""Reason"":3}"
82629288,"{""Old"":31461,""New"":31463,""Reason"":3}"
9979043,"{""Old"":949,""New"":973,""Reason"":3}"
9979043,"{""Old"":1215,""New"":1237,""Reason"":3}"
34659987,"{""Old"":3040,""New"":3044,""Reason"":3}"
82629288,"{""Old"":31459,""New"":31461,""Reason"":3}"
82629288,"{""Old"":31465,""New"":31467,""Reason"":3}"
9979043,"{""Old"":887,""New"":895,""Reason"":3}"
6868129,"{""Old"":9740,""New"":9742,""Reason"":3}"
6881205,"{""Old"":11374,""New"":11394,""Reason"":3}"
54541363,"{""Old"":1685,""New"":1691,""Reason"":3}"
35355719,"{""Old"":766,""New"":774,""Reason"":3}"
20611717,"{""Old"":829,""New"":833,""Reason"":3}"
58910127,"{""Old"":3082,""New"":3086,""Reason"":3}"
25491019,"{""Old"":1274,""New"":1276,""Reason"":3}"
37250473,"{""Old"":6789,""New"":6821,""Reason"":3}"
61141875,"{""Old"":2227,""New"":2229,""Reason"":3}"
58910127,"{""Old"":3095,""New"":3101,""Reason"":3}"
37250473,"{""Old"":6698,""New"":6712,""Reason"":3}"
32105486,"{""Old"":610,""New"":612,""Reason"":3}"
77901621,"{""Old"":65,""New"":67,""Reason"":3}"
48073539,"{""Old"":3689,""New"":3691,""Reason"":3}"
47420217,"{""Old"":2349,""New"":2357,""Reason"":3}"
24230812,"{""Old"":2343,""New"":2347,""Reason"":3}"
82629288,"{""Old"":31469,""New"":31471,""Reason"":3}"
84303672,"{""Old"":16398,""New"":16400,""Reason"":3}"
27801143,"{""Old"":2760,""New"":2784,""Reason"":3}"
20523163,"{""Old"":516,""New"":584,""Reason"":3}"
20523163,"{""Old"":670,""New"":680,""Reason"":3}"
20523163,"{""Old"":634,""New"":670,""Reason"":3}"
48669632,"{""Old"":3314,""New"":3316,""Reason"":3}"
48669632,"{""Old"":3344,""New"":3348,""Reason"":3}"
21686379,"{""Old"":3378,""New"":3390,""Reason"":3}"
82629288,"{""Old"":34387,""New"":34407,""Reason"":3}"
9979043,"{""Old"":721,""New"":729,""Reason"":3}"
9979043,"{""Old"":703,""New"":711,""Reason"":3}"
9979043,"{""Old"":756,""New"":788,""Reason"":3}"
9979043,"{""Old"":1130,""New"":1136,""Reason"":3}"
9979043,"{""Old"":1157,""New"":1159,""Reason"":3}"
35749819,"{""Old"":2334,""New"":2348,""Reason"":3}"
36195039,"{""Old"":957,""New"":963,""Reason"":3}"
62553613,"{""Old"":21275,""New"":21289,""Reason"":3}"
58910127,"{""Old"":3080,""New"":3082,""Reason"":3}"
42743959,"{""Old"":115179,""New"":115233,""Reason"":3}"
42743959,"{""Old"":117176,""New"":117588,""Reason"":3}"
7897828,"{""Old"":10874,""New"":10876,""Reason"":3}"
20611717,"{""Old"":801,""New"":813,""Reason"":3}"
25491019,"{""Old"":1267,""New"":1269,""Reason"":3}"
2959905,"{""Old"":3384,""New"":3404,""Reason"":3}"
58910127,"{""Old"":3133,""New"":3135,""Reason"":3}"
43376749,"{""Old"":122,""New"":126,""Reason"":3}"
42743959,"{""Old"":115233,""New"":115293,""Reason"":3}"
6921698,"{""Old"":221,""New"":235,""Reason"":3}"
53950953,"{""Old"":2200,""New"":2204,""Reason"":3}"
44510856,"{""Old"":4303,""New"":4345,""Reason"":3}"
6921698,"{""Old"":616,""New"":638,""Reason"":3}"
6921698,"{""Old"":661,""New"":677,""Reason"":3}"
7651372,"{""Old"":5514,""New"":5534,""Reason"":3}"
64795193,"{""Old"":1074,""New"":1076,""Reason"":3}"
88028317,"{""Old"":317,""New"":321,""Reason"":3}"
6921698,"{""Old"":554,""New"":576,""Reason"":3}"
35749819,"{""Old"":1282,""New"":1286,""Reason"":3}"
38057858,"{""Old"":3309,""New"":3319,""Reason"":3}"
38761159,"{""Old"":911,""New"":915,""Reason"":3}"
47012685,"{""Old"":3945,""New"":3957,""Reason"":3}"
81192725,"{""Old"":1417,""New"":1421,""Reason"":3}"
9979043,"{""Old"":1145,""New"":1155,""Reason"":3}"
64773850,"{""Old"":1458,""New"":1464,""Reason"":3}"
20611717,"{""Old"":727,""New"":739,""Reason"":3}"
42743959,"{""Old"":114713,""New"":114899,""Reason"":3}"
35157507,"{""Old"":21,""New"":23,""Reason"":3}"
32105486,"{""Old"":285,""New"":291,""Reason"":3}"
32105486,"{""Old"":517,""New"":537,""Reason"":3}"
53138586,"{""Old"":34062,""New"":36346,""Reason"":3}"
218666368,"{""Old"":18905,""New"":18909,""Reason"":3}"
6921698,"{""Old"":432,""New"":444,""Reason"":3}"
45715010,"{""Old"":11060,""New"":11078,""Reason"":3}"
44510856,"{""Old"":4543,""New"":4617,""Reason"":3}"
30928027,"{""Old"":1224,""New"":1242,""Reason"":3}"
53138586,"{""Old"":33786,""New"":33812,""Reason"":3}"
6921698,"{""Old"":530,""New"":534,""Reason"":3}"
218666368,"{""Old"":18970,""New"":18978,""Reason"":3}"
70530526,"{""Old"":2282,""New"":2298,""Reason"":3}"
8048172,"{""Old"":71,""New"":73,""Reason"":3}"
211534404,"{""Old"":1250,""New"":1264,""Reason"":3}"
210819557,"{""Old"":127,""New"":139,""Reason"":3}"
64773850,"{""Old"":1418,""New"":1422,""Reason"":3}"
44982170,"{""Old"":2290,""New"":2318,""Reason"":3}"
209276684,"{""Old"":303,""New"":309,""Reason"":3}"
47420217,"{""Old"":2909,""New"":2913,""Reason"":3}"
47420217,"{""Old"":2922,""New"":2926,""Reason"":3}"
38249066,"{""Old"":1736,""New"":1740,""Reason"":3}"
38249066,"{""Old"":1888,""New"":1896,""Reason"":3}"
32105486,"{""Old"":339,""New"":353,""Reason"":3}"
37250473,"{""Old"":6865,""New"":6877,""Reason"":3}"
43376749,"{""Old"":136,""New"":138,""Reason"":3}"
47420217,"{""Old"":3086,""New"":3100,""Reason"":3}"
44510856,"{""Old"":4763,""New"":4775,""Reason"":3}"
56636784,"{""Old"":1005,""New"":1013,""Reason"":3}"
6921698,"{""Old"":238,""New"":242,""Reason"":3}"
44510856,"{""Old"":4387,""New"":4423,""Reason"":3}"
6921698,"{""Old"":184,""New"":192,""Reason"":3}"
6956438,"{""Old"":2199,""New"":2205,""Reason"":3}"
6956438,"{""Old"":2274,""New"":2276,""Reason"":3}"
23256688,"{""Old"":424,""New"":426,""Reason"":3}"
46844671,"{""Old"":6601,""New"":6667,""Reason"":3}"
9979043,"{""Old"":978,""New"":980,""Reason"":3}"
38057858,"{""Old"":3320,""New"":3328,""Reason"":3}"
35749819,"{""Old"":2278,""New"":2324,""Reason"":3}"
21594855,"{""Old"":634,""New"":636,""Reason"":3}"
70687690,"{""Old"":411,""New"":415,""Reason"":3}"
18841126,"{""Old"":51263,""New"":51303,""Reason"":3}"
36607525,"{""Old"":3113,""New"":3115,""Reason"":3}"
38319980,"{""Old"":241626,""New"":241628,""Reason"":3}"
218666368,"{""Old"":19035,""New"":19037,""Reason"":3}"
38249066,"{""Old"":1714,""New"":1736,""Reason"":3}"
48299980,"{""Old"":2,""New"":10,""Reason"":3}"
44510856,"{""Old"":3106,""New"":3124,""Reason"":3}"
56636784,"{""Old"":1294,""New"":1296,""Reason"":3}"
34804511,"{""Old"":15319,""New"":15321,""Reason"":3}"
7651372,"{""Old"":3291,""New"":3455,""Reason"":3}"
61141875,"{""Old"":2219,""New"":2221,""Reason"":3}"
70398912,"{""Old"":2690,""New"":2696,""Reason"":3}"
44510856,"{""Old"":4372,""New"":4384,""Reason"":3}"
30928027,"{""Old"":1286,""New"":1292,""Reason"":3}"
20611717,"{""Old"":789,""New"":791,""Reason"":3}"
25154055,"{""Old"":1619,""New"":1623,""Reason"":3}"
37250473,"{""Old"":6457,""New"":6461,""Reason"":3}"
18841126,"{""Old"":51056,""New"":51070,""Reason"":3}"
9979043,"{""Old"":1075,""New"":1079,""Reason"":3}"
82629288,"{""Old"":34079,""New"":34109,""Reason"":3}"
27801143,"{""Old"":3225,""New"":3361,""Reason"":3}"
31599397,"{""Old"":1179,""New"":1181,""Reason"":3}"
64773850,"{""Old"":1471,""New"":1473,""Reason"":3}"
82629288,"{""Old"":32241,""New"":32275,""Reason"":3}"
82629288,"{""Old"":33566,""New"":33596,""Reason"":3}"
22184453,"{""Old"":5364,""New"":5494,""Reason"":3}"
84303672,"{""Old"":16259,""New"":16263,""Reason"":3}"
82629288,"{""Old"":33758,""New"":33828,""Reason"":3}"
43959427,"{""Old"":5324,""New"":5328,""Reason"":3}"
56636784,"{""Old"":1098,""New"":1122,""Reason"":3}"
47371397,"{""Old"":762,""New"":764,""Reason"":3}"
35355719,"{""Old"":812,""New"":824,""Reason"":3}"
6868129,"{""Old"":9712,""New"":9740,""Reason"":3}"
21143559,"{""Old"":1425,""New"":1431,""Reason"":3}"
47420217,"{""Old"":2856,""New"":2858,""Reason"":3}"
38319980,"{""Old"":241023,""New"":241045,""Reason"":3}"
53138586,"{""Old"":36596,""New"":36598,""Reason"":3}"
6956438,"{""Old"":2152,""New"":2156,""Reason"":3}"
32320809,"{""Old"":0,""New"":2,""Reason"":3}"
209276684,"{""Old"":261,""New"":279,""Reason"":3}"
32105486,"{""Old"":334,""New"":338,""Reason"":3}"
32105486,"{""Old"":569,""New"":583,""Reason"":3}"
70687690,"{""Old"":417,""New"":419,""Reason"":3}"
75585261,"{""Old"":7040,""New"":7050,""Reason"":3}"
37250473,"{""Old"":6769,""New"":6783,""Reason"":3}"
20611717,"{""Old"":813,""New"":829,""Reason"":3}"
43953490,"{""Old"":33951,""New"":33953,""Reason"":3}"
23256688,"{""Old"":436,""New"":438,""Reason"":3}"
27801143,"{""Old"":3032,""New"":3034,""Reason"":3}"
70367218,"{""Old"":5757,""New"":5773,""Reason"":3}"
7710759,"{""Old"":966,""New"":994,""Reason"":3}"
84303672,"{""Old"":16313,""New"":16319,""Reason"":3}"
82629288,"{""Old"":34527,""New"":34547,""Reason"":3}"
22980187,"{""Old"":535,""New"":539,""Reason"":3}"
22980187,"{""Old"":543,""New"":545,""Reason"":3}"
31599397,"{""Old"":1198,""New"":1200,""Reason"":3}"
27801143,"{""Old"":2995,""New"":2997,""Reason"":3}"
38057858,"{""Old"":3416,""New"":3418,""Reason"":3}"
37250473,"{""Old"":6489,""New"":6491,""Reason"":3}"
208910409,"{""Old"":1701,""New"":1719,""Reason"":3}"
8675108,"{""Old"":395,""New"":399,""Reason"":3}"
41314505,"{""Old"":1486,""New"":1498,""Reason"":3}"
25491019,"{""Old"":1270,""New"":1274,""Reason"":3}"
61277138,"{""Old"":1455,""New"":1481,""Reason"":3}"
6921698,"{""Old"":333,""New"":335,""Reason"":3}"
45715010,"{""Old"":11080,""New"":11082,""Reason"":3}"
19750058,"{""Old"":936,""New"":968,""Reason"":3}"
77901621,"{""Old"":79,""New"":81,""Reason"":3}"
209201529,"{""Old"":248,""New"":250,""Reason"":3}"
6084170,"{""Old"":14204,""New"":14220,""Reason"":3}"
38319980,"{""Old"":242134,""New"":242258,""Reason"":3}"
38057858,"{""Old"":3496,""New"":3500,""Reason"":3}"
35355719,"{""Old"":1170,""New"":1174,""Reason"":3}"
84303672,"{""Old"":18197,""New"":18199,""Reason"":3}"
3609679,"{""Old"":344,""New"":350,""Reason"":3}"
48669632,"{""Old"":3095,""New"":3101,""Reason"":3}"
64773850,"{""Old"":1431,""New"":1433,""Reason"":3}"
37250473,"{""Old"":6821,""New"":6865,""Reason"":3}"
18841126,"{""Old"":51241,""New"":51263,""Reason"":3}"
43953490,"{""Old"":33996,""New"":34010,""Reason"":3}"
84393747,"{""Old"":2657,""New"":2663,""Reason"":3}"
31558571,"{""Old"":3444,""New"":3448,""Reason"":3}"
54541363,"{""Old"":1700,""New"":1702,""Reason"":3}"
218666368,"{""Old"":19048,""New"":19054,""Reason"":3}"
6956438,"{""Old"":2237,""New"":2253,""Reason"":3}"
66273046,"{""Old"":12680,""New"":12682,""Reason"":3}"
6084170,"{""Old"":14312,""New"":14334,""Reason"":3}"
19981811,"{""Old"":447523,""New"":447539,""Reason"":3}"
64795193,"{""Old"":1095,""New"":1097,""Reason"":3}"
45715010,"{""Old"":10993,""New"":11055,""Reason"":3}"
9979043,"{""Old"":925,""New"":927,""Reason"":3}"
27801143,"{""Old"":3681,""New"":3719,""Reason"":3}"
38761159,"{""Old"":883,""New"":907,""Reason"":3}"
27801143,"{""Old"":3098,""New"":3184,""Reason"":3}"
27801143,"{""Old"":3469,""New"":3495,""Reason"":3}"
82629288,"{""Old"":34431,""New"":34471,""Reason"":3}"
37253685,"{""Old"":247,""New"":257,""Reason"":3}"
35795613,"{""Old"":4238,""New"":4244,""Reason"":3}"
38057858,"{""Old"":3105,""New"":3107,""Reason"":3}"
35749819,"{""Old"":1308,""New"":1322,""Reason"":3}"
48669632,"{""Old"":3122,""New"":3152,""Reason"":3}"
84303672,"{""Old"":16951,""New"":16961,""Reason"":3}"
81192725,"{""Old"":1447,""New"":1457,""Reason"":3}"
81188234,"{""Old"":1086,""New"":1090,""Reason"":3}"
8701674,"{""Old"":7,""New"":9,""Reason"":3}"
33160780,"{""Old"":29000,""New"":29004,""Reason"":3}"
35749819,"{""Old"":2198,""New"":2258,""Reason"":3}"
9979043,"{""Old"":1009,""New"":1019,""Reason"":3}"
84303672,"{""Old"":16927,""New"":16939,""Reason"":3}"
63411683,"{""Old"":796,""New"":804,""Reason"":3}"
35355719,"{""Old"":960,""New"":964,""Reason"":3}"
18841126,"{""Old"":51153,""New"":51177,""Reason"":3}"
208910409,"{""Old"":1605,""New"":1611,""Reason"":3}"
208910409,"{""Old"":1660,""New"":1662,""Reason"":3}"
20611717,"{""Old"":849,""New"":859,""Reason"":3}"
42743959,"{""Old"":117984,""New"":118004,""Reason"":3}"
73079522,"{""Old"":190,""New"":194,""Reason"":3}"
45715010,"{""Old"":10870,""New"":10892,""Reason"":3}"
45715010,"{""Old"":10892,""New"":10896,""Reason"":3}"
56636784,"{""Old"":1282,""New"":1294,""Reason"":3}"
6921698,"{""Old"":214,""New"":220,""Reason"":3}"
38319980,"{""Old"":241001,""New"":241023,""Reason"":3}"
2861503,"{""Old"":2018,""New"":2028,""Reason"":3}"
7651372,"{""Old"":3933,""New"":4015,""Reason"":3}"
44510856,"{""Old"":3132,""New"":3136,""Reason"":3}"
44510856,"{""Old"":3992,""New"":4032,""Reason"":3}"
45715010,"{""Old"":10858,""New"":10870,""Reason"":3}"
56636784,"{""Old"":1080,""New"":1098,""Reason"":3}"
38249066,"{""Old"":1874,""New"":1878,""Reason"":3}"
211534404,"{""Old"":1230,""New"":1248,""Reason"":3}"
27801143,"{""Old"":2919,""New"":2939,""Reason"":3}"
207052297,"{""Old"":3395,""New"":3445,""Reason"":3}"
9979043,"{""Old"":1185,""New"":1197,""Reason"":3}"
9979043,"{""Old"":1276,""New"":1298,""Reason"":3}"
82629288,"{""Old"":32484,""New"":32526,""Reason"":3}"
9979043,"{""Old"":1343,""New"":1351,""Reason"":3}"
40700927,"{""Old"":959,""New"":973,""Reason"":3}"
34659987,"{""Old"":3028,""New"":3030,""Reason"":3}"
49993613,"{""Old"":11166,""New"":11182,""Reason"":3}"
27801143,"{""Old"":3439,""New"":3469,""Reason"":3}"
48669632,"{""Old"":3168,""New"":3182,""Reason"":3}"
27801143,"{""Old"":3361,""New"":3425,""Reason"":3}"
35355719,"{""Old"":784,""New"":798,""Reason"":3}"
24608076,"{""Old"":27102,""New"":27104,""Reason"":3}"
20611717,"{""Old"":663,""New"":695,""Reason"":3}"
211230900,"{""Old"":1286,""New"":1348,""Reason"":3}"
35749819,"{""Old"":1248,""New"":1272,""Reason"":3}"
37314067,"{""Old"":1064,""New"":1072,""Reason"":3}"
41834153,"{""Old"":121,""New"":131,""Reason"":3}"
37314067,"{""Old"":1075,""New"":1081,""Reason"":3}"
8675108,"{""Old"":375,""New"":379,""Reason"":3}"
41834153,"{""Old"":115,""New"":121,""Reason"":3}"
63883993,"{""Old"":202,""New"":204,""Reason"":3}"
37837221,"{""Old"":551,""New"":567,""Reason"":3}"
47420217,"{""Old"":2292,""New"":2318,""Reason"":3}"
47420217,"{""Old"":2363,""New"":2373,""Reason"":3}"
76302980,"{""Old"":194,""New"":200,""Reason"":3}"
6921698,"{""Old"":253,""New"":259,""Reason"":3}"
19928862,"{""Old"":29955,""New"":30035,""Reason"":3}"
6921698,"{""Old"":321,""New"":331,""Reason"":3}"
44307099,"{""Old"":249,""New"":251,""Reason"":3}"
81972838,"{""Old"":19611,""New"":19615,""Reason"":3}"
19981811,"{""Old"":447563,""New"":447567,""Reason"":3}"
21143559,"{""Old"":1399,""New"":1421,""Reason"":3}"
35749819,"{""Old"":1208,""New"":1248,""Reason"":3}"
35749819,"{""Old"":1716,""New"":1740,""Reason"":3}"
82629288,"{""Old"":31624,""New"":31658,""Reason"":3}"
82629288,"{""Old"":33362,""New"":33516,""Reason"":3}"
82629288,"{""Old"":33951,""New"":33993,""Reason"":3}"
22980187,"{""Old"":569,""New"":573,""Reason"":3}"
9979043,"{""Old"":930,""New"":934,""Reason"":3}"
49616690,"{""Old"":1200,""New"":1208,""Reason"":3}"
82629288,"{""Old"":33596,""New"":33626,""Reason"":3}"
81192725,"{""Old"":1423,""New"":1441,""Reason"":3}"
38057858,"{""Old"":3437,""New"":3443,""Reason"":3}"
32105486,"{""Old"":600,""New"":610,""Reason"":3}"
43953490,"{""Old"":34081,""New"":34099,""Reason"":3}"
20721207,"{""Old"":2119,""New"":2129,""Reason"":3}"
32105486,"{""Old"":325,""New"":327,""Reason"":3}"
38319980,"{""Old"":241782,""New"":241792,""Reason"":3}"
38319980,"{""Old"":241628,""New"":241648,""Reason"":3}"
38319980,"{""Old"":241583,""New"":241623,""Reason"":3}"
33503495,"{""Old"":4401,""New"":4407,""Reason"":3}"
38249066,"{""Old"":1672,""New"":1686,""Reason"":3}"
47420217,"{""Old"":2957,""New"":2965,""Reason"":3}"
47420217,"{""Old"":2985,""New"":2987,""Reason"":3}"
44510856,"{""Old"":4685,""New"":4701,""Reason"":3}"
45715010,"{""Old"":10620,""New"":10632,""Reason"":3}"
87483171,"{""Old"":793,""New"":803,""Reason"":3}"
7651372,"{""Old"":4350,""New"":4430,""Reason"":3}"
22300968,"{""Old"":101,""New"":103,""Reason"":3}"
29446496,"{""Old"":251,""New"":253,""Reason"":3}"
48669632,"{""Old"":3159,""New"":3165,""Reason"":3}"
9979043,"{""Old"":1240,""New"":1250,""Reason"":3}"
81515075,"{""Old"":816,""New"":838,""Reason"":3}"
84303672,"{""Old"":16344,""New"":16348,""Reason"":3}"
82629288,"{""Old"":31568,""New"":31574,""Reason"":3}"
68854926,"{""Old"":1414,""New"":1416,""Reason"":3}"
17740321,"{""Old"":1712,""New"":1714,""Reason"":3}"
4200722,"{""Old"":82184,""New"":82190,""Reason"":3}"
73293025,"{""Old"":2877,""New"":2889,""Reason"":3}"
8675108,"{""Old"":372,""New"":374,""Reason"":3}"
38319980,"{""Old"":241175,""New"":241207,""Reason"":3}"
11676856,"{""Old"":100,""New"":106,""Reason"":3}"
82717800,"{""Old"":3608,""New"":3610,""Reason"":3}"
45715010,"{""Old"":11078,""New"":11080,""Reason"":3}"
30928027,"{""Old"":1216,""New"":1220,""Reason"":3}"
82717800,"{""Old"":3683,""New"":3689,""Reason"":3}"
6921698,"{""Old"":293,""New"":301,""Reason"":3}"
76302980,"{""Old"":138,""New"":142,""Reason"":3}"
28498050,"{""Old"":140,""New"":142,""Reason"":3}"
38057858,"{""Old"":3331,""New"":3333,""Reason"":3}"
38057858,"{""Old"":3244,""New"":3248,""Reason"":3}"
7473273,"{""Old"":223142,""New"":223146,""Reason"":3}"
84303672,"{""Old"":16199,""New"":16201,""Reason"":3}"
41286998,"{""Old"":158,""New"":162,""Reason"":3}"
22184453,"{""Old"":5257,""New"":5289,""Reason"":3}"
37253685,"{""Old"":171,""New"":175,""Reason"":3}"
41314505,"{""Old"":1474,""New"":1486,""Reason"":3}"
59451544,"{""Old"":1299,""New"":1307,""Reason"":3}"
4665776,"{""Old"":696,""New"":700,""Reason"":3}"
7897828,"{""Old"":10931,""New"":10935,""Reason"":3}"
37250473,"{""Old"":6436,""New"":6446,""Reason"":3}"
54541363,"{""Old"":1691,""New"":1699,""Reason"":3}"
18841126,"{""Old"":51231,""New"":51235,""Reason"":3}"
42743959,"{""Old"":112584,""New"":112598,""Reason"":3}"
35936585,"{""Old"":127769,""New"":127777,""Reason"":3}"
44510856,"{""Old"":4167,""New"":4181,""Reason"":3}"
53293406,"{""Old"":12752,""New"":12758,""Reason"":3}"
38249066,"{""Old"":2142,""New"":2144,""Reason"":3}"
38319980,"{""Old"":241487,""New"":241583,""Reason"":3}"
47420217,"{""Old"":2883,""New"":2889,""Reason"":3}"
45715010,"{""Old"":11184,""New"":11188,""Reason"":3}"
43376749,"{""Old"":128,""New"":136,""Reason"":3}"
54541363,"{""Old"":1677,""New"":1685,""Reason"":3}"
54541363,"{""Old"":1702,""New"":1704,""Reason"":3}"
43953490,"{""Old"":34051,""New"":34081,""Reason"":3}"
60749441,"{""Old"":1605,""New"":1613,""Reason"":3}"
37250473,"{""Old"":6877,""New"":6885,""Reason"":3}"
6781959,"{""Old"":213,""New"":241,""Reason"":3}"
72335177,"{""Old"":5008,""New"":5020,""Reason"":3}"
42743959,"{""Old"":112729,""New"":112731,""Reason"":3}"
56636784,"{""Old"":1296,""New"":1298,""Reason"":3}"
7651372,"{""Old"":2230,""New"":2270,""Reason"":3}"
209276684,"{""Old"":566,""New"":568,""Reason"":3}"
5608223,"{""Old"":41,""New"":47,""Reason"":3}"
44510856,"{""Old"":4227,""New"":4239,""Reason"":3}"
21084471,"{""Old"":406,""New"":408,""Reason"":3}"
44510856,"{""Old"":3776,""New"":3782,""Reason"":3}"
6868129,"{""Old"":9953,""New"":11695,""Reason"":3}"
35355719,"{""Old"":1019,""New"":1021,""Reason"":3}"
70530526,"{""Old"":2226,""New"":2230,""Reason"":3}"
43943084,"{""Old"":352,""New"":366,""Reason"":3}"
40700927,"{""Old"":925,""New"":943,""Reason"":3}"
9979043,"{""Old"":1026,""New"":1040,""Reason"":3}"
9979043,"{""Old"":1048,""New"":1068,""Reason"":3}"
35355719,"{""Old"":1026,""New"":1050,""Reason"":3}"
36439403,"{""Old"":4261,""New"":4273,""Reason"":3}"
55539039,"{""Old"":76,""New"":78,""Reason"":3}"
29014052,"{""Old"":30,""New"":32,""Reason"":3}"
9979043,"{""Old"":735,""New"":743,""Reason"":3}"
8675108,"{""Old"":388,""New"":392,""Reason"":3}"
9026880,"{""Old"":30726,""New"":30740,""Reason"":3}"
54541363,"{""Old"":1664,""New"":1666,""Reason"":3}"
77121720,"{""Old"":28,""New"":30,""Reason"":3}"
20611717,"{""Old"":833,""New"":835,""Reason"":3}"
24608076,"{""Old"":27100,""New"":27102,""Reason"":3}"
4665776,"{""Old"":757,""New"":759,""Reason"":3}"
32670368,"{""Old"":187,""New"":189,""Reason"":3}"
4200722,"{""Old"":82182,""New"":82184,""Reason"":3}"
73079522,"{""Old"":171,""New"":177,""Reason"":3}"
4665776,"{""Old"":701,""New"":705,""Reason"":3}"
6921698,"{""Old"":338,""New"":344,""Reason"":3}"
81972838,"{""Old"":19625,""New"":19641,""Reason"":3}"
44510856,"{""Old"":3966,""New"":3972,""Reason"":3}"
9038838,"{""Old"":181,""New"":183,""Reason"":3}"
6921698,"{""Old"":454,""New"":458,""Reason"":3}"
87483171,"{""Old"":777,""New"":783,""Reason"":3}"
37837221,"{""Old"":625,""New"":633,""Reason"":3}"
34592975,"{""Old"":3895,""New"":3897,""Reason"":3}"
218610415,"{""Old"":744,""New"":768,""Reason"":3}"
28498050,"{""Old"":154,""New"":162,""Reason"":3}"
64773850,"{""Old"":1429,""New"":1431,""Reason"":3}"
43943084,"{""Old"":367,""New"":369,""Reason"":3}"
207052297,"{""Old"":3479,""New"":3495,""Reason"":3}"
45715010,"{""Old"":10660,""New"":10688,""Reason"":3}"
6921698,"{""Old"":157,""New"":161,""Reason"":3}"
45715010,"{""Old"":11328,""New"":11330,""Reason"":3}"
84449393,"{""Old"":1206,""New"":1220,""Reason"":3}"
84449393,"{""Old"":1220,""New"":1224,""Reason"":3}"
19928862,"{""Old"":29935,""New"":29955,""Reason"":3}"
38249066,"{""Old"":1828,""New"":1872,""Reason"":3}"
38249066,"{""Old"":2190,""New"":2198,""Reason"":3}"
58147043,"{""Old"":480,""New"":490,""Reason"":3}"
81972838,"{""Old"":19575,""New"":19597,""Reason"":3}"
38249066,"{""Old"":1812,""New"":1828,""Reason"":3}"
73079522,"{""Old"":166,""New"":168,""Reason"":3}"
73079522,"{""Old"":194,""New"":198,""Reason"":3}"
37250473,"{""Old"":6418,""New"":6426,""Reason"":3}"
4665776,"{""Old"":705,""New"":709,""Reason"":3}"
62293113,"{""Old"":786,""New"":788,""Reason"":3}"
64773850,"{""Old"":1402,""New"":1410,""Reason"":3}"
38057858,"{""Old"":3432,""New"":3434,""Reason"":3}"
38057858,"{""Old"":3696,""New"":3702,""Reason"":3}"
46626552,"{""Old"":774,""New"":778,""Reason"":3}"
218096592,"{""Old"":807,""New"":813,""Reason"":3}"
35749819,"{""Old"":946,""New"":958,""Reason"":3}"
81515075,"{""Old"":574,""New"":576,""Reason"":3}"
35355719,"{""Old"":1098,""New"":1100,""Reason"":3}"
81515075,"{""Old"":528,""New"":530,""Reason"":3}"
48525301,"{""Old"":289,""New"":291,""Reason"":3}"
64773850,"{""Old"":1424,""New"":1428,""Reason"":3}"
36439403,"{""Old"":4278,""New"":4284,""Reason"":3}"
46626552,"{""Old"":750,""New"":756,""Reason"":3}"
76302980,"{""Old"":168,""New"":170,""Reason"":3}"
82717800,"{""Old"":3614,""New"":3620,""Reason"":3}"
6921698,"{""Old"":402,""New"":428,""Reason"":3}"
44510856,"{""Old"":3067,""New"":3071,""Reason"":3}"
58147043,"{""Old"":526,""New"":530,""Reason"":3}"
6865857,"{""Old"":50281,""New"":50335,""Reason"":3}"
20721207,"{""Old"":2133,""New"":2135,""Reason"":3}"
208910409,"{""Old"":1749,""New"":1767,""Reason"":3}"
73531147,"{""Old"":3960,""New"":3986,""Reason"":3}"
208910409,"{""Old"":1623,""New"":1637,""Reason"":3}"
38057858,"{""Old"":3566,""New"":3568,""Reason"":3}"
35355719,"{""Old"":853,""New"":855,""Reason"":3}"
38057858,"{""Old"":3335,""New"":3339,""Reason"":3}"
38057858,"{""Old"":3397,""New"":3407,""Reason"":3}"
35749819,"{""Old"":896,""New"":898,""Reason"":3}"
48525301,"{""Old"":271,""New"":275,""Reason"":3}"
70530526,"{""Old"":2206,""New"":2208,""Reason"":3}"
27801143,"{""Old"":2873,""New"":2919,""Reason"":3}"
218610415,"{""Old"":837,""New"":851,""Reason"":3}"
34592975,"{""Old"":3899,""New"":3915,""Reason"":3}"
27801143,"{""Old"":2963,""New"":2983,""Reason"":3}"
35749819,"{""Old"":1678,""New"":1716,""Reason"":3}"
44510856,"{""Old"":2970,""New"":2988,""Reason"":3}"
44510856,"{""Old"":4247,""New"":4289,""Reason"":3}"
38057858,"{""Old"":3299,""New"":3307,""Reason"":3}"
35749819,"{""Old"":904,""New"":914,""Reason"":3}"
35749819,"{""Old"":1322,""New"":1328,""Reason"":3}"
27801143,"{""Old"":3654,""New"":3668,""Reason"":3}"
48669632,"{""Old"":3116,""New"":3120,""Reason"":3}"
44510856,"{""Old"":4931,""New"":4933,""Reason"":3}"
69483719,"{""Old"":148,""New"":152,""Reason"":3}"
69483719,"{""Old"":183,""New"":189,""Reason"":3}"
56636784,"{""Old"":1122,""New"":1134,""Reason"":3}"
32027539,"{""Old"":1881,""New"":1893,""Reason"":3}"
45715010,"{""Old"":10934,""New"":10984,""Reason"":3}"
47420217,"{""Old"":2279,""New"":2281,""Reason"":3}"
16319032,"{""Old"":3988,""New"":3994,""Reason"":3}"
7651372,"{""Old"":4988,""New"":5200,""Reason"":3}"
76302980,"{""Old"":204,""New"":208,""Reason"":3}"
41093570,"{""Old"":935,""New"":959,""Reason"":3}"
20611717,"{""Old"":577,""New"":611,""Reason"":3}"
54541363,"{""Old"":1672,""New"":1674,""Reason"":3}"
8675108,"{""Old"":356,""New"":370,""Reason"":3}"
42743959,"{""Old"":113887,""New"":114073,""Reason"":3}"
9182742,"{""Old"":184,""New"":190,""Reason"":3}"
38057858,"{""Old"":3563,""New"":3565,""Reason"":3}"
36195039,"{""Old"":912,""New"":952,""Reason"":3}"
81515075,"{""Old"":568,""New"":570,""Reason"":3}"
38761159,"{""Old"":864,""New"":876,""Reason"":3}"
38611871,"{""Old"":97,""New"":101,""Reason"":3}"
7651372,"{""Old"":5350,""New"":5380,""Reason"":3}"
44200952,"{""Old"":1791,""New"":1793,""Reason"":3}"
46432620,"{""Old"":2683,""New"":2689,""Reason"":3}"
16319032,"{""Old"":4008,""New"":4020,""Reason"":3}"
208910409,"{""Old"":1790,""New"":1792,""Reason"":3}"
73531147,"{""Old"":3999,""New"":4001,""Reason"":3}"
62293113,"{""Old"":805,""New"":815,""Reason"":3}"
73531147,"{""Old"":4003,""New"":4005,""Reason"":3}"
6781959,"{""Old"":241,""New"":251,""Reason"":3}"
32105486,"{""Old"":380,""New"":384,""Reason"":3}"
211534404,"{""Old"":1266,""New"":1278,""Reason"":3}"
73079522,"{""Old"":187,""New"":189,""Reason"":3}"
12751436,"{""Old"":47,""New"":49,""Reason"":3}"
22451263,"{""Old"":1558,""New"":1560,""Reason"":3}"
70530526,"{""Old"":2305,""New"":2307,""Reason"":3}"
38761159,"{""Old"":1004,""New"":1006,""Reason"":3}"
211534404,"{""Old"":1286,""New"":1288,""Reason"":3}"
81515075,"{""Old"":844,""New"":846,""Reason"":3}"
48669632,"{""Old"":3049,""New"":3061,""Reason"":3}"
7651372,"{""Old"":4589,""New"":4679,""Reason"":3}"
6956438,"{""Old"":2222,""New"":2224,""Reason"":3}"
7651372,"{""Old"":2982,""New"":2992,""Reason"":3}"
53138586,"{""Old"":32987,""New"":33005,""Reason"":3}"
2861503,"{""Old"":2050,""New"":2074,""Reason"":3}"
6084170,"{""Old"":14196,""New"":14204,""Reason"":3}"
41248658,"{""Old"":590,""New"":598,""Reason"":3}"
38249066,"{""Old"":2070,""New"":2086,""Reason"":3}"
41093570,"{""Old"":905,""New"":909,""Reason"":3}"
35355719,"{""Old"":1100,""New"":1104,""Reason"":3}"
27801143,"{""Old"":3771,""New"":3781,""Reason"":3}"
70530526,"{""Old"":2299,""New"":2301,""Reason"":3}"
27801143,"{""Old"":2827,""New"":2863,""Reason"":3}"
70367218,"{""Old"":5651,""New"":5757,""Reason"":3}"
27801143,"{""Old"":2983,""New"":2995,""Reason"":3}"
19572786,"{""Old"":744,""New"":754,""Reason"":3}"
82717800,"{""Old"":3787,""New"":3795,""Reason"":3}"
6084170,"{""Old"":14365,""New"":14383,""Reason"":3}"
32105486,"{""Old"":561,""New"":567,""Reason"":3}"
6865857,"{""Old"":49807,""New"":49821,""Reason"":3}"
41093570,"{""Old"":901,""New"":905,""Reason"":3}"
25491019,"{""Old"":1281,""New"":1283,""Reason"":3}"
63411683,"{""Old"":878,""New"":882,""Reason"":3}"
35355719,"{""Old"":798,""New"":808,""Reason"":3}"
54377448,"{""Old"":425,""New"":429,""Reason"":3}"
70530526,"{""Old"":2215,""New"":2223,""Reason"":3}"
6881205,"{""Old"":11420,""New"":11440,""Reason"":3}"
48669632,"{""Old"":3199,""New"":3205,""Reason"":3}"
86617310,"{""Old"":188,""New"":192,""Reason"":3}"
7651372,"{""Old"":3843,""New"":3883,""Reason"":3}"
47371397,"{""Old"":751,""New"":753,""Reason"":3}"
84788448,"{""Old"":237,""New"":241,""Reason"":3}"
87483171,"{""Old"":808,""New"":810,""Reason"":3}"
53138586,"{""Old"":33005,""New"":33007,""Reason"":3}"
6956438,"{""Old"":2205,""New"":2213,""Reason"":3}"
7651372,"{""Old"":5474,""New"":5514,""Reason"":3}"
56636784,"{""Old"":1268,""New"":1272,""Reason"":3}"
44510856,"{""Old"":3136,""New"":3138,""Reason"":3}"
84788448,"{""Old"":263,""New"":271,""Reason"":3}"
6956438,"{""Old"":2298,""New"":2304,""Reason"":3}"
56636784,"{""Old"":936,""New"":940,""Reason"":3}"
45715010,"{""Old"":11211,""New"":11227,""Reason"":3}"
7651372,"{""Old"":5380,""New"":5474,""Reason"":3}"
2861503,"{""Old"":2251,""New"":2261,""Reason"":3}"
42743959,"{""Old"":112723,""New"":112729,""Reason"":3}"
20721207,"{""Old"":2105,""New"":2119,""Reason"":3}"
62293113,"{""Old"":782,""New"":784,""Reason"":3}"
208910409,"{""Old"":1694,""New"":1700,""Reason"":3}"
59451544,"{""Old"":1292,""New"":1298,""Reason"":3}"
43953490,"{""Old"":33953,""New"":33983,""Reason"":3}"
46610504,"{""Old"":1424,""New"":1428,""Reason"":3}"
46844671,"{""Old"":6995,""New"":6999,""Reason"":3}"
46844671,"{""Old"":5973,""New"":6015,""Reason"":3}"
38057858,"{""Old"":3154,""New"":3164,""Reason"":3}"
46844671,"{""Old"":6054,""New"":6104,""Reason"":3}"
31599397,"{""Old"":1192,""New"":1198,""Reason"":3}"
48669632,"{""Old"":3107,""New"":3111,""Reason"":3}"
81515075,"{""Old"":531,""New"":535,""Reason"":3}"
6868129,"{""Old"":9438,""New"":9452,""Reason"":3}"
38057858,"{""Old"":3239,""New"":3243,""Reason"":3}"
38057858,"{""Old"":3283,""New"":3285,""Reason"":3}"
64773850,"{""Old"":1473,""New"":1475,""Reason"":3}"
81515075,"{""Old"":764,""New"":766,""Reason"":3}"
6868129,"{""Old"":9182,""New"":9188,""Reason"":3}"
35749819,"{""Old"":1822,""New"":1836,""Reason"":3}"
20523163,"{""Old"":700,""New"":704,""Reason"":3}"
38319980,"{""Old"":241682,""New"":241712,""Reason"":3}"
44307099,"{""Old"":247,""New"":249,""Reason"":3}"
47420217,"{""Old"":2808,""New"":2822,""Reason"":3}"
58147043,"{""Old"":520,""New"":524,""Reason"":3}"
31859354,"{""Old"":18,""New"":20,""Reason"":3}"
47420217,"{""Old"":2859,""New"":2861,""Reason"":3}"
58910127,"{""Old"":3086,""New"":3092,""Reason"":3}"
84393747,"{""Old"":2604,""New"":2606,""Reason"":3}"
35875544,"{""Old"":61968,""New"":61978,""Reason"":3}"
59451544,"{""Old"":1280,""New"":1282,""Reason"":3}"
18841126,"{""Old"":51303,""New"":51925,""Reason"":3}"
38057858,"{""Old"":3674,""New"":3676,""Reason"":3}"
38057858,"{""Old"":3345,""New"":3349,""Reason"":3}"
81515075,"{""Old"":566,""New"":568,""Reason"":3}"
37979975,"{""Old"":150,""New"":152,""Reason"":3}"
36195039,"{""Old"":954,""New"":956,""Reason"":3}"
20523163,"{""Old"":131,""New"":135,""Reason"":3}"
28679671,"{""Old"":52,""New"":54,""Reason"":3}"
67836518,"{""Old"":21917,""New"":21947,""Reason"":3}"
38057858,"{""Old"":3369,""New"":3395,""Reason"":3}"
46610504,"{""Old"":1422,""New"":1424,""Reason"":3}"
38319980,"{""Old"":242400,""New"":242432,""Reason"":3}"
60169402,"{""Old"":2543,""New"":2549,""Reason"":3}"
70398912,"{""Old"":2752,""New"":2756,""Reason"":3}"
44851623,"{""Old"":1205,""New"":1209,""Reason"":3}"
38319980,"{""Old"":240240,""New"":240310,""Reason"":3}"
47420217,"{""Old"":2942,""New"":2950,""Reason"":3}"
6865857,"{""Old"":49497,""New"":49507,""Reason"":3}"
3712439,"{""Old"":424,""New"":430,""Reason"":3}"
41093570,"{""Old"":887,""New"":901,""Reason"":3}"
84393747,"{""Old"":2621,""New"":2643,""Reason"":3}"
6865857,"{""Old"":49456,""New"":49472,""Reason"":3}"
43694202,"{""Old"":111455,""New"":111547,""Reason"":3}"
46742795,"{""Old"":84,""New"":86,""Reason"":3}"
44307099,"{""Old"":229,""New"":247,""Reason"":3}"
44510856,"{""Old"":4783,""New"":4807,""Reason"":3}"
6956438,"{""Old"":2119,""New"":2135,""Reason"":3}"
45715010,"{""Old"":11164,""New"":11184,""Reason"":3}"
60105779,"{""Old"":4089,""New"":4135,""Reason"":3}"
218666368,"{""Old"":18995,""New"":19005,""Reason"":3}"
38249066,"{""Old"":1998,""New"":2002,""Reason"":3}"
38249066,"{""Old"":2086,""New"":2090,""Reason"":3}"
6921698,"{""Old"":396,""New"":400,""Reason"":3}"
76302980,"{""Old"":232,""New"":240,""Reason"":3}"
3393056,"{""Old"":1368,""New"":1374,""Reason"":3}"
62293113,"{""Old"":726,""New"":742,""Reason"":3}"
75585261,"{""Old"":7050,""New"":7066,""Reason"":3}"
59451544,"{""Old"":1308,""New"":1310,""Reason"":3}"
62293113,"{""Old"":895,""New"":897,""Reason"":3}"
73531147,"{""Old"":3989,""New"":3991,""Reason"":3}"
48669632,"{""Old"":3283,""New"":3289,""Reason"":3}"
38761159,"{""Old"":836,""New"":846,""Reason"":3}"
28498050,"{""Old"":149,""New"":153,""Reason"":3}"
48669632,"{""Old"":3066,""New"":3092,""Reason"":3}"
37979975,"{""Old"":72,""New"":76,""Reason"":3}"
37979975,"{""Old"":103,""New"":107,""Reason"":3}"
38057858,"{""Old"":3365,""New"":3367,""Reason"":3}"
43582178,"{""Old"":771,""New"":773,""Reason"":3}"
68231347,"{""Old"":1054,""New"":1064,""Reason"":3}"
27801143,"{""Old"":3817,""New"":3827,""Reason"":3}"
38057858,"{""Old"":3542,""New"":3548,""Reason"":3}"
16319032,"{""Old"":3968,""New"":3986,""Reason"":3}"
38249066,"{""Old"":2090,""New"":2092,""Reason"":3}"
43694202,"{""Old"":111258,""New"":111330,""Reason"":3}"
58147043,"{""Old"":490,""New"":492,""Reason"":3}"
38319980,"{""Old"":240618,""New"":240648,""Reason"":3}"
35875544,"{""Old"":61671,""New"":61689,""Reason"":3}"
38241722,"{""Old"":117,""New"":121,""Reason"":3}"
32670368,"{""Old"":213,""New"":215,""Reason"":3}"
62293113,"{""Old"":796,""New"":798,""Reason"":3}"
6865857,"{""Old"":50360,""New"":53336,""Reason"":3}"
84393747,"{""Old"":2724,""New"":2728,""Reason"":3}"
208910409,"{""Old"":1611,""New"":1621,""Reason"":3}"
208910409,"{""Old"":1768,""New"":1770,""Reason"":3}"
81515075,"{""Old"":564,""New"":566,""Reason"":3}"
38057858,"{""Old"":3127,""New"":3131,""Reason"":3}"
43582178,"{""Old"":797,""New"":815,""Reason"":3}"
4442310,"{""Old"":33928,""New"":33930,""Reason"":3}"
35355719,"{""Old"":992,""New"":994,""Reason"":3}"
48525301,"{""Old"":281,""New"":287,""Reason"":3}"
218610415,"{""Old"":851,""New"":861,""Reason"":3}"
207052297,"{""Old"":3451,""New"":3471,""Reason"":3}"
74603886,"{""Old"":2814,""New"":2840,""Reason"":3}"
60169402,"{""Old"":2537,""New"":2541,""Reason"":3}"
38319980,"{""Old"":241752,""New"":241782,""Reason"":3}"
50159755,"{""Old"":2038,""New"":2052,""Reason"":3}"
6084170,"{""Old"":14140,""New"":14168,""Reason"":3}"
83891348,"{""Old"":275,""New"":279,""Reason"":3}"
81972838,"{""Old"":19615,""New"":19625,""Reason"":3}"
73531147,"{""Old"":3991,""New"":3995,""Reason"":3}"
41093570,"{""Old"":844,""New"":854,""Reason"":3}"
9182742,"{""Old"":191,""New"":193,""Reason"":3}"
62293113,"{""Old"":754,""New"":768,""Reason"":3}"
38241722,"{""Old"":128,""New"":132,""Reason"":3}"
73531147,"{""Old"":4001,""New"":4003,""Reason"":3}"
62293113,"{""Old"":779,""New"":781,""Reason"":3}"
62293113,"{""Old"":788,""New"":792,""Reason"":3}"
208910409,"{""Old"":1639,""New"":1651,""Reason"":3}"
75585261,"{""Old"":7066,""New"":7068,""Reason"":3}"
218610415,"{""Old"":806,""New"":810,""Reason"":3}"
64773850,"{""Old"":1397,""New"":1401,""Reason"":3}"
35355719,"{""Old"":936,""New"":942,""Reason"":3}"
80238063,"{""Old"":52,""New"":56,""Reason"":3}"
33545916,"{""Old"":275,""New"":279,""Reason"":3}"
25330881,"{""Old"":32,""New"":34,""Reason"":3}"
33545916,"{""Old"":91,""New"":93,""Reason"":3}"
38319980,"{""Old"":239079,""New"":239099,""Reason"":3}"
38319980,"{""Old"":239564,""New"":239590,""Reason"":3}"
53293406,"{""Old"":12759,""New"":12763,""Reason"":3}"
6331678,"{""Old"":19,""New"":21,""Reason"":3}"
209276684,"{""Old"":551,""New"":559,""Reason"":3}"
65594943,"{""Old"":9763,""New"":9777,""Reason"":3}"
4200722,"{""Old"":82180,""New"":82182,""Reason"":3}"
32670368,"{""Old"":190,""New"":206,""Reason"":3}"
73531147,"{""Old"":3958,""New"":3960,""Reason"":3}"
35749819,"{""Old"":2258,""New"":2278,""Reason"":3}"
63411683,"{""Old"":868,""New"":874,""Reason"":3}"
4442310,"{""Old"":33924,""New"":33928,""Reason"":3}"
27801143,"{""Old"":3525,""New"":3551,""Reason"":3}"
27801143,"{""Old"":3555,""New"":3557,""Reason"":3}"
43582178,"{""Old"":787,""New"":793,""Reason"":3}"
38319980,"{""Old"":241207,""New"":241237,""Reason"":3}"
47420217,"{""Old"":3006,""New"":3018,""Reason"":3}"
38319980,"{""Old"":241714,""New"":241744,""Reason"":3}"
38319980,"{""Old"":241805,""New"":241807,""Reason"":3}"
218666368,"{""Old"":18993,""New"":18995,""Reason"":3}"
33545916,"{""Old"":93,""New"":95,""Reason"":3}"
73531147,"{""Old"":3995,""New"":3997,""Reason"":3}"
210614478,"{""Old"":864,""New"":866,""Reason"":3}"
41093570,"{""Old"":909,""New"":935,""Reason"":3}"
37250473,"{""Old"":6571,""New"":6611,""Reason"":3}"
62293113,"{""Old"":850,""New"":878,""Reason"":3}"
73293025,"{""Old"":2867,""New"":2871,""Reason"":3}"
62293113,"{""Old"":716,""New"":718,""Reason"":3}"
9026880,"{""Old"":30724,""New"":30726,""Reason"":3}"
208910409,"{""Old"":1664,""New"":1670,""Reason"":3}"
218610415,"{""Old"":643,""New"":659,""Reason"":3}"
48669632,"{""Old"":3333,""New"":3337,""Reason"":3}"
74603886,"{""Old"":2865,""New"":2879,""Reason"":3}"
61452615,"{""Old"":4699,""New"":4705,""Reason"":3}"
46626552,"{""Old"":782,""New"":788,""Reason"":3}"
27801143,"{""Old"":3551,""New"":3555,""Reason"":3}"
21686379,"{""Old"":3042,""New"":3044,""Reason"":3}"
68231347,"{""Old"":1038,""New"":1052,""Reason"":3}"
38319980,"{""Old"":241969,""New"":242009,""Reason"":3}"
47420217,"{""Old"":2684,""New"":2704,""Reason"":3}"
46432620,"{""Old"":2762,""New"":2764,""Reason"":3}"
17593825,"{""Old"":2397,""New"":2399,""Reason"":3}"
42746753,"{""Old"":2872,""New"":2882,""Reason"":3}"
47420217,"{""Old"":2966,""New"":2978,""Reason"":3}"
62706161,"{""Old"":148,""New"":150,""Reason"":3}"
47420217,"{""Old"":2560,""New"":2570,""Reason"":3}"
47420217,"{""Old"":2581,""New"":2587,""Reason"":3}"
38319980,"{""Old"":239475,""New"":239507,""Reason"":3}"
209276684,"{""Old"":615,""New"":619,""Reason"":3}"
62293113,"{""Old"":887,""New"":893,""Reason"":3}"
73293025,"{""Old"":2871,""New"":2877,""Reason"":3}"
64703276,"{""Old"":97,""New"":101,""Reason"":3}"
37250473,"{""Old"":6549,""New"":6569,""Reason"":3}"
37250473,"{""Old"":6725,""New"":6751,""Reason"":3}"
3609679,"{""Old"":338,""New"":340,""Reason"":3}"
87250886,"{""Old"":1050,""New"":1052,""Reason"":3}"
27801143,"{""Old"":3499,""New"":3511,""Reason"":3}"
33545916,"{""Old"":95,""New"":97,""Reason"":3}"
33545916,"{""Old"":173,""New"":179,""Reason"":3}"
27777369,"{""Old"":121966,""New"":121970,""Reason"":3}"
72280157,"{""Old"":118,""New"":126,""Reason"":3}"
38249066,"{""Old"":2156,""New"":2158,""Reason"":3}"
37789811,"{""Old"":1597,""New"":1605,""Reason"":3}"
72546612,"{""Old"":368,""New"":384,""Reason"":3}"
47420217,"{""Old"":3038,""New"":3046,""Reason"":3}"
83891348,"{""Old"":272,""New"":274,""Reason"":3}"
38249066,"{""Old"":1666,""New"":1672,""Reason"":3}"
74603886,"{""Old"":2847,""New"":2857,""Reason"":3}"
36439403,"{""Old"":4248,""New"":4254,""Reason"":3}"
46610504,"{""Old"":1433,""New"":1439,""Reason"":3}"
207052297,"{""Old"":3471,""New"":3479,""Reason"":3}"
9083671,"{""Old"":15247,""New"":16635,""Reason"":3}"
43195422,"{""Old"":2108,""New"":2120,""Reason"":3}"
16319032,"{""Old"":4004,""New"":4006,""Reason"":3}"
38319980,"{""Old"":241794,""New"":241804,""Reason"":3}"
4915991,"{""Old"":54288,""New"":54310,""Reason"":3}"
46610504,"{""Old"":1398,""New"":1412,""Reason"":3}"
46742795,"{""Old"":87,""New"":89,""Reason"":3}"
16152700,"{""Old"":18201,""New"":18205,""Reason"":3}"
43617762,"{""Old"":2071,""New"":2073,""Reason"":3}"
62706161,"{""Old"":134,""New"":136,""Reason"":3}"
38319980,"{""Old"":241907,""New"":241969,""Reason"":3}"
47420217,"{""Old"":2706,""New"":2722,""Reason"":3}"
34700327,"{""Old"":12290,""New"":12292,""Reason"":3}"
8319188,"{""Old"":912,""New"":934,""Reason"":3}"
209276684,"{""Old"":543,""New"":545,""Reason"":3}"
43195422,"{""Old"":2057,""New"":2059,""Reason"":3}"
20523163,"{""Old"":104,""New"":106,""Reason"":3}"
218610415,"{""Old"":785,""New"":795,""Reason"":3}"
3609679,"{""Old"":322,""New"":324,""Reason"":3}"
38319980,"{""Old"":238795,""New"":238817,""Reason"":3}"
47420217,"{""Old"":2420,""New"":2428,""Reason"":3}"
72546612,"{""Old"":384,""New"":394,""Reason"":3}"
6084170,"{""Old"":14343,""New"":14365,""Reason"":3}"
57815934,"{""Old"":103,""New"":105,""Reason"":3}"
38319980,"{""Old"":239142,""New"":239152,""Reason"":3}"
209276684,"{""Old"":574,""New"":588,""Reason"":3}"
80238063,"{""Old"":84,""New"":86,""Reason"":3}"
218610415,"{""Old"":810,""New"":832,""Reason"":3}"
37789811,"{""Old"":1605,""New"":1617,""Reason"":3}"
33800425,"{""Old"":810,""New"":822,""Reason"":3}"
47420217,"{""Old"":2891,""New"":2903,""Reason"":3}"
33800425,"{""Old"":803,""New"":805,""Reason"":3}"
47420217,"{""Old"":2533,""New"":2553,""Reason"":3}"
38319980,"{""Old"":239665,""New"":239675,""Reason"":3}"
47420217,"{""Old"":2757,""New"":2779,""Reason"":3}"
60169402,"{""Old"":2563,""New"":2565,""Reason"":3}"
38249066,"{""Old"":2150,""New"":2152,""Reason"":3}"
43694202,"{""Old"":111589,""New"":111659,""Reason"":3}"
209276684,"{""Old"":520,""New"":528,""Reason"":3}"
209276684,"{""Old"":629,""New"":631,""Reason"":3}"
67737880,"{""Old"":2815,""New"":2817,""Reason"":3}"
33545916,"{""Old"":249,""New"":255,""Reason"":3}"
61807882,"{""Old"":283,""New"":287,""Reason"":3}"
74603886,"{""Old"":2842,""New"":2846,""Reason"":3}"
42724579,"{""Old"":2918,""New"":2938,""Reason"":3}"
68231347,"{""Old"":1072,""New"":1086,""Reason"":3}"
67836518,"{""Old"":21910,""New"":21912,""Reason"":3}"
42724579,"{""Old"":2939,""New"":2943,""Reason"":3}"
61675960,"{""Old"":221,""New"":239,""Reason"":3}"
68231347,"{""Old"":1087,""New"":1089,""Reason"":3}"
200967400,"{""Old"":17,""New"":19,""Reason"":3}"
46742795,"{""Old"":98,""New"":106,""Reason"":3}"
16319032,"{""Old"":4026,""New"":4028,""Reason"":3}"
38319980,"{""Old"":242432,""New"":242442,""Reason"":3}"
38319980,"{""Old"":239176,""New"":239242,""Reason"":3}"
53809280,"{""Old"":80,""New"":82,""Reason"":3}"
42724579,"{""Old"":2945,""New"":2947,""Reason"":3}"
207052297,"{""Old"":3445,""New"":3451,""Reason"":3}"
48669632,"{""Old"":3322,""New"":3324,""Reason"":3}"
50159755,"{""Old"":2052,""New"":2054,""Reason"":3}"
37837221,"{""Old"":576,""New"":580,""Reason"":3}"
38249066,"{""Old"":2152,""New"":2154,""Reason"":3}"
38319980,"{""Old"":240196,""New"":240198,""Reason"":3}"
13438747,"{""Old"":262,""New"":268,""Reason"":3}"
209276684,"{""Old"":631,""New"":637,""Reason"":3}"
60169402,"{""Old"":2549,""New"":2551,""Reason"":3}"
37837221,"{""Old"":426,""New"":428,""Reason"":3}"
38249066,"{""Old"":2154,""New"":2156,""Reason"":3}"
46742795,"{""Old"":106,""New"":112,""Reason"":3}"
38319980,"{""Old"":239165,""New"":239175,""Reason"":3}"
58147043,"{""Old"":615,""New"":617,""Reason"":3}"
38249066,"{""Old"":2148,""New"":2150,""Reason"":3}"
72280157,"{""Old"":99,""New"":103,""Reason"":3}"
38249066,"{""Old"":2169,""New"":2183,""Reason"":3}"
47420217,"{""Old"":2746,""New"":2750,""Reason"":3}"
5968693,"{""Old"":105,""New"":107,""Reason"":3}"
37837221,"{""Old"":586,""New"":588,""Reason"":3}"
64856829,"{""Old"":102,""New"":104,""Reason"":3}"
35936585,"{""Old"":127764,""New"":127768,""Reason"":3}"
37837221,"{""Old"":406,""New"":418,""Reason"":3}"
38319980,"{""Old"":238997,""New"":239019,""Reason"":3}"
81972838,"{""Old"":19383,""New"":19387,""Reason"":3}"
73544911,"{""Old"":2438,""New"":2440,""Reason"":3}"
209276684,"{""Old"":620,""New"":628,""Reason"":3}"
47420217,"{""Old"":2664,""New"":2666,""Reason"":3}"
38319980,"{""Old"":239318,""New"":239350,""Reason"":3}"
84957257,"{""Old"":30479,""New"":30497,""Reason"":3}"
38319980,"{""Old"":238501,""New"":238535,""Reason"":3}"
38249066,"{""Old"":1654,""New"":1666,""Reason"":3}"
38249066,"{""Old"":1872,""New"":1874,""Reason"":3}"
209201529,"{""Old"":258,""New"":262,""Reason"":3}"
47420217,"{""Old"":3047,""New"":3049,""Reason"":3}"
84957257,"{""Old"":30028,""New"":30050,""Reason"":3}"
38319980,"{""Old"":240140,""New"":240152,""Reason"":3}"
47420217,"{""Old"":2283,""New"":2289,""Reason"":3}"
84957257,"{""Old"":30525,""New"":30527,""Reason"":3}"
62706161,"{""Old"":130,""New"":132,""Reason"":3}"
27367481,"{""Old"":68,""New"":70,""Reason"":3}"
68299606,"{""Old"":608,""New"":630,""Reason"":3}"
46432620,"{""Old"":2756,""New"":2758,""Reason"":3}"
47420217,"{""Old"":2614,""New"":2626,""Reason"":3}"
47420217,"{""Old"":2736,""New"":2738,""Reason"":3}"
46432620,"{""Old"":2574,""New"":2580,""Reason"":3}"
33545916,"{""Old"":79,""New"":91,""Reason"":3}"
38319980,"{""Old"":240571,""New"":240593,""Reason"":3}"
39529067,"{""Old"":419,""New"":429,""Reason"":3}"
13438747,"{""Old"":260,""New"":262,""Reason"":3}"
53809280,"{""Old"":76,""New"":78,""Reason"":3}"
38319980,"{""Old"":242308,""New"":242400,""Reason"":3}"
46432620,"{""Old"":2758,""New"":2762,""Reason"":3}"
63883993,"{""Old"":183,""New"":193,""Reason"":3}"
43694202,"{""Old"":111547,""New"":111589,""Reason"":3}"
43694202,"{""Old"":111118,""New"":111128,""Reason"":3}"
58147043,"{""Old"":620,""New"":624,""Reason"":3}"
58147043,"{""Old"":634,""New"":642,""Reason"":3}"
33800425,"{""Old"":780,""New"":782,""Reason"":3}"
38319980,"{""Old"":240419,""New"":240459,""Reason"":3}"
38319980,"{""Old"":241287,""New"":241307,""Reason"":3}"
38319980,"{""Old"":239153,""New"":239163,""Reason"":3}"
34700327,"{""Old"":12295,""New"":12297,""Reason"":3}"
68299606,"{""Old"":650,""New"":652,""Reason"":3}"
38319980,"{""Old"":240113,""New"":240135,""Reason"":3}"
38319980,"{""Old"":240227,""New"":240239,""Reason"":3}"
38319980,"{""Old"":240046,""New"":240060,""Reason"":3}"
46432620,"{""Old"":2621,""New"":2625,""Reason"":3}"
84957257,"{""Old"":30335,""New"":30397,""Reason"":3}"
59176920,"{""Old"":643,""New"":661,""Reason"":3}"
37837221,"{""Old"":450,""New"":456,""Reason"":3}"
8128487,"{""Old"":18136,""New"":18138,""Reason"":3}"
34700327,"{""Old"":12218,""New"":12224,""Reason"":3}"
67737880,"{""Old"":2824,""New"":2840,""Reason"":3}"
73544911,"{""Old"":2358,""New"":2374,""Reason"":3}"
84957257,"{""Old"":30397,""New"":30431,""Reason"":3}"
8128487,"{""Old"":18116,""New"":18136,""Reason"":3}"
37837221,"{""Old"":516,""New"":534,""Reason"":3}"
38319980,"{""Old"":239532,""New"":239564,""Reason"":3}"
38319980,"{""Old"":238739,""New"":238795,""Reason"":3}"
37837221,"{""Old"":431,""New"":449,""Reason"":3}"
38319980,"{""Old"":240369,""New"":240379,""Reason"":3}"
84957257,"{""Old"":30087,""New"":30111,""Reason"":3}"
72546612,"{""Old"":394,""New"":402,""Reason"":3}"
47420217,"{""Old"":2656,""New"":2658,""Reason"":3}"
43694202,"{""Old"":111131,""New"":111133,""Reason"":3}"
60045629,"{""Old"":161,""New"":163,""Reason"":3}"
58147043,"{""Old"":643,""New"":651,""Reason"":3}"
46432620,"{""Old"":2706,""New"":2744,""Reason"":3}"
47420217,"{""Old"":2788,""New"":2790,""Reason"":3}"
38319980,"{""Old"":238210,""New"":238220,""Reason"":3}"
46432620,"{""Old"":2603,""New"":2613,""Reason"":3}"
47420217,"{""Old"":2476,""New"":2480,""Reason"":3}"
47420217,"{""Old"":2952,""New"":2954,""Reason"":3}"
79954574,"{""Old"":222,""New"":226,""Reason"":3}"
38319980,"{""Old"":238950,""New"":238996,""Reason"":3}"
32320809,"{""Old"":9,""New"":11,""Reason"":3}"
47420217,"{""Old"":2602,""New"":2612,""Reason"":3}"
47420217,"{""Old"":2722,""New"":2724,""Reason"":3}"
37837221,"{""Old"":475,""New"":477,""Reason"":3}"
38319980,"{""Old"":238930,""New"":238950,""Reason"":3}"
38319980,"{""Old"":239021,""New"":239025,""Reason"":3}"
37837221,"{""Old"":397,""New"":403,""Reason"":3}"
53809280,"{""Old"":59,""New"":61,""Reason"":3}"
47420217,"{""Old"":2915,""New"":2921,""Reason"":3}"
34700327,"{""Old"":12298,""New"":12302,""Reason"":3}"
34700327,"{""Old"":12273,""New"":12289,""Reason"":3}"
209276684,"{""Old"":594,""New"":604,""Reason"":3}"
58147043,"{""Old"":665,""New"":671,""Reason"":3}"
68640371,"{""Old"":28,""New"":30,""Reason"":3}"
38319980,"{""Old"":238246,""New"":238250,""Reason"":3}"
47420217,"{""Old"":2502,""New"":2504,""Reason"":3}"
13438747,"{""Old"":242,""New"":248,""Reason"":3}"
38319980,"{""Old"":238610,""New"":238612,""Reason"":3}"
47420217,"{""Old"":2374,""New"":2376,""Reason"":3}"
47420217,"{""Old"":2497,""New"":2501,""Reason"":3}"
58147043,"{""Old"":724,""New"":736,""Reason"":3}"
38319980,"{""Old"":238206,""New"":238208,""Reason"":3}"
72546612,"{""Old"":402,""New"":408,""Reason"":3}"
13438747,"{""Old"":236,""New"":240,""Reason"":3}"
62900698,"{""Old"":12300,""New"":12302,""Reason"":3}"
58147043,"{""Old"":531,""New"":543,""Reason"":3}"
67737880,"{""Old"":2799,""New"":2813,""Reason"":3}"
37837221,"{""Old"":376,""New"":390,""Reason"":3}"
38319980,"{""Old"":240880,""New"":241000,""Reason"":3}"
34700327,"{""Old"":12269,""New"":12271,""Reason"":3}"
47420217,"{""Old"":2492,""New"":2494,""Reason"":3}"
9454481,"{""Old"":62,""New"":66,""Reason"":3}"
33545916,"{""Old"":235,""New"":237,""Reason"":3}"
33545916,"{""Old"":237,""New"":249,""Reason"":3}"
62706161,"{""Old"":154,""New"":156,""Reason"":3}"
47420217,"{""Old"":2779,""New"":2781,""Reason"":3}"
47420217,"{""Old"":2739,""New"":2745,""Reason"":3}"
7051383,"{""Old"":1957,""New"":1987,""Reason"":3}"
58147043,"{""Old"":700,""New"":702,""Reason"":3}"
47420217,"{""Old"":2930,""New"":2934,""Reason"":3}"
38319980,"{""Old"":239121,""New"":239131,""Reason"":3}"
62706161,"{""Old"":157,""New"":161,""Reason"":3}"
4181177,"{""Old"":172,""New"":174,""Reason"":3}"
46432620,"{""Old"":2744,""New"":2756,""Reason"":3}"
47420217,"{""Old"":3027,""New"":3035,""Reason"":3}"
47420217,"{""Old"":2513,""New"":2515,""Reason"":3}"
47420217,"{""Old"":2598,""New"":2600,""Reason"":3}"
36607525,"{""Old"":3085,""New"":3089,""Reason"":3}"
47420217,"{""Old"":3127,""New"":3131,""Reason"":3}"
38319980,"{""Old"":241749,""New"":241751,""Reason"":3}"
8128487,"{""Old"":17867,""New"":17883,""Reason"":3}"
8128487,"{""Old"":17883,""New"":17895,""Reason"":3}"
46432620,"{""Old"":2669,""New"":2683,""Reason"":3}"
37837221,"{""Old"":637,""New"":639,""Reason"":3}"
38319980,"{""Old"":240222,""New"":240226,""Reason"":3}"
37837221,"{""Old"":499,""New"":511,""Reason"":3}"
33800425,"{""Old"":755,""New"":767,""Reason"":3}"
38319980,"{""Old"":239700,""New"":239720,""Reason"":3}"
37837221,"{""Old"":480,""New"":484,""Reason"":3}"
47420217,"{""Old"":2666,""New"":2680,""Reason"":3}"
47420217,"{""Old"":2731,""New"":2735,""Reason"":3}"
47420217,"{""Old"":2342,""New"":2346,""Reason"":3}"
47420217,"{""Old"":2441,""New"":2443,""Reason"":3}"
58147043,"{""Old"":661,""New"":663,""Reason"":3}"
38319980,"{""Old"":238275,""New"":238307,""Reason"":3}"
37837221,"{""Old"":569,""New"":571,""Reason"":3}"
84957257,"{""Old"":30145,""New"":30171,""Reason"":3}"
34700327,"{""Old"":12293,""New"":12295,""Reason"":3}"
16319032,"{""Old"":3953,""New"":3959,""Reason"":3}"
218649505,"{""Old"":336,""New"":352,""Reason"":3}"
209276684,"{""Old"":538,""New"":542,""Reason"":3}"
60045629,"{""Old"":199,""New"":201,""Reason"":3}"
3668171,"{""Old"":377,""New"":379,""Reason"":3}"
36607525,"{""Old"":2941,""New"":2945,""Reason"":3}"
34700327,"{""Old"":12260,""New"":12262,""Reason"":3}"
46707680,"{""Old"":1611,""New"":1613,""Reason"":3}"
58147043,"{""Old"":718,""New"":722,""Reason"":3}"
85532021,"{""Old"":25250,""New"":25624,""Reason"":3}"
218649505,"{""Old"":334,""New"":336,""Reason"":3}"
8128487,"{""Old"":18102,""New"":18116,""Reason"":3}"
73544911,"{""Old"":2376,""New"":2378,""Reason"":3}"
43694202,"{""Old"":111659,""New"":111689,""Reason"":3}"
85532021,"{""Old"":25754,""New"":25814,""Reason"":3}"
60045629,"{""Old"":165,""New"":175,""Reason"":3}"
85532021,"{""Old"":24838,""New"":25110,""Reason"":3}"
60045629,"{""Old"":183,""New"":189,""Reason"":3}"
34700327,"{""Old"":12213,""New"":12215,""Reason"":3}"
62900698,"{""Old"":12273,""New"":12275,""Reason"":3}"
8128487,"{""Old"":18176,""New"":18178,""Reason"":3}"
43694202,"{""Old"":111098,""New"":111118,""Reason"":3}"
8128487,"{""Old"":18138,""New"":18148,""Reason"":3}"
46707680,"{""Old"":1613,""New"":1641,""Reason"":3}"
24230812,"{""Old"":2352,""New"":2360,""Reason"":3}"
46707680,"{""Old"":1643,""New"":1645,""Reason"":3}"
8128487,"{""Old"":18003,""New"":18013,""Reason"":3}"
76604874,"{""Old"":642,""New"":654,""Reason"":3}"
43694202,"{""Old"":110784,""New"":110878,""Reason"":3}"
36607525,"{""Old"":3101,""New"":3113,""Reason"":3}"
73544911,"{""Old"":2374,""New"":2376,""Reason"":3}"
36607525,"{""Old"":2923,""New"":2929,""Reason"":3}"
76604874,"{""Old"":654,""New"":658,""Reason"":3}"
209276684,"{""Old"":391,""New"":397,""Reason"":3}"
79954574,"{""Old"":228,""New"":230,""Reason"":3}"
62900698,"{""Old"":12288,""New"":12300,""Reason"":3}"
64856829,"{""Old"":106,""New"":108,""Reason"":3}"
43694202,"{""Old"":110498,""New"":110536,""Reason"":3}"
85532021,"{""Old"":25110,""New"":25250,""Reason"":3}"
58147043,"{""Old"":792,""New"":796,""Reason"":3}"
27367481,"{""Old"":49,""New"":53,""Reason"":3}"
8128487,"{""Old"":18081,""New"":18095,""Reason"":3}"
63781708,"{""Old"":75,""New"":77,""Reason"":3}"
218649505,"{""Old"":332,""New"":334,""Reason"":3}"
43694202,"{""Old"":110561,""New"":110635,""Reason"":3}"
43694202,"{""Old"":111078,""New"":111088,""Reason"":3}"
58147043,"{""Old"":750,""New"":762,""Reason"":3}"
43694202,"{""Old"":110982,""New"":111002,""Reason"":3}"
43694202,"{""Old"":110197,""New"":110221,""Reason"":3}"
58147043,"{""Old"":671,""New"":693,""Reason"":3}"
43694202,"{""Old"":111002,""New"":111012,""Reason"":3}"
51096421,"{""Old"":292,""New"":294,""Reason"":3}"
43694202,"{""Old"":111012,""New"":111078,""Reason"":3}"
47842355,"{""Old"":23859,""New"":23879,""Reason"":3}"
209276684,"{""Old"":369,""New"":381,""Reason"":3}"
8128487,"{""Old"":17593,""New"":17613,""Reason"":3}"
8128487,"{""Old"":17932,""New"":17974,""Reason"":3}"
47842355,"{""Old"":23815,""New"":23859,""Reason"":3}"
68299606,"{""Old"":652,""New"":662,""Reason"":3}"
79954574,"{""Old"":231,""New"":235,""Reason"":3}"
8128487,"{""Old"":17549,""New"":17567,""Reason"":3}"
209276684,"{""Old"":293,""New"":297,""Reason"":3}"
68299606,"{""Old"":643,""New"":645,""Reason"":3}"
43694202,"{""Old"":110932,""New"":110982,""Reason"":3}"
8128487,"{""Old"":17613,""New"":17635,""Reason"":3}"
8128487,"{""Old"":18095,""New"":18099,""Reason"":3}"
33545916,"{""Old"":189,""New"":191,""Reason"":3}"
58147043,"{""Old"":550,""New"":552,""Reason"":3}"
58147043,"{""Old"":589,""New"":593,""Reason"":3}"
60045629,"{""Old"":203,""New"":207,""Reason"":3}"
54503421,"{""Old"":2122,""New"":2124,""Reason"":3}"
36607525,"{""Old"":2929,""New"":2931,""Reason"":3}"
58147043,"{""Old"":653,""New"":659,""Reason"":3}"
33545916,"{""Old"":179,""New"":181,""Reason"":3}"
62900698,"{""Old"":12280,""New"":12286,""Reason"":3}"
36607525,"{""Old"":2931,""New"":2939,""Reason"":3}"
58147043,"{""Old"":510,""New"":518,""Reason"":3}"
46707680,"{""Old"":1606,""New"":1608,""Reason"":3}"
27367481,"{""Old"":65,""New"":67,""Reason"":3}"
62900698,"{""Old"":12286,""New"":12288,""Reason"":3}"
36607525,"{""Old"":3051,""New"":3073,""Reason"":3}"
60045629,"{""Old"":190,""New"":194,""Reason"":3}"
43694202,"{""Old"":111088,""New"":111098,""Reason"":3}"
8128487,"{""Old"":17705,""New"":17707,""Reason"":3}"
47842355,"{""Old"":23660,""New"":23672,""Reason"":3}"
58147043,"{""Old"":784,""New"":792,""Reason"":3}"
205043592,"{""Old"":12665,""New"":12667,""Reason"":3}"
205043592,"{""Old"":12687,""New"":12689,""Reason"":3}"
212331358,"{""Old"":1344,""New"":1346,""Reason"":3}"
49021064,"{""Old"":281,""New"":283,""Reason"":3}"
83940666,"{""Old"":3758,""New"":3760,""Reason"":3}"
9338034,"{""Old"":14921,""New"":14923,""Reason"":3}"
50064911,"{""Old"":1523,""New"":1525,""Reason"":3}"
50064911,"{""Old"":1531,""New"":1533,""Reason"":3}"
62911328,"{""Old"":1642,""New"":1644,""Reason"":3}"
62911328,"{""Old"":1646,""New"":1648,""Reason"":3}"
62911328,"{""Old"":1553,""New"":1555,""Reason"":3}"
62911328,"{""Old"":1648,""New"":1650,""Reason"":3}"
62911328,"{""Old"":1613,""New"":1615,""Reason"":3}"
43788487,"{""Old"":1105,""New"":1107,""Reason"":3}"
39951938,"{""Old"":1209,""New"":1211,""Reason"":3}"
8054600,"{""Old"":49,""New"":51,""Reason"":3}"
79480736,"{""Old"":2165,""New"":2167,""Reason"":3}"
48300940,"{""Old"":18227,""New"":18247,""Reason"":3}"
48300940,"{""Old"":18561,""New"":18571,""Reason"":3}"
48300940,"{""Old"":13726,""New"":13728,""Reason"":3}"
48300940,"{""Old"":18109,""New"":18119,""Reason"":3}"
37428602,"{""Old"":13383,""New"":13385,""Reason"":3}"
14597583,"{""Old"":34369,""New"":34371,""Reason"":3}"
14597583,"{""Old"":34749,""New"":34751,""Reason"":3}"
50064911,"{""Old"":1527,""New"":1529,""Reason"":3}"
14505095,"{""Old"":6098,""New"":6100,""Reason"":3}"
14505095,"{""Old"":6122,""New"":6124,""Reason"":3}"
9338034,"{""Old"":15474,""New"":15484,""Reason"":3}"
9338034,"{""Old"":15062,""New"":15072,""Reason"":3}"
29194654,"{""Old"":1151,""New"":1153,""Reason"":3}"
29194654,"{""Old"":1153,""New"":1155,""Reason"":3}"
39951938,"{""Old"":1193,""New"":1203,""Reason"":3}"
4861422,"{""Old"":9835,""New"":9837,""Reason"":3}"
4861422,"{""Old"":9934,""New"":9936,""Reason"":3}"
21879359,"{""Old"":19,""New"":21,""Reason"":3}"
19981811,"{""Old"":295956,""New"":295958,""Reason"":3}"
14505095,"{""Old"":6080,""New"":6090,""Reason"":3}"
9338034,"{""Old"":15452,""New"":15454,""Reason"":3}"
9338034,"{""Old"":14923,""New"":14925,""Reason"":3}"
9338034,"{""Old"":15156,""New"":15158,""Reason"":3}"
14505095,"{""Old"":6284,""New"":6286,""Reason"":3}"
14735155,"{""Old"":5873,""New"":5875,""Reason"":3}"
48300940,"{""Old"":18524,""New"":18534,""Reason"":3}"
48300940,"{""Old"":19001,""New"":19011,""Reason"":3}"
29194654,"{""Old"":1161,""New"":1163,""Reason"":3}"
9338034,"{""Old"":14995,""New"":15005,""Reason"":3}"
9338034,"{""Old"":15116,""New"":15126,""Reason"":3}"
14505095,"{""Old"":6292,""New"":6294,""Reason"":3}"
14505095,"{""Old"":6270,""New"":6272,""Reason"":3}"
217941963,"{""Old"":12602,""New"":12604,""Reason"":3}"
218390057,"{""Old"":389,""New"":391,""Reason"":3}"
67962623,"{""Old"":5675,""New"":5677,""Reason"":3}"
12952120,"{""Old"":153,""New"":155,""Reason"":3}"
12952120,"{""Old"":228,""New"":230,""Reason"":3}"
12952120,"{""Old"":170,""New"":172,""Reason"":3}"
12952120,"{""Old"":109,""New"":111,""Reason"":3}"
12952120,"{""Old"":52,""New"":54,""Reason"":3}"
14735155,"{""Old"":6390,""New"":6392,""Reason"":3}"
48300940,"{""Old"":14591,""New"":14593,""Reason"":3}"
48300940,"{""Old"":14607,""New"":14617,""Reason"":3}"
48300940,"{""Old"":15051,""New"":15061,""Reason"":3}"
48300940,"{""Old"":17729,""New"":17739,""Reason"":3}"
48300940,"{""Old"":18164,""New"":18184,""Reason"":3}"
48300940,"{""Old"":14581,""New"":14583,""Reason"":3}"
70142578,"{""Old"":1459,""New"":1461,""Reason"":3}"
70142578,"{""Old"":1511,""New"":1521,""Reason"":3}"
48300940,"{""Old"":19755,""New"":19765,""Reason"":3}"
48300940,"{""Old"":18467,""New"":18477,""Reason"":3}"
48300940,"{""Old"":16831,""New"":16841,""Reason"":3}"
48300940,"{""Old"":18151,""New"":18161,""Reason"":3}"
34115204,"{""Old"":1148,""New"":1152,""Reason"":3}"
34115204,"{""Old"":1146,""New"":1148,""Reason"":3}"
34115204,"{""Old"":1218,""New"":1220,""Reason"":3}"
34115204,"{""Old"":1102,""New"":1104,""Reason"":3}"
203615719,"{""Old"":293,""New"":299,""Reason"":3}"
34115204,"{""Old"":1125,""New"":1127,""Reason"":3}"
38749156,"{""Old"":36614,""New"":36618,""Reason"":3}"
42273855,"{""Old"":671,""New"":673,""Reason"":3}"
48300940,"{""Old"":14953,""New"":14955,""Reason"":3}"
48300940,"{""Old"":16660,""New"":16662,""Reason"":3}"
48300940,"{""Old"":13495,""New"":13497,""Reason"":3}"
48300940,"{""Old"":16071,""New"":16081,""Reason"":3}"
48300940,"{""Old"":16702,""New"":16712,""Reason"":3}"
48300940,"{""Old"":15739,""New"":15741,""Reason"":3}"
70142578,"{""Old"":1008,""New"":1010,""Reason"":3}"
21815762,"{""Old"":71175,""New"":71185,""Reason"":3}"
48300940,"{""Old"":15017,""New"":15019,""Reason"":3}"
70142578,"{""Old"":1531,""New"":1541,""Reason"":3}"
6454041,"{""Old"":381456,""New"":381466,""Reason"":3}"
6454041,"{""Old"":381320,""New"":381330,""Reason"":3}"
19448494,"{""Old"":6329,""New"":6339,""Reason"":3}"
19448494,"{""Old"":5910,""New"":5920,""Reason"":3}"
19448494,"{""Old"":6389,""New"":6399,""Reason"":3}"
201981039,"{""Old"":507,""New"":509,""Reason"":3}"
19448494,"{""Old"":6275,""New"":6279,""Reason"":3}"
19448494,"{""Old"":6443,""New"":6453,""Reason"":3}"
19448494,"{""Old"":6467,""New"":6469,""Reason"":3}"
14597583,"{""Old"":33957,""New"":33959,""Reason"":3}"
19448494,"{""Old"":5965,""New"":5967,""Reason"":3}"
19448494,"{""Old"":6349,""New"":6359,""Reason"":3}"
32281739,"{""Old"":3616,""New"":3618,""Reason"":3}"
43788487,"{""Old"":1079,""New"":1083,""Reason"":3}"
43788487,"{""Old"":1091,""New"":1093,""Reason"":3}"
43788487,"{""Old"":1111,""New"":1113,""Reason"":3}"
43788487,"{""Old"":1086,""New"":1088,""Reason"":3}"
4861422,"{""Old"":9930,""New"":9932,""Reason"":3}"
39951938,"{""Old"":1191,""New"":1193,""Reason"":3}"
16620082,"{""Old"":109,""New"":111,""Reason"":3}"
15534701,"{""Old"":1281,""New"":1283,""Reason"":3}"
73474771,"{""Old"":84050,""New"":84052,""Reason"":3}"
73474771,"{""Old"":84074,""New"":84084,""Reason"":3}"
73474771,"{""Old"":84341,""New"":84351,""Reason"":3}"
81265438,"{""Old"":725,""New"":727,""Reason"":3}"
70142578,"{""Old"":1491,""New"":1501,""Reason"":3}"
48300940,"{""Old"":17360,""New"":17370,""Reason"":3}"
48300940,"{""Old"":14941,""New"":14951,""Reason"":3}"
48300940,"{""Old"":19825,""New"":19835,""Reason"":3}"
48300940,"{""Old"":14583,""New"":14585,""Reason"":3}"
48300940,"{""Old"":17253,""New"":17263,""Reason"":3}"
48300940,"{""Old"":19473,""New"":19483,""Reason"":3}"
70142578,"{""Old"":375,""New"":377,""Reason"":3}"
70142578,"{""Old"":435,""New"":445,""Reason"":3}"
70142578,"{""Old"":971,""New"":973,""Reason"":3}"
48300940,"{""Old"":17265,""New"":17285,""Reason"":3}"
48300940,"{""Old"":18771,""New"":18781,""Reason"":3}"
48300940,"{""Old"":18951,""New"":18961,""Reason"":3}"
48300940,"{""Old"":19463,""New"":19473,""Reason"":3}"
48300940,"{""Old"":13728,""New"":13730,""Reason"":3}"
48300940,"{""Old"":19483,""New"":19493,""Reason"":3}"
48300940,"{""Old"":16734,""New"":16744,""Reason"":3}"
48300940,"{""Old"":19795,""New"":19805,""Reason"":3}"
37428602,"{""Old"":13385,""New"":13395,""Reason"":3}"
48300940,"{""Old"":17687,""New"":17697,""Reason"":3}"
221229293,"{""Old"":22591,""New"":22593,""Reason"":3}"
48300940,"{""Old"":15013,""New"":15017,""Reason"":3}"
48300940,"{""Old"":17759,""New"":17769,""Reason"":3}"
48300940,"{""Old"":19965,""New"":19975,""Reason"":3}"
48300940,"{""Old"":14955,""New"":14965,""Reason"":3}"
48300940,"{""Old"":16338,""New"":16348,""Reason"":3}"
48300940,"{""Old"":17977,""New"":17987,""Reason"":3}"
48300940,"{""Old"":19373,""New"":19383,""Reason"":3}"
14597583,"{""Old"":34163,""New"":34165,""Reason"":3}"
23829638,"{""Old"":1203,""New"":1205,""Reason"":3}"
200921156,"{""Old"":1165,""New"":1167,""Reason"":3}"
23073231,"{""Old"":2272,""New"":2274,""Reason"":3}"
13600351,"{""Old"":3382,""New"":3384,""Reason"":3}"
23127774,"{""Old"":1940,""New"":1942,""Reason"":3}"
23127774,"{""Old"":1859,""New"":1861,""Reason"":3}"
23127774,"{""Old"":1936,""New"":1938,""Reason"":3}"
23127774,"{""Old"":1954,""New"":1956,""Reason"":3}"
49021064,"{""Old"":283,""New"":285,""Reason"":3}"
9338034,"{""Old"":15500,""New"":15510,""Reason"":3}"
38434189,"{""Old"":3425,""New"":3445,""Reason"":3}"
34115204,"{""Old"":1144,""New"":1146,""Reason"":3}"
34115204,"{""Old"":1187,""New"":1189,""Reason"":3}"
34115204,"{""Old"":1220,""New"":1222,""Reason"":3}"
38749156,"{""Old"":36249,""New"":36259,""Reason"":3}"
38749156,"{""Old"":36772,""New"":36782,""Reason"":3}"
38749156,"{""Old"":37627,""New"":37637,""Reason"":3}"
38749156,"{""Old"":36279,""New"":36289,""Reason"":3}"
38749156,"{""Old"":36574,""New"":36594,""Reason"":3}"
48300940,"{""Old"":16001,""New"":16011,""Reason"":3}"
48300940,"{""Old"":19493,""New"":19503,""Reason"":3}"
48300940,"{""Old"":17640,""New"":17660,""Reason"":3}"
48300940,"{""Old"":19133,""New"":19143,""Reason"":3}"
48300940,"{""Old"":15767,""New"":15787,""Reason"":3}"
48300940,"{""Old"":15969,""New"":15971,""Reason"":3}"
48300940,"{""Old"":18037,""New"":18039,""Reason"":3}"
48300940,"{""Old"":18007,""New"":18027,""Reason"":3}"
48300940,"{""Old"":19073,""New"":19083,""Reason"":3}"
48300940,"{""Old"":19543,""New"":19553,""Reason"":3}"
70142578,"{""Old"":1224,""New"":1226,""Reason"":3}"
48300940,"{""Old"":15418,""New"":15428,""Reason"":3}"
48300940,"{""Old"":16433,""New"":16443,""Reason"":3}"
48300940,"{""Old"":17865,""New"":17867,""Reason"":3}"
48300940,"{""Old"":14877,""New"":14879,""Reason"":3}"
48300940,"{""Old"":16163,""New"":16173,""Reason"":3}"
48300940,"{""Old"":17841,""New"":17843,""Reason"":3}"
48300940,"{""Old"":19193,""New"":19203,""Reason"":3}"
48300940,"{""Old"":15809,""New"":15819,""Reason"":3}"
48300940,"{""Old"":13734,""New"":13736,""Reason"":3}"
48300940,"{""Old"":18315,""New"":18325,""Reason"":3}"
48300940,"{""Old"":19945,""New"":19955,""Reason"":3}"
6454041,"{""Old"":381286,""New"":381296,""Reason"":3}"
6454041,"{""Old"":381274,""New"":381284,""Reason"":3}"
85667476,"{""Old"":533,""New"":535,""Reason"":3}"
48300940,"{""Old"":15727,""New"":15729,""Reason"":3}"
48300940,"{""Old"":16672,""New"":16682,""Reason"":3}"
48300940,"{""Old"":18451,""New"":18461,""Reason"":3}"
70142578,"{""Old"":198,""New"":200,""Reason"":3}"
70142578,"{""Old"":1030,""New"":1040,""Reason"":3}"
70142578,"{""Old"":1437,""New"":1447,""Reason"":3}"
48300940,"{""Old"":16153,""New"":16163,""Reason"":3}"
48300940,"{""Old"":17727,""New"":17729,""Reason"":3}"
48300940,"{""Old"":16081,""New"":16091,""Reason"":3}"
48300940,"{""Old"":19805,""New"":19815,""Reason"":3}"
38749156,"{""Old"":37398,""New"":37408,""Reason"":3}"
38749156,"{""Old"":37617,""New"":37627,""Reason"":3}"
48300940,"{""Old"":15959,""New"":15969,""Reason"":3}"
48300940,"{""Old"":16303,""New"":16313,""Reason"":3}"
48300940,"{""Old"":17216,""New"":17218,""Reason"":3}"
48300940,"{""Old"":19593,""New"":19603,""Reason"":3}"
48300940,"{""Old"":13724,""New"":13726,""Reason"":3}"
48300940,"{""Old"":15041,""New"":15051,""Reason"":3}"
48300940,"{""Old"":19443,""New"":19453,""Reason"":3}"
70142578,"{""Old"":214,""New"":216,""Reason"":3}"
70142578,"{""Old"":1230,""New"":1240,""Reason"":3}"
70142578,"{""Old"":703,""New"":705,""Reason"":3}"
48300940,"{""Old"":17218,""New"":17228,""Reason"":3}"
48300940,"{""Old"":17917,""New"":17927,""Reason"":3}"
70142578,"{""Old"":377,""New"":379,""Reason"":3}"
70142578,"{""Old"":965,""New"":967,""Reason"":3}"
38749156,"{""Old"":35974,""New"":35976,""Reason"":3}"
38749156,"{""Old"":36508,""New"":36518,""Reason"":3}"
38749156,"{""Old"":37246,""New"":37256,""Reason"":3}"
38749156,"{""Old"":34446,""New"":34448,""Reason"":3}"
38749156,"{""Old"":37026,""New"":37046,""Reason"":3}"
38749156,"{""Old"":36742,""New"":36752,""Reason"":3}"
38749156,"{""Old"":37186,""New"":37196,""Reason"":3}"
23127774,"{""Old"":1789,""New"":1791,""Reason"":3}"
23127774,"{""Old"":1817,""New"":1819,""Reason"":3}"
43788487,"{""Old"":1063,""New"":1065,""Reason"":3}"
204960720,"{""Old"":145,""New"":155,""Reason"":3}"
23973385,"{""Old"":609,""New"":611,""Reason"":3}"
23973385,"{""Old"":343,""New"":345,""Reason"":3}"
23973385,"{""Old"":657,""New"":659,""Reason"":3}"
34115204,"{""Old"":1065,""New"":1067,""Reason"":3}"
34115204,"{""Old"":1107,""New"":1109,""Reason"":3}"
34115204,"{""Old"":1154,""New"":1156,""Reason"":3}"
42817421,"{""Old"":21736,""New"":21746,""Reason"":3}"
12952120,"{""Old"":161,""New"":163,""Reason"":3}"
12952120,"{""Old"":73,""New"":75,""Reason"":3}"
210614478,"{""Old"":86,""New"":88,""Reason"":3}"
29194654,"{""Old"":1157,""New"":1159,""Reason"":3}"
220336636,"{""Old"":98,""New"":100,""Reason"":3}"
32405736,"{""Old"":5468,""New"":5470,""Reason"":3}"
14597583,"{""Old"":34718,""New"":34720,""Reason"":3}"
19448494,"{""Old"":6327,""New"":6329,""Reason"":3}"
19448494,"{""Old"":6421,""New"":6431,""Reason"":3}"
19448494,"{""Old"":5920,""New"":5922,""Reason"":3}"
48300940,"{""Old"":18027,""New"":18037,""Reason"":3}"
70142578,"{""Old"":265,""New"":267,""Reason"":3}"
70142578,"{""Old"":433,""New"":435,""Reason"":3}"
48300940,"{""Old"":15755,""New"":15757,""Reason"":3}"
38749156,"{""Old"":33922,""New"":33924,""Reason"":3}"
6454041,"{""Old"":381332,""New"":381334,""Reason"":3}"
6454041,"{""Old"":381446,""New"":381456,""Reason"":3}"
38749156,"{""Old"":36618,""New"":36620,""Reason"":3}"
38749156,"{""Old"":36702,""New"":36712,""Reason"":3}"
38749156,"{""Old"":36934,""New"":36944,""Reason"":3}"
38749156,"{""Old"":37086,""New"":37096,""Reason"":3}"
38749156,"{""Old"":33914,""New"":33916,""Reason"":3}"
38749156,"{""Old"":35478,""New"":35480,""Reason"":3}"
38749156,"{""Old"":36792,""New"":36802,""Reason"":3}"
48300940,"{""Old"":16722,""New"":16724,""Reason"":3}"
70142578,"{""Old"":874,""New"":878,""Reason"":3}"
48300940,"{""Old"":14951,""New"":14953,""Reason"":3}"
48300940,"{""Old"":14991,""New"":15001,""Reason"":3}"
48300940,"{""Old"":15849,""New"":15859,""Reason"":3}"
48300940,"{""Old"":15085,""New"":15095,""Reason"":3}"
48300940,"{""Old"":17887,""New"":17897,""Reason"":3}"
48300940,"{""Old"":19183,""New"":19193,""Reason"":3}"
48300940,"{""Old"":13748,""New"":13750,""Reason"":3}"
48300940,"{""Old"":16126,""New"":16128,""Reason"":3}"
48300940,"{""Old"":18386,""New"":18396,""Reason"":3}"
48300940,"{""Old"":16774,""New"":16784,""Reason"":3}"
48300940,"{""Old"":19815,""New"":19825,""Reason"":3}"
48300940,"{""Old"":20035,""New"":20045,""Reason"":3}"
48300940,"{""Old"":15416,""New"":15418,""Reason"":3}"
48300940,"{""Old"":15567,""New"":15577,""Reason"":3}"
48300940,"{""Old"":16936,""New"":16946,""Reason"":3}"
48300940,"{""Old"":19093,""New"":19113,""Reason"":3}"
70142578,"{""Old"":963,""New"":965,""Reason"":3}"
43717191,"{""Old"":294,""New"":296,""Reason"":3}"
43717191,"{""Old"":275,""New"":277,""Reason"":3}"
48300940,"{""Old"":13738,""New"":13740,""Reason"":3}"
48300940,"{""Old"":18071,""New"":18081,""Reason"":3}"
48300940,"{""Old"":19203,""New"":19223,""Reason"":3}"
48300940,"{""Old"":19383,""New"":19393,""Reason"":3}"
218733227,"{""Old"":10164,""New"":10174,""Reason"":3}"
208392743,"{""Old"":22223,""New"":22225,""Reason"":3}"
208392743,"{""Old"":22290,""New"":22300,""Reason"":3}"
43788487,"{""Old"":1065,""New"":1067,""Reason"":3}"
14597583,"{""Old"":73775,""New"":73777,""Reason"":3}"
2959905,"{""Old"":1967,""New"":1969,""Reason"":3}"
208392743,"{""Old"":22107,""New"":22109,""Reason"":3}"
16849761,"{""Old"":9676,""New"":9678,""Reason"":3}"
16849761,"{""Old"":9697,""New"":9701,""Reason"":3}"
16849761,"{""Old"":9568,""New"":9570,""Reason"":3}"
14597583,"{""Old"":73779,""New"":73781,""Reason"":3}"
14597583,"{""Old"":73853,""New"":73857,""Reason"":3}"
9338034,"{""Old"":15578,""New"":15588,""Reason"":3}"
9338034,"{""Old"":15442,""New"":15452,""Reason"":3}"
14505095,"{""Old"":6282,""New"":6284,""Reason"":3}"
14505095,"{""Old"":6316,""New"":6318,""Reason"":3}"
9338034,"{""Old"":15536,""New"":15546,""Reason"":3}"
50064911,"{""Old"":1543,""New"":1545,""Reason"":3}"
23127774,"{""Old"":1758,""New"":1760,""Reason"":3}"
23127774,"{""Old"":1831,""New"":1833,""Reason"":3}"
23127774,"{""Old"":2031,""New"":2033,""Reason"":3}"
6454041,"{""Old"":381396,""New"":381406,""Reason"":3}"
38749156,"{""Old"":35468,""New"":35470,""Reason"":3}"
38749156,"{""Old"":37585,""New"":37595,""Reason"":3}"
38749156,"{""Old"":37266,""New"":37276,""Reason"":3}"
48300940,"{""Old"":21967,""New"":21977,""Reason"":3}"
54525546,"{""Old"":925,""New"":927,""Reason"":3}"
48300940,"{""Old"":22493,""New"":22503,""Reason"":3}"
70142578,"{""Old"":196,""New"":198,""Reason"":3}"
70142578,"{""Old"":1402,""New"":1412,""Reason"":3}"
70142578,"{""Old"":1024,""New"":1026,""Reason"":3}"
4960804,"{""Old"":848,""New"":850,""Reason"":3}"
9338034,"{""Old"":15604,""New"":15606,""Reason"":3}"
9338034,"{""Old"":15486,""New"":15496,""Reason"":3}"
38434189,"{""Old"":3236,""New"":3246,""Reason"":3}"
38434189,"{""Old"":3463,""New"":3473,""Reason"":3}"
12952120,"{""Old"":186,""New"":196,""Reason"":3}"
12952120,"{""Old"":230,""New"":232,""Reason"":3}"
70142578,"{""Old"":258,""New"":260,""Reason"":3}"
70142578,"{""Old"":1040,""New"":1042,""Reason"":3}"
6454041,"{""Old"":381638,""New"":381640,""Reason"":3}"
38749156,"{""Old"":36682,""New"":36702,""Reason"":3}"
38749156,"{""Old"":37669,""New"":37671,""Reason"":3}"
38749156,"{""Old"":36782,""New"":36792,""Reason"":3}"
38749156,"{""Old"":37346,""New"":37356,""Reason"":3}"
38749156,"{""Old"":34267,""New"":34269,""Reason"":3}"
38749156,"{""Old"":37408,""New"":37418,""Reason"":3}"
38749156,"{""Old"":36193,""New"":36195,""Reason"":3}"
38749156,"{""Old"":37682,""New"":37692,""Reason"":3}"
38749156,"{""Old"":37166,""New"":37176,""Reason"":3}"
38749156,"{""Old"":37256,""New"":37266,""Reason"":3}"
38749156,"{""Old"":36862,""New"":36864,""Reason"":3}"
38749156,"{""Old"":35490,""New"":35494,""Reason"":3}"
38749156,"{""Old"":36914,""New"":36934,""Reason"":3}"
38749156,"{""Old"":35933,""New"":35937,""Reason"":3}"
38749156,"{""Old"":36227,""New"":36237,""Reason"":3}"
38749156,"{""Old"":35494,""New"":35496,""Reason"":3}"
48300940,"{""Old"":17769,""New"":17779,""Reason"":3}"
48300940,"{""Old"":18583,""New"":18613,""Reason"":3}"
48300940,"{""Old"":16926,""New"":16936,""Reason"":3}"
48300940,"{""Old"":18861,""New"":18901,""Reason"":3}"
48300940,"{""Old"":14850,""New"":14852,""Reason"":3}"
48300940,"{""Old"":15899,""New"":15909,""Reason"":3}"
48300940,"{""Old"":18961,""New"":18971,""Reason"":3}"
48300940,"{""Old"":17405,""New"":17415,""Reason"":3}"
48300940,"{""Old"":19835,""New"":19845,""Reason"":3}"
48300940,"{""Old"":19935,""New"":19945,""Reason"":3}"
48300940,"{""Old"":15909,""New"":15929,""Reason"":3}"
48300940,"{""Old"":16558,""New"":16568,""Reason"":3}"
48300940,"{""Old"":17855,""New"":17865,""Reason"":3}"
48300940,"{""Old"":18397,""New"":18417,""Reason"":3}"
48300940,"{""Old"":19553,""New"":19563,""Reason"":3}"
48300940,"{""Old"":19713,""New"":19723,""Reason"":3}"
211626600,"{""Old"":638,""New"":640,""Reason"":3}"
208392743,"{""Old"":20966,""New"":20968,""Reason"":3}"
208392743,"{""Old"":21498,""New"":21500,""Reason"":3}"
208392743,"{""Old"":21598,""New"":21600,""Reason"":3}"
208392743,"{""Old"":21854,""New"":21856,""Reason"":3}"
208392743,"{""Old"":22145,""New"":22147,""Reason"":3}"
208392743,"{""Old"":20962,""New"":20964,""Reason"":3}"
16849761,"{""Old"":9600,""New"":9602,""Reason"":3}"
16849761,"{""Old"":9682,""New"":9684,""Reason"":3}"
16849761,"{""Old"":9646,""New"":9648,""Reason"":3}"
16849761,"{""Old"":9573,""New"":9575,""Reason"":3}"
16849761,"{""Old"":9617,""New"":9619,""Reason"":3}"
23829638,"{""Old"":1120,""New"":1122,""Reason"":3}"
30733083,"{""Old"":145,""New"":147,""Reason"":3}"
38434189,"{""Old"":3461,""New"":3463,""Reason"":3}"
38434189,"{""Old"":3177,""New"":3197,""Reason"":3}"
66874900,"{""Old"":2973,""New"":2983,""Reason"":3}"
34115204,"{""Old"":1077,""New"":1079,""Reason"":3}"
208392743,"{""Old"":20824,""New"":20834,""Reason"":3}"
208392743,"{""Old"":21936,""New"":21938,""Reason"":3}"
208392743,"{""Old"":22179,""New"":22189,""Reason"":3}"
208392743,"{""Old"":22225,""New"":22227,""Reason"":3}"
208392743,"{""Old"":21588,""New"":21598,""Reason"":3}"
208392743,"{""Old"":21864,""New"":21866,""Reason"":3}"
208392743,"{""Old"":22261,""New"":22263,""Reason"":3}"
208392743,"{""Old"":22270,""New"":22280,""Reason"":3}"
208392743,"{""Old"":21940,""New"":21942,""Reason"":3}"
208392743,"{""Old"":21958,""New"":21968,""Reason"":3}"
208392743,"{""Old"":22221,""New"":22223,""Reason"":3}"
208392743,"{""Old"":22002,""New"":22012,""Reason"":3}"
208392743,"{""Old"":21005,""New"":21007,""Reason"":3}"
208392743,"{""Old"":21514,""New"":21516,""Reason"":3}"
208392743,"{""Old"":21530,""New"":21532,""Reason"":3}"
208392743,"{""Old"":21554,""New"":21556,""Reason"":3}"
208392743,"{""Old"":22048,""New"":22068,""Reason"":3}"
23127774,"{""Old"":1938,""New"":1940,""Reason"":3}"
19448494,"{""Old"":6019,""New"":6021,""Reason"":3}"
19448494,"{""Old"":5957,""New"":5959,""Reason"":3}"
19448494,"{""Old"":6433,""New"":6443,""Reason"":3}"
19448494,"{""Old"":6289,""New"":6291,""Reason"":3}"
48300940,"{""Old"":15751,""New"":15753,""Reason"":3}"
48300940,"{""Old"":18801,""New"":18841,""Reason"":3}"
48300940,"{""Old"":19041,""New"":19051,""Reason"":3}"
70142578,"{""Old"":761,""New"":763,""Reason"":3}"
70142578,"{""Old"":513,""New"":515,""Reason"":3}"
70142578,"{""Old"":1010,""New"":1012,""Reason"":3}"
85667476,"{""Old"":535,""New"":537,""Reason"":3}"
48300940,"{""Old"":19253,""New"":19263,""Reason"":3}"
48300940,"{""Old"":19273,""New"":19283,""Reason"":3}"
48300940,"{""Old"":15109,""New"":15119,""Reason"":3}"
70142578,"{""Old"":804,""New"":806,""Reason"":3}"
70142578,"{""Old"":806,""New"":808,""Reason"":3}"
54525546,"{""Old"":938,""New"":948,""Reason"":3}"
38749156,"{""Old"":37672,""New"":37682,""Reason"":3}"
38749156,"{""Old"":35480,""New"":35482,""Reason"":3}"
38749156,"{""Old"":36964,""New"":36974,""Reason"":3}"
38749156,"{""Old"":37508,""New"":37528,""Reason"":3}"
70142578,"{""Old"":1045,""New"":1047,""Reason"":3}"
70142578,"{""Old"":1326,""New"":1328,""Reason"":3}"
70142578,"{""Old"":1028,""New"":1030,""Reason"":3}"
70142578,"{""Old"":1314,""New"":1316,""Reason"":3}"
70142578,"{""Old"":1400,""New"":1402,""Reason"":3}"
70142578,"{""Old"":670,""New"":672,""Reason"":3}"
70142578,"{""Old"":1265,""New"":1267,""Reason"":3}"
70142578,"{""Old"":1304,""New"":1314,""Reason"":3}"
70142578,"{""Old"":1449,""New"":1459,""Reason"":3}"
19448494,"{""Old"":6325,""New"":6327,""Reason"":3}"
31952856,"{""Old"":1815,""New"":1825,""Reason"":3}"
19448494,"{""Old"":6261,""New"":6271,""Reason"":3}"
19448494,"{""Old"":6469,""New"":6471,""Reason"":3}"
31952856,"{""Old"":1793,""New"":1795,""Reason"":3}"
19448494,"{""Old"":6017,""New"":6019,""Reason"":3}"
19448494,"{""Old"":6291,""New"":6293,""Reason"":3}"
19448494,"{""Old"":6363,""New"":6373,""Reason"":3}"
19448494,"{""Old"":6243,""New"":6245,""Reason"":3}"
39951938,"{""Old"":1203,""New"":1205,""Reason"":3}"
9338034,"{""Old"":15520,""New"":15522,""Reason"":3}"
73474771,"{""Old"":84161,""New"":84171,""Reason"":3}"
73474771,"{""Old"":84299,""New"":84309,""Reason"":3}"
18436020,"{""Old"":1844,""New"":1846,""Reason"":3}"
82222467,"{""Old"":748,""New"":750,""Reason"":3}"
82222467,"{""Old"":770,""New"":780,""Reason"":3}"
50064911,"{""Old"":1525,""New"":1527,""Reason"":3}"
14597583,"{""Old"":34817,""New"":34821,""Reason"":3}"
62911328,"{""Old"":988,""New"":990,""Reason"":3}"
62911328,"{""Old"":1473,""New"":1475,""Reason"":3}"
62911328,"{""Old"":1447,""New"":1449,""Reason"":3}"
34115204,"{""Old"":1109,""New"":1111,""Reason"":3}"
34115204,"{""Old"":1121,""New"":1123,""Reason"":3}"
66874900,"{""Old"":1472,""New"":1474,""Reason"":3}"
204960720,"{""Old"":155,""New"":157,""Reason"":3}"
212430974,"{""Old"":666,""New"":668,""Reason"":3}"
212430974,"{""Old"":675,""New"":677,""Reason"":3}"
66874900,"{""Old"":2985,""New"":2995,""Reason"":3}"
38434189,"{""Old"":3445,""New"":3447,""Reason"":3}"
38434189,"{""Old"":3611,""New"":3621,""Reason"":3}"
84163378,"{""Old"":28,""New"":30,""Reason"":3}"
38434189,"{""Old"":3609,""New"":3611,""Reason"":3}"
206036557,"{""Old"":2862,""New"":2864,""Reason"":3}"
203470901,"{""Old"":3125,""New"":3127,""Reason"":3}"
23127774,"{""Old"":1774,""New"":1776,""Reason"":3}"
42367164,"{""Old"":29216,""New"":29218,""Reason"":3}"
42367164,"{""Old"":29112,""New"":29114,""Reason"":3}"
42367164,"{""Old"":29148,""New"":29150,""Reason"":3}"
34115204,"{""Old"":1236,""New"":1238,""Reason"":3}"
42367164,"{""Old"":29154,""New"":29164,""Reason"":3}"
42367164,"{""Old"":29278,""New"":29280,""Reason"":3}"
34115204,"{""Old"":1185,""New"":1187,""Reason"":3}"
34115204,"{""Old"":1194,""New"":1196,""Reason"":3}"
34115204,"{""Old"":1183,""New"":1185,""Reason"":3}"
34115204,"{""Old"":1216,""New"":1218,""Reason"":3}"
34115204,"{""Old"":1152,""New"":1154,""Reason"":3}"
19448494,"{""Old"":6259,""New"":6261,""Reason"":3}"
31952856,"{""Old"":1911,""New"":1913,""Reason"":3}"
31952856,"{""Old"":1967,""New"":1969,""Reason"":3}"
48300940,"{""Old"":22289,""New"":22291,""Reason"":3}"
48300940,"{""Old"":22535,""New"":22545,""Reason"":3}"
38749156,"{""Old"":37336,""New"":37346,""Reason"":3}"
38749156,"{""Old"":36842,""New"":36852,""Reason"":3}"
38749156,"{""Old"":36568,""New"":36570,""Reason"":3}"
70142578,"{""Old"":261,""New"":263,""Reason"":3}"
48300940,"{""Old"":21855,""New"":21865,""Reason"":3}"
54525546,"{""Old"":883,""New"":885,""Reason"":3}"
48300940,"{""Old"":22463,""New"":22473,""Reason"":3}"
48300940,"{""Old"":23007,""New"":23017,""Reason"":3}"
6454041,"{""Old"":380054,""New"":380058,""Reason"":3}"
81432331,"{""Old"":268,""New"":270,""Reason"":3}"
81432331,"{""Old"":317,""New"":319,""Reason"":3}"
81432331,"{""Old"":218,""New"":220,""Reason"":3}"
59134318,"{""Old"":134,""New"":136,""Reason"":3}"
79359273,"{""Old"":524,""New"":526,""Reason"":3}"
25225869,"{""Old"":7176,""New"":7186,""Reason"":3}"
25225869,"{""Old"":5581,""New"":5591,""Reason"":3}"
25225869,"{""Old"":5601,""New"":5611,""Reason"":3}"
25225869,"{""Old"":6106,""New"":6116,""Reason"":3}"
25225869,"{""Old"":9036,""New"":9046,""Reason"":3}"
62911328,"{""Old"":951,""New"":961,""Reason"":3}"
62911328,"{""Old"":1202,""New"":1204,""Reason"":3}"
62911328,"{""Old"":1085,""New"":1087,""Reason"":3}"
32405736,"{""Old"":5543,""New"":5545,""Reason"":3}"
62911328,"{""Old"":1302,""New"":1304,""Reason"":3}"
85015740,"{""Old"":226,""New"":228,""Reason"":3}"
62911328,"{""Old"":817,""New"":819,""Reason"":3}"
62911328,"{""Old"":912,""New"":914,""Reason"":3}"
62911328,"{""Old"":543,""New"":545,""Reason"":3}"
81265438,"{""Old"":715,""New"":717,""Reason"":3}"
81265438,"{""Old"":769,""New"":771,""Reason"":3}"
34115204,"{""Old"":1256,""New"":1258,""Reason"":3}"
66874900,"{""Old"":1502,""New"":1506,""Reason"":3}"
25225869,"{""Old"":2661,""New"":2663,""Reason"":3}"
25225869,"{""Old"":9251,""New"":9261,""Reason"":3}"
25225869,"{""Old"":9454,""New"":9464,""Reason"":3}"
57711906,"{""Old"":1353,""New"":1355,""Reason"":3}"
82222467,"{""Old"":648,""New"":650,""Reason"":3}"
85246118,"{""Old"":1786,""New"":1788,""Reason"":3}"
16849761,"{""Old"":9584,""New"":9588,""Reason"":3}"
16849761,"{""Old"":9765,""New"":9767,""Reason"":3}"
11930273,"{""Old"":2050,""New"":2052,""Reason"":3}"
16849761,"{""Old"":9767,""New"":9769,""Reason"":3}"
16849761,"{""Old"":9678,""New"":9680,""Reason"":3}"
208392743,"{""Old"":20988,""New"":20990,""Reason"":3}"
208392743,"{""Old"":21866,""New"":21876,""Reason"":3}"
23127774,"{""Old"":1760,""New"":1762,""Reason"":3}"
23127774,"{""Old"":2055,""New"":2065,""Reason"":3}"
206036557,"{""Old"":2834,""New"":2836,""Reason"":3}"
206036557,"{""Old"":2874,""New"":2876,""Reason"":3}"
25491019,"{""Old"":167,""New"":169,""Reason"":3}"
25491019,"{""Old"":175,""New"":177,""Reason"":3}"
14975520,"{""Old"":641,""New"":643,""Reason"":3}"
4861422,"{""Old"":3559,""New"":3561,""Reason"":3}"
28753649,"{""Old"":51,""New"":53,""Reason"":3}"
21271458,"{""Old"":2549,""New"":2559,""Reason"":3}"
59134318,"{""Old"":68,""New"":70,""Reason"":3}"
81432331,"{""Old"":184,""New"":186,""Reason"":3}"
6454041,"{""Old"":381224,""New"":381234,""Reason"":3}"
6454041,"{""Old"":381204,""New"":381214,""Reason"":3}"
6454041,"{""Old"":380133,""New"":380135,""Reason"":3}"
48300940,"{""Old"":21885,""New"":21895,""Reason"":3}"
48300940,"{""Old"":22057,""New"":22067,""Reason"":3}"
48300940,"{""Old"":22341,""New"":22351,""Reason"":3}"
48300940,"{""Old"":22813,""New"":22823,""Reason"":3}"
48300940,"{""Old"":23047,""New"":23067,""Reason"":3}"
48300940,"{""Old"":21127,""New"":21129,""Reason"":3}"
48300940,"{""Old"":22421,""New"":22423,""Reason"":3}"
48300940,"{""Old"":21977,""New"":21987,""Reason"":3}"
48300940,"{""Old"":14585,""New"":14587,""Reason"":3}"
48300940,"{""Old"":19143,""New"":19153,""Reason"":3}"
48300940,"{""Old"":22099,""New"":22109,""Reason"":3}"
48300940,"{""Old"":22195,""New"":22205,""Reason"":3}"
70142578,"{""Old"":833,""New"":839,""Reason"":3}"
206036557,"{""Old"":2822,""New"":2824,""Reason"":3}"
23073231,"{""Old"":2049,""New"":2053,""Reason"":3}"
32405736,"{""Old"":5434,""New"":5436,""Reason"":3}"
62911328,"{""Old"":1483,""New"":1485,""Reason"":3}"
62911328,"{""Old"":859,""New"":861,""Reason"":3}"
82222467,"{""Old"":644,""New"":646,""Reason"":3}"
41790442,"{""Old"":1802,""New"":1804,""Reason"":3}"
39713787,"{""Old"":201,""New"":203,""Reason"":3}"
39713787,"{""Old"":246,""New"":248,""Reason"":3}"
71253075,"{""Old"":964,""New"":966,""Reason"":3}"
21271458,"{""Old"":2613,""New"":2623,""Reason"":3}"
59134318,"{""Old"":140,""New"":142,""Reason"":3}"
38749156,"{""Old"":37488,""New"":37498,""Reason"":3}"
38749156,"{""Old"":37702,""New"":37712,""Reason"":3}"
38749156,"{""Old"":37692,""New"":37702,""Reason"":3}"
39713787,"{""Old"":222,""New"":224,""Reason"":3}"
49021064,"{""Old"":285,""New"":287,""Reason"":3}"
9290862,"{""Old"":1186,""New"":1190,""Reason"":3}"
39713787,"{""Old"":190,""New"":192,""Reason"":3}"
74603886,"{""Old"":2344,""New"":2348,""Reason"":3}"
62911328,"{""Old"":1445,""New"":1447,""Reason"":3}"
62911328,"{""Old"":491,""New"":493,""Reason"":3}"
62911328,"{""Old"":1388,""New"":1390,""Reason"":3}"
62911328,"{""Old"":421,""New"":423,""Reason"":3}"
62911328,"{""Old"":1402,""New"":1412,""Reason"":3}"
62911328,"{""Old"":337,""New"":339,""Reason"":3}"
62911328,"{""Old"":485,""New"":487,""Reason"":3}"
73474771,"{""Old"":83928,""New"":83938,""Reason"":3}"
73474771,"{""Old"":84159,""New"":84161,""Reason"":3}"
73474771,"{""Old"":84391,""New"":84401,""Reason"":3}"
62448257,"{""Old"":2770,""New"":2772,""Reason"":3}"
23127774,"{""Old"":1857,""New"":1859,""Reason"":3}"
38319980,"{""Old"":172043,""New"":172045,""Reason"":3}"
20432920,"{""Old"":1222,""New"":1242,""Reason"":3}"
31952856,"{""Old"":2724,""New"":2726,""Reason"":3}"
31952856,"{""Old"":2745,""New"":2747,""Reason"":3}"
31952856,"{""Old"":1899,""New"":1901,""Reason"":3}"
23127774,"{""Old"":2073,""New"":2083,""Reason"":3}"
23127774,"{""Old"":1772,""New"":1774,""Reason"":3}"
23073231,"{""Old"":2212,""New"":2214,""Reason"":3}"
11534557,"{""Old"":651742,""New"":651762,""Reason"":3}"
25491019,"{""Old"":152,""New"":154,""Reason"":3}"
25491019,"{""Old"":666,""New"":668,""Reason"":3}"
14975520,"{""Old"":631,""New"":633,""Reason"":3}"
8883313,"{""Old"":15230,""New"":15232,""Reason"":3}"
31952856,"{""Old"":1660,""New"":1662,""Reason"":3}"
31952856,"{""Old"":1662,""New"":1664,""Reason"":3}"
31952856,"{""Old"":1706,""New"":1726,""Reason"":3}"
31952856,"{""Old"":1863,""New"":1873,""Reason"":3}"
31952856,"{""Old"":1749,""New"":1751,""Reason"":3}"
31952856,"{""Old"":1813,""New"":1815,""Reason"":3}"
41511291,"{""Old"":450,""New"":452,""Reason"":3}"
31558571,"{""Old"":1907,""New"":1909,""Reason"":3}"
82222467,"{""Old"":750,""New"":752,""Reason"":3}"
62911328,"{""Old"":857,""New"":859,""Reason"":3}"
62911328,"{""Old"":935,""New"":937,""Reason"":3}"
62911328,"{""Old"":975,""New"":985,""Reason"":3}"
62911328,"{""Old"":248,""New"":250,""Reason"":3}"
62911328,"{""Old"":1198,""New"":1200,""Reason"":3}"
62911328,"{""Old"":1353,""New"":1355,""Reason"":3}"
62911328,"{""Old"":102,""New"":104,""Reason"":3}"
62911328,"{""Old"":392,""New"":402,""Reason"":3}"
208392743,"{""Old"":21608,""New"":21610,""Reason"":3}"
8815955,"{""Old"":42808,""New"":42818,""Reason"":3}"
8815955,"{""Old"":42958,""New"":42968,""Reason"":3}"
8815955,"{""Old"":41948,""New"":41968,""Reason"":3}"
8815955,"{""Old"":42768,""New"":42778,""Reason"":3}"
8815955,"{""Old"":41898,""New"":41908,""Reason"":3}"
8815955,"{""Old"":42470,""New"":42480,""Reason"":3}"
8815955,"{""Old"":42868,""New"":42878,""Reason"":3}"
8815955,"{""Old"":42006,""New"":42016,""Reason"":3}"
8815955,"{""Old"":42736,""New"":42746,""Reason"":3}"
8815955,"{""Old"":41574,""New"":41594,""Reason"":3}"
8815955,"{""Old"":41786,""New"":41796,""Reason"":3}"
8815955,"{""Old"":42652,""New"":42654,""Reason"":3}"
8815955,"{""Old"":42978,""New"":42988,""Reason"":3}"
8815955,"{""Old"":41594,""New"":41604,""Reason"":3}"
8815955,"{""Old"":42480,""New"":42490,""Reason"":3}"
8815955,"{""Old"":41185,""New"":41187,""Reason"":3}"
8815955,"{""Old"":41300,""New"":41302,""Reason"":3}"
8815955,"{""Old"":41494,""New"":41524,""Reason"":3}"
8815955,"{""Old"":41464,""New"":41474,""Reason"":3}"
16849761,"{""Old"":9744,""New"":9746,""Reason"":3}"
16849761,"{""Old"":9872,""New"":9874,""Reason"":3}"
13540193,"{""Old"":612,""New"":614,""Reason"":3}"
13540193,"{""Old"":644,""New"":646,""Reason"":3}"
13540193,"{""Old"":387,""New"":389,""Reason"":3}"
13540193,"{""Old"":618,""New"":620,""Reason"":3}"
13540193,"{""Old"":698,""New"":700,""Reason"":3}"
13540193,"{""Old"":399,""New"":401,""Reason"":3}"
13540193,"{""Old"":554,""New"":556,""Reason"":3}"
206036557,"{""Old"":2785,""New"":2787,""Reason"":3}"
73875235,"{""Old"":354,""New"":356,""Reason"":3}"
81432331,"{""Old"":180,""New"":182,""Reason"":3}"
81432331,"{""Old"":272,""New"":274,""Reason"":3}"
21879359,"{""Old"":6,""New"":8,""Reason"":3}"
21271458,"{""Old"":2506,""New"":2516,""Reason"":3}"
30733083,"{""Old"":141,""New"":143,""Reason"":3}"
81432331,"{""Old"":197,""New"":199,""Reason"":3}"
75899123,"{""Old"":3089,""New"":3091,""Reason"":3}"
3781116,"{""Old"":1859,""New"":1861,""Reason"":3}"
81432331,"{""Old"":340,""New"":342,""Reason"":3}"
81432331,"{""Old"":398,""New"":400,""Reason"":3}"
81432331,"{""Old"":239,""New"":241,""Reason"":3}"
12952120,"{""Old"":134,""New"":136,""Reason"":3}"
12952120,"{""Old"":149,""New"":153,""Reason"":3}"
220934763,"{""Old"":83,""New"":85,""Reason"":3}"
38434189,"{""Old"":3498,""New"":3508,""Reason"":3}"
73474771,"{""Old"":82508,""New"":82510,""Reason"":3}"
73474771,"{""Old"":82900,""New"":82902,""Reason"":3}"
73474771,"{""Old"":82711,""New"":82713,""Reason"":3}"
66874900,"{""Old"":1532,""New"":1542,""Reason"":3}"
23973385,"{""Old"":449,""New"":451,""Reason"":3}"
23973385,"{""Old"":457,""New"":459,""Reason"":3}"
57658759,"{""Old"":1023,""New"":1025,""Reason"":3}"
14983329,"{""Old"":212,""New"":216,""Reason"":3}"
25225869,"{""Old"":8911,""New"":8921,""Reason"":3}"
25225869,"{""Old"":9499,""New"":9501,""Reason"":3}"
40671256,"{""Old"":6530,""New"":6550,""Reason"":3}"
40671256,"{""Old"":7185,""New"":7187,""Reason"":3}"
40671256,"{""Old"":7187,""New"":7189,""Reason"":3}"
42367164,"{""Old"":29124,""New"":29126,""Reason"":3}"
40671256,"{""Old"":7012,""New"":7014,""Reason"":3}"
42367164,"{""Old"":29106,""New"":29108,""Reason"":3}"
42367164,"{""Old"":29138,""New"":29140,""Reason"":3}"
31952856,"{""Old"":1599,""New"":1601,""Reason"":3}"
31952856,"{""Old"":1751,""New"":1761,""Reason"":3}"
31952856,"{""Old"":1684,""New"":1694,""Reason"":3}"
31952856,"{""Old"":3205,""New"":3207,""Reason"":3}"
31952856,"{""Old"":3432,""New"":3442,""Reason"":3}"
81856946,"{""Old"":3307,""New"":3317,""Reason"":3}"
31952856,"{""Old"":2303,""New"":2305,""Reason"":3}"
31952856,"{""Old"":2565,""New"":2567,""Reason"":3}"
31952856,"{""Old"":2660,""New"":2662,""Reason"":3}"
31952856,"{""Old"":2747,""New"":2749,""Reason"":3}"
31952856,"{""Old"":2350,""New"":2354,""Reason"":3}"
31952856,"{""Old"":3512,""New"":3522,""Reason"":3}"
8815955,"{""Old"":41614,""New"":41624,""Reason"":3}"
8815955,"{""Old"":42046,""New"":42066,""Reason"":3}"
16849761,"{""Old"":9518,""New"":9528,""Reason"":3}"
16849761,"{""Old"":9530,""New"":9532,""Reason"":3}"
16849761,"{""Old"":9437,""New"":9441,""Reason"":3}"
25491019,"{""Old"":186,""New"":188,""Reason"":3}"
25491019,"{""Old"":144,""New"":146,""Reason"":3}"
25491019,"{""Old"":160,""New"":162,""Reason"":3}"
24196485,"{""Old"":53138,""New"":53148,""Reason"":3}"
39713787,"{""Old"":244,""New"":246,""Reason"":3}"
15534701,"{""Old"":1270,""New"":1280,""Reason"":3}"
206036557,"{""Old"":2826,""New"":2828,""Reason"":3}"
8419745,"{""Old"":3115,""New"":3117,""Reason"":3}"
73474771,"{""Old"":84423,""New"":84433,""Reason"":3}"
62911328,"{""Old"":674,""New"":676,""Reason"":3}"
62911328,"{""Old"":853,""New"":855,""Reason"":3}"
62911328,"{""Old"":907,""New"":909,""Reason"":3}"
62911328,"{""Old"":931,""New"":933,""Reason"":3}"
62911328,"{""Old"":1322,""New"":1324,""Reason"":3}"
62911328,"{""Old"":1335,""New"":1337,""Reason"":3}"
62911328,"{""Old"":303,""New"":305,""Reason"":3}"
62911328,"{""Old"":1636,""New"":1638,""Reason"":3}"
207982180,"{""Old"":6737,""New"":6743,""Reason"":3}"
18720026,"{""Old"":1135,""New"":1167,""Reason"":3}"
18720026,"{""Old"":1174,""New"":1180,""Reason"":3}"
18720026,"{""Old"":1111,""New"":1115,""Reason"":3}"
16251092,"{""Old"":20328,""New"":20342,""Reason"":3}"
15245272,"{""Old"":808,""New"":812,""Reason"":3}"
15245272,"{""Old"":821,""New"":823,""Reason"":3}"
210267883,"{""Old"":914,""New"":924,""Reason"":3}"
15854387,"{""Old"":898,""New"":902,""Reason"":3}"
15854387,"{""Old"":886,""New"":894,""Reason"":3}"
218109905,"{""Old"":941,""New"":987,""Reason"":3}"
210267883,"{""Old"":926,""New"":928,""Reason"":3}"
10339843,"{""Old"":7055,""New"":7057,""Reason"":3}"
220484191,"{""Old"":2907,""New"":2909,""Reason"":3}"
10747564,"{""Old"":15061,""New"":15073,""Reason"":3}"
10747564,"{""Old"":15081,""New"":15095,""Reason"":3}"
10107034,"{""Old"":1378,""New"":1390,""Reason"":3}"
23814762,"{""Old"":1968,""New"":1976,""Reason"":3}"
23814762,"{""Old"":2025,""New"":2027,""Reason"":3}"
10747564,"{""Old"":15095,""New"":15099,""Reason"":3}"
12735607,"{""Old"":27515,""New"":27529,""Reason"":3}"
14358374,"{""Old"":1782,""New"":1784,""Reason"":3}"
23127214,"{""Old"":1630,""New"":1632,""Reason"":3}"
23814762,"{""Old"":1999,""New"":2021,""Reason"":3}"
14358374,"{""Old"":1770,""New"":1772,""Reason"":3}"
204869747,"{""Old"":680,""New"":714,""Reason"":3}"
204869747,"{""Old"":666,""New"":668,""Reason"":3}"
14750818,"{""Old"":150,""New"":152,""Reason"":3}"
23814762,"{""Old"":2021,""New"":2025,""Reason"":3}"
218733227,"{""Old"":28862,""New"":28876,""Reason"":3}"
19490607,"{""Old"":237,""New"":239,""Reason"":3}"
27777369,"{""Old"":119081,""New"":119095,""Reason"":3}"
7837058,"{""Old"":647,""New"":649,""Reason"":3}"
75899123,"{""Old"":4161,""New"":4167,""Reason"":3}"
23814762,"{""Old"":1995,""New"":1999,""Reason"":3}"
26072040,"{""Old"":2090,""New"":2108,""Reason"":3}"
28505678,"{""Old"":2773,""New"":2779,""Reason"":3}"
26072040,"{""Old"":2112,""New"":2114,""Reason"":3}"
7867149,"{""Old"":409,""New"":413,""Reason"":3}"
36923387,"{""Old"":1181,""New"":1199,""Reason"":3}"
23814762,"{""Old"":1983,""New"":1993,""Reason"":3}"
217885015,"{""Old"":2065,""New"":2067,""Reason"":3}"
72733375,"{""Old"":203,""New"":205,""Reason"":3}"
22165551,"{""Old"":422,""New"":436,""Reason"":3}"
6475871,"{""Old"":1396,""New"":1400,""Reason"":3}"
22979091,"{""Old"":9547,""New"":9551,""Reason"":3}"
23246029,"{""Old"":576,""New"":582,""Reason"":3}"
31008190,"{""Old"":1153,""New"":1173,""Reason"":3}"
26072040,"{""Old"":2118,""New"":2126,""Reason"":3}"
28226374,"{""Old"":1156,""New"":1158,""Reason"":3}"
57714371,"{""Old"":588,""New"":592,""Reason"":3}"
22979091,"{""Old"":9705,""New"":9711,""Reason"":3}"
36923387,"{""Old"":1199,""New"":1205,""Reason"":3}"
22979091,"{""Old"":9529,""New"":9533,""Reason"":3}"
22979091,"{""Old"":9557,""New"":9565,""Reason"":3}"
31008190,"{""Old"":1179,""New"":1185,""Reason"":3}"
38980177,"{""Old"":350,""New"":352,""Reason"":3}"
36923387,"{""Old"":1145,""New"":1151,""Reason"":3}"
26072040,"{""Old"":2114,""New"":2118,""Reason"":3}"
31008190,"{""Old"":1139,""New"":1153,""Reason"":3}"
36923387,"{""Old"":1171,""New"":1181,""Reason"":3}"
31008190,"{""Old"":1173,""New"":1175,""Reason"":3}"
217885015,"{""Old"":2067,""New"":2071,""Reason"":3}"
36923387,"{""Old"":1151,""New"":1157,""Reason"":3}"
33503495,"{""Old"":3739,""New"":3775,""Reason"":3}"
31008190,"{""Old"":1175,""New"":1179,""Reason"":3}"
21250520,"{""Old"":6450,""New"":6458,""Reason"":3}"
33503495,"{""Old"":3781,""New"":3783,""Reason"":3}"
33503495,"{""Old"":3775,""New"":3781,""Reason"":3}"
25333633,"{""Old"":236,""New"":240,""Reason"":3}"
215520292,"{""Old"":1247843,""New"":1249859,""Reason"":3}"
24783600,"{""Old"":984,""New"":986,""Reason"":3}"
24782182,"{""Old"":1998,""New"":2012,""Reason"":3}"
26072040,"{""Old"":2080,""New"":2084,""Reason"":3}"
80513657,"{""Old"":15028,""New"":15030,""Reason"":3}"
80513657,"{""Old"":15159,""New"":15161,""Reason"":3}"
80513657,"{""Old"":15256,""New"":15258,""Reason"":3}"
3879641,"{""Old"":213,""New"":225,""Reason"":3}"
80513657,"{""Old"":15026,""New"":15028,""Reason"":3}"
80513657,"{""Old"":15200,""New"":15206,""Reason"":3}"
80513657,"{""Old"":15080,""New"":15084,""Reason"":3}"
21185947,"{""Old"":14675,""New"":14685,""Reason"":3}"
3879641,"{""Old"":177,""New"":189,""Reason"":3}"
12832335,"{""Old"":967,""New"":971,""Reason"":3}"
80513657,"{""Old"":15196,""New"":15198,""Reason"":3}"
55807692,"{""Old"":5917,""New"":5951,""Reason"":3}"
72640903,"{""Old"":1871,""New"":1881,""Reason"":3}"
212725450,"{""Old"":332,""New"":338,""Reason"":3}"
80513657,"{""Old"":15186,""New"":15196,""Reason"":3}"
3879641,"{""Old"":257,""New"":259,""Reason"":3}"
212725450,"{""Old"":320,""New"":324,""Reason"":3}"
29194654,"{""Old"":19886,""New"":20142,""Reason"":3}"
33503495,"{""Old"":3783,""New"":3785,""Reason"":3}"
75449739,"{""Old"":1815,""New"":1817,""Reason"":3}"
9822342,"{""Old"":222,""New"":224,""Reason"":3}"
75449739,"{""Old"":1845,""New"":1847,""Reason"":3}"
72640903,"{""Old"":1806,""New"":1808,""Reason"":3}"
3879641,"{""Old"":225,""New"":255,""Reason"":3}"
72640903,"{""Old"":1884,""New"":1888,""Reason"":3}"
75449739,"{""Old"":1806,""New"":1808,""Reason"":3}"
55807692,"{""Old"":5915,""New"":5917,""Reason"":3}"
206659964,"{""Old"":3205,""New"":3217,""Reason"":3}"
22979091,"{""Old"":9575,""New"":9587,""Reason"":3}"
50457286,"{""Old"":153,""New"":157,""Reason"":3}"
6475871,"{""Old"":1383,""New"":1393,""Reason"":3}"
72640903,"{""Old"":1817,""New"":1831,""Reason"":3}"
26072040,"{""Old"":2108,""New"":2110,""Reason"":3}"
54839551,"{""Old"":1145,""New"":1151,""Reason"":3}"
35358256,"{""Old"":1431,""New"":1433,""Reason"":3}"
75899123,"{""Old"":4172,""New"":4180,""Reason"":3}"
22979091,"{""Old"":9637,""New"":9639,""Reason"":3}"
22979091,"{""Old"":9663,""New"":9669,""Reason"":3}"
75449739,"{""Old"":1839,""New"":1843,""Reason"":3}"
75449739,"{""Old"":1853,""New"":1857,""Reason"":3}"
50457286,"{""Old"":167,""New"":179,""Reason"":3}"
72640903,"{""Old"":1858,""New"":1870,""Reason"":3}"
37693967,"{""Old"":2313,""New"":2317,""Reason"":3}"
35549372,"{""Old"":60180,""New"":60232,""Reason"":3}"
21185947,"{""Old"":13409,""New"":14675,""Reason"":3}"
34642494,"{""Old"":1681,""New"":1707,""Reason"":3}"
22979091,"{""Old"":9701,""New"":9705,""Reason"":3}"
21185947,"{""Old"":15060,""New"":15070,""Reason"":3}"
50457286,"{""Old"":143,""New"":153,""Reason"":3}"
35549372,"{""Old"":60646,""New"":60800,""Reason"":3}"
7256901,"{""Old"":1135,""New"":1151,""Reason"":3}"
72733375,"{""Old"":213,""New"":219,""Reason"":3}"
81093831,"{""Old"":5475,""New"":5483,""Reason"":3}"
50457286,"{""Old"":135,""New"":143,""Reason"":3}"
55807692,"{""Old"":5955,""New"":5957,""Reason"":3}"
41690592,"{""Old"":1092,""New"":1100,""Reason"":3}"
31008190,"{""Old"":1135,""New"":1139,""Reason"":3}"
80513657,"{""Old"":15289,""New"":15293,""Reason"":3}"
7256901,"{""Old"":1131,""New"":1135,""Reason"":3}"
26072040,"{""Old"":2110,""New"":2112,""Reason"":3}"
35549372,"{""Old"":59886,""New"":59956,""Reason"":3}"
6475871,"{""Old"":1378,""New"":1382,""Reason"":3}"
34642494,"{""Old"":1657,""New"":1681,""Reason"":3}"
71906094,"{""Old"":895,""New"":901,""Reason"":3}"
50457286,"{""Old"":185,""New"":191,""Reason"":3}"
6688497,"{""Old"":560,""New"":566,""Reason"":3}"
22979091,"{""Old"":9657,""New"":9659,""Reason"":3}"
41690592,"{""Old"":1138,""New"":1140,""Reason"":3}"
29194654,"{""Old"":19878,""New"":19882,""Reason"":3}"
6688497,"{""Old"":557,""New"":559,""Reason"":3}"
206659964,"{""Old"":3229,""New"":3237,""Reason"":3}"
22979091,"{""Old"":9683,""New"":9685,""Reason"":3}"
72640903,"{""Old"":1810,""New"":1814,""Reason"":3}"
22979091,"{""Old"":9615,""New"":9625,""Reason"":3}"
35549372,"{""Old"":60840,""New"":60920,""Reason"":3}"
81093831,"{""Old"":5633,""New"":5651,""Reason"":3}"
28505678,"{""Old"":2779,""New"":2787,""Reason"":3}"
22979091,"{""Old"":9641,""New"":9657,""Reason"":3}"
62872104,"{""Old"":6635,""New"":6639,""Reason"":3}"
61421272,"{""Old"":514,""New"":522,""Reason"":3}"
37693967,"{""Old"":2323,""New"":2325,""Reason"":3}"
37693967,"{""Old"":2325,""New"":2331,""Reason"":3}"
212725450,"{""Old"":324,""New"":332,""Reason"":3}"
22979091,"{""Old"":9605,""New"":9613,""Reason"":3}"
81093831,"{""Old"":5631,""New"":5633,""Reason"":3}"
35549372,"{""Old"":60800,""New"":60840,""Reason"":3}"
72733375,"{""Old"":222,""New"":224,""Reason"":3}"
37139980,"{""Old"":103,""New"":105,""Reason"":3}"
37139980,"{""Old"":147,""New"":149,""Reason"":3}"
35549372,"{""Old"":60426,""New"":60446,""Reason"":3}"
37139980,"{""Old"":59,""New"":61,""Reason"":3}"
43207454,"{""Old"":4144,""New"":4150,""Reason"":3}"
22979091,"{""Old"":9627,""New"":9629,""Reason"":3}"
71223757,"{""Old"":667,""New"":673,""Reason"":3}"
62936823,"{""Old"":946,""New"":948,""Reason"":3}"
24782182,"{""Old"":2012,""New"":2014,""Reason"":3}"
41690592,"{""Old"":1074,""New"":1078,""Reason"":3}"
35549372,"{""Old"":60920,""New"":60980,""Reason"":3}"
81093831,"{""Old"":5575,""New"":5589,""Reason"":3}"
35549372,"{""Old"":59882,""New"":59886,""Reason"":3}"
35549372,"{""Old"":60446,""New"":60466,""Reason"":3}"
71223757,"{""Old"":673,""New"":679,""Reason"":3}"
45319593,"{""Old"":584,""New"":598,""Reason"":3}"
80513657,"{""Old"":15198,""New"":15200,""Reason"":3}"
33503495,"{""Old"":3785,""New"":3809,""Reason"":3}"
35549372,"{""Old"":60018,""New"":60070,""Reason"":3}"
41690592,"{""Old"":1100,""New"":1130,""Reason"":3}"
43207454,"{""Old"":4139,""New"":4141,""Reason"":3}"
37139980,"{""Old"":149,""New"":155,""Reason"":3}"
37693967,"{""Old"":2317,""New"":2321,""Reason"":3}"
35549372,"{""Old"":60344,""New"":60426,""Reason"":3}"
35549372,"{""Old"":60070,""New"":60180,""Reason"":3}"
22979091,"{""Old"":9565,""New"":9571,""Reason"":3}"
35549372,"{""Old"":60232,""New"":60344,""Reason"":3}"
62936823,"{""Old"":948,""New"":950,""Reason"":3}"
81093831,"{""Old"":5491,""New"":5517,""Reason"":3}"
37139980,"{""Old"":133,""New"":147,""Reason"":3}"
12832335,"{""Old"":948,""New"":958,""Reason"":3}"
81093831,"{""Old"":5657,""New"":5669,""Reason"":3}"
37139980,"{""Old"":165,""New"":167,""Reason"":3}"
7256901,"{""Old"":1154,""New"":1172,""Reason"":3}"
41690592,"{""Old"":1140,""New"":1144,""Reason"":3}"
72640903,"{""Old"":1831,""New"":1841,""Reason"":3}"
22979091,"{""Old"":9671,""New"":9673,""Reason"":3}"
41690592,"{""Old"":1130,""New"":1138,""Reason"":3}"
55807692,"{""Old"":5957,""New"":5981,""Reason"":3}"
45319593,"{""Old"":563,""New"":571,""Reason"":3}"
45319593,"{""Old"":404,""New"":414,""Reason"":3}"
44659425,"{""Old"":4489,""New"":4503,""Reason"":3}"
8419745,"{""Old"":3781,""New"":3791,""Reason"":3}"
61421272,"{""Old"":523,""New"":529,""Reason"":3}"
75449739,"{""Old"":1818,""New"":1834,""Reason"":3}"
55807692,"{""Old"":5951,""New"":5955,""Reason"":3}"
80513657,"{""Old"":15293,""New"":15297,""Reason"":3}"
71223757,"{""Old"":660,""New"":664,""Reason"":3}"
81093831,"{""Old"":5651,""New"":5655,""Reason"":3}"
75449739,"{""Old"":1860,""New"":1866,""Reason"":3}"
72640903,"{""Old"":1848,""New"":1858,""Reason"":3}"
80513657,"{""Old"":15285,""New"":15287,""Reason"":3}"
35549372,"{""Old"":59956,""New"":60018,""Reason"":3}"
35549372,"{""Old"":60536,""New"":60646,""Reason"":3}"
81093831,"{""Old"":5567,""New"":5575,""Reason"":3}"
45319593,"{""Old"":524,""New"":538,""Reason"":3}"
22979091,"{""Old"":9687,""New"":9691,""Reason"":3}"
61421272,"{""Old"":504,""New"":506,""Reason"":3}"
21250520,"{""Old"":6431,""New"":6433,""Reason"":3}"
24783600,"{""Old"":982,""New"":984,""Reason"":3}"
22979091,"{""Old"":9589,""New"":9595,""Reason"":3}"
81093831,"{""Old"":5517,""New"":5519,""Reason"":3}"
81093831,"{""Old"":5715,""New"":5719,""Reason"":3}"
72640903,"{""Old"":1882,""New"":1884,""Reason"":3}"
6688497,"{""Old"":539,""New"":551,""Reason"":3}"
80513657,"{""Old"":15283,""New"":15285,""Reason"":3}"
39025757,"{""Old"":56,""New"":60,""Reason"":3}"
44659425,"{""Old"":4462,""New"":4468,""Reason"":3}"
81093831,"{""Old"":5681,""New"":5697,""Reason"":3}"
80513657,"{""Old"":15287,""New"":15289,""Reason"":3}"
76395205,"{""Old"":1186,""New"":1190,""Reason"":3}"
45319593,"{""Old"":489,""New"":493,""Reason"":3}"
45319593,"{""Old"":571,""New"":575,""Reason"":3}"
81093831,"{""Old"":5535,""New"":5567,""Reason"":3}"
81093831,"{""Old"":5607,""New"":5631,""Reason"":3}"
81093831,"{""Old"":5589,""New"":5599,""Reason"":3}"
45319593,"{""Old"":599,""New"":613,""Reason"":3}"
61421272,"{""Old"":530,""New"":532,""Reason"":3}"
44659425,"{""Old"":4468,""New"":4486,""Reason"":3}"
206659964,"{""Old"":3218,""New"":3228,""Reason"":3}"
37693967,"{""Old"":2321,""New"":2323,""Reason"":3}"
83376996,"{""Old"":41935,""New"":41939,""Reason"":3}"
45319593,"{""Old"":375,""New"":379,""Reason"":3}"
45319593,"{""Old"":321,""New"":323,""Reason"":3}"
37139980,"{""Old"":155,""New"":159,""Reason"":3}"
37139980,"{""Old"":159,""New"":165,""Reason"":3}"
3879641,"{""Old"":255,""New"":257,""Reason"":3}"
33503495,"{""Old"":3809,""New"":3811,""Reason"":3}"
45319593,"{""Old"":518,""New"":524,""Reason"":3}"
12832335,"{""Old"":971,""New"":975,""Reason"":3}"
81093831,"{""Old"":5697,""New"":5715,""Reason"":3}"
50457286,"{""Old"":160,""New"":166,""Reason"":3}"
81093831,"{""Old"":5483,""New"":5491,""Reason"":3}"
81093831,"{""Old"":5599,""New"":5607,""Reason"":3}"
45319593,"{""Old"":575,""New"":577,""Reason"":3}"
81093831,"{""Old"":5519,""New"":5535,""Reason"":3}"
44659425,"{""Old"":4456,""New"":4460,""Reason"":3}"
43973432,"{""Old"":1964,""New"":1966,""Reason"":3}"
43973432,"{""Old"":1988,""New"":1992,""Reason"":3}"
59451544,"{""Old"":736,""New"":738,""Reason"":3}"
60105779,"{""Old"":3451,""New"":3453,""Reason"":3}"
14286234,"{""Old"":611,""New"":621,""Reason"":3}"
14286234,"{""Old"":609,""New"":611,""Reason"":3}"
11139491,"{""Old"":169,""New"":171,""Reason"":3}"
49504220,"{""Old"":1580,""New"":1590,""Reason"":3}"
4829598,"{""Old"":6284,""New"":6294,""Reason"":3}"
61141875,"{""Old"":670,""New"":672,""Reason"":3}"
14286234,"{""Old"":607,""New"":609,""Reason"":3}"
11139491,"{""Old"":171,""New"":173,""Reason"":3}"
58987288,"{""Old"":675,""New"":685,""Reason"":3}"
61141875,"{""Old"":678,""New"":680,""Reason"":3}"
61141875,"{""Old"":672,""New"":676,""Reason"":3}"
61141875,"{""Old"":642,""New"":670,""Reason"":3}"
11139491,"{""Old"":173,""New"":175,""Reason"":3}"
37311632,"{""Old"":450035,""New"":450037,""Reason"":3}"
4829598,"{""Old"":6296,""New"":6306,""Reason"":3}"
4829598,"{""Old"":6282,""New"":6284,""Reason"":3}"
61141875,"{""Old"":676,""New"":678,""Reason"":3}"
37311632,"{""Old"":450023,""New"":450025,""Reason"":3}"
58987288,"{""Old"":843,""New"":845,""Reason"":3}"
37311632,"{""Old"":450025,""New"":450035,""Reason"":3}"
37311632,"{""Old"":449841,""New"":449843,""Reason"":3}"
37311632,"{""Old"":449867,""New"":449869,""Reason"":3}"
37311632,"{""Old"":449851,""New"":449853,""Reason"":3}"
37311632,"{""Old"":450019,""New"":450021,""Reason"":3}"
37311632,"{""Old"":449853,""New"":449855,""Reason"":3}"
4829598,"{""Old"":6294,""New"":6296,""Reason"":3}"
218225863,"{""Old"":1397,""New"":1399,""Reason"":3}"
218225863,"{""Old"":1382,""New"":1384,""Reason"":3}"
218225863,"{""Old"":1411,""New"":1413,""Reason"":3}"
4829598,"{""Old"":6280,""New"":6282,""Reason"":3}"
4829598,"{""Old"":6278,""New"":6280,""Reason"":3}"
37311632,"{""Old"":450047,""New"":450049,""Reason"":3}"
37311632,"{""Old"":450053,""New"":450055,""Reason"":3}"
37311632,"{""Old"":450049,""New"":450053,""Reason"":3}"
218225863,"{""Old"":1442,""New"":1444,""Reason"":3}"
37311632,"{""Old"":449863,""New"":449865,""Reason"":3}"
37311632,"{""Old"":450055,""New"":450057,""Reason"":3}"
37311632,"{""Old"":449865,""New"":449867,""Reason"":3}"
218225863,"{""Old"":1427,""New"":1429,""Reason"":3}"
218225863,"{""Old"":1451,""New"":1453,""Reason"":3}"
218225863,"{""Old"":1429,""New"":1431,""Reason"":3}"
42760453,"{""Old"":1192,""New"":1194,""Reason"":3}"
218225863,"{""Old"":1375,""New"":1377,""Reason"":3}"
218225863,"{""Old"":1485,""New"":1489,""Reason"":3}"
218225863,"{""Old"":1385,""New"":1395,""Reason"":3}"
37311632,"{""Old"":449847,""New"":449851,""Reason"":3}"
37311632,"{""Old"":450057,""New"":450067,""Reason"":3}"
218225863,"{""Old"":1436,""New"":1438,""Reason"":3}"
218225863,"{""Old"":1444,""New"":1446,""Reason"":3}"
218225863,"{""Old"":1379,""New"":1381,""Reason"":3}"
218225863,"{""Old"":1407,""New"":1409,""Reason"":3}"
37311632,"{""Old"":449855,""New"":449861,""Reason"":3}"
11139491,"{""Old"":175,""New"":177,""Reason"":3}"
218225863,"{""Old"":1409,""New"":1411,""Reason"":3}"
218225863,"{""Old"":1403,""New"":1405,""Reason"":3}"
218225863,"{""Old"":1399,""New"":1403,""Reason"":3}"
218225863,"{""Old"":1465,""New"":1467,""Reason"":3}"
2845298,"{""Old"":6986,""New"":6988,""Reason"":3}"
218225863,"{""Old"":1469,""New"":1471,""Reason"":3}"
218225863,"{""Old"":1373,""New"":1375,""Reason"":3}"
218225863,"{""Old"":1431,""New"":1433,""Reason"":3}"
37311632,"{""Old"":450021,""New"":450023,""Reason"":3}"
218225863,"{""Old"":1377,""New"":1379,""Reason"":3}"
218225863,"{""Old"":1471,""New"":1481,""Reason"":3}"
2845298,"{""Old"":6994,""New"":6996,""Reason"":3}"
37959383,"{""Old"":329,""New"":331,""Reason"":3}"
218225863,"{""Old"":1434,""New"":1436,""Reason"":3}"
58987288,"{""Old"":689,""New"":701,""Reason"":3}"
218225863,"{""Old"":1453,""New"":1463,""Reason"":3}"
218225863,"{""Old"":1463,""New"":1465,""Reason"":3}"
218225863,"{""Old"":1493,""New"":1499,""Reason"":3}"
218225863,"{""Old"":1395,""New"":1397,""Reason"":3}"
2845298,"{""Old"":6984,""New"":6986,""Reason"":3}"
211854711,"{""Old"":722,""New"":724,""Reason"":3}"
211854711,"{""Old"":724,""New"":726,""Reason"":3}"
218225863,"{""Old"":1425,""New"":1427,""Reason"":3}"
42760453,"{""Old"":1194,""New"":1196,""Reason"":3}"
60169402,"{""Old"":1225,""New"":1227,""Reason"":3}"
4829598,"{""Old"":6306,""New"":6316,""Reason"":3}"
60169402,"{""Old"":1218,""New"":1220,""Reason"":3}"
37311632,"{""Old"":449861,""New"":449863,""Reason"":3}"
18436020,"{""Old"":2387,""New"":2389,""Reason"":3}"
214679593,"{""Old"":411776,""New"":415478,""Reason"":3}"
60169402,"{""Old"":1227,""New"":1229,""Reason"":3}"
18436020,"{""Old"":2385,""New"":2387,""Reason"":3}"
58987288,"{""Old"":790,""New"":792,""Reason"":3}"
40335623,"{""Old"":270,""New"":272,""Reason"":3}"
18436020,"{""Old"":2381,""New"":2383,""Reason"":3}"
24540830,"{""Old"":445,""New"":447,""Reason"":3}"
24540830,"{""Old"":438,""New"":440,""Reason"":3}"
218225863,"{""Old"":1415,""New"":1425,""Reason"":3}"
218225863,"{""Old"":1440,""New"":1442,""Reason"":3}"
218225863,"{""Old"":1467,""New"":1469,""Reason"":3}"
220753530,"{""Old"":1326,""New"":1340,""Reason"":3}"
78119608,"{""Old"":32996,""New"":32998,""Reason"":3}"
78119608,"{""Old"":33087,""New"":33089,""Reason"":3}"
78119608,"{""Old"":33093,""New"":33095,""Reason"":3}"
218225863,"{""Old"":1489,""New"":1493,""Reason"":3}"
40335623,"{""Old"":272,""New"":274,""Reason"":3}"
78119608,"{""Old"":33011,""New"":33015,""Reason"":3}"
78119608,"{""Old"":33051,""New"":33053,""Reason"":3}"
24540830,"{""Old"":441,""New"":443,""Reason"":3}"
24540830,"{""Old"":452,""New"":454,""Reason"":3}"
24540830,"{""Old"":443,""New"":445,""Reason"":3}"
60105779,"{""Old"":3438,""New"":3440,""Reason"":3}"
37959383,"{""Old"":333,""New"":335,""Reason"":3}"
49504220,"{""Old"":1593,""New"":1595,""Reason"":3}"
78119608,"{""Old"":33075,""New"":33077,""Reason"":3}"
220753530,"{""Old"":1324,""New"":1326,""Reason"":3}"
78119608,"{""Old"":33095,""New"":33099,""Reason"":3}"
60169402,"{""Old"":1216,""New"":1218,""Reason"":3}"
78119608,"{""Old"":33015,""New"":33017,""Reason"":3}"
37311632,"{""Old"":450037,""New"":450047,""Reason"":3}"
24540830,"{""Old"":456,""New"":458,""Reason"":3}"
78119608,"{""Old"":33021,""New"":33031,""Reason"":3}"
78119608,"{""Old"":33073,""New"":33075,""Reason"":3}"
218225863,"{""Old"":1481,""New"":1483,""Reason"":3}"
78119608,"{""Old"":33077,""New"":33087,""Reason"":3}"
37311632,"{""Old"":449843,""New"":449847,""Reason"":3}"
60105779,"{""Old"":3417,""New"":3419,""Reason"":3}"
60105779,"{""Old"":3440,""New"":3442,""Reason"":3}"
204184953,"{""Old"":677,""New"":679,""Reason"":3}"
24540830,"{""Old"":450,""New"":452,""Reason"":3}"
78119608,"{""Old"":33071,""New"":33073,""Reason"":3}"
60105779,"{""Old"":3382,""New"":3384,""Reason"":3}"
60105779,"{""Old"":3434,""New"":3436,""Reason"":3}"
67316961,"{""Old"":5842,""New"":5844,""Reason"":3}"
20302898,"{""Old"":16510,""New"":16512,""Reason"":3}"
78119608,"{""Old"":33037,""New"":33039,""Reason"":3}"
60105779,"{""Old"":3419,""New"":3421,""Reason"":3}"
20302898,"{""Old"":16454,""New"":16464,""Reason"":3}"
78119608,"{""Old"":33031,""New"":33033,""Reason"":3}"
60105779,"{""Old"":3444,""New"":3446,""Reason"":3}"
37959383,"{""Old"":314,""New"":318,""Reason"":3}"
60105779,"{""Old"":3421,""New"":3423,""Reason"":3}"
37959383,"{""Old"":353,""New"":355,""Reason"":3}"
60105779,"{""Old"":3442,""New"":3444,""Reason"":3}"
20302898,"{""Old"":16560,""New"":16562,""Reason"":3}"
20302898,"{""Old"":16496,""New"":16498,""Reason"":3}"
78119608,"{""Old"":33019,""New"":33021,""Reason"":3}"
204184953,"{""Old"":679,""New"":681,""Reason"":3}"
24540830,"{""Old"":454,""New"":456,""Reason"":3}"
60105779,"{""Old"":3415,""New"":3417,""Reason"":3}"
60105779,"{""Old"":3384,""New"":3394,""Reason"":3}"
37959383,"{""Old"":351,""New"":353,""Reason"":3}"
20302898,"{""Old"":16508,""New"":16510,""Reason"":3}"
20302898,"{""Old"":16464,""New"":16466,""Reason"":3}"
20302898,"{""Old"":16498,""New"":16500,""Reason"":3}"
20302898,"{""Old"":16514,""New"":16516,""Reason"":3}"
20302898,"{""Old"":16545,""New"":16547,""Reason"":3}"
20302898,"{""Old"":16512,""New"":16514,""Reason"":3}"
20302898,"{""Old"":16466,""New"":16476,""Reason"":3}"
20302898,"{""Old"":16516,""New"":16518,""Reason"":3}"
20302898,"{""Old"":16528,""New"":16530,""Reason"":3}"
78119608,"{""Old"":33069,""New"":33071,""Reason"":3}"
60105779,"{""Old"":3449,""New"":3451,""Reason"":3}"
20302898,"{""Old"":16506,""New"":16508,""Reason"":3}"
20302898,"{""Old"":16504,""New"":16506,""Reason"":3}"
60105779,"{""Old"":3436,""New"":3438,""Reason"":3}"
217853892,"{""Old"":9703,""New"":9725,""Reason"":3}"
37959383,"{""Old"":335,""New"":337,""Reason"":3}"
20302898,"{""Old"":16551,""New"":16553,""Reason"":3}"
60105779,"{""Old"":3352,""New"":3382,""Reason"":3}"
78119608,"{""Old"":33017,""New"":33019,""Reason"":3}"
58987288,"{""Old"":782,""New"":784,""Reason"":3}"
58987288,"{""Old"":847,""New"":849,""Reason"":3}"
58987288,"{""Old"":788,""New"":790,""Reason"":3}"
18436020,"{""Old"":2383,""New"":2385,""Reason"":3}"
49504220,"{""Old"":1578,""New"":1580,""Reason"":3}"
20302898,"{""Old"":16547,""New"":16549,""Reason"":3}"
60169402,"{""Old"":1220,""New"":1222,""Reason"":3}"
60105779,"{""Old"":3400,""New"":3410,""Reason"":3}"
37959383,"{""Old"":318,""New"":328,""Reason"":3}"
58987288,"{""Old"":845,""New"":847,""Reason"":3}"
20302898,"{""Old"":16581,""New"":16583,""Reason"":3}"
58987288,"{""Old"":913,""New"":915,""Reason"":3}"
18436020,"{""Old"":2360,""New"":2380,""Reason"":3}"
78119608,"{""Old"":32986,""New"":32996,""Reason"":3}"
78119608,"{""Old"":32964,""New"":32966,""Reason"":3}"
58987288,"{""Old"":849,""New"":851,""Reason"":3}"
58987288,"{""Old"":780,""New"":782,""Reason"":3}"
20302898,"{""Old"":16481,""New"":16483,""Reason"":3}"
24540830,"{""Old"":448,""New"":450,""Reason"":3}"
67316961,"{""Old"":5844,""New"":5846,""Reason"":3}"
20302898,"{""Old"":16494,""New"":16496,""Reason"":3}"
20302898,"{""Old"":16518,""New"":16528,""Reason"":3}"
20302898,"{""Old"":16549,""New"":16551,""Reason"":3}"
43973432,"{""Old"":1956,""New"":1958,""Reason"":3}"
43973432,"{""Old"":1976,""New"":1978,""Reason"":3}"
43973432,"{""Old"":1972,""New"":1974,""Reason"":3}"
58987288,"{""Old"":687,""New"":689,""Reason"":3}"
58987288,"{""Old"":878,""New"":888,""Reason"":3}"
43973432,"{""Old"":1970,""New"":1972,""Reason"":3}"
43973432,"{""Old"":1968,""New"":1970,""Reason"":3}"
37959383,"{""Old"":337,""New"":339,""Reason"":3}"
43973432,"{""Old"":1958,""New"":1960,""Reason"":3}"
78119608,"{""Old"":33049,""New"":33051,""Reason"":3}"
32953563,"{""Old"":149,""New"":151,""Reason"":3}"
58987288,"{""Old"":751,""New"":753,""Reason"":3}"
58987288,"{""Old"":778,""New"":780,""Reason"":3}"
37959383,"{""Old"":339,""New"":349,""Reason"":3}"
58987288,"{""Old"":786,""New"":788,""Reason"":3}"
43973432,"{""Old"":1952,""New"":1954,""Reason"":3}"
43973432,"{""Old"":1974,""New"":1976,""Reason"":3}"
20302898,"{""Old"":16491,""New"":16493,""Reason"":3}"
20302898,"{""Old"":16569,""New"":16571,""Reason"":3}"
78119608,"{""Old"":32979,""New"":32981,""Reason"":3}"
58987288,"{""Old"":784,""New"":786,""Reason"":3}"
58987288,"{""Old"":876,""New"":878,""Reason"":3}"
67316961,"{""Old"":5846,""New"":5850,""Reason"":3}"
43973432,"{""Old"":1986,""New"":1988,""Reason"":3}"
43973432,"{""Old"":1966,""New"":1968,""Reason"":3}"
78119608,"{""Old"":32981,""New"":32985,""Reason"":3}"
20302898,"{""Old"":16452,""New"":16454,""Reason"":3}"
20302898,"{""Old"":16583,""New"":16585,""Reason"":3}"
58987288,"{""Old"":685,""New"":687,""Reason"":3}"
20302898,"{""Old"":16479,""New"":16481,""Reason"":3}"
20302898,"{""Old"":16530,""New"":16540,""Reason"":3}"
20302898,"{""Old"":16540,""New"":16542,""Reason"":3}"
49504220,"{""Old"":1590,""New"":1592,""Reason"":3}"
62911328,"{""Old"":1572,""New"":1582,""Reason"":3}"
14796291,"{""Old"":437,""New"":439,""Reason"":3}"
62911328,"{""Old"":1632,""New"":1634,""Reason"":3}"
12952120,"{""Old"":155,""New"":157,""Reason"":3}"
12952120,"{""Old"":105,""New"":107,""Reason"":3}"
12952120,"{""Old"":84,""New"":86,""Reason"":3}"
212331358,"{""Old"":1336,""New"":1338,""Reason"":3}"
14597583,"{""Old"":34753,""New"":34755,""Reason"":3}"
14597583,"{""Old"":34784,""New"":34786,""Reason"":3}"
14597583,"{""Old"":34883,""New"":34893,""Reason"":3}"
21815762,"{""Old"":71145,""New"":71155,""Reason"":3}"
48300940,"{""Old"":15001,""New"":15011,""Reason"":3}"
48300940,"{""Old"":18130,""New"":18150,""Reason"":3}"
48300940,"{""Old"":19413,""New"":19423,""Reason"":3}"
23829638,"{""Old"":1324,""New"":1334,""Reason"":3}"
23073231,"{""Old"":2257,""New"":2259,""Reason"":3}"
19322149,"{""Old"":754,""New"":756,""Reason"":3}"
23073231,"{""Old"":2311,""New"":2313,""Reason"":3}"
23073231,"{""Old"":2278,""New"":2280,""Reason"":3}"
70142578,"{""Old"":1481,""New"":1491,""Reason"":3}"
48300940,"{""Old"":19163,""New"":19173,""Reason"":3}"
48300940,"{""Old"":17707,""New"":17717,""Reason"":3}"
48300940,"{""Old"":18216,""New"":18226,""Reason"":3}"
48300940,"{""Old"":18366,""New"":18376,""Reason"":3}"
48300940,"{""Old"":18673,""New"":18683,""Reason"":3}"
201981039,"{""Old"":509,""New"":513,""Reason"":3}"
14597583,"{""Old"":34134,""New"":34136,""Reason"":3}"
14597583,"{""Old"":34757,""New"":34759,""Reason"":3}"
14597583,"{""Old"":34908,""New"":34918,""Reason"":3}"
14597583,"{""Old"":34788,""New"":34790,""Reason"":3}"
14597583,"{""Old"":34786,""New"":34788,""Reason"":3}"
14597583,"{""Old"":34867,""New"":34869,""Reason"":3}"
14597583,"{""Old"":34755,""New"":34757,""Reason"":3}"
14597583,"{""Old"":34446,""New"":34448,""Reason"":3}"
205043592,"{""Old"":12663,""New"":12665,""Reason"":3}"
4861422,"{""Old"":9870,""New"":9872,""Reason"":3}"
4861422,"{""Old"":9729,""New"":9731,""Reason"":3}"
4861422,"{""Old"":9837,""New"":9841,""Reason"":3}"
2985676,"{""Old"":328,""New"":330,""Reason"":3}"
4861422,"{""Old"":9956,""New"":9960,""Reason"":3}"
205043592,"{""Old"":12673,""New"":12675,""Reason"":3}"
23073231,"{""Old"":2303,""New"":2305,""Reason"":3}"
20721207,"{""Old"":1069,""New"":1071,""Reason"":3}"
25491019,"{""Old"":1049,""New"":1051,""Reason"":3}"
11969620,"{""Old"":33740,""New"":33742,""Reason"":3}"
23829638,"{""Old"":1558,""New"":1568,""Reason"":3}"
48300940,"{""Old"":14989,""New"":14991,""Reason"":3}"
48300940,"{""Old"":16051,""New"":16061,""Reason"":3}"
70142578,"{""Old"":216,""New"":218,""Reason"":3}"
37428602,"{""Old"":13395,""New"":13397,""Reason"":3}"
20721207,"{""Old"":1065,""New"":1067,""Reason"":3}"
43953490,"{""Old"":16645,""New"":16655,""Reason"":3}"
14597583,"{""Old"":34815,""New"":34817,""Reason"":3}"
14597583,"{""Old"":34722,""New"":34724,""Reason"":3}"
14597583,"{""Old"":34340,""New"":34342,""Reason"":3}"
14597583,"{""Old"":34869,""New"":34871,""Reason"":3}"
62911328,"{""Old"":1479,""New"":1481,""Reason"":3}"
62911328,"{""Old"":1525,""New"":1527,""Reason"":3}"
49021064,"{""Old"":279,""New"":281,""Reason"":3}"
4960804,"{""Old"":860,""New"":862,""Reason"":3}"
9338034,"{""Old"":15510,""New"":15520,""Reason"":3}"
21071657,"{""Old"":2014,""New"":2016,""Reason"":3}"
13714007,"{""Old"":3225,""New"":3227,""Reason"":3}"
23844493,"{""Old"":2660,""New"":2662,""Reason"":3}"
13714007,"{""Old"":3233,""New"":3235,""Reason"":3}"
42273855,"{""Old"":673,""New"":675,""Reason"":3}"
56652976,"{""Old"":3022,""New"":3042,""Reason"":3}"
79480736,"{""Old"":2153,""New"":2155,""Reason"":3}"
23073231,"{""Old"":2247,""New"":2249,""Reason"":3}"
62911328,"{""Old"":1501,""New"":1503,""Reason"":3}"
62911328,"{""Old"":1608,""New"":1610,""Reason"":3}"
23234823,"{""Old"":4666,""New"":4668,""Reason"":3}"
38749156,"{""Old"":37296,""New"":37306,""Reason"":3}"
38749156,"{""Old"":37639,""New"":37659,""Reason"":3}"
79480736,"{""Old"":2167,""New"":2169,""Reason"":3}"
6454041,"{""Old"":381660,""New"":381670,""Reason"":3}"
12952120,"{""Old"":202,""New"":204,""Reason"":3}"
12952120,"{""Old"":159,""New"":161,""Reason"":3}"
12952120,"{""Old"":45,""New"":47,""Reason"":3}"
12952120,"{""Old"":96,""New"":98,""Reason"":3}"
12952120,"{""Old"":88,""New"":90,""Reason"":3}"
43788487,"{""Old"":1083,""New"":1085,""Reason"":3}"
23829638,"{""Old"":1209,""New"":1219,""Reason"":3}"
4861422,"{""Old"":9798,""New"":9800,""Reason"":3}"
4861422,"{""Old"":9806,""New"":9808,""Reason"":3}"
21271458,"{""Old"":2788,""New"":2790,""Reason"":3}"
6454041,"{""Old"":381704,""New"":381714,""Reason"":3}"
6454041,"{""Old"":381702,""New"":381704,""Reason"":3}"
70142578,"{""Old"":212,""New"":214,""Reason"":3}"
14735155,"{""Old"":6388,""New"":6390,""Reason"":3}"
73474771,"{""Old"":83804,""New"":83806,""Reason"":3}"
73474771,"{""Old"":83808,""New"":83810,""Reason"":3}"
73474771,"{""Old"":84225,""New"":84235,""Reason"":3}"
39951938,"{""Old"":1207,""New"":1209,""Reason"":3}"
70142578,"{""Old"":911,""New"":913,""Reason"":3}"
56652976,"{""Old"":3042,""New"":3052,""Reason"":3}"
48300940,"{""Old"":19573,""New"":19593,""Reason"":3}"
70142578,"{""Old"":1501,""New"":1511,""Reason"":3}"
38749156,"{""Old"":35929,""New"":35931,""Reason"":3}"
48300940,"{""Old"":20055,""New"":20065,""Reason"":3}"
70142578,"{""Old"":967,""New"":969,""Reason"":3}"
70142578,"{""Old"":1328,""New"":1338,""Reason"":3}"
48300940,"{""Old"":13740,""New"":13744,""Reason"":3}"
48300940,"{""Old"":16091,""New"":16101,""Reason"":3}"
48300940,"{""Old"":18049,""New"":18069,""Reason"":3}"
48300940,"{""Old"":18691,""New"":18711,""Reason"":3}"
48300940,"{""Old"":15949,""New"":15959,""Reason"":3}"
48300940,"{""Old"":19303,""New"":19333,""Reason"":3}"
48300940,"{""Old"":20005,""New"":20035,""Reason"":3}"
48300940,"{""Old"":14965,""New"":14975,""Reason"":3}"
48300940,"{""Old"":19533,""New"":19543,""Reason"":3}"
48300940,"{""Old"":19233,""New"":19253,""Reason"":3}"
6454041,"{""Old"":381236,""New"":381246,""Reason"":3}"
85667476,"{""Old"":529,""New"":531,""Reason"":3}"
43788487,"{""Old"":1107,""New"":1109,""Reason"":3}"
23973385,"{""Old"":292,""New"":294,""Reason"":3}"
23973385,"{""Old"":601,""New"":603,""Reason"":3}"
23973385,"{""Old"":643,""New"":653,""Reason"":3}"
206036557,"{""Old"":2787,""New"":2789,""Reason"":3}"
206036557,"{""Old"":2864,""New"":2866,""Reason"":3}"
48300940,"{""Old"":15753,""New"":15755,""Reason"":3}"
48300940,"{""Old"":17987,""New"":17997,""Reason"":3}"
38749156,"{""Old"":36620,""New"":36640,""Reason"":3}"
38749156,"{""Old"":36884,""New"":36894,""Reason"":3}"
6454041,"{""Old"":381214,""New"":381224,""Reason"":3}"
6454041,"{""Old"":381246,""New"":381248,""Reason"":3}"
23563391,"{""Old"":31041,""New"":31045,""Reason"":3}"
66874900,"{""Old"":2983,""New"":2985,""Reason"":3}"
9338034,"{""Old"":14941,""New"":14943,""Reason"":3}"
9338034,"{""Old"":14939,""New"":14941,""Reason"":3}"
9338034,"{""Old"":15284,""New"":15286,""Reason"":3}"
38749156,"{""Old"":36197,""New"":36199,""Reason"":3}"
48300940,"{""Old"":13421,""New"":13443,""Reason"":3}"
48300940,"{""Old"":14977,""New"":14979,""Reason"":3}"
48300940,"{""Old"":17937,""New"":17947,""Reason"":3}"
48300940,"{""Old"":16754,""New"":16774,""Reason"":3}"
48300940,"{""Old"":19603,""New"":19633,""Reason"":3}"
70142578,"{""Old"":759,""New"":761,""Reason"":3}"
48300940,"{""Old"":15011,""New"":15013,""Reason"":3}"
48300940,"{""Old"":16031,""New"":16051,""Reason"":3}"
48300940,"{""Old"":15797,""New"":15807,""Reason"":3}"
48300940,"{""Old"":19865,""New"":19875,""Reason"":3}"
48300940,"{""Old"":19723,""New"":19733,""Reason"":3}"
70142578,"{""Old"":203,""New"":205,""Reason"":3}"
85667476,"{""Old"":537,""New"":539,""Reason"":3}"
30733083,"{""Old"":147,""New"":149,""Reason"":3}"
23073231,"{""Old"":2683,""New"":2685,""Reason"":3}"
38749156,"{""Old"":36996,""New"":37016,""Reason"":3}"
48300940,"{""Old"":16393,""New"":16413,""Reason"":3}"
48300940,"{""Old"":18081,""New"":18091,""Reason"":3}"
70142578,"{""Old"":544,""New"":546,""Reason"":3}"
48300940,"{""Old"":13443,""New"":13445,""Reason"":3}"
48300940,"{""Old"":15929,""New"":15939,""Reason"":3}"
48300940,"{""Old"":16744,""New"":16754,""Reason"":3}"
48300940,"{""Old"":19173,""New"":19183,""Reason"":3}"
48300940,"{""Old"":19503,""New"":19513,""Reason"":3}"
48300940,"{""Old"":14975,""New"":14977,""Reason"":3}"
48300940,"{""Old"":15939,""New"":15949,""Reason"":3}"
48300940,"{""Old"":17465,""New"":17485,""Reason"":3}"
48300940,"{""Old"":16413,""New"":16423,""Reason"":3}"
48300940,"{""Old"":19845,""New"":19855,""Reason"":3}"
48300940,"{""Old"":15095,""New"":15097,""Reason"":3}"
48300940,"{""Old"":18534,""New"":18544,""Reason"":3}"
48300940,"{""Old"":19113,""New"":19133,""Reason"":3}"
48300940,"{""Old"":17967,""New"":17977,""Reason"":3}"
48300940,"{""Old"":17927,""New"":17937,""Reason"":3}"
48300940,"{""Old"":13736,""New"":13738,""Reason"":3}"
48300940,"{""Old"":14605,""New"":14607,""Reason"":3}"
48300940,"{""Old"":15073,""New"":15083,""Reason"":3}"
48300940,"{""Old"":19513,""New"":19533,""Reason"":3}"
6454041,"{""Old"":381700,""New"":381702,""Reason"":3}"
62911328,"{""Old"":1475,""New"":1477,""Reason"":3}"
206036557,"{""Old"":2814,""New"":2816,""Reason"":3}"
203470901,"{""Old"":3117,""New"":3119,""Reason"":3}"
203470901,"{""Old"":3136,""New"":3138,""Reason"":3}"
13121990,"{""Old"":54,""New"":56,""Reason"":3}"
73474771,"{""Old"":84351,""New"":84361,""Reason"":3}"
62911328,"{""Old"":921,""New"":923,""Reason"":3}"
62911328,"{""Old"":947,""New"":951,""Reason"":3}"
62911328,"{""Old"":985,""New"":987,""Reason"":3}"
62911328,"{""Old"":1276,""New"":1278,""Reason"":3}"
62911328,"{""Old"":1278,""New"":1280,""Reason"":3}"
74603886,"{""Old"":2376,""New"":2378,""Reason"":3}"
62911328,"{""Old"":1094,""New"":1096,""Reason"":3}"
81265438,"{""Old"":751,""New"":753,""Reason"":3}"
14597583,"{""Old"":34585,""New"":34587,""Reason"":3}"
19448494,"{""Old"":6455,""New"":6465,""Reason"":3}"
31952856,"{""Old"":1849,""New"":1851,""Reason"":3}"
48300940,"{""Old"":16712,""New"":16722,""Reason"":3}"
48300940,"{""Old"":19333,""New"":19343,""Reason"":3}"
70142578,"{""Old"":478,""New"":480,""Reason"":3}"
70142578,"{""Old"":672,""New"":674,""Reason"":3}"
70142578,"{""Old"":256,""New"":258,""Reason"":3}"
48300940,"{""Old"":16423,""New"":16433,""Reason"":3}"
48300940,"{""Old"":15741,""New"":15751,""Reason"":3}"
48300940,"{""Old"":17799,""New"":17809,""Reason"":3}"
48300940,"{""Old"":17867,""New"":17887,""Reason"":3}"
48300940,"{""Old"":19875,""New"":19895,""Reason"":3}"
48300940,"{""Old"":19895,""New"":19905,""Reason"":3}"
48300940,"{""Old"":19393,""New"":19403,""Reason"":3}"
48300940,"{""Old"":18941,""New"":18951,""Reason"":3}"
70142578,"{""Old"":802,""New"":804,""Reason"":3}"
29194654,"{""Old"":1189,""New"":1191,""Reason"":3}"
30733083,"{""Old"":156,""New"":158,""Reason"":3}"
218056212,"{""Old"":600,""New"":602,""Reason"":3}"
4861422,"{""Old"":10039,""New"":10041,""Reason"":3}"
29194654,"{""Old"":1159,""New"":1161,""Reason"":3}"
43717191,"{""Old"":283,""New"":285,""Reason"":3}"
38749156,"{""Old"":33907,""New"":33909,""Reason"":3}"
38749156,"{""Old"":37046,""New"":37056,""Reason"":3}"
38749156,"{""Old"":35964,""New"":35974,""Reason"":3}"
38749156,"{""Old"":35476,""New"":35478,""Reason"":3}"
43717191,"{""Old"":296,""New"":298,""Reason"":3}"
38749156,"{""Old"":37498,""New"":37508,""Reason"":3}"
38749156,"{""Old"":33920,""New"":33922,""Reason"":3}"
6454041,"{""Old"":381394,""New"":381396,""Reason"":3}"
6454041,"{""Old"":381486,""New"":381488,""Reason"":3}"
23127774,"{""Old"":1805,""New"":1809,""Reason"":3}"
23127774,"{""Old"":1916,""New"":1926,""Reason"":3}"
23127774,"{""Old"":1870,""New"":1872,""Reason"":3}"
23127774,"{""Old"":1926,""New"":1936,""Reason"":3}"
38434189,"{""Old"":3219,""New"":3229,""Reason"":3}"
38434189,"{""Old"":3266,""New"":3286,""Reason"":3}"
38434189,"{""Old"":3482,""New"":3492,""Reason"":3}"
38434189,"{""Old"":3296,""New"":3306,""Reason"":3}"
9290862,"{""Old"":1216,""New"":1218,""Reason"":3}"
9338034,"{""Old"":14953,""New"":14955,""Reason"":3}"
9338034,"{""Old"":15430,""New"":15432,""Reason"":3}"
9338034,"{""Old"":15546,""New"":15556,""Reason"":3}"
14505095,"{""Old"":6232,""New"":6242,""Reason"":3}"
9338034,"{""Old"":15084,""New"":15086,""Reason"":3}"
38434189,"{""Old"":3588,""New"":3598,""Reason"":3}"
208392743,"{""Old"":21968,""New"":21978,""Reason"":3}"
208392743,"{""Old"":22249,""New"":22259,""Reason"":3}"
208392743,"{""Old"":21877,""New"":21887,""Reason"":3}"
2959905,"{""Old"":1962,""New"":1964,""Reason"":3}"
208392743,"{""Old"":22247,""New"":22249,""Reason"":3}"
208392743,"{""Old"":22342,""New"":22344,""Reason"":3}"
25225869,"{""Old"":10821,""New"":10831,""Reason"":3}"
25225869,"{""Old"":5336,""New"":5346,""Reason"":3}"
25225869,"{""Old"":5611,""New"":5621,""Reason"":3}"
25225869,"{""Old"":5666,""New"":5686,""Reason"":3}"
25225869,"{""Old"":5796,""New"":5806,""Reason"":3}"
11930273,"{""Old"":2078,""New"":2082,""Reason"":3}"
19981811,"{""Old"":295948,""New"":295950,""Reason"":3}"
62911328,"{""Old"":626,""New"":628,""Reason"":3}"
62911328,"{""Old"":694,""New"":696,""Reason"":3}"
62911328,"{""Old"":1248,""New"":1250,""Reason"":3}"
81265438,"{""Old"":729,""New"":731,""Reason"":3}"
218390057,"{""Old"":429,""New"":431,""Reason"":3}"
4861422,"{""Old"":10028,""New"":10038,""Reason"":3}"
19448494,"{""Old"":6021,""New"":6023,""Reason"":3}"
48300940,"{""Old"":19673,""New"":19693,""Reason"":3}"
38749156,"{""Old"":34444,""New"":34446,""Reason"":3}"
38749156,"{""Old"":36864,""New"":36874,""Reason"":3}"
38749156,"{""Old"":36572,""New"":36574,""Reason"":3}"
38749156,"{""Old"":36209,""New"":36213,""Reason"":3}"
38749156,"{""Old"":36944,""New"":36954,""Reason"":3}"
38749156,"{""Old"":37326,""New"":37336,""Reason"":3}"
38749156,"{""Old"":34681,""New"":34683,""Reason"":3}"
6454041,"{""Old"":381284,""New"":381286,""Reason"":3}"
6454041,"{""Old"":381264,""New"":381274,""Reason"":3}"
6454041,"{""Old"":381260,""New"":381262,""Reason"":3}"
6454041,"{""Old"":381466,""New"":381486,""Reason"":3}"
6454041,"{""Old"":381334,""New"":381344,""Reason"":3}"
38749156,"{""Old"":36986,""New"":36996,""Reason"":3}"
38749156,"{""Old"":37206,""New"":37216,""Reason"":3}"
6454041,"{""Old"":381262,""New"":381264,""Reason"":3}"
38749156,"{""Old"":37712,""New"":37714,""Reason"":3}"
6454041,"{""Old"":381670,""New"":381690,""Reason"":3}"
29194654,"{""Old"":1183,""New"":1185,""Reason"":3}"
29194654,"{""Old"":1185,""New"":1187,""Reason"":3}"
4861422,"{""Old"":9978,""New"":9980,""Reason"":3}"
4861422,"{""Old"":9980,""New"":9990,""Reason"":3}"
9338034,"{""Old"":15454,""New"":15464,""Reason"":3}"
62911328,"{""Old"":1174,""New"":1176,""Reason"":3}"
62911328,"{""Old"":1505,""New"":1507,""Reason"":3}"
23234823,"{""Old"":4686,""New"":4688,""Reason"":3}"
23234823,"{""Old"":4688,""New"":4690,""Reason"":3}"
34115204,"{""Old"":1063,""New"":1065,""Reason"":3}"
23973385,"{""Old"":425,""New"":427,""Reason"":3}"
23973385,"{""Old"":619,""New"":621,""Reason"":3}"
23973385,"{""Old"":329,""New"":331,""Reason"":3}"
23973385,"{""Old"":435,""New"":437,""Reason"":3}"
70142578,"{""Old"":1226,""New"":1228,""Reason"":3}"
70142578,"{""Old"":641,""New"":643,""Reason"":3}"
48300940,"{""Old"":22265,""New"":22267,""Reason"":3}"
48300940,"{""Old"":18662,""New"":18672,""Reason"":3}"
48300940,"{""Old"":18650,""New"":18660,""Reason"":3}"
48300940,"{""Old"":20045,""New"":20055,""Reason"":3}"
6454041,"{""Old"":381690,""New"":381700,""Reason"":3}"
13533643,"{""Old"":4133,""New"":4135,""Reason"":3}"
6454041,"{""Old"":381436,""New"":381446,""Reason"":3}"
6454041,"{""Old"":381406,""New"":381416,""Reason"":3}"
43717191,"{""Old"":277,""New"":279,""Reason"":3}"
85667476,"{""Old"":540,""New"":542,""Reason"":3}"
34115204,"{""Old"":1094,""New"":1098,""Reason"":3}"
73474771,"{""Old"":84058,""New"":84060,""Reason"":3}"
73474771,"{""Old"":84197,""New"":84199,""Reason"":3}"
32405736,"{""Old"":5512,""New"":5514,""Reason"":3}"
62911328,"{""Old"":1550,""New"":1552,""Reason"":3}"
62911328,"{""Old"":585,""New"":595,""Reason"":3}"
23936089,"{""Old"":2411,""New"":2413,""Reason"":3}"
4861422,"{""Old"":9990,""New"":9992,""Reason"":3}"
4861422,"{""Old"":10041,""New"":10043,""Reason"":3}"
27044121,"{""Old"":624,""New"":626,""Reason"":3}"
59134318,"{""Old"":129,""New"":131,""Reason"":3}"
59134318,"{""Old"":60,""New"":62,""Reason"":3}"
59134318,"{""Old"":154,""New"":156,""Reason"":3}"
34880338,"{""Old"":111,""New"":113,""Reason"":3}"
14735155,"{""Old"":5875,""New"":5877,""Reason"":3}"
218390057,"{""Old"":360,""New"":362,""Reason"":3}"
12952120,"{""Old"":147,""New"":149,""Reason"":3}"
12952120,"{""Old"":179,""New"":181,""Reason"":3}"
12952120,"{""Old"":217,""New"":219,""Reason"":3}"
23973385,"{""Old"":316,""New"":318,""Reason"":3}"
23973385,"{""Old"":417,""New"":419,""Reason"":3}"
23973385,"{""Old"":467,""New"":469,""Reason"":3}"
23973385,"{""Old"":497,""New"":499,""Reason"":3}"
23973385,"{""Old"":623,""New"":627,""Reason"":3}"
212430974,"{""Old"":719,""New"":721,""Reason"":3}"
38434189,"{""Old"":3341,""New"":3351,""Reason"":3}"
38434189,"{""Old"":3599,""New"":3609,""Reason"":3}"
38007973,"{""Old"":52232,""New"":52252,""Reason"":3}"
4861422,"{""Old"":9796,""New"":9798,""Reason"":3}"
30733083,"{""Old"":143,""New"":145,""Reason"":3}"
203470901,"{""Old"":3119,""New"":3121,""Reason"":3}"
28783747,"{""Old"":19,""New"":21,""Reason"":3}"
23973385,"{""Old"":439,""New"":449,""Reason"":3}"
48300940,"{""Old"":19693,""New"":19703,""Reason"":3}"
70142578,"{""Old"":509,""New"":511,""Reason"":3}"
70142578,"{""Old"":1269,""New"":1279,""Reason"":3}"
38749156,"{""Old"":36027,""New"":36037,""Reason"":3}"
48300940,"{""Old"":21125,""New"":21127,""Reason"":3}"
48300940,"{""Old"":22945,""New"":22955,""Reason"":3}"
48300940,"{""Old"":16588,""New"":16598,""Reason"":3}"
48300940,"{""Old"":18325,""New"":18365,""Reason"":3}"
48300940,"{""Old"":18921,""New"":18941,""Reason"":3}"
48300940,"{""Old"":19063,""New"":19073,""Reason"":3}"
54525546,"{""Old"":933,""New"":937,""Reason"":3}"
48300940,"{""Old"":21609,""New"":21619,""Reason"":3}"
48300940,"{""Old"":22567,""New"":22577,""Reason"":3}"
48300940,"{""Old"":22783,""New"":22793,""Reason"":3}"
48300940,"{""Old"":22955,""New"":22965,""Reason"":3}"
48300940,"{""Old"":21063,""New"":21073,""Reason"":3}"
48300940,"{""Old"":15829,""New"":15839,""Reason"":3}"
48300940,"{""Old"":16658,""New"":16660,""Reason"":3}"
48300940,"{""Old"":17350,""New"":17360,""Reason"":3}"
48300940,"{""Old"":19703,""New"":19713,""Reason"":3}"
48300940,"{""Old"":21537,""New"":21557,""Reason"":3}"
48300940,"{""Old"":22371,""New"":22381,""Reason"":3}"
70142578,"{""Old"":1132,""New"":1134,""Reason"":3}"
70142578,"{""Old"":373,""New"":375,""Reason"":3}"
70142578,"{""Old"":480,""New"":482,""Reason"":3}"
70142578,"{""Old"":517,""New"":519,""Reason"":3}"
70142578,"{""Old"":1179,""New"":1189,""Reason"":3}"
59134318,"{""Old"":58,""New"":60,""Reason"":3}"
39713787,"{""Old"":281,""New"":291,""Reason"":3}"
39713787,"{""Old"":293,""New"":295,""Reason"":3}"
12826948,"{""Old"":3049,""New"":3051,""Reason"":3}"
8128487,"{""Old"":228,""New"":230,""Reason"":3}"
8128487,"{""Old"":299,""New"":303,""Reason"":3}"
71253075,"{""Old"":947,""New"":949,""Reason"":3}"
12952120,"{""Old"":66,""New"":68,""Reason"":3}"
12952120,"{""Old"":204,""New"":206,""Reason"":3}"
12952120,"{""Old"":157,""New"":159,""Reason"":3}"
12952120,"{""Old"":71,""New"":73,""Reason"":3}"
12952120,"{""Old"":98,""New"":100,""Reason"":3}"
12952120,"{""Old"":136,""New"":140,""Reason"":3}"
6454041,"{""Old"":381318,""New"":381320,""Reason"":3}"
6454041,"{""Old"":381498,""New"":381508,""Reason"":3}"
13533643,"{""Old"":4131,""New"":4133,""Reason"":3}"
48300940,"{""Old"":17717,""New"":17727,""Reason"":3}"
48300940,"{""Old"":19021,""New"":19041,""Reason"":3}"
48300940,"{""Old"":20075,""New"":20077,""Reason"":3}"
48300940,"{""Old"":14929,""New"":14931,""Reason"":3}"
70142578,"{""Old"":1014,""New"":1024,""Reason"":3}"
70142578,"{""Old"":246,""New"":256,""Reason"":3}"
70142578,"{""Old"":998,""New"":1008,""Reason"":3}"
48300940,"{""Old"":18039,""New"":18049,""Reason"":3}"
48300940,"{""Old"":17697,""New"":17707,""Reason"":3}"
48300940,"{""Old"":18971,""New"":19001,""Reason"":3}"
70142578,"{""Old"":866,""New"":868,""Reason"":3}"
70142578,"{""Old"":1053,""New"":1055,""Reason"":3}"
70142578,"{""Old"":194,""New"":196,""Reason"":3}"
70142578,"{""Old"":287,""New"":289,""Reason"":3}"
70142578,"{""Old"":1169,""New"":1179,""Reason"":3}"
70142578,"{""Old"":280,""New"":282,""Reason"":3}"
70142578,"{""Old"":1447,""New"":1449,""Reason"":3}"
48300940,"{""Old"":22173,""New"":22183,""Reason"":3}"
48300940,"{""Old"":22255,""New"":22265,""Reason"":3}"
48300940,"{""Old"":22525,""New"":22535,""Reason"":3}"
48300940,"{""Old"":22547,""New"":22557,""Reason"":3}"
48300940,"{""Old"":22833,""New"":22843,""Reason"":3}"
48300940,"{""Old"":21821,""New"":21831,""Reason"":3}"
48300940,"{""Old"":21831,""New"":21841,""Reason"":3}"
48300940,"{""Old"":22483,""New"":22493,""Reason"":3}"
48300940,"{""Old"":22935,""New"":22945,""Reason"":3}"
206036557,"{""Old"":2836,""New"":2838,""Reason"":3}"
206036557,"{""Old"":2886,""New"":2890,""Reason"":3}"
203470901,"{""Old"":3127,""New"":3129,""Reason"":3}"
38319980,"{""Old"":172086,""New"":172088,""Reason"":3}"
42367164,"{""Old"":29122,""New"":29124,""Reason"":3}"
42367164,"{""Old"":29136,""New"":29138,""Reason"":3}"
42367164,"{""Old"":29116,""New"":29118,""Reason"":3}"
42367164,"{""Old"":29350,""New"":29360,""Reason"":3}"
42367164,"{""Old"":29110,""New"":29112,""Reason"":3}"
74603886,"{""Old"":2364,""New"":2374,""Reason"":3}"
62911328,"{""Old"":1451,""New"":1453,""Reason"":3}"
62911328,"{""Old"":131,""New"":133,""Reason"":3}"
62911328,"{""Old"":1555,""New"":1557,""Reason"":3}"
19448494,"{""Old"":5955,""New"":5957,""Reason"":3}"
19448494,"{""Old"":6431,""New"":6433,""Reason"":3}"
19448494,"{""Old"":6471,""New"":6481,""Reason"":3}"
19448494,"{""Old"":6098,""New"":6102,""Reason"":3}"
19448494,"{""Old"":6257,""New"":6259,""Reason"":3}"
31952856,"{""Old"":1602,""New"":1604,""Reason"":3}"
14597583,"{""Old"":34583,""New"":34585,""Reason"":3}"
19448494,"{""Old"":6359,""New"":6361,""Reason"":3}"
31952856,"{""Old"":1763,""New"":1773,""Reason"":3}"
37605341,"{""Old"":416,""New"":418,""Reason"":3}"
38434189,"{""Old"":3256,""New"":3266,""Reason"":3}"
39713787,"{""Old"":179,""New"":181,""Reason"":3}"
9290862,"{""Old"":1202,""New"":1206,""Reason"":3}"
38749156,"{""Old"":33936,""New"":33938,""Reason"":3}"
38749156,"{""Old"":37448,""New"":37458,""Reason"":3}"
70142578,"{""Old"":263,""New"":265,""Reason"":3}"
70142578,"{""Old"":369,""New"":371,""Reason"":3}"
70142578,"{""Old"":431,""New"":433,""Reason"":3}"
48300940,"{""Old"":22987,""New"":22997,""Reason"":3}"
48300940,"{""Old"":20107,""New"":20117,""Reason"":3}"
48300940,"{""Old"":21083,""New"":21093,""Reason"":3}"
48300940,"{""Old"":20127,""New"":20137,""Reason"":3}"
70142578,"{""Old"":864,""New"":866,""Reason"":3}"
48300940,"{""Old"":16724,""New"":16734,""Reason"":3}"
48300940,"{""Old"":16784,""New"":16786,""Reason"":3}"
48300940,"{""Old"":23017,""New"":23027,""Reason"":3}"
48300940,"{""Old"":23027,""New"":23037,""Reason"":3}"
48300940,"{""Old"":21669,""New"":21679,""Reason"":3}"
48300940,"{""Old"":22545,""New"":22547,""Reason"":3}"
54525546,"{""Old"":923,""New"":925,""Reason"":3}"
48300940,"{""Old"":22853,""New"":22855,""Reason"":3}"
38749156,"{""Old"":37438,""New"":37448,""Reason"":3}"
38749156,"{""Old"":37428,""New"":37438,""Reason"":3}"
38749156,"{""Old"":35498,""New"":35500,""Reason"":3}"
38749156,"{""Old"":36195,""New"":36197,""Reason"":3}"
38749156,"{""Old"":36832,""New"":36842,""Reason"":3}"
38749156,"{""Old"":37468,""New"":37478,""Reason"":3}"
38749156,"{""Old"":35752,""New"":35754,""Reason"":3}"
48300940,"{""Old"":15869,""New"":15879,""Reason"":3}"
48300940,"{""Old"":17395,""New"":17405,""Reason"":3}"
48300940,"{""Old"":17845,""New"":17855,""Reason"":3}"
48300940,"{""Old"":18267,""New"":18287,""Reason"":3}"
48300940,"{""Old"":20167,""New"":20169,""Reason"":3}"
206036557,"{""Old"":2842,""New"":2844,""Reason"":3}"
25225869,"{""Old"":2367,""New"":2369,""Reason"":3}"
25225869,"{""Old"":9397,""New"":9407,""Reason"":3}"
25225869,"{""Old"":9705,""New"":9715,""Reason"":3}"
25225869,"{""Old"":9809,""New"":9811,""Reason"":3}"
25225869,"{""Old"":9821,""New"":9831,""Reason"":3}"
25225869,"{""Old"":9882,""New"":9892,""Reason"":3}"
25225869,"{""Old"":9286,""New"":9296,""Reason"":3}"
25225869,"{""Old"":9026,""New"":9036,""Reason"":3}"
25225869,"{""Old"":9606,""New"":9616,""Reason"":3}"
25225869,"{""Old"":8866,""New"":8876,""Reason"":3}"
25225869,"{""Old"":8971,""New"":8981,""Reason"":3}"
37605341,"{""Old"":418,""New"":420,""Reason"":3}"
19448494,"{""Old"":6229,""New"":6231,""Reason"":3}"
19448494,"{""Old"":6361,""New"":6363,""Reason"":3}"
23936089,"{""Old"":2409,""New"":2411,""Reason"":3}"
62911328,"{""Old"":1150,""New"":1152,""Reason"":3}"
62911328,"{""Old"":93,""New"":95,""Reason"":3}"
41790442,"{""Old"":1810,""New"":1812,""Reason"":3}"
82222467,"{""Old"":687,""New"":689,""Reason"":3}"
9290862,"{""Old"":1190,""New"":1192,""Reason"":3}"
46260240,"{""Old"":3656,""New"":3658,""Reason"":3}"
38434189,"{""Old"":3522,""New"":3532,""Reason"":3}"
38434189,"{""Old"":3558,""New"":3568,""Reason"":3}"
71253075,"{""Old"":937,""New"":939,""Reason"":3}"
23127774,"{""Old"":2045,""New"":2055,""Reason"":3}"
23127774,"{""Old"":1779,""New"":1781,""Reason"":3}"
20872105,"{""Old"":559,""New"":561,""Reason"":3}"
16849761,"{""Old"":9726,""New"":9728,""Reason"":3}"
16849761,"{""Old"":9570,""New"":9572,""Reason"":3}"
8815955,"{""Old"":41312,""New"":41314,""Reason"":3}"
8815955,"{""Old"":41776,""New"":41786,""Reason"":3}"
8815955,"{""Old"":41376,""New"":41386,""Reason"":3}"
8815955,"{""Old"":42622,""New"":42642,""Reason"":3}"
8815955,"{""Old"":41346,""New"":41366,""Reason"":3}"
8815955,"{""Old"":41696,""New"":41716,""Reason"":3}"
8815955,"{""Old"":42076,""New"":42086,""Reason"":3}"
8815955,"{""Old"":42126,""New"":42136,""Reason"":3}"
8815955,"{""Old"":42530,""New"":42540,""Reason"":3}"
53727285,"{""Old"":1513,""New"":1517,""Reason"":3}"
8815955,"{""Old"":41274,""New"":41276,""Reason"":3}"
8815955,"{""Old"":42758,""New"":42768,""Reason"":3}"
7082285,"{""Old"":44,""New"":46,""Reason"":3}"
59134318,"{""Old"":62,""New"":64,""Reason"":3}"
59134318,"{""Old"":152,""New"":154,""Reason"":3}"
28753649,"{""Old"":65,""New"":67,""Reason"":3}"
59134318,"{""Old"":138,""New"":140,""Reason"":3}"
81432331,"{""Old"":237,""New"":239,""Reason"":3}"
38749156,"{""Old"":36558,""New"":36568,""Reason"":3}"
38749156,"{""Old"":37744,""New"":37754,""Reason"":3}"
38749156,"{""Old"":36732,""New"":36742,""Reason"":3}"
38749156,"{""Old"":33926,""New"":33928,""Reason"":3}"
38749156,"{""Old"":34498,""New"":34500,""Reason"":3}"
38749156,"{""Old"":35486,""New"":35488,""Reason"":3}"
38749156,"{""Old"":37176,""New"":37186,""Reason"":3}"
38749156,"{""Old"":34708,""New"":34710,""Reason"":3}"
38749156,"{""Old"":36259,""New"":36269,""Reason"":3}"
38749156,"{""Old"":36822,""New"":36832,""Reason"":3}"
38749156,"{""Old"":33932,""New"":33936,""Reason"":3}"
38749156,"{""Old"":34762,""New"":34764,""Reason"":3}"
38749156,"{""Old"":36604,""New"":36614,""Reason"":3}"
48300940,"{""Old"":21168,""New"":21178,""Reason"":3}"
48300940,"{""Old"":21811,""New"":21821,""Reason"":3}"
48300940,"{""Old"":20169,""New"":20179,""Reason"":3}"
48300940,"{""Old"":21689,""New"":21699,""Reason"":3}"
48300940,"{""Old"":21947,""New"":21967,""Reason"":3}"
48300940,"{""Old"":16548,""New"":16558,""Reason"":3}"
48300940,"{""Old"":19905,""New"":19915,""Reason"":3}"
23973385,"{""Old"":599,""New"":601,""Reason"":3}"
11040745,"{""Old"":1069,""New"":1071,""Reason"":3}"
62911328,"{""Old"":299,""New"":301,""Reason"":3}"
69464352,"{""Old"":2472,""New"":2474,""Reason"":3}"
19448494,"{""Old"":6235,""New"":6237,""Reason"":3}"
19448494,"{""Old"":6255,""New"":6257,""Reason"":3}"
31952856,"{""Old"":1803,""New"":1813,""Reason"":3}"
31952856,"{""Old"":1830,""New"":1832,""Reason"":3}"
85015740,"{""Old"":224,""New"":226,""Reason"":3}"
81265438,"{""Old"":723,""New"":725,""Reason"":3}"
62911328,"{""Old"":1644,""New"":1646,""Reason"":3}"
62911328,"{""Old"":244,""New"":246,""Reason"":3}"
62911328,"{""Old"":351,""New"":353,""Reason"":3}"
66874900,"{""Old"":1512,""New"":1514,""Reason"":3}"
66874900,"{""Old"":1514,""New"":1524,""Reason"":3}"
42367164,"{""Old"":29048,""New"":29050,""Reason"":3}"
21271458,"{""Old"":2599,""New"":2601,""Reason"":3}"
59134318,"{""Old"":84,""New"":86,""Reason"":3}"
218390057,"{""Old"":473,""New"":475,""Reason"":3}"
218390057,"{""Old"":455,""New"":457,""Reason"":3}"
6454041,"{""Old"":381488,""New"":381498,""Reason"":3}"
19448494,"{""Old"":6303,""New"":6313,""Reason"":3}"
14597583,"{""Old"":34556,""New"":34558,""Reason"":3}"
8815955,"{""Old"":41726,""New"":41736,""Reason"":3}"
8815955,"{""Old"":41796,""New"":41806,""Reason"":3}"
8815955,"{""Old"":42602,""New"":42612,""Reason"":3}"
8815955,"{""Old"":41246,""New"":41248,""Reason"":3}"
8815955,"{""Old"":42330,""New"":42340,""Reason"":3}"
8815955,"{""Old"":42898,""New"":42908,""Reason"":3}"
8815955,"{""Old"":42328,""New"":42330,""Reason"":3}"
8815955,"{""Old"":41236,""New"":41240,""Reason"":3}"
8815955,"{""Old"":42674,""New"":42684,""Reason"":3}"
8815955,"{""Old"":41316,""New"":41326,""Reason"":3}"
8815955,"{""Old"":42218,""New"":42228,""Reason"":3}"
13540193,"{""Old"":390,""New"":394,""Reason"":3}"
8815955,"{""Old"":41276,""New"":41278,""Reason"":3}"
8815955,"{""Old"":41474,""New"":41494,""Reason"":3}"
8815955,"{""Old"":41288,""New"":41298,""Reason"":3}"
8815955,"{""Old"":41806,""New"":41816,""Reason"":3}"
8815955,"{""Old"":41918,""New"":41948,""Reason"":3}"
16849761,"{""Old"":9655,""New"":9657,""Reason"":3}"
11930273,"{""Old"":2090,""New"":2092,""Reason"":3}"
11930273,"{""Old"":2064,""New"":2066,""Reason"":3}"
11930273,"{""Old"":2023,""New"":2025,""Reason"":3}"
16849761,"{""Old"":9719,""New"":9721,""Reason"":3}"
23073231,"{""Old"":2255,""New"":2257,""Reason"":3}"
49504220,"{""Old"":1207,""New"":1209,""Reason"":3}"
8815955,"{""Old"":41278,""New"":41288,""Reason"":3}"
8815955,"{""Old"":41756,""New"":41766,""Reason"":3}"
8815955,"{""Old"":42540,""New"":42550,""Reason"":3}"
8815955,"{""Old"":42798,""New"":42808,""Reason"":3}"
8815955,"{""Old"":41970,""New"":41980,""Reason"":3}"
8815955,"{""Old"":42026,""New"":42036,""Reason"":3}"
8815955,"{""Old"":42238,""New"":42248,""Reason"":3}"
8815955,"{""Old"":42642,""New"":42652,""Reason"":3}"
8815955,"{""Old"":42714,""New"":42724,""Reason"":3}"
23829638,"{""Old"":1425,""New"":1435,""Reason"":3}"
8815955,"{""Old"":42308,""New"":42318,""Reason"":3}"
8815955,"{""Old"":42430,""New"":42440,""Reason"":3}"
8815955,"{""Old"":42400,""New"":42410,""Reason"":3}"
8815955,"{""Old"":42664,""New"":42674,""Reason"":3}"
8815955,"{""Old"":41248,""New"":41250,""Reason"":3}"
8815955,"{""Old"":41624,""New"":41634,""Reason"":3}"
8815955,"{""Old"":41736,""New"":41746,""Reason"":3}"
69464352,"{""Old"":2470,""New"":2472,""Reason"":3}"
79878389,"{""Old"":4890,""New"":4892,""Reason"":3}"
8419745,"{""Old"":3119,""New"":3129,""Reason"":3}"
6454041,"{""Old"":218693,""New"":218695,""Reason"":3}"
6454041,"{""Old"":219751,""New"":219753,""Reason"":3}"
6454041,"{""Old"":219850,""New"":219852,""Reason"":3}"
6454041,"{""Old"":381330,""New"":381332,""Reason"":3}"
6454041,"{""Old"":381177,""New"":381179,""Reason"":3}"
39090702,"{""Old"":1220,""New"":1224,""Reason"":3}"
23829638,"{""Old"":667,""New"":669,""Reason"":3}"
23829638,"{""Old"":2184,""New"":2194,""Reason"":3}"
20872105,"{""Old"":549,""New"":551,""Reason"":3}"
23127774,"{""Old"":2071,""New"":2073,""Reason"":3}"
79776397,"{""Old"":312,""New"":314,""Reason"":3}"
62911328,"{""Old"":1283,""New"":1285,""Reason"":3}"
62911328,"{""Old"":1416,""New"":1422,""Reason"":3}"
62911328,"{""Old"":1430,""New"":1432,""Reason"":3}"
62911328,"{""Old"":402,""New"":404,""Reason"":3}"
62911328,"{""Old"":1029,""New"":1039,""Reason"":3}"
62911328,"{""Old"":1157,""New"":1159,""Reason"":3}"
62911328,"{""Old"":1266,""New"":1268,""Reason"":3}"
62911328,"{""Old"":1087,""New"":1089,""Reason"":3}"
62911328,"{""Old"":1185,""New"":1187,""Reason"":3}"
38804811,"{""Old"":1887,""New"":1889,""Reason"":3}"
38804811,"{""Old"":1848,""New"":1850,""Reason"":3}"
38804811,"{""Old"":2037,""New"":2039,""Reason"":3}"
62911328,"{""Old"":1116,""New"":1126,""Reason"":3}"
25225869,"{""Old"":7312,""New"":7322,""Reason"":3}"
25225869,"{""Old"":8550,""New"":8560,""Reason"":3}"
25225869,"{""Old"":7963,""New"":7973,""Reason"":3}"
25225869,"{""Old"":7587,""New"":7597,""Reason"":3}"
25225869,"{""Old"":8120,""New"":8130,""Reason"":3}"
25225869,"{""Old"":9541,""New"":9551,""Reason"":3}"
25225869,"{""Old"":2462,""New"":2492,""Reason"":3}"
25225869,"{""Old"":2521,""New"":2531,""Reason"":3}"
14597583,"{""Old"":73843,""New"":73845,""Reason"":3}"
14597583,"{""Old"":74250,""New"":74252,""Reason"":3}"
22538228,"{""Old"":434,""New"":436,""Reason"":3}"
25225869,"{""Old"":2537,""New"":2547,""Reason"":3}"
25225869,"{""Old"":9831,""New"":9851,""Reason"":3}"
45310161,"{""Old"":947,""New"":949,""Reason"":3}"
82785902,"{""Old"":83224,""New"":83226,""Reason"":3}"
82785902,"{""Old"":82478,""New"":82480,""Reason"":3}"
82785902,"{""Old"":83456,""New"":83458,""Reason"":3}"
7394435,"{""Old"":1253,""New"":1257,""Reason"":3}"
82222467,"{""Old"":936,""New"":940,""Reason"":3}"
62911328,"{""Old"":1011,""New"":1013,""Reason"":3}"
62911328,"{""Old"":1139,""New"":1141,""Reason"":3}"
27383301,"{""Old"":5523,""New"":5525,""Reason"":3}"
22438308,"{""Old"":80240,""New"":80242,""Reason"":3}"
25225869,"{""Old"":2345,""New"":2355,""Reason"":3}"
25225869,"{""Old"":9968,""New"":9978,""Reason"":3}"
22365561,"{""Old"":1637,""New"":1639,""Reason"":3}"
25225869,"{""Old"":9693,""New"":9703,""Reason"":3}"
22438308,"{""Old"":80266,""New"":80270,""Reason"":3}"
22438308,"{""Old"":80441,""New"":80443,""Reason"":3}"
22438308,"{""Old"":80429,""New"":80431,""Reason"":3}"
8980498,"{""Old"":695,""New"":697,""Reason"":3}"
23109672,"{""Old"":11197,""New"":11199,""Reason"":3}"
3393056,"{""Old"":992,""New"":994,""Reason"":3}"
40671256,"{""Old"":7121,""New"":7131,""Reason"":3}"
46604522,"{""Old"":3187,""New"":3197,""Reason"":3}"
46604522,"{""Old"":3571,""New"":3573,""Reason"":3}"
45629654,"{""Old"":255,""New"":257,""Reason"":3}"
201981039,"{""Old"":265,""New"":267,""Reason"":3}"
201981039,"{""Old"":387,""New"":389,""Reason"":3}"
31952856,"{""Old"":3018,""New"":3020,""Reason"":3}"
31952856,"{""Old"":2189,""New"":2199,""Reason"":3}"
45629654,"{""Old"":250,""New"":252,""Reason"":3}"
39090702,"{""Old"":1214,""New"":1216,""Reason"":3}"
23829638,"{""Old"":1570,""New"":1572,""Reason"":3}"
23829638,"{""Old"":1942,""New"":1944,""Reason"":3}"
76226595,"{""Old"":2263,""New"":2265,""Reason"":3}"
76226595,"{""Old"":2097,""New"":2099,""Reason"":3}"
76226595,"{""Old"":2159,""New"":2161,""Reason"":3}"
14597583,"{""Old"":74264,""New"":74268,""Reason"":3}"
16849761,"{""Old"":9805,""New"":9807,""Reason"":3}"
23829638,"{""Old"":2282,""New"":2292,""Reason"":3}"
23829638,"{""Old"":2252,""New"":2254,""Reason"":3}"
23829638,"{""Old"":1544,""New"":1546,""Reason"":3}"
23829638,"{""Old"":2226,""New"":2228,""Reason"":3}"
23829638,"{""Old"":2165,""New"":2167,""Reason"":3}"
23829638,"{""Old"":2264,""New"":2274,""Reason"":3}"
23829638,"{""Old"":1548,""New"":1558,""Reason"":3}"
23829638,"{""Old"":1708,""New"":1710,""Reason"":3}"
23829638,"{""Old"":2108,""New"":2118,""Reason"":3}"
79878389,"{""Old"":300,""New"":302,""Reason"":3}"
23127774,"{""Old"":1799,""New"":1801,""Reason"":3}"
71253075,"{""Old"":846,""New"":848,""Reason"":3}"
46604522,"{""Old"":3304,""New"":3306,""Reason"":3}"
46604522,"{""Old"":3687,""New"":3697,""Reason"":3}"
46604522,"{""Old"":3871,""New"":3881,""Reason"":3}"
31952856,"{""Old"":3359,""New"":3363,""Reason"":3}"
45629654,"{""Old"":154,""New"":156,""Reason"":3}"
31952856,"{""Old"":3063,""New"":3073,""Reason"":3}"
45629654,"{""Old"":197,""New"":199,""Reason"":3}"
11534557,"{""Old"":651662,""New"":651672,""Reason"":3}"
4861422,"{""Old"":3549,""New"":3559,""Reason"":3}"
82629288,"{""Old"":7519,""New"":7529,""Reason"":3}"
82222467,"{""Old"":944,""New"":946,""Reason"":3}"
23936089,"{""Old"":2383,""New"":2393,""Reason"":3}"
23936089,"{""Old"":2407,""New"":2409,""Reason"":3}"
3393056,"{""Old"":990,""New"":992,""Reason"":3}"
42367164,"{""Old"":29328,""New"":29338,""Reason"":3}"
40671256,"{""Old"":6471,""New"":6491,""Reason"":3}"
33522320,"{""Old"":1807,""New"":1809,""Reason"":3}"
82629288,"{""Old"":6752,""New"":6774,""Reason"":3}"
83456158,"{""Old"":248,""New"":250,""Reason"":3}"
82629288,"{""Old"":7226,""New"":7228,""Reason"":3}"
82629288,"{""Old"":6876,""New"":6886,""Reason"":3}"
82629288,"{""Old"":7485,""New"":7495,""Reason"":3}"
62211123,"{""Old"":862,""New"":864,""Reason"":3}"
23973385,"{""Old"":671,""New"":673,""Reason"":3}"
62211123,"{""Old"":828,""New"":838,""Reason"":3}"
45548775,"{""Old"":2208,""New"":2210,""Reason"":3}"
3977558,"{""Old"":2013,""New"":2015,""Reason"":3}"
82629288,"{""Old"":6722,""New"":6732,""Reason"":3}"
3005757,"{""Old"":1216,""New"":1218,""Reason"":3}"
87548397,"{""Old"":89,""New"":91,""Reason"":3}"
23073231,"{""Old"":2220,""New"":2222,""Reason"":3}"
23073231,"{""Old"":2073,""New"":2075,""Reason"":3}"
76226595,"{""Old"":2085,""New"":2087,""Reason"":3}"
76226595,"{""Old"":2038,""New"":2052,""Reason"":3}"
76226595,"{""Old"":2261,""New"":2263,""Reason"":3}"
8883313,"{""Old"":15495,""New"":15497,""Reason"":3}"
8883313,"{""Old"":15365,""New"":15367,""Reason"":3}"
76226595,"{""Old"":2076,""New"":2078,""Reason"":3}"
76226595,"{""Old"":2234,""New"":2236,""Reason"":3}"
23829638,"{""Old"":2228,""New"":2230,""Reason"":3}"
76226595,"{""Old"":2105,""New"":2115,""Reason"":3}"
76226595,"{""Old"":2155,""New"":2159,""Reason"":3}"
76226595,"{""Old"":2205,""New"":2215,""Reason"":3}"
76226595,"{""Old"":2203,""New"":2205,""Reason"":3}"
16849761,"{""Old"":9834,""New"":9836,""Reason"":3}"
76226595,"{""Old"":2034,""New"":2036,""Reason"":3}"
76226595,"{""Old"":2115,""New"":2125,""Reason"":3}"
218733227,"{""Old"":10081,""New"":10083,""Reason"":3}"
57411895,"{""Old"":3625,""New"":3627,""Reason"":3}"
218733227,"{""Old"":10017,""New"":10019,""Reason"":3}"
14597583,"{""Old"":73837,""New"":73839,""Reason"":3}"
82222467,"{""Old"":948,""New"":950,""Reason"":3}"
73474771,"{""Old"":82392,""New"":82394,""Reason"":3}"
82222467,"{""Old"":866,""New"":868,""Reason"":3}"
82222467,"{""Old"":810,""New"":812,""Reason"":3}"
56525472,"{""Old"":2118,""New"":2122,""Reason"":3}"
56525472,"{""Old"":2130,""New"":2132,""Reason"":3}"
23127774,"{""Old"":2069,""New"":2071,""Reason"":3}"
37744135,"{""Old"":80733,""New"":80735,""Reason"":3}"
76226595,"{""Old"":4725,""New"":4735,""Reason"":3}"
76226595,"{""Old"":4746,""New"":4748,""Reason"":3}"
23073231,"{""Old"":2099,""New"":2101,""Reason"":3}"
41511291,"{""Old"":441,""New"":443,""Reason"":3}"
76226595,"{""Old"":2163,""New"":2165,""Reason"":3}"
217944405,"{""Old"":20081,""New"":20083,""Reason"":3}"
8159597,"{""Old"":39431,""New"":39441,""Reason"":3}"
39090702,"{""Old"":1204,""New"":1214,""Reason"":3}"
23829638,"{""Old"":2351,""New"":2361,""Reason"":3}"
76226595,"{""Old"":2181,""New"":2183,""Reason"":3}"
14597583,"{""Old"":74248,""New"":74250,""Reason"":3}"
14597583,"{""Old"":74252,""New"":74256,""Reason"":3}"
21251318,"{""Old"":710,""New"":720,""Reason"":3}"
21251318,"{""Old"":732,""New"":734,""Reason"":3}"
45548775,"{""Old"":2316,""New"":2318,""Reason"":3}"
45548775,"{""Old"":2222,""New"":2224,""Reason"":3}"
62211123,"{""Old"":880,""New"":884,""Reason"":3}"
43780156,"{""Old"":294483,""New"":294493,""Reason"":3}"
43780156,"{""Old"":294494,""New"":294504,""Reason"":3}"
43780156,"{""Old"":294626,""New"":294636,""Reason"":3}"
43780156,"{""Old"":294624,""New"":294626,""Reason"":3}"
82629288,"{""Old"":6742,""New"":6752,""Reason"":3}"
82629288,"{""Old"":6971,""New"":6981,""Reason"":3}"
43780156,"{""Old"":294441,""New"":294451,""Reason"":3}"
40671256,"{""Old"":7163,""New"":7165,""Reason"":3}"
62211123,"{""Old"":811,""New"":813,""Reason"":3}"
62211123,"{""Old"":876,""New"":878,""Reason"":3}"
6980304,"{""Old"":754,""New"":756,""Reason"":3}"
6980304,"{""Old"":663,""New"":665,""Reason"":3}"
73474771,"{""Old"":83918,""New"":83920,""Reason"":3}"
73474771,"{""Old"":84329,""New"":84339,""Reason"":3}"
79878389,"{""Old"":4882,""New"":4884,""Reason"":3}"
71253075,"{""Old"":860,""New"":864,""Reason"":3}"
71253075,"{""Old"":876,""New"":878,""Reason"":3}"
71253075,"{""Old"":816,""New"":818,""Reason"":3}"
218733227,"{""Old"":10083,""New"":10085,""Reason"":3}"
215406527,"{""Old"":2147,""New"":2149,""Reason"":3}"
22365561,"{""Old"":1679,""New"":1681,""Reason"":3}"
22365561,"{""Old"":1613,""New"":1615,""Reason"":3}"
82222467,"{""Old"":629,""New"":631,""Reason"":3}"
51681710,"{""Old"":124,""New"":126,""Reason"":3}"
73474771,"{""Old"":83696,""New"":83698,""Reason"":3}"
73474771,"{""Old"":84287,""New"":84297,""Reason"":3}"
14358374,"{""Old"":1024,""New"":1026,""Reason"":3}"
14358374,"{""Old"":1118,""New"":1120,""Reason"":3}"
73474771,"{""Old"":82705,""New"":82707,""Reason"":3}"
73474771,"{""Old"":82898,""New"":82900,""Reason"":3}"
73474771,"{""Old"":84223,""New"":84225,""Reason"":3}"
73474771,"{""Old"":82713,""New"":82715,""Reason"":3}"
73474771,"{""Old"":84255,""New"":84265,""Reason"":3}"
22438308,"{""Old"":80431,""New"":80433,""Reason"":3}"
22438308,"{""Old"":80496,""New"":80498,""Reason"":3}"
22438308,"{""Old"":80226,""New"":80228,""Reason"":3}"
43207454,"{""Old"":1928,""New"":1930,""Reason"":3}"
43207454,"{""Old"":1957,""New"":1959,""Reason"":3}"
37744135,"{""Old"":81146,""New"":81148,""Reason"":3}"
76226595,"{""Old"":4788,""New"":4790,""Reason"":3}"
76226595,"{""Old"":4715,""New"":4725,""Reason"":3}"
76226595,"{""Old"":4894,""New"":4896,""Reason"":3}"
76226595,"{""Old"":4683,""New"":4685,""Reason"":3}"
76226595,"{""Old"":2187,""New"":2189,""Reason"":3}"
23829638,"{""Old"":2349,""New"":2351,""Reason"":3}"
25225869,"{""Old"":10068,""New"":10078,""Reason"":3}"
25225869,"{""Old"":5391,""New"":5401,""Reason"":3}"
25225869,"{""Old"":4755,""New"":4765,""Reason"":3}"
25225869,"{""Old"":4915,""New"":4925,""Reason"":3}"
25225869,"{""Old"":9489,""New"":9499,""Reason"":3}"
25225869,"{""Old"":9913,""New"":9933,""Reason"":3}"
25225869,"{""Old"":10873,""New"":10883,""Reason"":3}"
25225869,"{""Old"":3805,""New"":3815,""Reason"":3}"
25225869,"{""Old"":4800,""New"":4810,""Reason"":3}"
25225869,"{""Old"":4955,""New"":4965,""Reason"":3}"
25225869,"{""Old"":4996,""New"":5006,""Reason"":3}"
25225869,"{""Old"":10574,""New"":10576,""Reason"":3}"
40671256,"{""Old"":6975,""New"":6985,""Reason"":3}"
40671256,"{""Old"":6997,""New"":6999,""Reason"":3}"
6980304,"{""Old"":748,""New"":750,""Reason"":3}"
23073231,"{""Old"":2224,""New"":2226,""Reason"":3}"
37744135,"{""Old"":81136,""New"":81138,""Reason"":3}"
41790442,"{""Old"":1830,""New"":1832,""Reason"":3}"
73474771,"{""Old"":83152,""New"":83162,""Reason"":3}"
25491019,"{""Old"":619,""New"":621,""Reason"":3}"
25491019,"{""Old"":700,""New"":702,""Reason"":3}"
34512599,"{""Old"":1408,""New"":1410,""Reason"":3}"
76226595,"{""Old"":4859,""New"":4861,""Reason"":3}"
76226595,"{""Old"":4878,""New"":4880,""Reason"":3}"
13533643,"{""Old"":4238,""New"":4240,""Reason"":3}"
45548775,"{""Old"":2343,""New"":2345,""Reason"":3}"
45548775,"{""Old"":2321,""New"":2331,""Reason"":3}"
21251318,"{""Old"":729,""New"":731,""Reason"":3}"
43207454,"{""Old"":1959,""New"":1961,""Reason"":3}"
85015740,"{""Old"":61,""New"":63,""Reason"":3}"
19013130,"{""Old"":1474,""New"":1484,""Reason"":3}"
202366545,"{""Old"":221,""New"":223,""Reason"":3}"
22435751,"{""Old"":23265,""New"":23267,""Reason"":3}"
23406002,"{""Old"":198,""New"":200,""Reason"":3}"
22464954,"{""Old"":1109,""New"":1111,""Reason"":3}"
45548775,"{""Old"":2175,""New"":2177,""Reason"":3}"
22438308,"{""Old"":80470,""New"":80480,""Reason"":3}"
22438308,"{""Old"":80274,""New"":80284,""Reason"":3}"
22438308,"{""Old"":80270,""New"":80272,""Reason"":3}"
22438308,"{""Old"":80427,""New"":80429,""Reason"":3}"
73474771,"{""Old"":82365,""New"":82367,""Reason"":3}"
73474771,"{""Old"":83004,""New"":83006,""Reason"":3}"
73474771,"{""Old"":82603,""New"":82605,""Reason"":3}"
58866450,"{""Old"":1325,""New"":1327,""Reason"":3}"
70367218,"{""Old"":1481,""New"":1485,""Reason"":3}"
31952856,"{""Old"":3085,""New"":3087,""Reason"":3}"
46604522,"{""Old"":3381,""New"":3391,""Reason"":3}"
46604522,"{""Old"":3456,""New"":3466,""Reason"":3}"
46604522,"{""Old"":3891,""New"":3901,""Reason"":3}"
46604522,"{""Old"":3306,""New"":3316,""Reason"":3}"
33024369,"{""Old"":1260,""New"":1270,""Reason"":3}"
71253075,"{""Old"":1091,""New"":1093,""Reason"":3}"
63999387,"{""Old"":326,""New"":328,""Reason"":3}"
25225869,"{""Old"":2960,""New"":2962,""Reason"":3}"
25225869,"{""Old"":2365,""New"":2367,""Reason"":3}"
25225869,"{""Old"":10524,""New"":10534,""Reason"":3}"
25225869,"{""Old"":6341,""New"":6351,""Reason"":3}"
22365561,"{""Old"":1659,""New"":1661,""Reason"":3}"
25225869,"{""Old"":3163,""New"":3165,""Reason"":3}"
25225869,"{""Old"":3280,""New"":3282,""Reason"":3}"
25225869,"{""Old"":3371,""New"":3381,""Reason"":3}"
25225869,"{""Old"":3171,""New"":3173,""Reason"":3}"
25225869,"{""Old"":5706,""New"":5716,""Reason"":3}"
8980498,"{""Old"":752,""New"":754,""Reason"":3}"
23406002,"{""Old"":192,""New"":194,""Reason"":3}"
22435751,"{""Old"":23255,""New"":23261,""Reason"":3}"
218185935,"{""Old"":1464,""New"":1466,""Reason"":3}"
8980498,"{""Old"":722,""New"":724,""Reason"":3}"
22435751,"{""Old"":23253,""New"":23255,""Reason"":3}"
44659425,"{""Old"":197,""New"":199,""Reason"":3}"
51681710,"{""Old"":106,""New"":108,""Reason"":3}"
73474771,"{""Old"":83382,""New"":83384,""Reason"":3}"
82222467,"{""Old"":968,""New"":970,""Reason"":3}"
41790442,"{""Old"":1815,""New"":1825,""Reason"":3}"
41790442,"{""Old"":1808,""New"":1810,""Reason"":3}"
41790442,"{""Old"":1828,""New"":1830,""Reason"":3}"
82222467,"{""Old"":735,""New"":737,""Reason"":3}"
82222467,"{""Old"":850,""New"":852,""Reason"":3}"
82222467,"{""Old"":974,""New"":978,""Reason"":3}"
82222467,"{""Old"":714,""New"":716,""Reason"":3}"
82222467,"{""Old"":958,""New"":960,""Reason"":3}"
82222467,"{""Old"":650,""New"":652,""Reason"":3}"
38958463,"{""Old"":5028,""New"":5038,""Reason"":3}"
25225869,"{""Old"":10801,""New"":10811,""Reason"":3}"
25225869,"{""Old"":3583,""New"":3593,""Reason"":3}"
25225869,"{""Old"":3795,""New"":3805,""Reason"":3}"
25225869,"{""Old"":3855,""New"":3865,""Reason"":3}"
25225869,"{""Old"":4045,""New"":4055,""Reason"":3}"
25225869,"{""Old"":4840,""New"":4850,""Reason"":3}"
25225869,"{""Old"":2958,""New"":2960,""Reason"":3}"
25225869,"{""Old"":5496,""New"":5506,""Reason"":3}"
25225869,"{""Old"":4615,""New"":4625,""Reason"":3}"
38804811,"{""Old"":2065,""New"":2067,""Reason"":3}"
20074257,"{""Old"":1578,""New"":1580,""Reason"":3}"
20074257,"{""Old"":1656,""New"":1658,""Reason"":3}"
45548775,"{""Old"":2228,""New"":2230,""Reason"":3}"
45548775,"{""Old"":2192,""New"":2194,""Reason"":3}"
6881205,"{""Old"":2228,""New"":2230,""Reason"":3}"
45548775,"{""Old"":2190,""New"":2192,""Reason"":3}"
45548775,"{""Old"":2183,""New"":2185,""Reason"":3}"
33069473,"{""Old"":479,""New"":481,""Reason"":3}"
79878389,"{""Old"":296,""New"":298,""Reason"":3}"
43780156,"{""Old"":294560,""New"":294570,""Reason"":3}"
43780156,"{""Old"":294608,""New"":294610,""Reason"":3}"
53950953,"{""Old"":1054,""New"":1058,""Reason"":3}"
53950953,"{""Old"":1196,""New"":1198,""Reason"":3}"
27365152,"{""Old"":22675,""New"":22677,""Reason"":3}"
27365152,"{""Old"":22663,""New"":22665,""Reason"":3}"
53950953,"{""Old"":1281,""New"":1283,""Reason"":3}"
53950953,"{""Old"":1478,""New"":1480,""Reason"":3}"
53950953,"{""Old"":1616,""New"":1618,""Reason"":3}"
75330447,"{""Old"":1249,""New"":1251,""Reason"":3}"
14735155,"{""Old"":9206,""New"":9208,""Reason"":3}"
71253075,"{""Old"":1023,""New"":1025,""Reason"":3}"
3976434,"{""Old"":1673,""New"":1675,""Reason"":3}"
31952856,"{""Old"":3055,""New"":3057,""Reason"":3}"
31952856,"{""Old"":4664,""New"":4674,""Reason"":3}"
31952856,"{""Old"":4771,""New"":4781,""Reason"":3}"
46604522,"{""Old"":3267,""New"":3277,""Reason"":3}"
31952856,"{""Old"":3077,""New"":3079,""Reason"":3}"
34592975,"{""Old"":2219,""New"":2221,""Reason"":3}"
22365561,"{""Old"":1657,""New"":1659,""Reason"":3}"
25225869,"{""Old"":6546,""New"":6556,""Reason"":3}"
25225869,"{""Old"":6729,""New"":6749,""Reason"":3}"
83456158,"{""Old"":242,""New"":244,""Reason"":3}"
82629288,"{""Old"":6981,""New"":6991,""Reason"":3}"
47431547,"{""Old"":218,""New"":220,""Reason"":3}"
3393056,"{""Old"":994,""New"":1004,""Reason"":3}"
53950953,"{""Old"":1149,""New"":1151,""Reason"":3}"
53950953,"{""Old"":1223,""New"":1225,""Reason"":3}"
53950953,"{""Old"":1283,""New"":1285,""Reason"":3}"
221086305,"{""Old"":31372,""New"":31376,""Reason"":3}"
25225869,"{""Old"":6906,""New"":6916,""Reason"":3}"
8883313,"{""Old"":15452,""New"":15454,""Reason"":3}"
8883313,"{""Old"":15497,""New"":15499,""Reason"":3}"
63999387,"{""Old"":322,""New"":324,""Reason"":3}"
71253075,"{""Old"":1050,""New"":1052,""Reason"":3}"
33024369,"{""Old"":1250,""New"":1252,""Reason"":3}"
33024369,"{""Old"":1246,""New"":1248,""Reason"":3}"
33024369,"{""Old"":1258,""New"":1260,""Reason"":3}"
3976434,"{""Old"":1671,""New"":1673,""Reason"":3}"
71253075,"{""Old"":1093,""New"":1095,""Reason"":3}"
76226595,"{""Old"":2128,""New"":2130,""Reason"":3}"
213051120,"{""Old"":161,""New"":171,""Reason"":3}"
23829638,"{""Old"":969,""New"":971,""Reason"":3}"
23829638,"{""Old"":1122,""New"":1124,""Reason"":3}"
83456158,"{""Old"":226,""New"":228,""Reason"":3}"
62211123,"{""Old"":852,""New"":862,""Reason"":3}"
55843654,"{""Old"":24790,""New"":24792,""Reason"":3}"
83456158,"{""Old"":200,""New"":204,""Reason"":3}"
53950953,"{""Old"":1397,""New"":1399,""Reason"":3}"
9458438,"{""Old"":985,""New"":995,""Reason"":3}"
76226595,"{""Old"":2064,""New"":2066,""Reason"":3}"
23829638,"{""Old"":1089,""New"":1091,""Reason"":3}"
33160780,"{""Old"":10375,""New"":10377,""Reason"":3}"
20074257,"{""Old"":1632,""New"":1634,""Reason"":3}"
75330447,"{""Old"":1174,""New"":1176,""Reason"":3}"
6890547,"{""Old"":3019,""New"":3021,""Reason"":3}"
20074257,"{""Old"":1550,""New"":1552,""Reason"":3}"
6890547,"{""Old"":3027,""New"":3029,""Reason"":3}"
6890547,"{""Old"":3025,""New"":3027,""Reason"":3}"
8980498,"{""Old"":668,""New"":670,""Reason"":3}"
8980498,"{""Old"":758,""New"":760,""Reason"":3}"
53950953,"{""Old"":1365,""New"":1367,""Reason"":3}"
53950953,"{""Old"":1426,""New"":1428,""Reason"":3}"
8883313,"{""Old"":23109,""New"":23111,""Reason"":3}"
8883313,"{""Old"":15501,""New"":15503,""Reason"":3}"
216198135,"{""Old"":865355,""New"":865365,""Reason"":3}"
8883313,"{""Old"":15528,""New"":15530,""Reason"":3}"
63999387,"{""Old"":324,""New"":326,""Reason"":3}"
3976434,"{""Old"":1664,""New"":1666,""Reason"":3}"
71253075,"{""Old"":1036,""New"":1038,""Reason"":3}"
33024369,"{""Old"":1270,""New"":1272,""Reason"":3}"
71253075,"{""Old"":1039,""New"":1041,""Reason"":3}"
70367218,"{""Old"":1463,""New"":1473,""Reason"":3}"
84238642,"{""Old"":1507,""New"":1517,""Reason"":3}"
6881205,"{""Old"":2216,""New"":2226,""Reason"":3}"
20074257,"{""Old"":1615,""New"":1617,""Reason"":3}"
25491019,"{""Old"":921,""New"":923,""Reason"":3}"
25491019,"{""Old"":948,""New"":950,""Reason"":3}"
25491019,"{""Old"":133,""New"":135,""Reason"":3}"
11534557,"{""Old"":651862,""New"":651872,""Reason"":3}"
25491019,"{""Old"":330,""New"":332,""Reason"":3}"
25491019,"{""Old"":352,""New"":354,""Reason"":3}"
25491019,"{""Old"":430,""New"":432,""Reason"":3}"
11534557,"{""Old"":652674,""New"":652694,""Reason"":3}"
25491019,"{""Old"":238,""New"":240,""Reason"":3}"
25491019,"{""Old"":243,""New"":245,""Reason"":3}"
25491019,"{""Old"":289,""New"":291,""Reason"":3}"
216198135,"{""Old"":703100,""New"":703130,""Reason"":3}"
82785902,"{""Old"":83334,""New"":83336,""Reason"":3}"
82785902,"{""Old"":83216,""New"":83218,""Reason"":3}"
48591626,"{""Old"":6981,""New"":6991,""Reason"":3}"
37327446,"{""Old"":874,""New"":876,""Reason"":3}"
57377221,"{""Old"":529,""New"":531,""Reason"":3}"
38804811,"{""Old"":2053,""New"":2055,""Reason"":3}"
75330447,"{""Old"":1165,""New"":1169,""Reason"":3}"
23829638,"{""Old"":1002,""New"":1004,""Reason"":3}"
23829638,"{""Old"":1277,""New"":1279,""Reason"":3}"
23829638,"{""Old"":1407,""New"":1409,""Reason"":3}"
23829638,"{""Old"":1447,""New"":1457,""Reason"":3}"
53950953,"{""Old"":1152,""New"":1154,""Reason"":3}"
53950953,"{""Old"":1190,""New"":1192,""Reason"":3}"
53950953,"{""Old"":1377,""New"":1381,""Reason"":3}"
53950953,"{""Old"":1550,""New"":1554,""Reason"":3}"
53950953,"{""Old"":1556,""New"":1558,""Reason"":3}"
53950953,"{""Old"":1576,""New"":1578,""Reason"":3}"
55843654,"{""Old"":24798,""New"":24800,""Reason"":3}"
82629288,"{""Old"":7529,""New"":7539,""Reason"":3}"
23829638,"{""Old"":1293,""New"":1295,""Reason"":3}"
58866450,"{""Old"":1305,""New"":1307,""Reason"":3}"
22438308,"{""Old"":80238,""New"":80240,""Reason"":3}"
45548775,"{""Old"":2357,""New"":2359,""Reason"":3}"
63260967,"{""Old"":1094,""New"":1112,""Reason"":3}"
79772344,"{""Old"":194,""New"":198,""Reason"":3}"
68764292,"{""Old"":3176,""New"":3178,""Reason"":3}"
68764292,"{""Old"":3174,""New"":3176,""Reason"":3}"
75330447,"{""Old"":1159,""New"":1161,""Reason"":3}"
20074257,"{""Old"":1613,""New"":1615,""Reason"":3}"
20074257,"{""Old"":1652,""New"":1654,""Reason"":3}"
7498839,"{""Old"":41,""New"":43,""Reason"":3}"
8883313,"{""Old"":23080,""New"":23082,""Reason"":3}"
62211123,"{""Old"":779,""New"":781,""Reason"":3}"
25225869,"{""Old"":8110,""New"":8120,""Reason"":3}"
25225869,"{""Old"":7837,""New"":7847,""Reason"":3}"
25225869,"{""Old"":8275,""New"":8285,""Reason"":3}"
25225869,"{""Old"":8562,""New"":8572,""Reason"":3}"
25225869,"{""Old"":10479,""New"":10489,""Reason"":3}"
25225869,"{""Old"":10744,""New"":10754,""Reason"":3}"
25225869,"{""Old"":7186,""New"":7196,""Reason"":3}"
25225869,"{""Old"":10158,""New"":10178,""Reason"":3}"
25225869,"{""Old"":4320,""New"":4330,""Reason"":3}"
25225869,"{""Old"":10843,""New"":10853,""Reason"":3}"
75330447,"{""Old"":1281,""New"":1283,""Reason"":3}"
42817421,"{""Old"":19934,""New"":19936,""Reason"":3}"
60702281,"{""Old"":912,""New"":914,""Reason"":3}"
42817421,"{""Old"":20465,""New"":20475,""Reason"":3}"
42817421,"{""Old"":20502,""New"":20504,""Reason"":3}"
42817421,"{""Old"":20542,""New"":20544,""Reason"":3}"
42817421,"{""Old"":21212,""New"":21214,""Reason"":3}"
84957257,"{""Old"":27589,""New"":27591,""Reason"":3}"
84238642,"{""Old"":1467,""New"":1469,""Reason"":3}"
79772344,"{""Old"":232,""New"":234,""Reason"":3}"
38804811,"{""Old"":1757,""New"":1759,""Reason"":3}"
38804811,"{""Old"":1798,""New"":1800,""Reason"":3}"
19005457,"{""Old"":4624,""New"":4626,""Reason"":3}"
68323524,"{""Old"":1011,""New"":1015,""Reason"":3}"
24196485,"{""Old"":53202,""New"":53212,""Reason"":3}"
23829638,"{""Old"":1360,""New"":1362,""Reason"":3}"
22035132,"{""Old"":51,""New"":53,""Reason"":3}"
32281739,"{""Old"":3619,""New"":3623,""Reason"":3}"
39090702,"{""Old"":1226,""New"":1228,""Reason"":3}"
23829638,"{""Old"":1334,""New"":1336,""Reason"":3}"
23829638,"{""Old"":1435,""New"":1445,""Reason"":3}"
55843654,"{""Old"":24788,""New"":24790,""Reason"":3}"
55843654,"{""Old"":24794,""New"":24796,""Reason"":3}"
55843654,"{""Old"":24764,""New"":24766,""Reason"":3}"
8883313,"{""Old"":23045,""New"":23047,""Reason"":3}"
53950953,"{""Old"":1582,""New"":1584,""Reason"":3}"
53950953,"{""Old"":1604,""New"":1606,""Reason"":3}"
53950953,"{""Old"":1361,""New"":1363,""Reason"":3}"
23829638,"{""Old"":1295,""New"":1305,""Reason"":3}"
23829638,"{""Old"":1207,""New"":1209,""Reason"":3}"
8159597,"{""Old"":39393,""New"":39395,""Reason"":3}"
8159597,"{""Old"":39473,""New"":39493,""Reason"":3}"
8159597,"{""Old"":39421,""New"":39431,""Reason"":3}"
67316961,"{""Old"":2337,""New"":2339,""Reason"":3}"
24196485,"{""Old"":53246,""New"":53256,""Reason"":3}"
25491019,"{""Old"":770,""New"":772,""Reason"":3}"
25491019,"{""Old"":755,""New"":757,""Reason"":3}"
49833858,"{""Old"":2103,""New"":2105,""Reason"":3}"
8128487,"{""Old"":303,""New"":305,""Reason"":3}"
8128487,"{""Old"":356,""New"":358,""Reason"":3}"
25225869,"{""Old"":7221,""New"":7231,""Reason"":3}"
25225869,"{""Old"":7897,""New"":7907,""Reason"":3}"
25225869,"{""Old"":7919,""New"":7929,""Reason"":3}"
25225869,"{""Old"":3340,""New"":3342,""Reason"":3}"
25225869,"{""Old"":4090,""New"":4100,""Reason"":3}"
25225869,"{""Old"":6226,""New"":6236,""Reason"":3}"
25225869,"{""Old"":6671,""New"":6673,""Reason"":3}"
25225869,"{""Old"":6779,""New"":6789,""Reason"":3}"
34592975,"{""Old"":2310,""New"":2312,""Reason"":3}"
34592975,"{""Old"":2231,""New"":2233,""Reason"":3}"
34592975,"{""Old"":2110,""New"":2112,""Reason"":3}"
82785902,"{""Old"":83705,""New"":83707,""Reason"":3}"
82785902,"{""Old"":83845,""New"":83855,""Reason"":3}"
82785902,"{""Old"":83887,""New"":83889,""Reason"":3}"
82785902,"{""Old"":82791,""New"":82793,""Reason"":3}"
82785902,"{""Old"":83027,""New"":83029,""Reason"":3}"
220553191,"{""Old"":37444,""New"":37496,""Reason"":3}"
25225869,"{""Old"":3241,""New"":3243,""Reason"":3}"
25225869,"{""Old"":3845,""New"":3855,""Reason"":3}"
25225869,"{""Old"":4690,""New"":4700,""Reason"":3}"
25225869,"{""Old"":4935,""New"":4945,""Reason"":3}"
25225869,"{""Old"":5621,""New"":5631,""Reason"":3}"
25225869,"{""Old"":5816,""New"":5826,""Reason"":3}"
25225869,"{""Old"":6956,""New"":6966,""Reason"":3}"
47462189,"{""Old"":39,""New"":41,""Reason"":3}"
9458438,"{""Old"":946,""New"":948,""Reason"":3}"
45548775,"{""Old"":2347,""New"":2349,""Reason"":3}"
65596150,"{""Old"":343,""New"":345,""Reason"":3}"
11534557,"{""Old"":652057,""New"":652067,""Reason"":3}"
11534557,"{""Old"":652604,""New"":652614,""Reason"":3}"
58866450,"{""Old"":1331,""New"":1341,""Reason"":3}"
25225869,"{""Old"":10404,""New"":10414,""Reason"":3}"
25225869,"{""Old"":10791,""New"":10801,""Reason"":3}"
25225869,"{""Old"":5866,""New"":5876,""Reason"":3}"
37621689,"{""Old"":2201,""New"":2203,""Reason"":3}"
82785902,"{""Old"":83921,""New"":83931,""Reason"":3}"
218390057,"{""Old"":469,""New"":471,""Reason"":3}"
8873732,"{""Old"":31772,""New"":31774,""Reason"":3}"
46817988,"{""Old"":1053,""New"":1055,""Reason"":3}"
46817988,"{""Old"":1126,""New"":1128,""Reason"":3}"
75835433,"{""Old"":891,""New"":893,""Reason"":3}"
42817421,"{""Old"":20512,""New"":20514,""Reason"":3}"
42817421,"{""Old"":20520,""New"":20530,""Reason"":3}"
39412888,"{""Old"":19756,""New"":19758,""Reason"":3}"
39412888,"{""Old"":19720,""New"":19722,""Reason"":3}"
39412888,"{""Old"":19999,""New"":20009,""Reason"":3}"
39412888,"{""Old"":19395,""New"":19397,""Reason"":3}"
39412888,"{""Old"":19294,""New"":19296,""Reason"":3}"
39412888,"{""Old"":19558,""New"":19560,""Reason"":3}"
39412888,"{""Old"":19638,""New"":19640,""Reason"":3}"
39412888,"{""Old"":20123,""New"":20133,""Reason"":3}"
38804811,"{""Old"":1775,""New"":1777,""Reason"":3}"
6454041,"{""Old"":217055,""New"":217057,""Reason"":3}"
25491019,"{""Old"":954,""New"":956,""Reason"":3}"
7394435,"{""Old"":1241,""New"":1251,""Reason"":3}"
79776397,"{""Old"":322,""New"":324,""Reason"":3}"
7833779,"{""Old"":122,""New"":124,""Reason"":3}"
56031221,"{""Old"":507,""New"":509,""Reason"":3}"
25491019,"{""Old"":637,""New"":639,""Reason"":3}"
7394435,"{""Old"":1235,""New"":1237,""Reason"":3}"
71253075,"{""Old"":794,""New"":804,""Reason"":3}"
25491019,"{""Old"":795,""New"":797,""Reason"":3}"
11534557,"{""Old"":652814,""New"":652824,""Reason"":3}"
25491019,"{""Old"":602,""New"":604,""Reason"":3}"
25491019,"{""Old"":729,""New"":731,""Reason"":3}"
11534557,"{""Old"":652694,""New"":652704,""Reason"":3}"
58164604,"{""Old"":645,""New"":647,""Reason"":3}"
39412888,"{""Old"":19872,""New"":19874,""Reason"":3}"
42817421,"{""Old"":21421,""New"":21431,""Reason"":3}"
39412888,"{""Old"":20009,""New"":20011,""Reason"":3}"
42817421,"{""Old"":21443,""New"":21453,""Reason"":3}"
42817421,"{""Old"":21620,""New"":21630,""Reason"":3}"
39412888,"{""Old"":20206,""New"":20208,""Reason"":3}"
39412888,"{""Old"":19471,""New"":19473,""Reason"":3}"
39412888,"{""Old"":19536,""New"":19538,""Reason"":3}"
39412888,"{""Old"":19792,""New"":19794,""Reason"":3}"
39412888,"{""Old"":20057,""New"":20059,""Reason"":3}"
39412888,"{""Old"":20107,""New"":20109,""Reason"":3}"
75330447,"{""Old"":1202,""New"":1204,""Reason"":3}"
75330447,"{""Old"":1258,""New"":1260,""Reason"":3}"
46817988,"{""Old"":1040,""New"":1042,""Reason"":3}"
82785902,"{""Old"":83570,""New"":83572,""Reason"":3}"
25491019,"{""Old"":449,""New"":451,""Reason"":3}"
25491019,"{""Old"":108,""New"":110,""Reason"":3}"
25491019,"{""Old"":624,""New"":634,""Reason"":3}"
25491019,"{""Old"":317,""New"":319,""Reason"":3}"
25491019,"{""Old"":982,""New"":984,""Reason"":3}"
25491019,"{""Old"":521,""New"":523,""Reason"":3}"
25491019,"{""Old"":596,""New"":598,""Reason"":3}"
25491019,"{""Old"":653,""New"":655,""Reason"":3}"
25491019,"{""Old"":747,""New"":749,""Reason"":3}"
25491019,"{""Old"":751,""New"":753,""Reason"":3}"
82785902,"{""Old"":83857,""New"":83867,""Reason"":3}"
58866450,"{""Old"":1349,""New"":1359,""Reason"":3}"
25491019,"{""Old"":371,""New"":373,""Reason"":3}"
82785902,"{""Old"":82582,""New"":82584,""Reason"":3}"
82785902,"{""Old"":83452,""New"":83456,""Reason"":3}"
82785902,"{""Old"":83709,""New"":83711,""Reason"":3}"
82785902,"{""Old"":83251,""New"":83253,""Reason"":3}"
82785902,"{""Old"":83867,""New"":83871,""Reason"":3}"
25491019,"{""Old"":781,""New"":783,""Reason"":3}"
25491019,"{""Old"":881,""New"":891,""Reason"":3}"
25491019,"{""Old"":367,""New"":369,""Reason"":3}"
25491019,"{""Old"":444,""New"":446,""Reason"":3}"
82785902,"{""Old"":82735,""New"":82737,""Reason"":3}"
82785902,"{""Old"":83108,""New"":83110,""Reason"":3}"
82785902,"{""Old"":83218,""New"":83220,""Reason"":3}"
82785902,"{""Old"":83823,""New"":83825,""Reason"":3}"
25491019,"{""Old"":549,""New"":551,""Reason"":3}"
25491019,"{""Old"":493,""New"":497,""Reason"":3}"
79164685,"{""Old"":470,""New"":472,""Reason"":3}"
25491019,"{""Old"":779,""New"":781,""Reason"":3}"
25491019,"{""Old"":799,""New"":801,""Reason"":3}"
25491019,"{""Old"":919,""New"":921,""Reason"":3}"
82785902,"{""Old"":82922,""New"":82924,""Reason"":3}"
82785902,"{""Old"":83889,""New"":83891,""Reason"":3}"
65596150,"{""Old"":345,""New"":347,""Reason"":3}"
6454041,"{""Old"":219333,""New"":219335,""Reason"":3}"
39412888,"{""Old"":19931,""New"":19933,""Reason"":3}"
39412888,"{""Old"":20063,""New"":20065,""Reason"":3}"
39412888,"{""Old"":20091,""New"":20097,""Reason"":3}"
75330447,"{""Old"":1617,""New"":1619,""Reason"":3}"
42817421,"{""Old"":20534,""New"":20536,""Reason"":3}"
42817421,"{""Old"":21431,""New"":21433,""Reason"":3}"
42817421,"{""Old"":21482,""New"":21484,""Reason"":3}"
42817421,"{""Old"":20546,""New"":20556,""Reason"":3}"
39412888,"{""Old"":19460,""New"":19462,""Reason"":3}"
39412888,"{""Old"":19526,""New"":19530,""Reason"":3}"
75330447,"{""Old"":1156,""New"":1158,""Reason"":3}"
75330447,"{""Old"":1652,""New"":1654,""Reason"":3}"
75330447,"{""Old"":1630,""New"":1632,""Reason"":3}"
42817421,"{""Old"":20407,""New"":20409,""Reason"":3}"
42817421,"{""Old"":20518,""New"":20520,""Reason"":3}"
42817421,"{""Old"":21332,""New"":21334,""Reason"":3}"
42817421,"{""Old"":21453,""New"":21455,""Reason"":3}"
203961613,"{""Old"":2788,""New"":2790,""Reason"":3}"
22435751,"{""Old"":23122,""New"":23124,""Reason"":3}"
38804811,"{""Old"":1769,""New"":1771,""Reason"":3}"
39412888,"{""Old"":19530,""New"":19532,""Reason"":3}"
39412888,"{""Old"":19858,""New"":19860,""Reason"":3}"
39412888,"{""Old"":20103,""New"":20105,""Reason"":3}"
39412888,"{""Old"":20196,""New"":20206,""Reason"":3}"
39412888,"{""Old"":19550,""New"":19556,""Reason"":3}"
39412888,"{""Old"":20059,""New"":20061,""Reason"":3}"
39412888,"{""Old"":20097,""New"":20099,""Reason"":3}"
39412888,"{""Old"":19740,""New"":19742,""Reason"":3}"
39412888,"{""Old"":19866,""New"":19870,""Reason"":3}"
39412888,"{""Old"":20079,""New"":20081,""Reason"":3}"
39412888,"{""Old"":20117,""New"":20121,""Reason"":3}"
39412888,"{""Old"":20055,""New"":20057,""Reason"":3}"
39412888,"{""Old"":19500,""New"":19502,""Reason"":3}"
73578276,"{""Old"":338,""New"":340,""Reason"":3}"
39412888,"{""Old"":19520,""New"":19522,""Reason"":3}"
39412888,"{""Old"":20167,""New"":20177,""Reason"":3}"
39412888,"{""Old"":19780,""New"":19782,""Reason"":3}"
39412888,"{""Old"":20137,""New"":20139,""Reason"":3}"
39412888,"{""Old"":19766,""New"":19768,""Reason"":3}"
39412888,"{""Old"":19925,""New"":19927,""Reason"":3}"
39412888,"{""Old"":20019,""New"":20021,""Reason"":3}"
39412888,"{""Old"":20177,""New"":20181,""Reason"":3}"
39412888,"{""Old"":19292,""New"":19294,""Reason"":3}"
75330447,"{""Old"":1606,""New"":1608,""Reason"":3}"
75330447,"{""Old"":1611,""New"":1613,""Reason"":3}"
41823185,"{""Old"":450,""New"":452,""Reason"":3}"
17523263,"{""Old"":1639,""New"":1641,""Reason"":3}"
8128487,"{""Old"":218,""New"":220,""Reason"":3}"
8128487,"{""Old"":255,""New"":259,""Reason"":3}"
8128487,"{""Old"":378,""New"":380,""Reason"":3}"
25225869,"{""Old"":10596,""New"":10616,""Reason"":3}"
25225869,"{""Old"":4120,""New"":4130,""Reason"":3}"
25225869,"{""Old"":4277,""New"":4287,""Reason"":3}"
25225869,"{""Old"":6331,""New"":6341,""Reason"":3}"
34592975,"{""Old"":2088,""New"":2090,""Reason"":3}"
37621689,"{""Old"":2182,""New"":2184,""Reason"":3}"
61452615,"{""Old"":1924,""New"":1926,""Reason"":3}"
61452615,"{""Old"":1934,""New"":1936,""Reason"":3}"
61452615,"{""Old"":1926,""New"":1928,""Reason"":3}"
61452615,"{""Old"":1936,""New"":1938,""Reason"":3}"
34592975,"{""Old"":2290,""New"":2292,""Reason"":3}"
37621689,"{""Old"":2189,""New"":2191,""Reason"":3}"
46817988,"{""Old"":1083,""New"":1085,""Reason"":3}"
46817988,"{""Old"":1091,""New"":1093,""Reason"":3}"
41823185,"{""Old"":426,""New"":436,""Reason"":3}"
42402836,"{""Old"":239,""New"":245,""Reason"":3}"
42402836,"{""Old"":204,""New"":206,""Reason"":3}"
6634097,"{""Old"":233,""New"":235,""Reason"":3}"
8128487,"{""Old"":281,""New"":283,""Reason"":3}"
8128487,"{""Old"":354,""New"":356,""Reason"":3}"
7833779,"{""Old"":56,""New"":58,""Reason"":3}"
25225869,"{""Old"":5981,""New"":5991,""Reason"":3}"
25225869,"{""Old"":8756,""New"":8766,""Reason"":3}"
25225869,"{""Old"":5401,""New"":5411,""Reason"":3}"
25225869,"{""Old"":8674,""New"":8684,""Reason"":3}"
25225869,"{""Old"":8736,""New"":8746,""Reason"":3}"
25225869,"{""Old"":8130,""New"":8140,""Reason"":3}"
25225869,"{""Old"":8465,""New"":8475,""Reason"":3}"
8128487,"{""Old"":271,""New"":273,""Reason"":3}"
25225869,"{""Old"":2995,""New"":2997,""Reason"":3}"
25225869,"{""Old"":8315,""New"":8325,""Reason"":3}"
25225869,"{""Old"":5876,""New"":5886,""Reason"":3}"
25225869,"{""Old"":6161,""New"":6171,""Reason"":3}"
25225869,"{""Old"":6684,""New"":6694,""Reason"":3}"
25225869,"{""Old"":6759,""New"":6769,""Reason"":3}"
25225869,"{""Old"":6976,""New"":6986,""Reason"":3}"
25225869,"{""Old"":5451,""New"":5471,""Reason"":3}"
25225869,"{""Old"":6789,""New"":6799,""Reason"":3}"
25225869,"{""Old"":7036,""New"":7046,""Reason"":3}"
44659425,"{""Old"":308,""New"":310,""Reason"":3}"
25225869,"{""Old"":8706,""New"":8716,""Reason"":3}"
6634097,"{""Old"":217,""New"":219,""Reason"":3}"
42402836,"{""Old"":231,""New"":233,""Reason"":3}"
7833779,"{""Old"":93,""New"":95,""Reason"":3}"
8128487,"{""Old"":177,""New"":179,""Reason"":3}"
25225869,"{""Old"":5201,""New"":5211,""Reason"":3}"
75899123,"{""Old"":1727,""New"":1731,""Reason"":3}"
49833858,"{""Old"":2058,""New"":2060,""Reason"":3}"
75899123,"{""Old"":1749,""New"":1751,""Reason"":3}"
75899123,"{""Old"":1733,""New"":1735,""Reason"":3}"
75899123,"{""Old"":1780,""New"":1782,""Reason"":3}"
30344310,"{""Old"":18705,""New"":18707,""Reason"":3}"
49833858,"{""Old"":2052,""New"":2054,""Reason"":3}"
49833858,"{""Old"":2056,""New"":2058,""Reason"":3}"
6634097,"{""Old"":229,""New"":231,""Reason"":3}"
41823185,"{""Old"":353,""New"":355,""Reason"":3}"
43996202,"{""Old"":646,""New"":648,""Reason"":3}"
75899123,"{""Old"":1756,""New"":1758,""Reason"":3}"
67962623,"{""Old"":4293,""New"":4295,""Reason"":3}"
38804811,"{""Old"":1811,""New"":1813,""Reason"":3}"
54690443,"{""Old"":2935,""New"":2937,""Reason"":3}"
42402836,"{""Old"":144,""New"":146,""Reason"":3}"
41823185,"{""Old"":389,""New"":391,""Reason"":3}"
41823185,"{""Old"":351,""New"":353,""Reason"":3}"
41823185,"{""Old"":371,""New"":373,""Reason"":3}"
41823185,"{""Old"":387,""New"":389,""Reason"":3}"
14505095,"{""Old"":6288,""New"":6290,""Reason"":3}"
9338034,"{""Old"":15576,""New"":15578,""Reason"":3}"
9290862,"{""Old"":1180,""New"":1182,""Reason"":3}"
70142578,"{""Old"":1471,""New"":1481,""Reason"":3}"
14597583,"{""Old"":34751,""New"":34753,""Reason"":3}"
19448494,"{""Old"":5959,""New"":5961,""Reason"":3}"
19448494,"{""Old"":6231,""New"":6233,""Reason"":3}"
19448494,"{""Old"":6323,""New"":6325,""Reason"":3}"
19448494,"{""Old"":6453,""New"":6455,""Reason"":3}"
19448494,"{""Old"":6339,""New"":6349,""Reason"":3}"
4960804,"{""Old"":852,""New"":854,""Reason"":3}"
9338034,"{""Old"":14993,""New"":14995,""Reason"":3}"
66761693,"{""Old"":359,""New"":361,""Reason"":3}"
212430974,"{""Old"":709,""New"":719,""Reason"":3}"
212430974,"{""Old"":721,""New"":723,""Reason"":3}"
23977682,"{""Old"":318,""New"":330,""Reason"":3}"
72812605,"{""Old"":1023,""New"":1025,""Reason"":3}"
9338034,"{""Old"":15464,""New"":15474,""Reason"":3}"
9338034,"{""Old"":15556,""New"":15566,""Reason"":3}"
9338034,"{""Old"":15588,""New"":15590,""Reason"":3}"
38434189,"{""Old"":3578,""New"":3588,""Reason"":3}"
38434189,"{""Old"":3422,""New"":3424,""Reason"":3}"
9290862,"{""Old"":1218,""New"":1228,""Reason"":3}"
4960804,"{""Old"":850,""New"":852,""Reason"":3}"
9338034,"{""Old"":15231,""New"":15233,""Reason"":3}"
9338034,"{""Old"":15416,""New"":15426,""Reason"":3}"
29194654,"{""Old"":1191,""New"":1193,""Reason"":3}"
23127774,"{""Old"":1992,""New"":1994,""Reason"":3}"
34115204,"{""Old"":1189,""New"":1191,""Reason"":3}"
220077315,"{""Old"":14645,""New"":14659,""Reason"":3}"
24196485,"{""Old"":53118,""New"":53128,""Reason"":3}"
19981811,"{""Old"":295952,""New"":295954,""Reason"":3}"
14505095,"{""Old"":6318,""New"":6320,""Reason"":3}"
9338034,"{""Old"":15428,""New"":15430,""Reason"":3}"
73474771,"{""Old"":84265,""New"":84275,""Reason"":3}"
73474771,"{""Old"":83806,""New"":83808,""Reason"":3}"
73474771,"{""Old"":84361,""New"":84363,""Reason"":3}"
30733083,"{""Old"":153,""New"":155,""Reason"":3}"
206036557,"{""Old"":2818,""New"":2820,""Reason"":3}"
206036557,"{""Old"":2904,""New"":2906,""Reason"":3}"
23127774,"{""Old"":1855,""New"":1857,""Reason"":3}"
23127774,"{""Old"":1968,""New"":1978,""Reason"":3}"
24938363,"{""Old"":111,""New"":113,""Reason"":3}"
206036557,"{""Old"":2783,""New"":2785,""Reason"":3}"
206036557,"{""Old"":2906,""New"":2908,""Reason"":3}"
206036557,"{""Old"":2878,""New"":2880,""Reason"":3}"
203470901,"{""Old"":3115,""New"":3117,""Reason"":3}"
71253075,"{""Old"":896,""New"":898,""Reason"":3}"
4861422,"{""Old"":3601,""New"":3603,""Reason"":3}"
4861422,"{""Old"":3591,""New"":3601,""Reason"":3}"
19981811,"{""Old"":295954,""New"":295956,""Reason"":3}"
211534404,"{""Old"":420,""New"":422,""Reason"":3}"
54525546,"{""Old"":929,""New"":931,""Reason"":3}"
48300940,"{""Old"":15971,""New"":16001,""Reason"":3}"
48300940,"{""Old"":16011,""New"":16031,""Reason"":3}"
48300940,"{""Old"":19995,""New"":20005,""Reason"":3}"
48300940,"{""Old"":20077,""New"":20087,""Reason"":3}"
70142578,"{""Old"":1267,""New"":1269,""Reason"":3}"
6454041,"{""Old"":381578,""New"":381588,""Reason"":3}"
6454041,"{""Old"":381234,""New"":381236,""Reason"":3}"
38749156,"{""Old"":37724,""New"":37734,""Reason"":3}"
43717191,"{""Old"":285,""New"":287,""Reason"":3}"
38749156,"{""Old"":36289,""New"":36299,""Reason"":3}"
38749156,"{""Old"":37146,""New"":37156,""Reason"":3}"
38749156,"{""Old"":37388,""New"":37398,""Reason"":3}"
38749156,"{""Old"":37066,""New"":37076,""Reason"":3}"
38749156,"{""Old"":37306,""New"":37316,""Reason"":3}"
38749156,"{""Old"":36650,""New"":36660,""Reason"":3}"
38749156,"{""Old"":37226,""New"":37236,""Reason"":3}"
38749156,"{""Old"":36954,""New"":36964,""Reason"":3}"
14597583,"{""Old"":73863,""New"":73865,""Reason"":3}"
16849761,"{""Old"":9687,""New"":9697,""Reason"":3}"
16849761,"{""Old"":9594,""New"":9596,""Reason"":3}"
11930273,"{""Old"":2056,""New"":2058,""Reason"":3}"
16849761,"{""Old"":9614,""New"":9616,""Reason"":3}"
16849761,"{""Old"":9628,""New"":9630,""Reason"":3}"
16849761,"{""Old"":9685,""New"":9687,""Reason"":3}"
16849761,"{""Old"":9710,""New"":9712,""Reason"":3}"
11930273,"{""Old"":2021,""New"":2023,""Reason"":3}"
11930273,"{""Old"":2076,""New"":2078,""Reason"":3}"
11930273,"{""Old"":2088,""New"":2090,""Reason"":3}"
14597583,"{""Old"":73777,""New"":73779,""Reason"":3}"
14597583,"{""Old"":73783,""New"":73785,""Reason"":3}"
14597583,"{""Old"":73781,""New"":73783,""Reason"":3}"
208392743,"{""Old"":21540,""New"":21542,""Reason"":3}"
208392743,"{""Old"":21860,""New"":21862,""Reason"":3}"
38434189,"{""Old"":3548,""New"":3558,""Reason"":3}"
9338034,"{""Old"":14991,""New"":14993,""Reason"":3}"
9338034,"{""Old"":15496,""New"":15500,""Reason"":3}"
50064911,"{""Old"":1539,""New"":1541,""Reason"":3}"
9290862,"{""Old"":1192,""New"":1194,""Reason"":3}"
9338034,"{""Old"":14948,""New"":14950,""Reason"":3}"
84163378,"{""Old"":26,""New"":28,""Reason"":3}"
217941963,"{""Old"":12600,""New"":12602,""Reason"":3}"
48300940,"{""Old"":19633,""New"":19653,""Reason"":3}"
38749156,"{""Old"":36213,""New"":36223,""Reason"":3}"
38749156,"{""Old"":34554,""New"":34556,""Reason"":3}"
70142578,"{""Old"":705,""New"":707,""Reason"":3}"
70142578,"{""Old"":1012,""New"":1014,""Reason"":3}"
48300940,"{""Old"":21649,""New"":21669,""Reason"":3}"
48300940,"{""Old"":15480,""New"":15482,""Reason"":3}"
48300940,"{""Old"":14587,""New"":14589,""Reason"":3}"
48300940,"{""Old"":14931,""New"":14941,""Reason"":3}"
48300940,"{""Old"":15839,""New"":15849,""Reason"":3}"
48300940,"{""Old"":19293,""New"":19303,""Reason"":3}"
48300940,"{""Old"":14848,""New"":14850,""Reason"":3}"
48300940,"{""Old"":18069,""New"":18071,""Reason"":3}"
48300940,"{""Old"":18572,""New"":18582,""Reason"":3}"
48300940,"{""Old"":19955,""New"":19965,""Reason"":3}"
54525546,"{""Old"":905,""New"":907,""Reason"":3}"
48300940,"{""Old"":15063,""New"":15073,""Reason"":3}"
48300940,"{""Old"":17779,""New"":17789,""Reason"":3}"
48300940,"{""Old"":19975,""New"":19985,""Reason"":3}"
48300940,"{""Old"":20941,""New"":20943,""Reason"":3}"
48300940,"{""Old"":22111,""New"":22131,""Reason"":3}"
48300940,"{""Old"":23131,""New"":23141,""Reason"":3}"
48300940,"{""Old"":23121,""New"":23131,""Reason"":3}"
123430746,"{""Old"":369,""New"":371,""Reason"":3}"
12952120,"{""Old"":40,""New"":42,""Reason"":3}"
12952120,"{""Old"":82,""New"":84,""Reason"":3}"
4861422,"{""Old"":10043,""New"":10045,""Reason"":3}"
30733083,"{""Old"":137,""New"":139,""Reason"":3}"
30733083,"{""Old"":151,""New"":153,""Reason"":3}"
53207534,"{""Old"":2331,""New"":2335,""Reason"":3}"
53207534,"{""Old"":2339,""New"":2341,""Reason"":3}"
38434189,"{""Old"":3199,""New"":3209,""Reason"":3}"
9338034,"{""Old"":15566,""New"":15576,""Reason"":3}"
4960804,"{""Old"":862,""New"":864,""Reason"":3}"
14505095,"{""Old"":6290,""New"":6292,""Reason"":3}"
9338034,"{""Old"":15606,""New"":15616,""Reason"":3}"
14505095,"{""Old"":6310,""New"":6312,""Reason"":3}"
73474771,"{""Old"":83926,""New"":83928,""Reason"":3}"
62911328,"{""Old"":833,""New"":843,""Reason"":3}"
62911328,"{""Old"":973,""New"":975,""Reason"":3}"
62911328,"{""Old"":649,""New"":659,""Reason"":3}"
62911328,"{""Old"":676,""New"":678,""Reason"":3}"
62911328,"{""Old"":1232,""New"":1242,""Reason"":3}"
62911328,"{""Old"":571,""New"":573,""Reason"":3}"
23936089,"{""Old"":2413,""New"":2415,""Reason"":3}"
62911328,"{""Old"":1619,""New"":1621,""Reason"":3}"
38434189,"{""Old"":3633,""New"":3643,""Reason"":3}"
38434189,"{""Old"":3512,""New"":3522,""Reason"":3}"
4960804,"{""Old"":858,""New"":860,""Reason"":3}"
38434189,"{""Old"":3209,""New"":3219,""Reason"":3}"
38434189,"{""Old"":3286,""New"":3296,""Reason"":3}"
38434189,"{""Old"":3197,""New"":3199,""Reason"":3}"
38434189,"{""Old"":3353,""New"":3363,""Reason"":3}"
13631159,"{""Old"":34,""New"":36,""Reason"":3}"
208392743,"{""Old"":21134,""New"":21136,""Reason"":3}"
208392743,"{""Old"":21542,""New"":21544,""Reason"":3}"
208392743,"{""Old"":22157,""New"":22167,""Reason"":3}"
208392743,"{""Old"":21340,""New"":21342,""Reason"":3}"
11930273,"{""Old"":2082,""New"":2084,""Reason"":3}"
14597583,"{""Old"":73851,""New"":73853,""Reason"":3}"
38434189,"{""Old"":3246,""New"":3256,""Reason"":3}"
4960804,"{""Old"":854,""New"":856,""Reason"":3}"
38434189,"{""Old"":3621,""New"":3631,""Reason"":3}"
38434189,"{""Old"":3447,""New"":3457,""Reason"":3}"
38434189,"{""Old"":3510,""New"":3512,""Reason"":3}"
39713787,"{""Old"":203,""New"":205,""Reason"":3}"
71253075,"{""Old"":904,""New"":906,""Reason"":3}"
25491019,"{""Old"":1065,""New"":1067,""Reason"":3}"
208392743,"{""Old"":21536,""New"":21538,""Reason"":3}"
208392743,"{""Old"":21007,""New"":21009,""Reason"":3}"
208392743,"{""Old"":21510,""New"":21512,""Reason"":3}"
208392743,"{""Old"":21518,""New"":21520,""Reason"":3}"
208392743,"{""Old"":21532,""New"":21534,""Reason"":3}"
208392743,"{""Old"":21990,""New"":22000,""Reason"":3}"
208392743,"{""Old"":20958,""New"":20960,""Reason"":3}"
208392743,"{""Old"":22211,""New"":22221,""Reason"":3}"
208392743,"{""Old"":22280,""New"":22290,""Reason"":3}"
208392743,"{""Old"":21544,""New"":21546,""Reason"":3}"
208392743,"{""Old"":21558,""New"":21560,""Reason"":3}"
208392743,"{""Old"":21338,""New"":21340,""Reason"":3}"
208392743,"{""Old"":21980,""New"":21990,""Reason"":3}"
208392743,"{""Old"":21001,""New"":21003,""Reason"":3}"
208392743,"{""Old"":21686,""New"":21688,""Reason"":3}"
208392743,"{""Old"":22201,""New"":22211,""Reason"":3}"
208392743,"{""Old"":21516,""New"":21518,""Reason"":3}"
208392743,"{""Old"":21680,""New"":21682,""Reason"":3}"
14597583,"{""Old"":73857,""New"":73859,""Reason"":3}"
16849761,"{""Old"":9701,""New"":9703,""Reason"":3}"
12952120,"{""Old"":107,""New"":109,""Reason"":3}"
12952120,"{""Old"":50,""New"":52,""Reason"":3}"
14597583,"{""Old"":73773,""New"":73775,""Reason"":3}"
13540193,"{""Old"":576,""New"":580,""Reason"":3}"
13540193,"{""Old"":582,""New"":584,""Reason"":3}"
13540193,"{""Old"":672,""New"":674,""Reason"":3}"
13631159,"{""Old"":58,""New"":60,""Reason"":3}"
8815955,"{""Old"":41676,""New"":41686,""Reason"":3}"
8815955,"{""Old"":41646,""New"":41656,""Reason"":3}"
49504220,"{""Old"":1187,""New"":1189,""Reason"":3}"
16849761,"{""Old"":9642,""New"":9644,""Reason"":3}"
16849761,"{""Old"":9596,""New"":9598,""Reason"":3}"
208392743,"{""Old"":22095,""New"":22097,""Reason"":3}"
208392743,"{""Old"":20990,""New"":20992,""Reason"":3}"
208392743,"{""Old"":21003,""New"":21005,""Reason"":3}"
208392743,"{""Old"":21496,""New"":21498,""Reason"":3}"
208392743,"{""Old"":21566,""New"":21568,""Reason"":3}"
208392743,"{""Old"":21692,""New"":21702,""Reason"":3}"
208392743,"{""Old"":21948,""New"":21958,""Reason"":3}"
208392743,"{""Old"":21978,""New"":21980,""Reason"":3}"
208392743,"{""Old"":22113,""New"":22123,""Reason"":3}"
208392743,"{""Old"":21911,""New"":21921,""Reason"":3}"
82222467,"{""Old"":768,""New"":770,""Reason"":3}"
82222467,"{""Old"":640,""New"":642,""Reason"":3}"
82222467,"{""Old"":701,""New"":703,""Reason"":3}"
82222467,"{""Old"":868,""New"":870,""Reason"":3}"
62911328,"{""Old"":535,""New"":537,""Reason"":3}"
62911328,"{""Old"":573,""New"":583,""Reason"":3}"
73474771,"{""Old"":83798,""New"":83800,""Reason"":3}"
82222467,"{""Old"":711,""New"":713,""Reason"":3}"
82222467,"{""Old"":709,""New"":711,""Reason"":3}"
62911328,"{""Old"":1351,""New"":1353,""Reason"":3}"
62911328,"{""Old"":355,""New"":365,""Reason"":3}"
48300940,"{""Old"":15107,""New"":15109,""Reason"":3}"
48300940,"{""Old"":17485,""New"":17495,""Reason"":3}"
48300940,"{""Old"":17843,""New"":17845,""Reason"":3}"
54525546,"{""Old"":857,""New"":859,""Reason"":3}"
48300940,"{""Old"":18901,""New"":18921,""Reason"":3}"
48300940,"{""Old"":19403,""New"":19413,""Reason"":3}"
70142578,"{""Old"":1461,""New"":1471,""Reason"":3}"
48300940,"{""Old"":16608,""New"":16618,""Reason"":3}"
70142578,"{""Old"":674,""New"":676,""Reason"":3}"
70142578,"{""Old"":234,""New"":236,""Reason"":3}"
70142578,"{""Old"":639,""New"":641,""Reason"":3}"
70142578,"{""Old"":878,""New"":880,""Reason"":3}"
70142578,"{""Old"":206,""New"":208,""Reason"":3}"
71253075,"{""Old"":837,""New"":839,""Reason"":3}"
21271458,"{""Old"":2537,""New"":2539,""Reason"":3}"
34880338,"{""Old"":95,""New"":97,""Reason"":3}"
38434189,"{""Old"":3402,""New"":3412,""Reason"":3}"
42367164,"{""Old"":29126,""New"":29128,""Reason"":3}"
34115204,"{""Old"":1123,""New"":1125,""Reason"":3}"
8128487,"{""Old"":275,""New"":277,""Reason"":3}"
25225869,"{""Old"":7857,""New"":7877,""Reason"":3}"
25225869,"{""Old"":3165,""New"":3167,""Reason"":3}"
48300940,"{""Old"":18545,""New"":18555,""Reason"":3}"
48300940,"{""Old"":21875,""New"":21885,""Reason"":3}"
38749156,"{""Old"":37106,""New"":37116,""Reason"":3}"
38749156,"{""Old"":37196,""New"":37206,""Reason"":3}"
38749156,"{""Old"":35488,""New"":35490,""Reason"":3}"
38749156,"{""Old"":35496,""New"":35498,""Reason"":3}"
38749156,"{""Old"":35675,""New"":35677,""Reason"":3}"
38749156,"{""Old"":36802,""New"":36812,""Reason"":3}"
38749156,"{""Old"":37016,""New"":37026,""Reason"":3}"
38749156,"{""Old"":37056,""New"":37066,""Reason"":3}"
38749156,"{""Old"":37236,""New"":37246,""Reason"":3}"
70142578,"{""Old"":1189,""New"":1199,""Reason"":3}"
70142578,"{""Old"":1388,""New"":1398,""Reason"":3}"
70142578,"{""Old"":451,""New"":453,""Reason"":3}"
70142578,"{""Old"":800,""New"":802,""Reason"":3}"
70142578,"{""Old"":676,""New"":678,""Reason"":3}"
38749156,"{""Old"":37458,""New"":37468,""Reason"":3}"
38749156,"{""Old"":37607,""New"":37617,""Reason"":3}"
38749156,"{""Old"":35416,""New"":35418,""Reason"":3}"
38749156,"{""Old"":35990,""New"":36000,""Reason"":3}"
38749156,"{""Old"":37096,""New"":37106,""Reason"":3}"
38749156,"{""Old"":34735,""New"":34737,""Reason"":3}"
38749156,"{""Old"":37126,""New"":37136,""Reason"":3}"
38749156,"{""Old"":33912,""New"":33914,""Reason"":3}"
12952120,"{""Old"":219,""New"":223,""Reason"":3}"
38434189,"{""Old"":3386,""New"":3396,""Reason"":3}"
39713787,"{""Old"":275,""New"":277,""Reason"":3}"
9290862,"{""Old"":1206,""New"":1208,""Reason"":3}"
9290862,"{""Old"":1182,""New"":1184,""Reason"":3}"
19448494,"{""Old"":6279,""New"":6289,""Reason"":3}"
19448494,"{""Old"":6401,""New"":6421,""Reason"":3}"
19448494,"{""Old"":6233,""New"":6235,""Reason"":3}"
19448494,"{""Old"":6241,""New"":6243,""Reason"":3}"
19448494,"{""Old"":6376,""New"":6378,""Reason"":3}"
212231825,"{""Old"":331,""New"":333,""Reason"":3}"
208392743,"{""Old"":21678,""New"":21680,""Reason"":3}"
208392743,"{""Old"":21946,""New"":21948,""Reason"":3}"
208392743,"{""Old"":22097,""New"":22107,""Reason"":3}"
208392743,"{""Old"":21500,""New"":21502,""Reason"":3}"
208392743,"{""Old"":22169,""New"":22179,""Reason"":3}"
212231825,"{""Old"":329,""New"":331,""Reason"":3}"
49504220,"{""Old"":1170,""New"":1172,""Reason"":3}"
11930273,"{""Old"":2098,""New"":2108,""Reason"":3}"
16849761,"{""Old"":9811,""New"":9813,""Reason"":3}"
24196485,"{""Old"":101778,""New"":101782,""Reason"":3}"
22689590,"{""Old"":785,""New"":795,""Reason"":3}"
14735155,"{""Old"":9208,""New"":9210,""Reason"":3}"
12952120,"{""Old"":64,""New"":66,""Reason"":3}"
12952120,"{""Old"":140,""New"":142,""Reason"":3}"
73076858,"{""Old"":11195,""New"":11197,""Reason"":3}"
79359273,"{""Old"":512,""New"":524,""Reason"":3}"
9290862,"{""Old"":1228,""New"":1230,""Reason"":3}"
45310161,"{""Old"":2608,""New"":2610,""Reason"":3}"
6454041,"{""Old"":381416,""New"":381426,""Reason"":3}"
6454041,"{""Old"":381640,""New"":381660,""Reason"":3}"
12952120,"{""Old"":212,""New"":214,""Reason"":3}"
42817421,"{""Old"":21746,""New"":21756,""Reason"":3}"
11040745,"{""Old"":1071,""New"":1073,""Reason"":3}"
27383301,"{""Old"":5525,""New"":5527,""Reason"":3}"
208392743,"{""Old"":21546,""New"":21548,""Reason"":3}"
208392743,"{""Old"":21688,""New"":21690,""Reason"":3}"
208392743,"{""Old"":21574,""New"":21576,""Reason"":3}"
208392743,"{""Old"":21862,""New"":21864,""Reason"":3}"
208392743,"{""Old"":21602,""New"":21604,""Reason"":3}"
16849761,"{""Old"":9809,""New"":9811,""Reason"":3}"
73875235,"{""Old"":352,""New"":354,""Reason"":3}"
37537706,"{""Old"":368,""New"":372,""Reason"":3}"
59134318,"{""Old"":103,""New"":105,""Reason"":3}"
59134318,"{""Old"":120,""New"":122,""Reason"":3}"
59134318,"{""Old"":142,""New"":144,""Reason"":3}"
81432331,"{""Old"":313,""New"":315,""Reason"":3}"
3781116,"{""Old"":1849,""New"":1851,""Reason"":3}"
81432331,"{""Old"":274,""New"":276,""Reason"":3}"
81432331,"{""Old"":216,""New"":218,""Reason"":3}"
81432331,"{""Old"":298,""New"":302,""Reason"":3}"
21271458,"{""Old"":2779,""New"":2781,""Reason"":3}"
8815955,"{""Old"":41428,""New"":41430,""Reason"":3}"
8815955,"{""Old"":42420,""New"":42430,""Reason"":3}"
8815955,"{""Old"":41212,""New"":41230,""Reason"":3}"
8815955,"{""Old"":41908,""New"":41918,""Reason"":3}"
8815955,"{""Old"":41996,""New"":42006,""Reason"":3}"
8815955,"{""Old"":41256,""New"":41258,""Reason"":3}"
8815955,"{""Old"":41818,""New"":41828,""Reason"":3}"
8815955,"{""Old"":42490,""New"":42510,""Reason"":3}"
8815955,"{""Old"":42560,""New"":42562,""Reason"":3}"
8815955,"{""Old"":41858,""New"":41868,""Reason"":3}"
8815955,"{""Old"":42340,""New"":42360,""Reason"":3}"
8815955,"{""Old"":42440,""New"":42470,""Reason"":3}"
8815955,"{""Old"":42948,""New"":42958,""Reason"":3}"
8815955,"{""Old"":41442,""New"":41452,""Reason"":3}"
8815955,"{""Old"":42066,""New"":42076,""Reason"":3}"
212231825,"{""Old"":326,""New"":328,""Reason"":3}"
208392743,"{""Old"":21934,""New"":21936,""Reason"":3}"
11930273,"{""Old"":2084,""New"":2086,""Reason"":3}"
6454041,"{""Old"":381308,""New"":381318,""Reason"":3}"
48300940,"{""Old"":21383,""New"":21393,""Reason"":3}"
48300940,"{""Old"":22975,""New"":22977,""Reason"":3}"
48300940,"{""Old"":21131,""New"":21141,""Reason"":3}"
48300940,"{""Old"":21739,""New"":21749,""Reason"":3}"
48300940,"{""Old"":22291,""New"":22301,""Reason"":3}"
48300940,"{""Old"":22443,""New"":22463,""Reason"":3}"
48300940,"{""Old"":21853,""New"":21855,""Reason"":3}"
48300940,"{""Old"":21463,""New"":21465,""Reason"":3}"
48300940,"{""Old"":20901,""New"":20911,""Reason"":3}"
48300940,"{""Old"":22225,""New"":22235,""Reason"":3}"
48300940,"{""Old"":22617,""New"":22619,""Reason"":3}"
54525546,"{""Old"":890,""New"":892,""Reason"":3}"
54525546,"{""Old"":909,""New"":919,""Reason"":3}"
48300940,"{""Old"":22629,""New"":22639,""Reason"":3}"
48300940,"{""Old"":22843,""New"":22853,""Reason"":3}"
31952856,"{""Old"":1981,""New"":1991,""Reason"":3}"
19448494,"{""Old"":6379,""New"":6389,""Reason"":3}"
31952856,"{""Old"":1704,""New"":1706,""Reason"":3}"
31952856,"{""Old"":1739,""New"":1749,""Reason"":3}"
31952856,"{""Old"":1969,""New"":1971,""Reason"":3}"
31952856,"{""Old"":1773,""New"":1775,""Reason"":3}"
31952856,"{""Old"":2638,""New"":2640,""Reason"":3}"
40671256,"{""Old"":7077,""New"":7079,""Reason"":3}"
62911328,"{""Old"":1463,""New"":1473,""Reason"":3}"
41790442,"{""Old"":1799,""New"":1801,""Reason"":3}"
73474771,"{""Old"":82228,""New"":82230,""Reason"":3}"
38319980,"{""Old"":172045,""New"":172055,""Reason"":3}"
212430974,"{""Old"":740,""New"":742,""Reason"":3}"
212430974,"{""Old"":668,""New"":670,""Reason"":3}"
212430974,"{""Old"":679,""New"":689,""Reason"":3}"
212430974,"{""Old"":670,""New"":672,""Reason"":3}"
212430974,"{""Old"":677,""New"":679,""Reason"":3}"
212430974,"{""Old"":742,""New"":744,""Reason"":3}"
34115204,"{""Old"":1222,""New"":1232,""Reason"":3}"
212430974,"{""Old"":703,""New"":705,""Reason"":3}"
212430974,"{""Old"":746,""New"":748,""Reason"":3}"
40671256,"{""Old"":6607,""New"":6609,""Reason"":3}"
40671256,"{""Old"":6995,""New"":6997,""Reason"":3}"
34115204,"{""Old"":1206,""New"":1216,""Reason"":3}"
13540193,"{""Old"":574,""New"":576,""Reason"":3}"
13540193,"{""Old"":664,""New"":666,""Reason"":3}"
13540193,"{""Old"":694,""New"":696,""Reason"":3}"
13540193,"{""Old"":379,""New"":381,""Reason"":3}"
13540193,"{""Old"":726,""New"":728,""Reason"":3}"
13540193,"{""Old"":686,""New"":688,""Reason"":3}"
8815955,"{""Old"":41258,""New"":41260,""Reason"":3}"
48300940,"{""Old"":21639,""New"":21649,""Reason"":3}"
48300940,"{""Old"":22171,""New"":22173,""Reason"":3}"
48300940,"{""Old"":21729,""New"":21739,""Reason"":3}"
48300940,"{""Old"":18731,""New"":18771,""Reason"":3}"
54525546,"{""Old"":950,""New"":952,""Reason"":3}"
48300940,"{""Old"":20973,""New"":20983,""Reason"":3}"
48300940,"{""Old"":20953,""New"":20963,""Reason"":3}"
48300940,"{""Old"":21129,""New"":21131,""Reason"":3}"
48300940,"{""Old"":22719,""New"":22721,""Reason"":3}"
54525546,"{""Old"":870,""New"":872,""Reason"":3}"
48300940,"{""Old"":16568,""New"":16588,""Reason"":3}"
48300940,"{""Old"":17947,""New"":17967,""Reason"":3}"
48300940,"{""Old"":21679,""New"":21689,""Reason"":3}"
48300940,"{""Old"":22607,""New"":22617,""Reason"":3}"
48300940,"{""Old"":20983,""New"":21003,""Reason"":3}"
48300940,"{""Old"":21761,""New"":21771,""Reason"":3}"
48300940,"{""Old"":16061,""New"":16071,""Reason"":3}"
48300940,"{""Old"":20911,""New"":20921,""Reason"":3}"
48300940,"{""Old"":21023,""New"":21063,""Reason"":3}"
48300940,"{""Old"":21841,""New"":21851,""Reason"":3}"
48300940,"{""Old"":21997,""New"":22007,""Reason"":3}"
48300940,"{""Old"":22793,""New"":22803,""Reason"":3}"
48300940,"{""Old"":22875,""New"":22885,""Reason"":3}"
48300940,"{""Old"":16598,""New"":16608,""Reason"":3}"
48300940,"{""Old"":17340,""New"":17350,""Reason"":3}"
48300940,"{""Old"":18096,""New"":18098,""Reason"":3}"
48300940,"{""Old"":18624,""New"":18634,""Reason"":3}"
48300940,"{""Old"":19343,""New"":19363,""Reason"":3}"
48300940,"{""Old"":21115,""New"":21125,""Reason"":3}"
48300940,"{""Old"":21599,""New"":21609,""Reason"":3}"
48300940,"{""Old"":21749,""New"":21759,""Reason"":3}"
48300940,"{""Old"":22803,""New"":22813,""Reason"":3}"
48300940,"{""Old"":21453,""New"":21463,""Reason"":3}"
48300940,"{""Old"":22245,""New"":22255,""Reason"":3}"
38749156,"{""Old"":36484,""New"":36494,""Reason"":3}"
38749156,"{""Old"":36640,""New"":36650,""Reason"":3}"
48300940,"{""Old"":22279,""New"":22289,""Reason"":3}"
48300940,"{""Old"":22885,""New"":22895,""Reason"":3}"
54525546,"{""Old"":876,""New"":878,""Reason"":3}"
48300940,"{""Old"":21557,""New"":21567,""Reason"":3}"
38749156,"{""Old"":36570,""New"":36572,""Reason"":3}"
38749156,"{""Old"":35931,""New"":35933,""Reason"":3}"
38749156,"{""Old"":36494,""New"":36496,""Reason"":3}"
38749156,"{""Old"":36812,""New"":36822,""Reason"":3}"
38749156,"{""Old"":33918,""New"":33920,""Reason"":3}"
38749156,"{""Old"":35474,""New"":35476,""Reason"":3}"
38749156,"{""Old"":37276,""New"":37286,""Reason"":3}"
38749156,"{""Old"":35976,""New"":35986,""Reason"":3}"
38749156,"{""Old"":37136,""New"":37146,""Reason"":3}"
8128487,"{""Old"":364,""New"":366,""Reason"":3}"
38749156,"{""Old"":36752,""New"":36772,""Reason"":3}"
38749156,"{""Old"":37156,""New"":37166,""Reason"":3}"
38749156,"{""Old"":36199,""New"":36209,""Reason"":3}"
38749156,"{""Old"":37637,""New"":37639,""Reason"":3}"
38749156,"{""Old"":37714,""New"":37724,""Reason"":3}"
38749156,"{""Old"":36662,""New"":36682,""Reason"":3}"
38749156,"{""Old"":33910,""New"":33912,""Reason"":3}"
38749156,"{""Old"":36984,""New"":36986,""Reason"":3}"
38749156,"{""Old"":33928,""New"":33930,""Reason"":3}"
38749156,"{""Old"":37558,""New"":37568,""Reason"":3}"
38749156,"{""Old"":34500,""New"":34502,""Reason"":3}"
38749156,"{""Old"":35472,""New"":35474,""Reason"":3}"
38749156,"{""Old"":36187,""New"":36189,""Reason"":3}"
38749156,"{""Old"":36225,""New"":36227,""Reason"":3}"
48300940,"{""Old"":22351,""New"":22371,""Reason"":3}"
48300940,"{""Old"":21567,""New"":21587,""Reason"":3}"
48300940,"{""Old"":21907,""New"":21917,""Reason"":3}"
38749156,"{""Old"":34502,""New"":34504,""Reason"":3}"
38749156,"{""Old"":35339,""New"":35341,""Reason"":3}"
38749156,"{""Old"":37216,""New"":37226,""Reason"":3}"
38749156,"{""Old"":37538,""New"":37548,""Reason"":3}"
38749156,"{""Old"":37734,""New"":37744,""Reason"":3}"
38749156,"{""Old"":37368,""New"":37388,""Reason"":3}"
38749156,"{""Old"":36474,""New"":36484,""Reason"":3}"
38749156,"{""Old"":37528,""New"":37538,""Reason"":3}"
38749156,"{""Old"":36852,""New"":36862,""Reason"":3}"
38749156,"{""Old"":36189,""New"":36191,""Reason"":3}"
38749156,"{""Old"":36269,""New"":36279,""Reason"":3}"
38749156,"{""Old"":36594,""New"":36604,""Reason"":3}"
38749156,"{""Old"":36025,""New"":36027,""Reason"":3}"
38749156,"{""Old"":36496,""New"":36506,""Reason"":3}"
62911328,"{""Old"":1477,""New"":1479,""Reason"":3}"
62911328,"{""Old"":1204,""New"":1206,""Reason"":3}"
32405736,"{""Old"":5480,""New"":5490,""Reason"":3}"
73474771,"{""Old"":82359,""New"":82361,""Reason"":3}"
73474771,"{""Old"":83008,""New"":83010,""Reason"":3}"
62911328,"{""Old"":225,""New"":227,""Reason"":3}"
62911328,"{""Old"":945,""New"":947,""Reason"":3}"
62911328,"{""Old"":777,""New"":779,""Reason"":3}"
62911328,"{""Old"":1065,""New"":1067,""Reason"":3}"
82222467,"{""Old"":934,""New"":936,""Reason"":3}"
13540193,"{""Old"":606,""New"":608,""Reason"":3}"
13540193,"{""Old"":383,""New"":385,""Reason"":3}"
13540193,"{""Old"":622,""New"":624,""Reason"":3}"
13540193,"{""Old"":628,""New"":632,""Reason"":3}"
13540193,"{""Old"":562,""New"":572,""Reason"":3}"
13540193,"{""Old"":710,""New"":720,""Reason"":3}"
23829638,"{""Old"":1338,""New"":1348,""Reason"":3}"
8815955,"{""Old"":41386,""New"":41396,""Reason"":3}"
8815955,"{""Old"":41848,""New"":41858,""Reason"":3}"
16849761,"{""Old"":9588,""New"":9590,""Reason"":3}"
16849761,"{""Old"":9497,""New"":9507,""Reason"":3}"
16849761,"{""Old"":9732,""New"":9736,""Reason"":3}"
49504220,"{""Old"":1218,""New"":1220,""Reason"":3}"
49504220,"{""Old"":1216,""New"":1218,""Reason"":3}"
208392743,"{""Old"":22344,""New"":22346,""Reason"":3}"
208392743,"{""Old"":22310,""New"":22320,""Reason"":3}"
39713787,"{""Old"":250,""New"":252,""Reason"":3}"
50064911,"{""Old"":1541,""New"":1543,""Reason"":3}"
38434189,"{""Old"":3412,""New"":3422,""Reason"":3}"
79359273,"{""Old"":526,""New"":528,""Reason"":3}"
9290862,"{""Old"":1184,""New"":1186,""Reason"":3}"
43717191,"{""Old"":261,""New"":263,""Reason"":3}"
6454041,"{""Old"":380860,""New"":380870,""Reason"":3}"
19448494,"{""Old"":6127,""New"":6129,""Reason"":3}"
19448494,"{""Old"":6237,""New"":6239,""Reason"":3}"
31952856,"{""Old"":1827,""New"":1829,""Reason"":3}"
31952856,"{""Old"":2720,""New"":2722,""Reason"":3}"
19448494,"{""Old"":6239,""New"":6241,""Reason"":3}"
31952856,"{""Old"":1694,""New"":1704,""Reason"":3}"
25491019,"{""Old"":1024,""New"":1026,""Reason"":3}"
22689590,"{""Old"":797,""New"":799,""Reason"":3}"
53207534,"{""Old"":2327,""New"":2329,""Reason"":3}"
53207534,"{""Old"":2335,""New"":2337,""Reason"":3}"
53207534,"{""Old"":2341,""New"":2343,""Reason"":3}"
59134318,"{""Old"":66,""New"":68,""Reason"":3}"
11930273,"{""Old"":2048,""New"":2050,""Reason"":3}"
16849761,"{""Old"":9442,""New"":9452,""Reason"":3}"
8815955,"{""Old"":42724,""New"":42726,""Reason"":3}"
8815955,"{""Old"":42988,""New"":42998,""Reason"":3}"
13540193,"{""Old"":406,""New"":408,""Reason"":3}"
13540193,"{""Old"":616,""New"":618,""Reason"":3}"
13540193,"{""Old"":722,""New"":724,""Reason"":3}"
13540193,"{""Old"":602,""New"":604,""Reason"":3}"
13540193,"{""Old"":550,""New"":552,""Reason"":3}"
13540193,"{""Old"":658,""New"":660,""Reason"":3}"
13540193,"{""Old"":604,""New"":606,""Reason"":3}"
8815955,"{""Old"":41686,""New"":41696,""Reason"":3}"
8815955,"{""Old"":41766,""New"":41776,""Reason"":3}"
8815955,"{""Old"":41828,""New"":41848,""Reason"":3}"
8815955,"{""Old"":41716,""New"":41726,""Reason"":3}"
8815955,"{""Old"":42582,""New"":42602,""Reason"":3}"
8815955,"{""Old"":42360,""New"":42380,""Reason"":3}"
8815955,"{""Old"":42510,""New"":42520,""Reason"":3}"
8815955,"{""Old"":42562,""New"":42572,""Reason"":3}"
8815955,"{""Old"":42612,""New"":42622,""Reason"":3}"
8815955,"{""Old"":42746,""New"":42748,""Reason"":3}"
8815955,"{""Old"":41264,""New"":41266,""Reason"":3}"
8815955,"{""Old"":41524,""New"":41534,""Reason"":3}"
8815955,"{""Old"":42156,""New"":42176,""Reason"":3}"
8815955,"{""Old"":42298,""New"":42308,""Reason"":3}"
8815955,"{""Old"":41250,""New"":41254,""Reason"":3}"
8815955,"{""Old"":41430,""New"":41432,""Reason"":3}"
8815955,"{""Old"":42268,""New"":42278,""Reason"":3}"
8815955,"{""Old"":42206,""New"":42216,""Reason"":3}"
8815955,"{""Old"":42380,""New"":42390,""Reason"":3}"
8815955,"{""Old"":41604,""New"":41614,""Reason"":3}"
8815955,"{""Old"":42016,""New"":42026,""Reason"":3}"
8815955,"{""Old"":42858,""New"":42868,""Reason"":3}"
21369105,"{""Old"":33823,""New"":33825,""Reason"":3}"
13540193,"{""Old"":638,""New"":640,""Reason"":3}"
13540193,"{""Old"":660,""New"":662,""Reason"":3}"
16849761,"{""Old"":9580,""New"":9582,""Reason"":3}"
16849761,"{""Old"":9763,""New"":9765,""Reason"":3}"
16849761,"{""Old"":9712,""New"":9714,""Reason"":3}"
16849761,"{""Old"":9831,""New"":9833,""Reason"":3}"
16849761,"{""Old"":9666,""New"":9670,""Reason"":3}"
16849761,"{""Old"":9857,""New"":9867,""Reason"":3}"
62911328,"{""Old"":1337,""New"":1347,""Reason"":3}"
62911328,"{""Old"":939,""New"":941,""Reason"":3}"
62911328,"{""Old"":1523,""New"":1525,""Reason"":3}"
85015740,"{""Old"":205,""New"":207,""Reason"":3}"
62911328,"{""Old"":78,""New"":80,""Reason"":3}"
62911328,"{""Old"":109,""New"":111,""Reason"":3}"
62911328,"{""Old"":250,""New"":252,""Reason"":3}"
62911328,"{""Old"":371,""New"":373,""Reason"":3}"
62911328,"{""Old"":495,""New"":497,""Reason"":3}"
62911328,"{""Old"":737,""New"":739,""Reason"":3}"
62911328,"{""Old"":919,""New"":921,""Reason"":3}"
30733083,"{""Old"":149,""New"":151,""Reason"":3}"
4861422,"{""Old"":9994,""New"":10014,""Reason"":3}"
59134318,"{""Old"":136,""New"":138,""Reason"":3}"
59134318,"{""Old"":56,""New"":58,""Reason"":3}"
39713787,"{""Old"":194,""New"":196,""Reason"":3}"
79878389,"{""Old"":1437,""New"":1439,""Reason"":3}"
39713787,"{""Old"":277,""New"":279,""Reason"":3}"
8815955,"{""Old"":42086,""New"":42096,""Reason"":3}"
208392743,"{""Old"":21572,""New"":21574,""Reason"":3}"
8815955,"{""Old"":42390,""New"":42400,""Reason"":3}"
8815955,"{""Old"":41266,""New"":41270,""Reason"":3}"
218390057,"{""Old"":427,""New"":429,""Reason"":3}"
6454041,"{""Old"":218749,""New"":218777,""Reason"":3}"
6454041,"{""Old"":219838,""New"":219840,""Reason"":3}"
67962623,"{""Old"":5651,""New"":5653,""Reason"":3}"
218390057,"{""Old"":382,""New"":384,""Reason"":3}"
39713787,"{""Old"":279,""New"":281,""Reason"":3}"
39713787,"{""Old"":258,""New"":260,""Reason"":3}"
39713787,"{""Old"":209,""New"":211,""Reason"":3}"
39713787,"{""Old"":252,""New"":254,""Reason"":3}"
6454041,"{""Old"":219154,""New"":219156,""Reason"":3}"
73474771,"{""Old"":84373,""New"":84383,""Reason"":3}"
73474771,"{""Old"":84401,""New"":84403,""Reason"":3}"
81265438,"{""Old"":739,""New"":749,""Reason"":3}"
62911328,"{""Old"":445,""New"":447,""Reason"":3}"
81432331,"{""Old"":205,""New"":207,""Reason"":3}"
81432331,"{""Old"":303,""New"":305,""Reason"":3}"
81432331,"{""Old"":366,""New"":368,""Reason"":3}"
53207534,"{""Old"":1873,""New"":1875,""Reason"":3}"
53207534,"{""Old"":2156,""New"":2158,""Reason"":3}"
53207534,"{""Old"":2218,""New"":2228,""Reason"":3}"
53207534,"{""Old"":2246,""New"":2248,""Reason"":3}"
53207534,"{""Old"":1903,""New"":1913,""Reason"":3}"
53207534,"{""Old"":1887,""New"":1889,""Reason"":3}"
53207534,"{""Old"":2136,""New"":2146,""Reason"":3}"
53207534,"{""Old"":2134,""New"":2136,""Reason"":3}"
53207534,"{""Old"":2150,""New"":2152,""Reason"":3}"
62911328,"{""Old"":855,""New"":857,""Reason"":3}"
62911328,"{""Old"":941,""New"":943,""Reason"":3}"
62911328,"{""Old"":961,""New"":963,""Reason"":3}"
62911328,"{""Old"":1162,""New"":1164,""Reason"":3}"
62911328,"{""Old"":1485,""New"":1489,""Reason"":3}"
62911328,"{""Old"":720,""New"":722,""Reason"":3}"
62911328,"{""Old"":739,""New"":749,""Reason"":3}"
62911328,"{""Old"":279,""New"":281,""Reason"":3}"
62911328,"{""Old"":497,""New"":499,""Reason"":3}"
82222467,"{""Old"":848,""New"":850,""Reason"":3}"
51681710,"{""Old"":122,""New"":124,""Reason"":3}"
20432920,"{""Old"":1273,""New"":1275,""Reason"":3}"
25225869,"{""Old"":2412,""New"":2414,""Reason"":3}"
25225869,"{""Old"":2402,""New"":2412,""Reason"":3}"
25225869,"{""Old"":2623,""New"":2625,""Reason"":3}"
59134318,"{""Old"":73,""New"":75,""Reason"":3}"
6149384,"{""Old"":1101,""New"":1103,""Reason"":3}"
75899123,"{""Old"":3158,""New"":3160,""Reason"":3}"
75899123,"{""Old"":3137,""New"":3141,""Reason"":3}"
21271458,"{""Old"":2601,""New"":2611,""Reason"":3}"
21271458,"{""Old"":2679,""New"":2681,""Reason"":3}"
6454041,"{""Old"":219339,""New"":219341,""Reason"":3}"
6454041,"{""Old"":219805,""New"":219807,""Reason"":3}"
218390057,"{""Old"":395,""New"":397,""Reason"":3}"
46290546,"{""Old"":16188,""New"":16190,""Reason"":3}"
62911328,"{""Old"":1274,""New"":1276,""Reason"":3}"
62911328,"{""Old"":1640,""New"":1642,""Reason"":3}"
62911328,"{""Old"":194,""New"":196,""Reason"":3}"
13540193,"{""Old"":465,""New"":467,""Reason"":3}"
43996202,"{""Old"":768,""New"":770,""Reason"":3}"
43996202,"{""Old"":770,""New"":772,""Reason"":3}"
53207534,"{""Old"":1762,""New"":1764,""Reason"":3}"
53207534,"{""Old"":2000,""New"":2010,""Reason"":3}"
53207534,"{""Old"":2126,""New"":2128,""Reason"":3}"
53207534,"{""Old"":1733,""New"":1735,""Reason"":3}"
53207534,"{""Old"":2034,""New"":2036,""Reason"":3}"
53207534,"{""Old"":2022,""New"":2032,""Reason"":3}"
53207534,"{""Old"":2263,""New"":2265,""Reason"":3}"
203961613,"{""Old"":2798,""New"":2800,""Reason"":3}"
8128487,"{""Old"":358,""New"":360,""Reason"":3}"
7082285,"{""Old"":46,""New"":48,""Reason"":3}"
21271458,"{""Old"":2583,""New"":2585,""Reason"":3}"
53207534,"{""Old"":1778,""New"":1780,""Reason"":3}"
53207534,"{""Old"":1815,""New"":1817,""Reason"":3}"
53207534,"{""Old"":1897,""New"":1899,""Reason"":3}"
53207534,"{""Old"":1927,""New"":1929,""Reason"":3}"
53207534,"{""Old"":2036,""New"":2040,""Reason"":3}"
53207534,"{""Old"":2092,""New"":2094,""Reason"":3}"
81432331,"{""Old"":182,""New"":184,""Reason"":3}"
75899123,"{""Old"":3142,""New"":3144,""Reason"":3}"
75899123,"{""Old"":3110,""New"":3112,""Reason"":3}"
75899123,"{""Old"":3160,""New"":3170,""Reason"":3}"
4861422,"{""Old"":9866,""New"":9868,""Reason"":3}"
23829638,"{""Old"":1291,""New"":1293,""Reason"":3}"
21369105,"{""Old"":33827,""New"":33829,""Reason"":3}"
8815955,"{""Old"":42106,""New"":42126,""Reason"":3}"
23829638,"{""Old"":747,""New"":749,""Reason"":3}"
24737098,"{""Old"":145,""New"":147,""Reason"":3}"
40671256,"{""Old"":6491,""New"":6493,""Reason"":3}"
40671256,"{""Old"":7035,""New"":7045,""Reason"":3}"
42367164,"{""Old"":29292,""New"":29294,""Reason"":3}"
42367164,"{""Old"":29348,""New"":29350,""Reason"":3}"
16849761,"{""Old"":9747,""New"":9749,""Reason"":3}"
8815955,"{""Old"":42572,""New"":42582,""Reason"":3}"
57411895,"{""Old"":3591,""New"":3593,""Reason"":3}"
57411895,"{""Old"":3703,""New"":3707,""Reason"":3}"
57411895,"{""Old"":3555,""New"":3557,""Reason"":3}"
57411895,"{""Old"":3767,""New"":3769,""Reason"":3}"
57411895,"{""Old"":3701,""New"":3703,""Reason"":3}"
57411895,"{""Old"":3771,""New"":3773,""Reason"":3}"
206036557,"{""Old"":2868,""New"":2872,""Reason"":3}"
23073231,"{""Old"":2140,""New"":2150,""Reason"":3}"
23073231,"{""Old"":2077,""New"":2079,""Reason"":3}"
38319980,"{""Old"":171998,""New"":172000,""Reason"":3}"
23073231,"{""Old"":2216,""New"":2220,""Reason"":3}"
13600351,"{""Old"":3380,""New"":3382,""Reason"":3}"
13600351,"{""Old"":3378,""New"":3380,""Reason"":3}"
53207534,"{""Old"":2058,""New"":2060,""Reason"":3}"
53207534,"{""Old"":1708,""New"":1710,""Reason"":3}"
53207534,"{""Old"":1766,""New"":1768,""Reason"":3}"
53207534,"{""Old"":1990,""New"":1994,""Reason"":3}"
53207534,"{""Old"":2052,""New"":2054,""Reason"":3}"
53207534,"{""Old"":1774,""New"":1776,""Reason"":3}"
53207534,"{""Old"":2297,""New"":2299,""Reason"":3}"
53207534,"{""Old"":2323,""New"":2325,""Reason"":3}"
75899123,"{""Old"":3094,""New"":3096,""Reason"":3}"
75899123,"{""Old"":3147,""New"":3157,""Reason"":3}"
29194654,"{""Old"":1167,""New"":1169,""Reason"":3}"
14808266,"{""Old"":53962,""New"":53964,""Reason"":3}"
53207534,"{""Old"":2062,""New"":2072,""Reason"":3}"
53207534,"{""Old"":2248,""New"":2250,""Reason"":3}"
53207534,"{""Old"":2295,""New"":2297,""Reason"":3}"
28753649,"{""Old"":67,""New"":69,""Reason"":3}"
53207534,"{""Old"":1976,""New"":1978,""Reason"":3}"
53207534,"{""Old"":2271,""New"":2273,""Reason"":3}"
53207534,"{""Old"":1819,""New"":1821,""Reason"":3}"
53207534,"{""Old"":2195,""New"":2197,""Reason"":3}"
23973385,"{""Old"":675,""New"":677,""Reason"":3}"
8883313,"{""Old"":15274,""New"":15276,""Reason"":3}"
57377221,"{""Old"":589,""New"":591,""Reason"":3}"
75330447,"{""Old"":1468,""New"":1470,""Reason"":3}"
20432920,"{""Old"":1310,""New"":1312,""Reason"":3}"
211230900,"{""Old"":66,""New"":68,""Reason"":3}"
8815955,"{""Old"":41242,""New"":41246,""Reason"":3}"
8815955,"{""Old"":41980,""New"":41990,""Reason"":3}"
8815955,"{""Old"":41158,""New"":41160,""Reason"":3}"
21369105,"{""Old"":33829,""New"":33831,""Reason"":3}"
57411895,"{""Old"":3637,""New"":3639,""Reason"":3}"
57411895,"{""Old"":3631,""New"":3635,""Reason"":3}"
13631159,"{""Old"":76,""New"":78,""Reason"":3}"
57377221,"{""Old"":478,""New"":480,""Reason"":3}"
19448494,"{""Old"":6465,""New"":6467,""Reason"":3}"
31952856,"{""Old"":3275,""New"":3277,""Reason"":3}"
31952856,"{""Old"":4053,""New"":4063,""Reason"":3}"
31952856,"{""Old"":4069,""New"":4071,""Reason"":3}"
31952856,"{""Old"":4343,""New"":4345,""Reason"":3}"
31952856,"{""Old"":3538,""New"":3548,""Reason"":3}"
31952856,"{""Old"":3684,""New"":3686,""Reason"":3}"
31952856,"{""Old"":3304,""New"":3306,""Reason"":3}"
31952856,"{""Old"":3892,""New"":3894,""Reason"":3}"
31952856,"{""Old"":3744,""New"":3746,""Reason"":3}"
31952856,"{""Old"":3810,""New"":3812,""Reason"":3}"
53207534,"{""Old"":1807,""New"":1809,""Reason"":3}"
53207534,"{""Old"":1931,""New"":1933,""Reason"":3}"
53207534,"{""Old"":2319,""New"":2321,""Reason"":3}"
81432331,"{""Old"":338,""New"":340,""Reason"":3}"
81432331,"{""Old"":344,""New"":346,""Reason"":3}"
62761183,"{""Old"":99,""New"":101,""Reason"":3}"
5971370,"{""Old"":331,""New"":333,""Reason"":3}"
6980304,"{""Old"":756,""New"":758,""Reason"":3}"
38319980,"{""Old"":172000,""New"":172008,""Reason"":3}"
38319980,"{""Old"":172055,""New"":172057,""Reason"":3}"
38319980,"{""Old"":172088,""New"":172090,""Reason"":3}"
23127774,"{""Old"":1914,""New"":1916,""Reason"":3}"
23073231,"{""Old"":2131,""New"":2133,""Reason"":3}"
23073231,"{""Old"":2121,""New"":2131,""Reason"":3}"
216198135,"{""Old"":865413,""New"":865415,""Reason"":3}"
8883313,"{""Old"":15232,""New"":15234,""Reason"":3}"
31952856,"{""Old"":3231,""New"":3233,""Reason"":3}"
31952856,"{""Old"":3456,""New"":3458,""Reason"":3}"
31952856,"{""Old"":3634,""New"":3636,""Reason"":3}"
31952856,"{""Old"":3886,""New"":3888,""Reason"":3}"
31952856,"{""Old"":3201,""New"":3203,""Reason"":3}"
31952856,"{""Old"":3630,""New"":3632,""Reason"":3}"
31952856,"{""Old"":3396,""New"":3398,""Reason"":3}"
31952856,"{""Old"":3510,""New"":3512,""Reason"":3}"
31952856,"{""Old"":3189,""New"":3191,""Reason"":3}"
31952856,"{""Old"":4067,""New"":4069,""Reason"":3}"
8883313,"{""Old"":15122,""New"":15124,""Reason"":3}"
31952856,"{""Old"":3698,""New"":3700,""Reason"":3}"
31952856,"{""Old"":3896,""New"":3898,""Reason"":3}"
31952856,"{""Old"":2340,""New"":2342,""Reason"":3}"
31952856,"{""Old"":2382,""New"":2392,""Reason"":3}"
31952856,"{""Old"":2545,""New"":2547,""Reason"":3}"
31952856,"{""Old"":2678,""New"":2688,""Reason"":3}"
31952856,"{""Old"":2840,""New"":2842,""Reason"":3}"
31952856,"{""Old"":3392,""New"":3394,""Reason"":3}"
31952856,"{""Old"":3139,""New"":3141,""Reason"":3}"
31952856,"{""Old"":3700,""New"":3702,""Reason"":3}"
22689590,"{""Old"":781,""New"":783,""Reason"":3}"
75330447,"{""Old"":1450,""New"":1452,""Reason"":3}"
75330447,"{""Old"":1525,""New"":1529,""Reason"":3}"
75330447,"{""Old"":1452,""New"":1454,""Reason"":3}"
62911328,"{""Old"":1422,""New"":1424,""Reason"":3}"
62911328,"{""Old"":100,""New"":102,""Reason"":3}"
62911328,"{""Old"":472,""New"":482,""Reason"":3}"
62911328,"{""Old"":470,""New"":472,""Reason"":3}"
62911328,"{""Old"":1498,""New"":1500,""Reason"":3}"
73474771,"{""Old"":84309,""New"":84319,""Reason"":3}"
62911328,"{""Old"":334,""New"":336,""Reason"":3}"
32405736,"{""Old"":5436,""New"":5438,""Reason"":3}"
62911328,"{""Old"":1461,""New"":1463,""Reason"":3}"
82222467,"{""Old"":893,""New"":895,""Reason"":3}"
73474771,"{""Old"":84211,""New"":84221,""Reason"":3}"
27383301,"{""Old"":5489,""New"":5503,""Reason"":3}"
27383301,"{""Old"":5534,""New"":5536,""Reason"":3}"
13533643,"{""Old"":4075,""New"":4077,""Reason"":3}"
57411895,"{""Old"":3645,""New"":3647,""Reason"":3}"
57411895,"{""Old"":3721,""New"":3723,""Reason"":3}"
13540193,"{""Old"":436,""New"":446,""Reason"":3}"
57411895,"{""Old"":3741,""New"":3751,""Reason"":3}"
57411895,"{""Old"":3737,""New"":3739,""Reason"":3}"
33160780,"{""Old"":10381,""New"":10383,""Reason"":3}"
208392743,"{""Old"":21690,""New"":21692,""Reason"":3}"
208392743,"{""Old"":21932,""New"":21934,""Reason"":3}"
208392743,"{""Old"":22046,""New"":22048,""Reason"":3}"
208392743,"{""Old"":22191,""New"":22201,""Reason"":3}"
23829638,"{""Old"":1386,""New"":1388,""Reason"":3}"
3781116,"{""Old"":1861,""New"":1871,""Reason"":3}"
75899123,"{""Old"":3063,""New"":3073,""Reason"":3}"
71253075,"{""Old"":898,""New"":900,""Reason"":3}"
11534557,"{""Old"":651957,""New"":651977,""Reason"":3}"
203470901,"{""Old"":3130,""New"":3132,""Reason"":3}"
75899123,"{""Old"":3129,""New"":3131,""Reason"":3}"
81432331,"{""Old"":408,""New"":414,""Reason"":3}"
53207534,"{""Old"":1776,""New"":1778,""Reason"":3}"
53207534,"{""Old"":1925,""New"":1927,""Reason"":3}"
53207534,"{""Old"":2084,""New"":2086,""Reason"":3}"
53207534,"{""Old"":2244,""New"":2246,""Reason"":3}"
53207534,"{""Old"":1750,""New"":1760,""Reason"":3}"
53207534,"{""Old"":2130,""New"":2132,""Reason"":3}"
53207534,"{""Old"":2206,""New"":2216,""Reason"":3}"
53207534,"{""Old"":2313,""New"":2315,""Reason"":3}"
25225869,"{""Old"":8726,""New"":8736,""Reason"":3}"
25225869,"{""Old"":5531,""New"":5541,""Reason"":3}"
25225869,"{""Old"":6371,""New"":6381,""Reason"":3}"
25225869,"{""Old"":2323,""New"":2333,""Reason"":3}"
25225869,"{""Old"":2452,""New"":2462,""Reason"":3}"
25225869,"{""Old"":9366,""New"":9386,""Reason"":3}"
25225869,"{""Old"":2591,""New"":2601,""Reason"":3}"
25225869,"{""Old"":9551,""New"":9561,""Reason"":3}"
22035132,"{""Old"":68,""New"":70,""Reason"":3}"
16849761,"{""Old"":9730,""New"":9732,""Reason"":3}"
16849761,"{""Old"":9788,""New"":9790,""Reason"":3}"
21369105,"{""Old"":33759,""New"":33761,""Reason"":3}"
21369105,"{""Old"":33765,""New"":33767,""Reason"":3}"
31952856,"{""Old"":3380,""New"":3382,""Reason"":3}"
31952856,"{""Old"":4443,""New"":4447,""Reason"":3}"
31952856,"{""Old"":2245,""New"":2255,""Reason"":3}"
31952856,"{""Old"":2601,""New"":2611,""Reason"":3}"
31952856,"{""Old"":3408,""New"":3418,""Reason"":3}"
31952856,"{""Old"":4357,""New"":4359,""Reason"":3}"
31952856,"{""Old"":4361,""New"":4363,""Reason"":3}"
206036557,"{""Old"":2830,""New"":2832,""Reason"":3}"
17171480,"{""Old"":9627,""New"":9631,""Reason"":3}"
31558571,"{""Old"":1903,""New"":1905,""Reason"":3}"
31558571,"{""Old"":1924,""New"":1926,""Reason"":3}"
206802275,"{""Old"":2641,""New"":2643,""Reason"":3}"
32223000,"{""Old"":2163,""New"":2165,""Reason"":3}"
213078289,"{""Old"":55788,""New"":55860,""Reason"":3}"
78119608,"{""Old"":33638,""New"":33640,""Reason"":3}"
78119608,"{""Old"":33461,""New"":33481,""Reason"":3}"
78119608,"{""Old"":33487,""New"":33489,""Reason"":3}"
78119608,"{""Old"":33294,""New"":33296,""Reason"":3}"
78119608,"{""Old"":33156,""New"":33158,""Reason"":3}"
78119608,"{""Old"":33205,""New"":33207,""Reason"":3}"
78119608,"{""Old"":33614,""New"":33618,""Reason"":3}"
78119608,"{""Old"":33636,""New"":33638,""Reason"":3}"
78119608,"{""Old"":33565,""New"":33567,""Reason"":3}"
78119608,"{""Old"":33575,""New"":33577,""Reason"":3}"
78119608,"{""Old"":33532,""New"":33534,""Reason"":3}"
78119608,"{""Old"":33675,""New"":33677,""Reason"":3}"
78119608,"{""Old"":33152,""New"":33154,""Reason"":3}"
78119608,"{""Old"":33389,""New"":33391,""Reason"":3}"
78119608,"{""Old"":33510,""New"":33520,""Reason"":3}"
78119608,"{""Old"":33598,""New"":33600,""Reason"":3}"
78119608,"{""Old"":33604,""New"":33614,""Reason"":3}"
78119608,"{""Old"":33520,""New"":33522,""Reason"":3}"
78119608,"{""Old"":33315,""New"":33317,""Reason"":3}"
78119608,"{""Old"":33693,""New"":33695,""Reason"":3}"
78119608,"{""Old"":33432,""New"":33434,""Reason"":3}"
78119608,"{""Old"":33171,""New"":33173,""Reason"":3}"
78119608,"{""Old"":33522,""New"":33524,""Reason"":3}"
78119608,"{""Old"":33526,""New"":33528,""Reason"":3}"
78119608,"{""Old"":33159,""New"":33161,""Reason"":3}"
78119608,"{""Old"":33219,""New"":33221,""Reason"":3}"
78119608,"{""Old"":33222,""New"":33224,""Reason"":3}"
78119608,"{""Old"":33300,""New"":33302,""Reason"":3}"
78119608,"{""Old"":33331,""New"":33333,""Reason"":3}"
78119608,"{""Old"":33652,""New"":33654,""Reason"":3}"
78119608,"{""Old"":33227,""New"":33229,""Reason"":3}"
78119608,"{""Old"":33426,""New"":33432,""Reason"":3}"
78119608,"{""Old"":33231,""New"":33233,""Reason"":3}"
61141875,"{""Old"":688,""New"":690,""Reason"":3}"
78119608,"{""Old"":33139,""New"":33141,""Reason"":3}"
78119608,"{""Old"":33270,""New"":33272,""Reason"":3}"
78119608,"{""Old"":33292,""New"":33294,""Reason"":3}"
78119608,"{""Old"":33642,""New"":33644,""Reason"":3}"
78119608,"{""Old"":33154,""New"":33156,""Reason"":3}"
78119608,"{""Old"":33366,""New"":33370,""Reason"":3}"
78119608,"{""Old"":33373,""New"":33375,""Reason"":3}"
78119608,"{""Old"":33508,""New"":33510,""Reason"":3}"
78119608,"{""Old"":33546,""New"":33550,""Reason"":3}"
78119608,"{""Old"":33237,""New"":33239,""Reason"":3}"
78119608,"{""Old"":33169,""New"":33171,""Reason"":3}"
78119608,"{""Old"":33504,""New"":33506,""Reason"":3}"
78119608,"{""Old"":33579,""New"":33581,""Reason"":3}"
78119608,"{""Old"":33250,""New"":33252,""Reason"":3}"
78119608,"{""Old"":33325,""New"":33327,""Reason"":3}"
78119608,"{""Old"":33436,""New"":33438,""Reason"":3}"
78119608,"{""Old"":33697,""New"":33699,""Reason"":3}"
78119608,"{""Old"":33506,""New"":33508,""Reason"":3}"
78119608,"{""Old"":33530,""New"":33532,""Reason"":3}"
78119608,"{""Old"":33528,""New"":33530,""Reason"":3}"
78119608,"{""Old"":33127,""New"":33137,""Reason"":3}"
78119608,"{""Old"":33352,""New"":33356,""Reason"":3}"
78119608,"{""Old"":33495,""New"":33497,""Reason"":3}"
78119608,"{""Old"":33656,""New"":33658,""Reason"":3}"
78119608,"{""Old"":33620,""New"":33622,""Reason"":3}"
78119608,"{""Old"":33143,""New"":33145,""Reason"":3}"
78119608,"{""Old"":33391,""New"":33393,""Reason"":3}"
78119608,"{""Old"":33679,""New"":33689,""Reason"":3}"
78119608,"{""Old"":33499,""New"":33501,""Reason"":3}"
78119608,"{""Old"":33112,""New"":33114,""Reason"":3}"
78119608,"{""Old"":33229,""New"":33231,""Reason"":3}"
78119608,"{""Old"":33337,""New"":33339,""Reason"":3}"
78119608,"{""Old"":33542,""New"":33544,""Reason"":3}"
78119608,"{""Old"":33481,""New"":33483,""Reason"":3}"
78119608,"{""Old"":33434,""New"":33436,""Reason"":3}"
78119608,"{""Old"":33644,""New"":33646,""Reason"":3}"
78119608,"{""Old"":33207,""New"":33217,""Reason"":3}"
78119608,"{""Old"":33340,""New"":33350,""Reason"":3}"
78119608,"{""Old"":33393,""New"":33403,""Reason"":3}"
78119608,"{""Old"":33654,""New"":33656,""Reason"":3}"
78119608,"{""Old"":33618,""New"":33620,""Reason"":3}"
78119608,"{""Old"":33582,""New"":33592,""Reason"":3}"
78119608,"{""Old"":33199,""New"":33205,""Reason"":3}"
78119608,"{""Old"":33217,""New"":33219,""Reason"":3}"
78119608,"{""Old"":33485,""New"":33487,""Reason"":3}"
78119608,"{""Old"":33534,""New"":33536,""Reason"":3}"
78119608,"{""Old"":33592,""New"":33594,""Reason"":3}"
78119608,"{""Old"":33622,""New"":33624,""Reason"":3}"
78119608,"{""Old"":33137,""New"":33139,""Reason"":3}"
78119608,"{""Old"":33141,""New"":33143,""Reason"":3}"
78119608,"{""Old"":33550,""New"":33552,""Reason"":3}"
58987288,"{""Old"":2876,""New"":2886,""Reason"":3}"
58987288,"{""Old"":2856,""New"":2876,""Reason"":3}"
58987288,"{""Old"":3726,""New"":3736,""Reason"":3}"
58987288,"{""Old"":3170,""New"":3180,""Reason"":3}"
58987288,"{""Old"":3190,""New"":3200,""Reason"":3}"
58987288,"{""Old"":3090,""New"":3100,""Reason"":3}"
58987288,"{""Old"":2928,""New"":2938,""Reason"":3}"
58987288,"{""Old"":3631,""New"":3641,""Reason"":3}"
58987288,"{""Old"":3377,""New"":3387,""Reason"":3}"
58987288,"{""Old"":2983,""New"":2993,""Reason"":3}"
58987288,"{""Old"":3452,""New"":3462,""Reason"":3}"
58987288,"{""Old"":2888,""New"":2898,""Reason"":3}"
58987288,"{""Old"":3546,""New"":3556,""Reason"":3}"
58987288,"{""Old"":3601,""New"":3611,""Reason"":3}"
58987288,"{""Old"":3641,""New"":3651,""Reason"":3}"
58987288,"{""Old"":3210,""New"":3220,""Reason"":3}"
58987288,"{""Old"":3611,""New"":3621,""Reason"":3}"
58987288,"{""Old"":2993,""New"":3003,""Reason"":3}"
58987288,"{""Old"":3257,""New"":3267,""Reason"":3}"
58987288,"{""Old"":3671,""New"":3681,""Reason"":3}"
58987288,"{""Old"":3487,""New"":3497,""Reason"":3}"
58987288,"{""Old"":3509,""New"":3519,""Reason"":3}"
58987288,"{""Old"":3691,""New"":3701,""Reason"":3}"
58987288,"{""Old"":3681,""New"":3691,""Reason"":3}"
58987288,"{""Old"":3322,""New"":3332,""Reason"":3}"
58987288,"{""Old"":3013,""New"":3023,""Reason"":3}"
58987288,"{""Old"":2886,""New"":2888,""Reason"":3}"
58987288,"{""Old"":3267,""New"":3277,""Reason"":3}"
58987288,"{""Old"":3367,""New"":3377,""Reason"":3}"
58987288,"{""Old"":3499,""New"":3509,""Reason"":3}"
58987288,"{""Old"":3621,""New"":3631,""Reason"":3}"
58987288,"{""Old"":2918,""New"":2928,""Reason"":3}"
58987288,"{""Old"":3003,""New"":3013,""Reason"":3}"
58987288,"{""Old"":3200,""New"":3210,""Reason"":3}"
58987288,"{""Old"":3023,""New"":3025,""Reason"":3}"
58987288,"{""Old"":3497,""New"":3499,""Reason"":3}"
58987288,"{""Old"":3357,""New"":3367,""Reason"":3}"
58987288,"{""Old"":3736,""New"":3746,""Reason"":3}"
58987288,"{""Old"":3387,""New"":3397,""Reason"":3}"
58987288,"{""Old"":3080,""New"":3090,""Reason"":3}"
58987288,"{""Old"":3556,""New"":3576,""Reason"":3}"
58987288,"{""Old"":3100,""New"":3120,""Reason"":3}"
4829598,"{""Old"":6550,""New"":6560,""Reason"":3}"
58987288,"{""Old"":2898,""New"":2908,""Reason"":3}"
58987288,"{""Old"":8068,""New"":8078,""Reason"":3}"
58987288,"{""Old"":8238,""New"":8248,""Reason"":3}"
4829598,"{""Old"":6364,""New"":6366,""Reason"":3}"
58987288,"{""Old"":8786,""New"":8796,""Reason"":3}"
58987288,"{""Old"":8519,""New"":8529,""Reason"":3}"
58987288,"{""Old"":8704,""New"":8714,""Reason"":3}"
58987288,"{""Old"":9131,""New"":9141,""Reason"":3}"
4829598,"{""Old"":6476,""New"":6478,""Reason"":3}"
58987288,"{""Old"":9161,""New"":9171,""Reason"":3}"
4829598,"{""Old"":6508,""New"":6518,""Reason"":3}"
58987288,"{""Old"":7833,""New"":7853,""Reason"":3}"
58987288,"{""Old"":7738,""New"":7768,""Reason"":3}"
58987288,"{""Old"":7863,""New"":7873,""Reason"":3}"
58987288,"{""Old"":8806,""New"":8816,""Reason"":3}"
58987288,"{""Old"":9071,""New"":9081,""Reason"":3}"
58987288,"{""Old"":7918,""New"":7928,""Reason"":3}"
58987288,"{""Old"":8304,""New"":8314,""Reason"":3}"
58987288,"{""Old"":8896,""New"":8906,""Reason"":3}"
4829598,"{""Old"":6474,""New"":6476,""Reason"":3}"
4829598,"{""Old"":6560,""New"":6570,""Reason"":3}"
4829598,"{""Old"":6378,""New"":6388,""Reason"":3}"
4829598,"{""Old"":6464,""New"":6474,""Reason"":3}"
218225863,"{""Old"":1609,""New"":1619,""Reason"":3}"
58987288,"{""Old"":7973,""New"":7983,""Reason"":3}"
58987288,"{""Old"":8539,""New"":8549,""Reason"":3}"
58987288,"{""Old"":8796,""New"":8806,""Reason"":3}"
58987288,"{""Old"":9141,""New"":9151,""Reason"":3}"
58987288,"{""Old"":9061,""New"":9071,""Reason"":3}"
58987288,"{""Old"":7643,""New"":7653,""Reason"":3}"
58987288,"{""Old"":8314,""New"":8324,""Reason"":3}"
58987288,"{""Old"":8936,""New"":8956,""Reason"":3}"
218225863,"{""Old"":1591,""New"":1601,""Reason"":3}"
218225863,"{""Old"":1603,""New"":1605,""Reason"":3}"
218225863,"{""Old"":1619,""New"":1621,""Reason"":3}"
58987288,"{""Old"":7793,""New"":7803,""Reason"":3}"
58987288,"{""Old"":8143,""New"":8153,""Reason"":3}"
58987288,"{""Old"":8384,""New"":8394,""Reason"":3}"
58987288,"{""Old"":9281,""New"":9291,""Reason"":3}"
58987288,"{""Old"":7673,""New"":7683,""Reason"":3}"
58987288,"{""Old"":8058,""New"":8068,""Reason"":3}"
58987288,"{""Old"":8499,""New"":8519,""Reason"":3}"
58987288,"{""Old"":8816,""New"":8826,""Reason"":3}"
58987288,"{""Old"":8906,""New"":8916,""Reason"":3}"
58987288,"{""Old"":9006,""New"":9016,""Reason"":3}"
58987288,"{""Old"":8694,""New"":8704,""Reason"":3}"
58987288,"{""Old"":9171,""New"":9181,""Reason"":3}"
4829598,"{""Old"":6478,""New"":6488,""Reason"":3}"
4829598,"{""Old"":6425,""New"":6427,""Reason"":3}"
4829598,"{""Old"":6520,""New"":6530,""Reason"":3}"
4829598,"{""Old"":6572,""New"":6574,""Reason"":3}"
4829598,"{""Old"":6423,""New"":6425,""Reason"":3}"
218225863,"{""Old"":1510,""New"":1512,""Reason"":3}"
218225863,"{""Old"":1627,""New"":1629,""Reason"":3}"
218225863,"{""Old"":1563,""New"":1573,""Reason"":3}"
58987288,"{""Old"":8153,""New"":8163,""Reason"":3}"
58987288,"{""Old"":8634,""New"":8654,""Reason"":3}"
4829598,"{""Old"":6352,""New"":6354,""Reason"":3}"
4829598,"{""Old"":6368,""New"":6378,""Reason"":3}"
58987288,"{""Old"":8344,""New"":8354,""Reason"":3}"
58987288,"{""Old"":9016,""New"":9026,""Reason"":3}"
58987288,"{""Old"":7683,""New"":7693,""Reason"":3}"
58987288,"{""Old"":8133,""New"":8143,""Reason"":3}"
58987288,"{""Old"":9311,""New"":9321,""Reason"":3}"
4829598,"{""Old"":6530,""New"":6550,""Reason"":3}"
218225863,"{""Old"":1625,""New"":1627,""Reason"":3}"
58987288,"{""Old"":3180,""New"":3190,""Reason"":3}"
58987288,"{""Old"":8203,""New"":8213,""Reason"":3}"
58987288,"{""Old"":8624,""New"":8634,""Reason"":3}"
58987288,"{""Old"":9081,""New"":9111,""Reason"":3}"
58987288,"{""Old"":7633,""New"":7643,""Reason"":3}"
58987288,"{""Old"":8574,""New"":8584,""Reason"":3}"
58987288,"{""Old"":9251,""New"":9261,""Reason"":3}"
218225863,"{""Old"":1601,""New"":1603,""Reason"":3}"
218225863,"{""Old"":1522,""New"":1532,""Reason"":3}"
58987288,"{""Old"":8529,""New"":8539,""Reason"":3}"
58987288,"{""Old"":8614,""New"":8624,""Reason"":3}"
58987288,"{""Old"":8996,""New"":9006,""Reason"":3}"
58987288,"{""Old"":9026,""New"":9036,""Reason"":3}"
58987288,"{""Old"":8739,""New"":8749,""Reason"":3}"
58987288,"{""Old"":7823,""New"":7833,""Reason"":3}"
58987288,"{""Old"":8193,""New"":8203,""Reason"":3}"
58987288,"{""Old"":8334,""New"":8344,""Reason"":3}"
58987288,"{""Old"":8354,""New"":8364,""Reason"":3}"
58987288,"{""Old"":9121,""New"":9131,""Reason"":3}"
58987288,"{""Old"":8163,""New"":8173,""Reason"":3}"
58987288,"{""Old"":9261,""New"":9281,""Reason"":3}"
218225863,"{""Old"":1623,""New"":1625,""Reason"":3}"
4829598,"{""Old"":6518,""New"":6520,""Reason"":3}"
58987288,"{""Old"":2908,""New"":2918,""Reason"":3}"
58987288,"{""Old"":8664,""New"":8694,""Reason"":3}"
58987288,"{""Old"":8956,""New"":8966,""Reason"":3}"
58987288,"{""Old"":9231,""New"":9241,""Reason"":3}"
58987288,"{""Old"":8886,""New"":8896,""Reason"":3}"
58987288,"{""Old"":9111,""New"":9121,""Reason"":3}"
218225863,"{""Old"":1581,""New"":1591,""Reason"":3}"
218225863,"{""Old"":1505,""New"":1507,""Reason"":3}"
218225863,"{""Old"":1560,""New"":1562,""Reason"":3}"
4829598,"{""Old"":6342,""New"":6352,""Reason"":3}"
58987288,"{""Old"":8654,""New"":8664,""Reason"":3}"
218225863,"{""Old"":1520,""New"":1522,""Reason"":3}"
218225863,"{""Old"":1536,""New"":1546,""Reason"":3}"
58987288,"{""Old"":7928,""New"":7938,""Reason"":3}"
58987288,"{""Old"":8489,""New"":8499,""Reason"":3}"
58987288,"{""Old"":8594,""New"":8614,""Reason"":3}"
58987288,"{""Old"":8966,""New"":8986,""Reason"":3}"
4829598,"{""Old"":6354,""New"":6364,""Reason"":3}"
4829598,"{""Old"":6570,""New"":6572,""Reason"":3}"
58987288,"{""Old"":7813,""New"":7823,""Reason"":3}"
58987288,"{""Old"":9191,""New"":9201,""Reason"":3}"
4829598,"{""Old"":6498,""New"":6508,""Reason"":3}"
58987288,"{""Old"":1655,""New"":1665,""Reason"":3}"
58987288,"{""Old"":2354,""New"":2356,""Reason"":3}"
58987288,"{""Old"":2521,""New"":2531,""Reason"":3}"
58987288,"{""Old"":8273,""New"":8283,""Reason"":3}"
58987288,"{""Old"":2593,""New"":2603,""Reason"":3}"
58987288,"{""Old"":2737,""New"":2747,""Reason"":3}"
58987288,"{""Old"":1772,""New"":1774,""Reason"":3}"
76508701,"{""Old"":441,""New"":443,""Reason"":3}"
58987288,"{""Old"":1818,""New"":1828,""Reason"":3}"
58987288,"{""Old"":2511,""New"":2521,""Reason"":3}"
58987288,"{""Old"":1409,""New"":1419,""Reason"":3}"
58987288,"{""Old"":1460,""New"":1470,""Reason"":3}"
58987288,"{""Old"":2065,""New"":2075,""Reason"":3}"
58987288,"{""Old"":1131,""New"":1133,""Reason"":3}"
4829598,"{""Old"":6488,""New"":6498,""Reason"":3}"
58987288,"{""Old"":1115,""New"":1117,""Reason"":3}"
58987288,"{""Old"":1419,""New"":1421,""Reason"":3}"
58987288,"{""Old"":1218,""New"":1228,""Reason"":3}"
58987288,"{""Old"":2309,""New"":2319,""Reason"":3}"
4829598,"{""Old"":6452,""New"":6462,""Reason"":3}"
58987288,"{""Old"":1421,""New"":1423,""Reason"":3}"
58987288,"{""Old"":2509,""New"":2511,""Reason"":3}"
58987288,"{""Old"":2747,""New"":2757,""Reason"":3}"
61141875,"{""Old"":705,""New"":707,""Reason"":3}"
218225863,"{""Old"":1573,""New"":1575,""Reason"":3}"
61141875,"{""Old"":696,""New"":698,""Reason"":3}"
61141875,"{""Old"":692,""New"":694,""Reason"":3}"
58987288,"{""Old"":2499,""New"":2509,""Reason"":3}"
58987288,"{""Old"":992,""New"":994,""Reason"":3}"
58987288,"{""Old"":1181,""New"":1183,""Reason"":3}"
58987288,"{""Old"":2188,""New"":2190,""Reason"":3}"
58987288,"{""Old"":1103,""New"":1105,""Reason"":3}"
58987288,"{""Old"":1331,""New"":1335,""Reason"":3}"
58987288,"{""Old"":2807,""New"":2817,""Reason"":3}"
58987288,"{""Old"":1087,""New"":1089,""Reason"":3}"
58987288,"{""Old"":7598,""New"":7608,""Reason"":3}"
58987288,"{""Old"":7873,""New"":7883,""Reason"":3}"
58987288,"{""Old"":7853,""New"":7863,""Reason"":3}"
58987288,"{""Old"":8394,""New"":8404,""Reason"":3}"
58987288,"{""Old"":1364,""New"":1366,""Reason"":3}"
58987288,"{""Old"":1230,""New"":1240,""Reason"":3}"
58987288,"{""Old"":1335,""New"":1339,""Reason"":3}"
58987288,"{""Old"":7588,""New"":7598,""Reason"":3}"
58987288,"{""Old"":7938,""New"":7948,""Reason"":3}"
58987288,"{""Old"":9151,""New"":9161,""Reason"":3}"
58987288,"{""Old"":1930,""New"":1940,""Reason"":3}"
58987288,"{""Old"":998,""New"":1000,""Reason"":3}"
58987288,"{""Old"":1405,""New"":1407,""Reason"":3}"
58987288,"{""Old"":1626,""New"":1628,""Reason"":3}"
58987288,"{""Old"":2635,""New"":2645,""Reason"":3}"
58987288,"{""Old"":1423,""New"":1433,""Reason"":3}"
58987288,"{""Old"":1407,""New"":1409,""Reason"":3}"
58987288,"{""Old"":1828,""New"":1830,""Reason"":3}"
58987288,"{""Old"":1208,""New"":1218,""Reason"":3}"
58987288,"{""Old"":1027,""New"":1029,""Reason"":3}"
58987288,"{""Old"":1056,""New"":1058,""Reason"":3}"
58987288,"{""Old"":7703,""New"":7713,""Reason"":3}"
58987288,"{""Old"":8324,""New"":8334,""Reason"":3}"
58987288,"{""Old"":1403,""New"":1405,""Reason"":3}"
58987288,"{""Old"":8429,""New"":8439,""Reason"":3}"
58987288,"{""Old"":8749,""New"":8759,""Reason"":3}"
58987288,"{""Old"":1509,""New"":1519,""Reason"":3}"
58987288,"{""Old"":2603,""New"":2613,""Reason"":3}"
58987288,"{""Old"":2645,""New"":2655,""Reason"":3}"
58987288,"{""Old"":996,""New"":998,""Reason"":3}"
58987288,"{""Old"":2376,""New"":2386,""Reason"":3}"
58987288,"{""Old"":1507,""New"":1509,""Reason"":3}"
58987288,"{""Old"":1628,""New"":1630,""Reason"":3}"
58987288,"{""Old"":1119,""New"":1121,""Reason"":3}"
58987288,"{""Old"":1150,""New"":1152,""Reason"":3}"
58987288,"{""Old"":1317,""New"":1327,""Reason"":3}"
58987288,"{""Old"":1742,""New"":1752,""Reason"":3}"
58987288,"{""Old"":1776,""New"":1796,""Reason"":3}"
58987288,"{""Old"":2307,""New"":2309,""Reason"":3}"
5732467,"{""Old"":51892,""New"":51894,""Reason"":3}"
218225863,"{""Old"":1558,""New"":1560,""Reason"":3}"
58987288,"{""Old"":1816,""New"":1818,""Reason"":3}"
58987288,"{""Old"":2200,""New"":2202,""Reason"":3}"
58987288,"{""Old"":2615,""New"":2625,""Reason"":3}"
58987288,"{""Old"":7983,""New"":7993,""Reason"":3}"
58987288,"{""Old"":9321,""New"":9331,""Reason"":3}"
58987288,"{""Old"":1391,""New"":1393,""Reason"":3}"
58987288,"{""Old"":1393,""New"":1403,""Reason"":3}"
58987288,"{""Old"":2406,""New"":2416,""Reason"":3}"
58987288,"{""Old"":2386,""New"":2406,""Reason"":3}"
76508701,"{""Old"":453,""New"":455,""Reason"":3}"
76508701,"{""Old"":451,""New"":453,""Reason"":3}"
58987288,"{""Old"":1722,""New"":1732,""Reason"":3}"
58987288,"{""Old"":2344,""New"":2354,""Reason"":3}"
4829598,"{""Old"":6366,""New"":6368,""Reason"":3}"
58987288,"{""Old"":8078,""New"":8098,""Reason"":3}"
58987288,"{""Old"":8098,""New"":8108,""Reason"":3}"
58987288,"{""Old"":2159,""New"":2161,""Reason"":3}"
58987288,"{""Old"":1054,""New"":1056,""Reason"":3}"
58987288,"{""Old"":9301,""New"":9311,""Reason"":3}"
58987288,"{""Old"":994,""New"":996,""Reason"":3}"
58987288,"{""Old"":1099,""New"":1101,""Reason"":3}"
58987288,"{""Old"":2045,""New"":2065,""Reason"":3}"
58987288,"{""Old"":2227,""New"":2237,""Reason"":3}"
58987288,"{""Old"":1960,""New"":1970,""Reason"":3}"
58987288,"{""Old"":2157,""New"":2159,""Reason"":3}"
58987288,"{""Old"":8294,""New"":8304,""Reason"":3}"
5732467,"{""Old"":51890,""New"":51892,""Reason"":3}"
58987288,"{""Old"":5644,""New"":5654,""Reason"":3}"
58987288,"{""Old"":5724,""New"":5734,""Reason"":3}"
58987288,"{""Old"":6386,""New"":6396,""Reason"":3}"
58987288,"{""Old"":1144,""New"":1146,""Reason"":3}"
58987288,"{""Old"":1762,""New"":1772,""Reason"":3}"
58987288,"{""Old"":2489,""New"":2499,""Reason"":3}"
58987288,"{""Old"":2625,""New"":2635,""Reason"":3}"
58987288,"{""Old"":1085,""New"":1087,""Reason"":3}"
58987288,"{""Old"":1095,""New"":1097,""Reason"":3}"
58987288,"{""Old"":1566,""New"":1576,""Reason"":3}"
58987288,"{""Old"":1700,""New"":1720,""Reason"":3}"
58987288,"{""Old"":2817,""New"":2827,""Reason"":3}"
58987288,"{""Old"":2463,""New"":2465,""Reason"":3}"
76508701,"{""Old"":455,""New"":465,""Reason"":3}"
4829598,"{""Old"":6462,""New"":6464,""Reason"":3}"
58987288,"{""Old"":1327,""New"":1331,""Reason"":3}"
58987288,"{""Old"":7883,""New"":7893,""Reason"":3}"
58987288,"{""Old"":8364,""New"":8384,""Reason"":3}"
78119608,"{""Old"":33701,""New"":33703,""Reason"":3}"
76508701,"{""Old"":437,""New"":439,""Reason"":3}"
4829598,"{""Old"":6388,""New"":6398,""Reason"":3}"
58987288,"{""Old"":1058,""New"":1060,""Reason"":3}"
58987288,"{""Old"":1134,""New"":1144,""Reason"":3}"
58987288,"{""Old"":2112,""New"":2122,""Reason"":3}"
218225863,"{""Old"":1546,""New"":1556,""Reason"":3}"
58987288,"{""Old"":3864,""New"":3874,""Reason"":3}"
58987288,"{""Old"":5207,""New"":5217,""Reason"":3}"
58987288,"{""Old"":5462,""New"":5472,""Reason"":3}"
58987288,"{""Old"":7163,""New"":7173,""Reason"":3}"
58987288,"{""Old"":4470,""New"":4480,""Reason"":3}"
58987288,"{""Old"":5412,""New"":5422,""Reason"":3}"
58987288,"{""Old"":5664,""New"":5674,""Reason"":3}"
58987288,"{""Old"":6728,""New"":6738,""Reason"":3}"
58987288,"{""Old"":7193,""New"":7203,""Reason"":3}"
58987288,"{""Old"":7993,""New"":8003,""Reason"":3}"
58987288,"{""Old"":8048,""New"":8058,""Reason"":3}"
58987288,"{""Old"":8784,""New"":8786,""Reason"":3}"
58987288,"{""Old"":8926,""New"":8936,""Reason"":3}"
78119608,"{""Old"":33245,""New"":33249,""Reason"":3}"
78119608,"{""Old"":33304,""New"":33306,""Reason"":3}"
61141875,"{""Old"":690,""New"":692,""Reason"":3}"
58987288,"{""Old"":7803,""New"":7813,""Reason"":3}"
58987288,"{""Old"":7693,""New"":7703,""Reason"":3}"
58987288,"{""Old"":8916,""New"":8926,""Reason"":3}"
58987288,"{""Old"":9181,""New"":9191,""Reason"":3}"
58987288,"{""Old"":9241,""New"":9251,""Reason"":3}"
58987288,"{""Old"":1832,""New"":1842,""Reason"":3}"
58987288,"{""Old"":2583,""New"":2593,""Reason"":3}"
78119608,"{""Old"":33703,""New"":33707,""Reason"":3}"
58987288,"{""Old"":1121,""New"":1131,""Reason"":3}"
58987288,"{""Old"":1665,""New"":1675,""Reason"":3}"
58987288,"{""Old"":1505,""New"":1507,""Reason"":3}"
58987288,"{""Old"":1544,""New"":1554,""Reason"":3}"
58987288,"{""Old"":2416,""New"":2426,""Reason"":3}"
58987288,"{""Old"":2690,""New"":2700,""Reason"":3}"
58987288,"{""Old"":2827,""New"":2829,""Reason"":3}"
76508701,"{""Old"":447,""New"":449,""Reason"":3}"
58987288,"{""Old"":6603,""New"":6613,""Reason"":3}"
58987288,"{""Old"":7308,""New"":7318,""Reason"":3}"
58987288,"{""Old"":3160,""New"":3170,""Reason"":3}"
58987288,"{""Old"":4360,""New"":4370,""Reason"":3}"
58987288,"{""Old"":2467,""New"":2477,""Reason"":3}"
78119608,"{""Old"":33285,""New"":33287,""Reason"":3}"
78119608,"{""Old"":33298,""New"":33300,""Reason"":3}"
78119608,"{""Old"":33302,""New"":33304,""Reason"":3}"
78119608,"{""Old"":33699,""New"":33701,""Reason"":3}"
60105779,"{""Old"":3752,""New"":3754,""Reason"":3}"
58987288,"{""Old"":3844,""New"":3854,""Reason"":3}"
58987288,"{""Old"":4425,""New"":4435,""Reason"":3}"
58987288,"{""Old"":6406,""New"":6416,""Reason"":3}"
58987288,"{""Old"":6903,""New"":6913,""Reason"":3}"
58987288,"{""Old"":3312,""New"":3322,""Reason"":3}"
58987288,"{""Old"":5227,""New"":5237,""Reason"":3}"
58987288,"{""Old"":7133,""New"":7143,""Reason"":3}"
61141875,"{""Old"":694,""New"":696,""Reason"":3}"
61141875,"{""Old"":698,""New"":700,""Reason"":3}"
58987288,"{""Old"":3140,""New"":3150,""Reason"":3}"
58987288,"{""Old"":5432,""New"":5442,""Reason"":3}"
58987288,"{""Old"":6181,""New"":6191,""Reason"":3}"
58987288,"{""Old"":6708,""New"":6718,""Reason"":3}"
4829598,"{""Old"":6576,""New"":6578,""Reason"":3}"
58987288,"{""Old"":4340,""New"":4350,""Reason"":3}"
58987288,"{""Old"":5060,""New"":5062,""Reason"":3}"
58987288,"{""Old"":6738,""New"":6748,""Reason"":3}"
58987288,"{""Old"":7263,""New"":7273,""Reason"":3}"
58987288,"{""Old"":6581,""New"":6591,""Reason"":3}"
58987288,"{""Old"":4935,""New"":4945,""Reason"":3}"
78119608,"{""Old"":33483,""New"":33485,""Reason"":3}"
78119608,"{""Old"":33406,""New"":33408,""Reason"":3}"
58987288,"{""Old"":1105,""New"":1115,""Reason"":3}"
58987288,"{""Old"":2161,""New"":2163,""Reason"":3}"
58987288,"{""Old"":1101,""New"":1103,""Reason"":3}"
58987288,"{""Old"":1152,""New"":1154,""Reason"":3}"
60105779,"{""Old"":3526,""New"":3528,""Reason"":3}"
58987288,"{""Old"":5909,""New"":5919,""Reason"":3}"
78119608,"{""Old"":33453,""New"":33455,""Reason"":3}"
78119608,"{""Old"":33538,""New"":33540,""Reason"":3}"
78119608,"{""Old"":33544,""New"":33546,""Reason"":3}"
78119608,"{""Old"":33594,""New"":33596,""Reason"":3}"
78119608,"{""Old"":33235,""New"":33237,""Reason"":3}"
78119608,"{""Old"":33161,""New"":33163,""Reason"":3}"
58987288,"{""Old"":4435,""New"":4445,""Reason"":3}"
58987288,"{""Old"":5117,""New"":5127,""Reason"":3}"
58987288,"{""Old"":6648,""New"":6658,""Reason"":3}"
58987288,"{""Old"":3060,""New"":3070,""Reason"":3}"
58987288,"{""Old"":3924,""New"":3944,""Reason"":3}"
58987288,"{""Old"":6476,""New"":6486,""Reason"":3}"
58987288,"{""Old"":6601,""New"":6603,""Reason"":3}"
78119608,"{""Old"":33272,""New"":33282,""Reason"":3}"
76508701,"{""Old"":439,""New"":441,""Reason"":3}"
60105779,"{""Old"":3768,""New"":3770,""Reason"":3}"
58987288,"{""Old"":5422,""New"":5432,""Reason"":3}"
58987288,"{""Old"":5602,""New"":5612,""Reason"":3}"
58987288,"{""Old"":4303,""New"":4313,""Reason"":3}"
58987288,"{""Old"":5512,""New"":5522,""Reason"":3}"
58987288,"{""Old"":5654,""New"":5664,""Reason"":3}"
58987288,"{""Old"":6024,""New"":6034,""Reason"":3}"
58987288,"{""Old"":7553,""New"":7563,""Reason"":3}"
58987288,"{""Old"":5107,""New"":5117,""Reason"":3}"
58987288,"{""Old"":5482,""New"":5492,""Reason"":3}"
78119608,"{""Old"":33577,""New"":33579,""Reason"":3}"
58987288,"{""Old"":3661,""New"":3671,""Reason"":3}"
58987288,"{""Old"":4700,""New"":4710,""Reason"":3}"
58987288,"{""Old"":5097,""New"":5107,""Reason"":3}"
58987288,"{""Old"":6366,""New"":6386,""Reason"":3}"
58987288,"{""Old"":7173,""New"":7183,""Reason"":3}"
58987288,"{""Old"":3989,""New"":3999,""Reason"":3}"
58987288,"{""Old"":4281,""New"":4291,""Reason"":3}"
58987288,"{""Old"":6718,""New"":6728,""Reason"":3}"
58987288,"{""Old"":7033,""New"":7043,""Reason"":3}"
58987288,"{""Old"":4945,""New"":4955,""Reason"":3}"
78119608,"{""Old"":33225,""New"":33227,""Reason"":3}"
58987288,"{""Old"":6758,""New"":6768,""Reason"":3}"
58987288,"{""Old"":7083,""New"":7093,""Reason"":3}"
58987288,"{""Old"":1025,""New"":1027,""Reason"":3}"
58987288,"{""Old"":2297,""New"":2307,""Reason"":3}"
78119608,"{""Old"":33695,""New"":33697,""Reason"":3}"
78119608,"{""Old"":33707,""New"":33709,""Reason"":3}"
58987288,"{""Old"":4139,""New"":4149,""Reason"":3}"
58987288,"{""Old"":3070,""New"":3080,""Reason"":3}"
58987288,"{""Old"":4395,""New"":4405,""Reason"":3}"
58987288,"{""Old"":4293,""New"":4303,""Reason"":3}"
58987288,"{""Old"":6211,""New"":6221,""Reason"":3}"
58987288,"{""Old"":6191,""New"":6201,""Reason"":3}"
58987288,"{""Old"":6151,""New"":6161,""Reason"":3}"
78119608,"{""Old"":33417,""New"":33419,""Reason"":3}"
78119608,"{""Old"":33501,""New"":33503,""Reason"":3}"
78119608,"{""Old"":33553,""New"":33563,""Reason"":3}"
58987288,"{""Old"":5674,""New"":5684,""Reason"":3}"
58987288,"{""Old"":4625,""New"":4635,""Reason"":3}"
58987288,"{""Old"":4204,""New"":4206,""Reason"":3}"
58987288,"{""Old"":6768,""New"":6778,""Reason"":3}"
58987288,"{""Old"":7013,""New"":7023,""Reason"":3}"
58987288,"{""Old"":7233,""New"":7243,""Reason"":3}"
58987288,"{""Old"":7353,""New"":7363,""Reason"":3}"
58987288,"{""Old"":1940,""New"":1950,""Reason"":3}"
58987288,"{""Old"":2102,""New"":2112,""Reason"":3}"
58987288,"{""Old"":2237,""New"":2247,""Reason"":3}"
58987288,"{""Old"":2710,""New"":2712,""Reason"":3}"
58987288,"{""Old"":3432,""New"":3452,""Reason"":3}"
58987288,"{""Old"":5167,""New"":5177,""Reason"":3}"
58987288,"{""Old"":6416,""New"":6426,""Reason"":3}"
58987288,"{""Old"":7093,""New"":7103,""Reason"":3}"
58987288,"{""Old"":7438,""New"":7448,""Reason"":3}"
78119608,"{""Old"":33497,""New"":33499,""Reason"":3}"
78119608,"{""Old"":33624,""New"":33626,""Reason"":3}"
58987288,"{""Old"":6034,""New"":6044,""Reason"":3}"
58987288,"{""Old"":6161,""New"":6171,""Reason"":3}"
78119608,"{""Old"":33596,""New"":33598,""Reason"":3}"
78119608,"{""Old"":33403,""New"":33405,""Reason"":3}"
78119608,"{""Old"":33409,""New"":33411,""Reason"":3}"
78119608,"{""Old"":33334,""New"":33336,""Reason"":3}"
78119608,"{""Old"":33540,""New"":33542,""Reason"":3}"
78119608,"{""Old"":33662,""New"":33664,""Reason"":3}"
60105779,"{""Old"":3555,""New"":3557,""Reason"":3}"
76508701,"{""Old"":449,""New"":451,""Reason"":3}"
58987288,"{""Old"":3120,""New"":3140,""Reason"":3}"
58987288,"{""Old"":3842,""New"":3844,""Reason"":3}"
78119608,"{""Old"":33493,""New"":33495,""Reason"":3}"
78119608,"{""Old"":33489,""New"":33493,""Reason"":3}"
78119608,"{""Old"":33677,""New"":33679,""Reason"":3}"
78119608,"{""Old"":33602,""New"":33604,""Reason"":3}"
78119608,"{""Old"":33658,""New"":33662,""Reason"":3}"
78119608,"{""Old"":33356,""New"":33358,""Reason"":3}"
58987288,"{""Old"":2973,""New"":2983,""Reason"":3}"
58987288,"{""Old"":2963,""New"":2973,""Reason"":3}"
58987288,"{""Old"":4905,""New"":4915,""Reason"":3}"
58987288,"{""Old"":5087,""New"":5097,""Reason"":3}"
58987288,"{""Old"":5392,""New"":5402,""Reason"":3}"
58987288,"{""Old"":6883,""New"":6903,""Reason"":3}"
58987288,"{""Old"":7543,""New"":7553,""Reason"":3}"
60105779,"{""Old"":3506,""New"":3508,""Reason"":3}"
60105779,"{""Old"":3776,""New"":3780,""Reason"":3}"
58987288,"{""Old"":4645,""New"":4655,""Reason"":3}"
58987288,"{""Old"":4690,""New"":4700,""Reason"":3}"
78119608,"{""Old"":33664,""New"":33666,""Reason"":3}"
78119608,"{""Old"":33296,""New"":33298,""Reason"":3}"
78119608,"{""Old"":33327,""New"":33329,""Reason"":3}"
78119608,"{""Old"":33358,""New"":33360,""Reason"":3}"
76508701,"{""Old"":465,""New"":467,""Reason"":3}"
78119608,"{""Old"":33379,""New"":33389,""Reason"":3}"
78119608,"{""Old"":33640,""New"":33642,""Reason"":3}"
78119608,"{""Old"":33323,""New"":33325,""Reason"":3}"
78119608,"{""Old"":33536,""New"":33538,""Reason"":3}"
58987288,"{""Old"":5714,""New"":5724,""Reason"":3}"
58987288,"{""Old"":7053,""New"":7063,""Reason"":3}"
58987288,"{""Old"":4565,""New"":4575,""Reason"":3}"
58987288,"{""Old"":5297,""New"":5307,""Reason"":3}"
60105779,"{""Old"":3510,""New"":3520,""Reason"":3}"
60105779,"{""Old"":3666,""New"":3668,""Reason"":3}"
58987288,"{""Old"":4415,""New"":4425,""Reason"":3}"
58987288,"{""Old"":4805,""New"":4815,""Reason"":3}"
58987288,"{""Old"":4895,""New"":4905,""Reason"":3}"
58987288,"{""Old"":5040,""New"":5060,""Reason"":3}"
58987288,"{""Old"":6638,""New"":6648,""Reason"":3}"
58987288,"{""Old"":4044,""New"":4054,""Reason"":3}"
58987288,"{""Old"":3397,""New"":3407,""Reason"":3}"
58987288,"{""Old"":3746,""New"":3756,""Reason"":3}"
58987288,"{""Old"":4079,""New"":4089,""Reason"":3}"
58987288,"{""Old"":5402,""New"":5412,""Reason"":3}"
58987288,"{""Old"":6446,""New"":6466,""Reason"":3}"
58987288,"{""Old"":6658,""New"":6668,""Reason"":3}"
58987288,"{""Old"":3220,""New"":3230,""Reason"":3}"
58987288,"{""Old"":3756,""New"":3766,""Reason"":3}"
58987288,"{""Old"":3999,""New"":4009,""Reason"":3}"
58987288,"{""Old"":4206,""New"":4216,""Reason"":3}"
76508701,"{""Old"":443,""New"":445,""Reason"":3}"
60105779,"{""Old"":3664,""New"":3666,""Reason"":3}"
58987288,"{""Old"":3025,""New"":3035,""Reason"":3}"
58987288,"{""Old"":3230,""New"":3232,""Reason"":3}"
58987288,"{""Old"":4216,""New"":4226,""Reason"":3}"
58987288,"{""Old"":5624,""New"":5634,""Reason"":3}"
58987288,"{""Old"":6069,""New"":6079,""Reason"":3}"
58987288,"{""Old"":6511,""New"":6521,""Reason"":3}"
58987288,"{""Old"":6591,""New"":6601,""Reason"":3}"
58987288,"{""Old"":7318,""New"":7328,""Reason"":3}"
58987288,"{""Old"":7213,""New"":7223,""Reason"":3}"
58987288,"{""Old"":6923,""New"":6933,""Reason"":3}"
58987288,"{""Old"":7043,""New"":7053,""Reason"":3}"
60105779,"{""Old"":3780,""New"":3790,""Reason"":3}"
76508701,"{""Old"":445,""New"":447,""Reason"":3}"
58987288,"{""Old"":5694,""New"":5704,""Reason"":3}"
60105779,"{""Old"":3660,""New"":3662,""Reason"":3}"
58987288,"{""Old"":8173,""New"":8193,""Reason"":3}"
58987288,"{""Old"":8986,""New"":8996,""Reason"":3}"
58987288,"{""Old"":9221,""New"":9231,""Reason"":3}"
60105779,"{""Old"":3842,""New"":3844,""Reason"":3}"
58987288,"{""Old"":3832,""New"":3842,""Reason"":3}"
58987288,"{""Old"":5217,""New"":5227,""Reason"":3}"
58987288,"{""Old"":6466,""New"":6476,""Reason"":3}"
60105779,"{""Old"":3668,""New"":3670,""Reason"":3}"
60105779,"{""Old"":3715,""New"":3725,""Reason"":3}"
4829598,"{""Old"":6574,""New"":6576,""Reason"":3}"
58987288,"{""Old"":4730,""New"":4740,""Reason"":3}"
58987288,"{""Old"":6014,""New"":6024,""Reason"":3}"
58987288,"{""Old"":5949,""New"":5959,""Reason"":3}"
58987288,"{""Old"":7143,""New"":7153,""Reason"":3}"
58987288,"{""Old"":1470,""New"":1480,""Reason"":3}"
58987288,"{""Old"":1796,""New"":1816,""Reason"":3}"
58987288,"{""Old"":4500,""New"":4510,""Reason"":3}"
58987288,"{""Old"":4775,""New"":4785,""Reason"":3}"
58987288,"{""Old"":9201,""New"":9221,""Reason"":3}"
58987288,"{""Old"":5829,""New"":5839,""Reason"":3}"
58987288,"{""Old"":6953,""New"":6963,""Reason"":3}"
58987288,"{""Old"":7153,""New"":7163,""Reason"":3}"
58987288,"{""Old"":1433,""New"":1435,""Reason"":3}"
58987288,"{""Old"":1918,""New"":1920,""Reason"":3}"
58987288,"{""Old"":3801,""New"":3811,""Reason"":3}"
58987288,"{""Old"":5187,""New"":5207,""Reason"":3}"
58987288,"{""Old"":5684,""New"":5694,""Reason"":3}"
58987288,"{""Old"":6266,""New"":6276,""Reason"":3}"
58987288,"{""Old"":1916,""New"":1918,""Reason"":3}"
58987288,"{""Old"":2829,""New"":2831,""Reason"":3}"
58987288,"{""Old"":1564,""New"":1566,""Reason"":3}"
218225863,"{""Old"":1508,""New"":1510,""Reason"":3}"
218225863,"{""Old"":1556,""New"":1558,""Reason"":3}"
58987288,"{""Old"":5127,""New"":5147,""Reason"":3}"
58987288,"{""Old"":5622,""New"":5624,""Reason"":3}"
58987288,"{""Old"":5959,""New"":5979,""Reason"":3}"
58987288,"{""Old"":7363,""New"":7373,""Reason"":3}"
60105779,"{""Old"":3766,""New"":3768,""Reason"":3}"
58987288,"{""Old"":1732,""New"":1742,""Reason"":3}"
58987288,"{""Old"":2479,""New"":2489,""Reason"":3}"
58987288,"{""Old"":3791,""New"":3801,""Reason"":3}"
58987288,"{""Old"":4313,""New"":4315,""Reason"":3}"
58987288,"{""Old"":5492,""New"":5502,""Reason"":3}"
58987288,"{""Old"":5532,""New"":5552,""Reason"":3}"
58987288,"{""Old"":7103,""New"":7113,""Reason"":3}"
58987288,"{""Old"":1091,""New"":1093,""Reason"":3}"
58987288,"{""Old"":1117,""New"":1119,""Reason"":3}"
58987288,"{""Old"":1315,""New"":1317,""Reason"":3}"
58987288,"{""Old"":1904,""New"":1906,""Reason"":3}"
58987288,"{""Old"":4535,""New"":4545,""Reason"":3}"
58987288,"{""Old"":6668,""New"":6678,""Reason"":3}"
58987288,"{""Old"":3519,""New"":3521,""Reason"":3}"
58987288,"{""Old"":3277,""New"":3287,""Reason"":3}"
58987288,"{""Old"":4405,""New"":4415,""Reason"":3}"
58987288,"{""Old"":5372,""New"":5382,""Reason"":3}"
58987288,"{""Old"":6004,""New"":6014,""Reason"":3}"
58987288,"{""Old"":4099,""New"":4119,""Reason"":3}"
60105779,"{""Old"":3750,""New"":3752,""Reason"":3}"
58987288,"{""Old"":2655,""New"":2665,""Reason"":3}"
58987288,"{""Old"":9291,""New"":9301,""Reason"":3}"
58987288,"{""Old"":3821,""New"":3831,""Reason"":3}"
58987288,"{""Old"":4149,""New"":4169,""Reason"":3}"
58987288,"{""Old"":4246,""New"":4256,""Reason"":3}"
58987288,"{""Old"":6396,""New"":6406,""Reason"":3}"
58987288,"{""Old"":6346,""New"":6366,""Reason"":3}"
58987288,"{""Old"":6436,""New"":6446,""Reason"":3}"
60105779,"{""Old"":3522,""New"":3524,""Reason"":3}"
58987288,"{""Old"":6221,""New"":6231,""Reason"":3}"
58987288,"{""Old"":7203,""New"":7213,""Reason"":3}"
60105779,"{""Old"":3524,""New"":3526,""Reason"":3}"
58987288,"{""Old"":3651,""New"":3661,""Reason"":3}"
58987288,"{""Old"":4236,""New"":4246,""Reason"":3}"
58987288,"{""Old"":4350,""New"":4360,""Reason"":3}"
58987288,"{""Old"":4815,""New"":4825,""Reason"":3}"
58987288,"{""Old"":6079,""New"":6089,""Reason"":3}"
58987288,"{""Old"":6171,""New"":6181,""Reason"":3}"
58987288,"{""Old"":6873,""New"":6883,""Reason"":3}"
58987288,"{""Old"":7243,""New"":7253,""Reason"":3}"
58987288,"{""Old"":7653,""New"":7673,""Reason"":3}"
58987288,"{""Old"":8284,""New"":8294,""Reason"":3}"
58987288,"{""Old"":8584,""New"":8594,""Reason"":3}"
58987288,"{""Old"":8826,""New"":8836,""Reason"":3}"
60105779,"{""Old"":3670,""New"":3680,""Reason"":3}"
60105779,"{""Old"":3754,""New"":3756,""Reason"":3}"
58987288,"{""Old"":5442,""New"":5462,""Reason"":3}"
58987288,"{""Old"":6803,""New"":6813,""Reason"":3}"
58987288,"{""Old"":7398,""New"":7408,""Reason"":3}"
58987288,"{""Old"":1093,""New"":1095,""Reason"":3}"
58987288,"{""Old"":1950,""New"":1960,""Reason"":3}"
60105779,"{""Old"":3772,""New"":3774,""Reason"":3}"
58987288,"{""Old"":5552,""New"":5562,""Reason"":3}"
58987288,"{""Old"":5562,""New"":5572,""Reason"":3}"
58987288,"{""Old"":6149,""New"":6151,""Reason"":3}"
58987288,"{""Old"":7073,""New"":7083,""Reason"":3}"
58987288,"{""Old"":5307,""New"":5317,""Reason"":3}"
58987288,"{""Old"":6698,""New"":6708,""Reason"":3}"
58987288,"{""Old"":4740,""New"":4750,""Reason"":3}"
58987288,"{""Old"":8028,""New"":8048,""Reason"":3}"
58987288,"{""Old"":1720,""New"":1722,""Reason"":3}"
58987288,"{""Old"":2426,""New"":2436,""Reason"":3}"
58987288,"{""Old"":1097,""New"":1099,""Reason"":3}"
58987288,"{""Old"":2075,""New"":2077,""Reason"":3}"
58987288,"{""Old"":4129,""New"":4139,""Reason"":3}"
58987288,"{""Old"":4635,""New"":4645,""Reason"":3}"
58987288,"{""Old"":4605,""New"":4625,""Reason"":3}"
58987288,"{""Old"":4795,""New"":4805,""Reason"":3}"
58987288,"{""Old"":6201,""New"":6211,""Reason"":3}"
58987288,"{""Old"":2477,""New"":2479,""Reason"":3}"
58987288,"{""Old"":2613,""New"":2615,""Reason"":3}"
58987288,"{""Old"":4089,""New"":4099,""Reason"":3}"
58987288,"{""Old"":4850,""New"":4860,""Reason"":3}"
58987288,"{""Old"":7063,""New"":7073,""Reason"":3}"
60105779,"{""Old"":3520,""New"":3522,""Reason"":3}"
58987288,"{""Old"":1228,""New"":1230,""Reason"":3}"
58987288,"{""Old"":1752,""New"":1762,""Reason"":3}"
58987288,"{""Old"":1906,""New"":1916,""Reason"":3}"
58987288,"{""Old"":2190,""New"":2200,""Reason"":3}"
58987288,"{""Old"":940,""New"":942,""Reason"":3}"
58987288,"{""Old"":5382,""New"":5392,""Reason"":3}"
58987288,"{""Old"":5612,""New"":5622,""Reason"":3}"
58987288,"{""Old"":5157,""New"":5167,""Reason"":3}"
58987288,"{""Old"":5704,""New"":5714,""Reason"":3}"
58987288,"{""Old"":7273,""New"":7283,""Reason"":3}"
58987288,"{""Old"":2465,""New"":2467,""Reason"":3}"
58987288,"{""Old"":1554,""New"":1564,""Reason"":3}"
58987288,"{""Old"":1842,""New"":1852,""Reason"":3}"
58987288,"{""Old"":2122,""New"":2132,""Reason"":3}"
58987288,"{""Old"":7428,""New"":7438,""Reason"":3}"
58987288,"{""Old"":7473,""New"":7483,""Reason"":3}"
58987288,"{""Old"":3954,""New"":3964,""Reason"":3}"
58987288,"{""Old"":3811,""New"":3821,""Reason"":3}"
58987288,"{""Old"":4480,""New"":4500,""Reason"":3}"
58987288,"{""Old"":5634,""New"":5644,""Reason"":3}"
58987288,"{""Old"":6688,""New"":6698,""Reason"":3}"
60105779,"{""Old"":3561,""New"":3571,""Reason"":3}"
60105779,"{""Old"":3705,""New"":3715,""Reason"":3}"
58987288,"{""Old"":4860,""New"":4870,""Reason"":3}"
58987288,"{""Old"":7123,""New"":7133,""Reason"":3}"
58987288,"{""Old"":1774,""New"":1776,""Reason"":3}"
58987288,"{""Old"":7023,""New"":7033,""Reason"":3}"
60105779,"{""Old"":3557,""New"":3559,""Reason"":3}"
58987288,"{""Old"":5327,""New"":5337,""Reason"":3}"
58987288,"{""Old"":5592,""New"":5602,""Reason"":3}"
58987288,"{""Old"":5939,""New"":5949,""Reason"":3}"
58987288,"{""Old"":6114,""New"":6124,""Reason"":3}"
58987288,"{""Old"":6336,""New"":6346,""Reason"":3}"
60105779,"{""Old"":3508,""New"":3510,""Reason"":3}"
60105779,"{""Old"":3608,""New"":3610,""Reason"":3}"
60105779,"{""Old"":3774,""New"":3776,""Reason"":3}"
60105779,"{""Old"":3662,""New"":3664,""Reason"":3}"
58987288,"{""Old"":3944,""New"":3954,""Reason"":3}"
58987288,"{""Old"":4720,""New"":4730,""Reason"":3}"
58987288,"{""Old"":4710,""New"":4720,""Reason"":3}"
58987288,"{""Old"":5572,""New"":5582,""Reason"":3}"
58987288,"{""Old"":4291,""New"":4293,""Reason"":3}"
58987288,"{""Old"":4915,""New"":4925,""Reason"":3}"
60105779,"{""Old"":3770,""New"":3772,""Reason"":3}"
58987288,"{""Old"":7253,""New"":7263,""Reason"":3}"
58987288,"{""Old"":4785,""New"":4795,""Reason"":3}"
58987288,"{""Old"":5582,""New"":5592,""Reason"":3}"
58987288,"{""Old"":5769,""New"":5779,""Reason"":3}"
58987288,"{""Old"":6748,""New"":6758,""Reason"":3}"
58987288,"{""Old"":7183,""New"":7193,""Reason"":3}"
58987288,"{""Old"":3854,""New"":3864,""Reason"":3}"
58987288,"{""Old"":4925,""New"":4935,""Reason"":3}"
58987288,"{""Old"":5147,""New"":5157,""Reason"":3}"
58987288,"{""Old"":7418,""New"":7428,""Reason"":3}"
58987288,"{""Old"":2461,""New"":2463,""Reason"":3}"
58987288,"{""Old"":1830,""New"":1832,""Reason"":3}"
58987288,"{""Old"":2356,""New"":2376,""Reason"":3}"
58987288,"{""Old"":3150,""New"":3160,""Reason"":3}"
58987288,"{""Old"":4575,""New"":4605,""Reason"":3}"
58987288,"{""Old"":5929,""New"":5939,""Reason"":3}"
58987288,"{""Old"":6521,""New"":6531,""Reason"":3}"
58987288,"{""Old"":4034,""New"":4044,""Reason"":3}"
60105779,"{""Old"":3815,""New"":3817,""Reason"":3}"
58987288,"{""Old"":5030,""New"":5040,""Reason"":3}"
58987288,"{""Old"":6933,""New"":6943,""Reason"":3}"
58987288,"{""Old"":1146,""New"":1150,""Reason"":3}"
58987288,"{""Old"":1902,""New"":1904,""Reason"":3}"
58987288,"{""Old"":1920,""New"":1930,""Reason"":3}"
58987288,"{""Old"":2700,""New"":2710,""Reason"":3}"
58987288,"{""Old"":1154,""New"":1156,""Reason"":3}"
58987288,"{""Old"":2531,""New"":2533,""Reason"":3}"
58987288,"{""Old"":5839,""New"":5849,""Reason"":3}"
58987288,"{""Old"":4226,""New"":4236,""Reason"":3}"
58987288,"{""Old"":5502,""New"":5512,""Reason"":3}"
58987288,"{""Old"":7408,""New"":7418,""Reason"":3}"
58987288,"{""Old"":5287,""New"":5297,""Reason"":3}"
58987288,"{""Old"":5874,""New"":5884,""Reason"":3}"
58987288,"{""Old"":6913,""New"":6923,""Reason"":3}"
58987288,"{""Old"":4119,""New"":4129,""Reason"":3}"
58987288,"{""Old"":5919,""New"":5929,""Reason"":3}"
58987288,"{""Old"":6326,""New"":6336,""Reason"":3}"
58987288,"{""Old"":6426,""New"":6436,""Reason"":3}"
58987288,"{""Old"":7223,""New"":7233,""Reason"":3}"
58987288,"{""Old"":5522,""New"":5532,""Reason"":3}"
58987288,"{""Old"":7113,""New"":7123,""Reason"":3}"
58987288,"{""Old"":5317,""New"":5327,""Reason"":3}"
58987288,"{""Old"":5337,""New"":5347,""Reason"":3}"
60105779,"{""Old"":3553,""New"":3555,""Reason"":3}"
58987288,"{""Old"":6678,""New"":6688,""Reason"":3}"
58987288,"{""Old"":7483,""New"":7493,""Reason"":3}"
60105779,"{""Old"":3559,""New"":3561,""Reason"":3}"
60105779,"{""Old"":3573,""New"":3583,""Reason"":3}"
58987288,"{""Old"":4169,""New"":4179,""Reason"":3}"
58987288,"{""Old"":6943,""New"":6953,""Reason"":3}"
58987288,"{""Old"":5759,""New"":5769,""Reason"":3}"
58987288,"{""Old"":6813,""New"":6823,""Reason"":3}"
60105779,"{""Old"":3756,""New"":3766,""Reason"":3}"
58987288,"{""Old"":4545,""New"":4565,""Reason"":3}"
58987288,"{""Old"":4655,""New"":4665,""Reason"":3}"
58987288,"{""Old"":5472,""New"":5482,""Reason"":3}"
60105779,"{""Old"":3571,""New"":3573,""Reason"":3}"
58987288,"{""Old"":5177,""New"":5187,""Reason"":3}"
58987288,"{""Old"":6256,""New"":6266,""Reason"":3}"
11380910,"{""Old"":1065,""New"":1067,""Reason"":3}"
22023288,"{""Old"":118,""New"":120,""Reason"":3}"
12301610,"{""Old"":2685,""New"":2687,""Reason"":3}"
83880780,"{""Old"":440,""New"":442,""Reason"":3}"
19005457,"{""Old"":3482,""New"":3484,""Reason"":3}"
169859,"{""Old"":418,""New"":420,""Reason"":3}"
169859,"{""Old"":406,""New"":408,""Reason"":3}"
7378760,"{""Old"":34301,""New"":34475,""Reason"":3}"
7378760,"{""Old"":36327,""New"":36337,""Reason"":3}"
208577966,"{""Old"":779,""New"":781,""Reason"":3}"
208577966,"{""Old"":689,""New"":691,""Reason"":3}"
33641525,"{""Old"":7944,""New"":7946,""Reason"":3}"
25220083,"{""Old"":146,""New"":150,""Reason"":3}"
17655371,"{""Old"":52,""New"":54,""Reason"":3}"
299630,"{""Old"":3377,""New"":3387,""Reason"":3}"
299630,"{""Old"":3629,""New"":3633,""Reason"":3}"
299630,"{""Old"":3719,""New"":3723,""Reason"":3}"
299630,"{""Old"":3603,""New"":3605,""Reason"":3}"
299630,"{""Old"":4119,""New"":4121,""Reason"":3}"
12346315,"{""Old"":4294,""New"":4304,""Reason"":3}"
12346315,"{""Old"":4380,""New"":4390,""Reason"":3}"
209900380,"{""Old"":60,""New"":62,""Reason"":3}"
19535546,"{""Old"":2183,""New"":2185,""Reason"":3}"
19535546,"{""Old"":2288,""New"":2290,""Reason"":3}"
19535546,"{""Old"":2403,""New"":2413,""Reason"":3}"
19535546,"{""Old"":2662,""New"":2664,""Reason"":3}"
19535546,"{""Old"":2001,""New"":2003,""Reason"":3}"
19535546,"{""Old"":2043,""New"":2053,""Reason"":3}"
19535546,"{""Old"":2097,""New"":2107,""Reason"":3}"
19535546,"{""Old"":985,""New"":995,""Reason"":3}"
19535546,"{""Old"":1860,""New"":1862,""Reason"":3}"
19535546,"{""Old"":1920,""New"":1922,""Reason"":3}"
19535546,"{""Old"":2033,""New"":2035,""Reason"":3}"
19535546,"{""Old"":2079,""New"":2081,""Reason"":3}"
19535546,"{""Old"":2758,""New"":2760,""Reason"":3}"
19535546,"{""Old"":1002,""New"":1004,""Reason"":3}"
19005457,"{""Old"":3550,""New"":3560,""Reason"":3}"
19535546,"{""Old"":1878,""New"":1882,""Reason"":3}"
19535546,"{""Old"":2252,""New"":2254,""Reason"":3}"
19535546,"{""Old"":2807,""New"":2809,""Reason"":3}"
19535546,"{""Old"":753,""New"":755,""Reason"":3}"
19535546,"{""Old"":800,""New"":802,""Reason"":3}"
19535546,"{""Old"":944,""New"":946,""Reason"":3}"
19535546,"{""Old"":1012,""New"":1014,""Reason"":3}"
19535546,"{""Old"":1047,""New"":1049,""Reason"":3}"
15545255,"{""Old"":195,""New"":197,""Reason"":3}"
19535546,"{""Old"":1898,""New"":1900,""Reason"":3}"
19535546,"{""Old"":2357,""New"":2359,""Reason"":3}"
19535546,"{""Old"":2397,""New"":2399,""Reason"":3}"
19535546,"{""Old"":2782,""New"":2784,""Reason"":3}"
19535546,"{""Old"":2083,""New"":2085,""Reason"":3}"
19535546,"{""Old"":2335,""New"":2341,""Reason"":3}"
19535546,"{""Old"":2351,""New"":2353,""Reason"":3}"
19535546,"{""Old"":2558,""New"":2560,""Reason"":3}"
19535546,"{""Old"":2764,""New"":2768,""Reason"":3}"
19535546,"{""Old"":1874,""New"":1876,""Reason"":3}"
19535546,"{""Old"":2389,""New"":2391,""Reason"":3}"
19535546,"{""Old"":2399,""New"":2401,""Reason"":3}"
19535546,"{""Old"":2716,""New"":2722,""Reason"":3}"
19535546,"{""Old"":2740,""New"":2742,""Reason"":3}"
19535546,"{""Old"":1906,""New"":1910,""Reason"":3}"
19535546,"{""Old"":2006,""New"":2008,""Reason"":3}"
19535546,"{""Old"":2552,""New"":2554,""Reason"":3}"
19535546,"{""Old"":2746,""New"":2748,""Reason"":3}"
19535546,"{""Old"":1057,""New"":1059,""Reason"":3}"
19535546,"{""Old"":1010,""New"":1012,""Reason"":3}"
19535546,"{""Old"":2431,""New"":2433,""Reason"":3}"
19535546,"{""Old"":2646,""New"":2650,""Reason"":3}"
209900380,"{""Old"":261,""New"":263,""Reason"":3}"
24196485,"{""Old"":26810,""New"":26812,""Reason"":3}"
24196485,"{""Old"":26822,""New"":26824,""Reason"":3}"
207982180,"{""Old"":707,""New"":709,""Reason"":3}"
209900380,"{""Old"":236,""New"":246,""Reason"":3}"
202863679,"{""Old"":996,""New"":998,""Reason"":3}"
202863679,"{""Old"":983,""New"":985,""Reason"":3}"
207982180,"{""Old"":695,""New"":697,""Reason"":3}"
207982180,"{""Old"":1164,""New"":1174,""Reason"":3}"
207982180,"{""Old"":1107,""New"":1117,""Reason"":3}"
207982180,"{""Old"":1152,""New"":1162,""Reason"":3}"
13173590,"{""Old"":43532,""New"":43562,""Reason"":3}"
207982180,"{""Old"":1095,""New"":1105,""Reason"":3}"
19535546,"{""Old"":843,""New"":845,""Reason"":3}"
19535546,"{""Old"":966,""New"":968,""Reason"":3}"
19535546,"{""Old"":1015,""New"":1025,""Reason"":3}"
19535546,"{""Old"":796,""New"":798,""Reason"":3}"
15545255,"{""Old"":191,""New"":193,""Reason"":3}"
19535546,"{""Old"":1049,""New"":1051,""Reason"":3}"
24064804,"{""Old"":625,""New"":627,""Reason"":3}"
25859661,"{""Old"":107,""New"":109,""Reason"":3}"
13396967,"{""Old"":1451,""New"":1453,""Reason"":3}"
13396967,"{""Old"":1423,""New"":1425,""Reason"":3}"
13396967,"{""Old"":1441,""New"":1451,""Reason"":3}"
18163099,"{""Old"":1319,""New"":1329,""Reason"":3}"
208577966,"{""Old"":785,""New"":787,""Reason"":3}"
208577966,"{""Old"":763,""New"":773,""Reason"":3}"
17398189,"{""Old"":423,""New"":425,""Reason"":3}"
299630,"{""Old"":3241,""New"":3243,""Reason"":3}"
299630,"{""Old"":4003,""New"":4005,""Reason"":3}"
16319032,"{""Old"":416,""New"":426,""Reason"":3}"
16319032,"{""Old"":407,""New"":409,""Reason"":3}"
24196485,"{""Old"":26790,""New"":26792,""Reason"":3}"
209900380,"{""Old"":54,""New"":56,""Reason"":3}"
209131868,"{""Old"":160,""New"":162,""Reason"":3}"
209131868,"{""Old"":387,""New"":389,""Reason"":3}"
209131868,"{""Old"":440,""New"":442,""Reason"":3}"
24064804,"{""Old"":681,""New"":683,""Reason"":3}"
24064804,"{""Old"":689,""New"":691,""Reason"":3}"
24064804,"{""Old"":693,""New"":695,""Reason"":3}"
21250520,"{""Old"":225,""New"":227,""Reason"":3}"
33641525,"{""Old"":7946,""New"":7948,""Reason"":3}"
17398189,"{""Old"":372,""New"":374,""Reason"":3}"
12210316,"{""Old"":1074,""New"":1076,""Reason"":3}"
208577966,"{""Old"":751,""New"":753,""Reason"":3}"
11534557,"{""Old"":190462,""New"":190464,""Reason"":3}"
11534557,"{""Old"":190460,""New"":190462,""Reason"":3}"
2968081,"{""Old"":1161,""New"":1163,""Reason"":3}"
2968081,"{""Old"":1191,""New"":1193,""Reason"":3}"
2968081,"{""Old"":1081,""New"":1091,""Reason"":3}"
2968081,"{""Old"":1266,""New"":1268,""Reason"":3}"
9254415,"{""Old"":3021,""New"":3031,""Reason"":3}"
12210316,"{""Old"":969,""New"":979,""Reason"":3}"
25859661,"{""Old"":95,""New"":97,""Reason"":3}"
212325782,"{""Old"":6153,""New"":6163,""Reason"":3}"
212325782,"{""Old"":6163,""New"":6173,""Reason"":3}"
11380910,"{""Old"":1083,""New"":1085,""Reason"":3}"
22023288,"{""Old"":78,""New"":80,""Reason"":3}"
19981811,"{""Old"":29540,""New"":29542,""Reason"":3}"
63583576,"{""Old"":48,""New"":50,""Reason"":3}"
49612820,"{""Old"":22,""New"":24,""Reason"":3}"
2968081,"{""Old"":1129,""New"":1131,""Reason"":3}"
2968081,"{""Old"":1374,""New"":1376,""Reason"":3}"
23844493,"{""Old"":1567,""New"":1569,""Reason"":3}"
55921654,"{""Old"":1543,""New"":1545,""Reason"":3}"
19005457,"{""Old"":3394,""New"":3404,""Reason"":3}"
20031369,"{""Old"":217,""New"":219,""Reason"":3}"
54937851,"{""Old"":3757,""New"":3759,""Reason"":3}"
28916716,"{""Old"":976,""New"":986,""Reason"":3}"
55531402,"{""Old"":588033,""New"":588035,""Reason"":3}"
55531402,"{""Old"":589218,""New"":589220,""Reason"":3}"
55531402,"{""Old"":590419,""New"":590439,""Reason"":3}"
55531402,"{""Old"":591649,""New"":591659,""Reason"":3}"
55531402,"{""Old"":592171,""New"":592191,""Reason"":3}"
55531402,"{""Old"":593322,""New"":593332,""Reason"":3}"
55531402,"{""Old"":595162,""New"":595192,""Reason"":3}"
55531402,"{""Old"":595112,""New"":595122,""Reason"":3}"
55531402,"{""Old"":588870,""New"":588880,""Reason"":3}"
55531402,"{""Old"":593537,""New"":593567,""Reason"":3}"
55531402,"{""Old"":594601,""New"":594611,""Reason"":3}"
55531402,"{""Old"":596151,""New"":596161,""Reason"":3}"
55531402,"{""Old"":589161,""New"":589171,""Reason"":3}"
55531402,"{""Old"":593674,""New"":593714,""Reason"":3}"
55531402,"{""Old"":590233,""New"":590235,""Reason"":3}"
55531402,"{""Old"":592231,""New"":592261,""Reason"":3}"
55531402,"{""Old"":594019,""New"":594029,""Reason"":3}"
55531402,"{""Old"":595964,""New"":595974,""Reason"":3}"
55531402,"{""Old"":599432,""New"":599442,""Reason"":3}"
55531402,"{""Old"":602323,""New"":602333,""Reason"":3}"
55531402,"{""Old"":605571,""New"":605581,""Reason"":3}"
55531402,"{""Old"":614451,""New"":614471,""Reason"":3}"
55531402,"{""Old"":618381,""New"":618401,""Reason"":3}"
55531402,"{""Old"":589029,""New"":589039,""Reason"":3}"
55531402,"{""Old"":589230,""New"":589260,""Reason"":3}"
55531402,"{""Old"":594069,""New"":594089,""Reason"":3}"
55531402,"{""Old"":589440,""New"":589450,""Reason"":3}"
55531402,"{""Old"":590409,""New"":590419,""Reason"":3}"
55531402,"{""Old"":590639,""New"":590659,""Reason"":3}"
55531402,"{""Old"":592076,""New"":592116,""Reason"":3}"
208577966,"{""Old"":753,""New"":763,""Reason"":3}"
18163099,"{""Old"":1317,""New"":1319,""Reason"":3}"
19535546,"{""Old"":1864,""New"":1866,""Reason"":3}"
19535546,"{""Old"":1910,""New"":1912,""Reason"":3}"
19535546,"{""Old"":2393,""New"":2395,""Reason"":3}"
19535546,"{""Old"":1949,""New"":1951,""Reason"":3}"
19535546,"{""Old"":2363,""New"":2365,""Reason"":3}"
19535546,"{""Old"":2537,""New"":2547,""Reason"":3}"
19535546,"{""Old"":2750,""New"":2752,""Reason"":3}"
19535546,"{""Old"":1987,""New"":1989,""Reason"":3}"
19535546,"{""Old"":2722,""New"":2732,""Reason"":3}"
19535546,"{""Old"":2085,""New"":2087,""Reason"":3}"
19535546,"{""Old"":2371,""New"":2373,""Reason"":3}"
19535546,"{""Old"":2379,""New"":2383,""Reason"":3}"
19535546,"{""Old"":2528,""New"":2530,""Reason"":3}"
19535546,"{""Old"":1914,""New"":1916,""Reason"":3}"
19535546,"{""Old"":1977,""New"":1979,""Reason"":3}"
19535546,"{""Old"":2465,""New"":2467,""Reason"":3}"
19535546,"{""Old"":2744,""New"":2746,""Reason"":3}"
19535546,"{""Old"":2805,""New"":2807,""Reason"":3}"
19535546,"{""Old"":2093,""New"":2095,""Reason"":3}"
19535546,"{""Old"":2115,""New"":2117,""Reason"":3}"
19535546,"{""Old"":2667,""New"":2669,""Reason"":3}"
19535546,"{""Old"":2283,""New"":2285,""Reason"":3}"
19535546,"{""Old"":802,""New"":804,""Reason"":3}"
19535546,"{""Old"":1828,""New"":1830,""Reason"":3}"
19535546,"{""Old"":2123,""New"":2125,""Reason"":3}"
19535546,"{""Old"":2285,""New"":2287,""Reason"":3}"
19535546,"{""Old"":1912,""New"":1914,""Reason"":3}"
19535546,"{""Old"":2135,""New"":2137,""Reason"":3}"
19535546,"{""Old"":2213,""New"":2217,""Reason"":3}"
19535546,"{""Old"":2712,""New"":2716,""Reason"":3}"
19535546,"{""Old"":2498,""New"":2500,""Reason"":3}"
19535546,"{""Old"":2525,""New"":2527,""Reason"":3}"
209900380,"{""Old"":265,""New"":267,""Reason"":3}"
209900380,"{""Old"":255,""New"":257,""Reason"":3}"
19535546,"{""Old"":1854,""New"":1856,""Reason"":3}"
19535546,"{""Old"":1886,""New"":1888,""Reason"":3}"
19535546,"{""Old"":2176,""New"":2178,""Reason"":3}"
19535546,"{""Old"":2242,""New"":2244,""Reason"":3}"
19535546,"{""Old"":2742,""New"":2744,""Reason"":3}"
19535546,"{""Old"":2786,""New"":2788,""Reason"":3}"
19535546,"{""Old"":2019,""New"":2021,""Reason"":3}"
19535546,"{""Old"":2801,""New"":2803,""Reason"":3}"
19535546,"{""Old"":2087,""New"":2089,""Reason"":3}"
19535546,"{""Old"":2117,""New"":2119,""Reason"":3}"
19535546,"{""Old"":2250,""New"":2252,""Reason"":3}"
200004383,"{""Old"":2050,""New"":2052,""Reason"":3}"
200004383,"{""Old"":2137,""New"":2139,""Reason"":3}"
200004383,"{""Old"":2038,""New"":2040,""Reason"":3}"
200004383,"{""Old"":2151,""New"":2153,""Reason"":3}"
200004383,"{""Old"":2204,""New"":2206,""Reason"":3}"
23936089,"{""Old"":297,""New"":299,""Reason"":3}"
200004383,"{""Old"":1932,""New"":1934,""Reason"":3}"
200004383,"{""Old"":2216,""New"":2218,""Reason"":3}"
22023288,"{""Old"":2264,""New"":2284,""Reason"":3}"
22023288,"{""Old"":2533,""New"":2543,""Reason"":3}"
22023288,"{""Old"":2895,""New"":2905,""Reason"":3}"
22023288,"{""Old"":211,""New"":213,""Reason"":3}"
22023288,"{""Old"":1637,""New"":1639,""Reason"":3}"
22023288,"{""Old"":2523,""New"":2533,""Reason"":3}"
22023288,"{""Old"":2563,""New"":2573,""Reason"":3}"
169859,"{""Old"":367,""New"":369,""Reason"":3}"
12210316,"{""Old"":987,""New"":989,""Reason"":3}"
25859661,"{""Old"":97,""New"":99,""Reason"":3}"
19846321,"{""Old"":707,""New"":709,""Reason"":3}"
23520972,"{""Old"":292,""New"":294,""Reason"":3}"
208577966,"{""Old"":725,""New"":727,""Reason"":3}"
31558571,"{""Old"":364,""New"":366,""Reason"":3}"
23520972,"{""Old"":288,""New"":290,""Reason"":3}"
200004383,"{""Old"":2096,""New"":2098,""Reason"":3}"
24196485,"{""Old"":26800,""New"":26802,""Reason"":3}"
24196485,"{""Old"":26802,""New"":26804,""Reason"":3}"
202863679,"{""Old"":975,""New"":977,""Reason"":3}"
202863679,"{""Old"":998,""New"":1000,""Reason"":3}"
211028627,"{""Old"":3351,""New"":3353,""Reason"":3}"
19535546,"{""Old"":1792,""New"":1796,""Reason"":3}"
19535546,"{""Old"":2597,""New"":2599,""Reason"":3}"
206872234,"{""Old"":267,""New"":269,""Reason"":3}"
14735155,"{""Old"":1513,""New"":1523,""Reason"":3}"
19846321,"{""Old"":705,""New"":707,""Reason"":3}"
22023288,"{""Old"":95,""New"":97,""Reason"":3}"
22023288,"{""Old"":91,""New"":93,""Reason"":3}"
22023288,"{""Old"":93,""New"":95,""Reason"":3}"
12210316,"{""Old"":1054,""New"":1056,""Reason"":3}"
12210316,"{""Old"":1031,""New"":1033,""Reason"":3}"
200004383,"{""Old"":2071,""New"":2077,""Reason"":3}"
16319032,"{""Old"":402,""New"":404,""Reason"":3}"
2968081,"{""Old"":1250,""New"":1252,""Reason"":3}"
2968081,"{""Old"":1386,""New"":1390,""Reason"":3}"
2968081,"{""Old"":1453,""New"":1455,""Reason"":3}"
2968081,"{""Old"":1520,""New"":1522,""Reason"":3}"
2968081,"{""Old"":1407,""New"":1409,""Reason"":3}"
2968081,"{""Old"":639,""New"":641,""Reason"":3}"
218610415,"{""Old"":184,""New"":186,""Reason"":3}"
218610415,"{""Old"":182,""New"":184,""Reason"":3}"
2968081,"{""Old"":1327,""New"":1329,""Reason"":3}"
31776438,"{""Old"":301,""New"":303,""Reason"":3}"
55531402,"{""Old"":599227,""New"":599237,""Reason"":3}"
55531402,"{""Old"":600559,""New"":600569,""Reason"":3}"
55531402,"{""Old"":601486,""New"":601496,""Reason"":3}"
55531402,"{""Old"":604516,""New"":604566,""Reason"":3}"
55531402,"{""Old"":606747,""New"":606757,""Reason"":3}"
55531402,"{""Old"":618576,""New"":618586,""Reason"":3}"
55531402,"{""Old"":620676,""New"":620686,""Reason"":3}"
55531402,"{""Old"":597990,""New"":598000,""Reason"":3}"
55531402,"{""Old"":599027,""New"":599037,""Reason"":3}"
55531402,"{""Old"":603080,""New"":603082,""Reason"":3}"
55531402,"{""Old"":606627,""New"":606637,""Reason"":3}"
55531402,"{""Old"":619244,""New"":619254,""Reason"":3}"
55531402,"{""Old"":596236,""New"":596246,""Reason"":3}"
55531402,"{""Old"":597463,""New"":597483,""Reason"":3}"
55531402,"{""Old"":589994,""New"":590004,""Reason"":3}"
55531402,"{""Old"":590861,""New"":590871,""Reason"":3}"
55531402,"{""Old"":592338,""New"":592368,""Reason"":3}"
55531402,"{""Old"":593377,""New"":593387,""Reason"":3}"
55531402,"{""Old"":598525,""New"":598535,""Reason"":3}"
55531402,"{""Old"":598775,""New"":598785,""Reason"":3}"
55531402,"{""Old"":599777,""New"":599797,""Reason"":3}"
55531402,"{""Old"":602515,""New"":602525,""Reason"":3}"
55531402,"{""Old"":605636,""New"":605666,""Reason"":3}"
55531402,"{""Old"":611051,""New"":611081,""Reason"":3}"
55531402,"{""Old"":612616,""New"":612636,""Reason"":3}"
55531402,"{""Old"":613286,""New"":613296,""Reason"":3}"
2959905,"{""Old"":340,""New"":342,""Reason"":3}"
55531402,"{""Old"":605191,""New"":605211,""Reason"":3}"
55531402,"{""Old"":604916,""New"":604946,""Reason"":3}"
55531402,"{""Old"":606115,""New"":606155,""Reason"":3}"
55531402,"{""Old"":617361,""New"":617371,""Reason"":3}"
55531402,"{""Old"":586082,""New"":586086,""Reason"":3}"
55531402,"{""Old"":587615,""New"":587617,""Reason"":3}"
55531402,"{""Old"":592261,""New"":592281,""Reason"":3}"
55531402,"{""Old"":594632,""New"":594652,""Reason"":3}"
55531402,"{""Old"":600484,""New"":600494,""Reason"":3}"
55531402,"{""Old"":600854,""New"":600864,""Reason"":3}"
55531402,"{""Old"":600999,""New"":601029,""Reason"":3}"
55531402,"{""Old"":604091,""New"":604111,""Reason"":3}"
55531402,"{""Old"":608776,""New"":608786,""Reason"":3}"
55531402,"{""Old"":613616,""New"":613646,""Reason"":3}"
55531402,"{""Old"":616661,""New"":616671,""Reason"":3}"
24064804,"{""Old"":724,""New"":726,""Reason"":3}"
9877941,"{""Old"":867,""New"":869,""Reason"":3}"
55531402,"{""Old"":599067,""New"":599077,""Reason"":3}"
55531402,"{""Old"":601421,""New"":601441,""Reason"":3}"
55531402,"{""Old"":602760,""New"":602770,""Reason"":3}"
55531402,"{""Old"":605776,""New"":605816,""Reason"":3}"
55531402,"{""Old"":606577,""New"":606617,""Reason"":3}"
55531402,"{""Old"":611826,""New"":611836,""Reason"":3}"
55531402,"{""Old"":614121,""New"":614131,""Reason"":3}"
55531402,"{""Old"":618276,""New"":618316,""Reason"":3}"
22435751,"{""Old"":5056,""New"":5058,""Reason"":3}"
22435751,"{""Old"":5829,""New"":5849,""Reason"":3}"
28916716,"{""Old"":1162,""New"":1164,""Reason"":3}"
28916716,"{""Old"":1207,""New"":1209,""Reason"":3}"
28916716,"{""Old"":1245,""New"":1249,""Reason"":3}"
62553613,"{""Old"":7360,""New"":7364,""Reason"":3}"
55531402,"{""Old"":597008,""New"":597028,""Reason"":3}"
55531402,"{""Old"":599367,""New"":599407,""Reason"":3}"
55531402,"{""Old"":607032,""New"":607062,""Reason"":3}"
55531402,"{""Old"":609561,""New"":609571,""Reason"":3}"
55531402,"{""Old"":610126,""New"":610136,""Reason"":3}"
55531402,"{""Old"":620056,""New"":620076,""Reason"":3}"
55531402,"{""Old"":594184,""New"":594204,""Reason"":3}"
55531402,"{""Old"":595362,""New"":595372,""Reason"":3}"
55531402,"{""Old"":606567,""New"":606577,""Reason"":3}"
55531402,"{""Old"":609721,""New"":609731,""Reason"":3}"
55531402,"{""Old"":610331,""New"":610341,""Reason"":3}"
55531402,"{""Old"":610711,""New"":610741,""Reason"":3}"
55531402,"{""Old"":610426,""New"":610436,""Reason"":3}"
55531402,"{""Old"":616186,""New"":616196,""Reason"":3}"
55531402,"{""Old"":619054,""New"":619064,""Reason"":3}"
55531402,"{""Old"":620086,""New"":620096,""Reason"":3}"
22435751,"{""Old"":6324,""New"":6334,""Reason"":3}"
31558571,"{""Old"":368,""New"":370,""Reason"":3}"
31558571,"{""Old"":466,""New"":476,""Reason"":3}"
31558571,"{""Old"":494,""New"":496,""Reason"":3}"
31558571,"{""Old"":315,""New"":317,""Reason"":3}"
55522266,"{""Old"":100,""New"":102,""Reason"":3}"
55921654,"{""Old"":1546,""New"":1548,""Reason"":3}"
55522266,"{""Old"":135,""New"":137,""Reason"":3}"
123245731,"{""Old"":9835,""New"":9845,""Reason"":3}"
24064804,"{""Old"":651,""New"":653,""Reason"":3}"
24064804,"{""Old"":732,""New"":734,""Reason"":3}"
24064804,"{""Old"":730,""New"":732,""Reason"":3}"
27853630,"{""Old"":2,""New"":6,""Reason"":3}"
13396967,"{""Old"":1395,""New"":1397,""Reason"":3}"
13396967,"{""Old"":1425,""New"":1427,""Reason"":3}"
19005457,"{""Old"":3390,""New"":3392,""Reason"":3}"
44961939,"{""Old"":478,""New"":480,""Reason"":3}"
80141190,"{""Old"":344,""New"":346,""Reason"":3}"
44961939,"{""Old"":480,""New"":482,""Reason"":3}"
11534557,"{""Old"":299576,""New"":299596,""Reason"":3}"
11534557,"{""Old"":300258,""New"":300268,""Reason"":3}"
299630,"{""Old"":3333,""New"":3343,""Reason"":3}"
299630,"{""Old"":3831,""New"":3833,""Reason"":3}"
299630,"{""Old"":3973,""New"":3983,""Reason"":3}"
299630,"{""Old"":3321,""New"":3331,""Reason"":3}"
299630,"{""Old"":3295,""New"":3297,""Reason"":3}"
299630,"{""Old"":4093,""New"":4095,""Reason"":3}"
299630,"{""Old"":4291,""New"":4311,""Reason"":3}"
11534557,"{""Old"":300268,""New"":300278,""Reason"":3}"
11534557,"{""Old"":300213,""New"":300233,""Reason"":3}"
11534557,"{""Old"":300503,""New"":300523,""Reason"":3}"
84278309,"{""Old"":97,""New"":99,""Reason"":3}"
55921654,"{""Old"":1499,""New"":1501,""Reason"":3}"
2968081,"{""Old"":1457,""New"":1459,""Reason"":3}"
2968081,"{""Old"":1263,""New"":1265,""Reason"":3}"
2968081,"{""Old"":1479,""New"":1481,""Reason"":3}"
32281739,"{""Old"":707,""New"":709,""Reason"":3}"
12346315,"{""Old"":2175,""New"":2185,""Reason"":3}"
13054661,"{""Old"":624,""New"":626,""Reason"":3}"
13054661,"{""Old"":646,""New"":648,""Reason"":3}"
14365010,"{""Old"":365,""New"":367,""Reason"":3}"
14365010,"{""Old"":424,""New"":426,""Reason"":3}"
14365010,"{""Old"":373,""New"":375,""Reason"":3}"
202863679,"{""Old"":979,""New"":981,""Reason"":3}"
19535546,"{""Old"":1876,""New"":1878,""Reason"":3}"
2968081,"{""Old"":1139,""New"":1141,""Reason"":3}"
2968081,"{""Old"":1196,""New"":1198,""Reason"":3}"
2126771,"{""Old"":1560,""New"":1562,""Reason"":3}"
22023288,"{""Old"":3871,""New"":3881,""Reason"":3}"
18436020,"{""Old"":644,""New"":646,""Reason"":3}"
18436020,"{""Old"":659,""New"":661,""Reason"":3}"
14365010,"{""Old"":322,""New"":332,""Reason"":3}"
14365010,"{""Old"":408,""New"":410,""Reason"":3}"
14365010,"{""Old"":404,""New"":406,""Reason"":3}"
14365010,"{""Old"":319,""New"":321,""Reason"":3}"
14365010,"{""Old"":422,""New"":424,""Reason"":3}"
14365010,"{""Old"":413,""New"":415,""Reason"":3}"
14365010,"{""Old"":355,""New"":357,""Reason"":3}"
64516532,"{""Old"":23,""New"":25,""Reason"":3}"
24715327,"{""Old"":1788,""New"":1790,""Reason"":3}"
55531402,"{""Old"":598535,""New"":598545,""Reason"":3}"
55531402,"{""Old"":602038,""New"":602058,""Reason"":3}"
55531402,"{""Old"":603082,""New"":603092,""Reason"":3}"
55531402,"{""Old"":605541,""New"":605561,""Reason"":3}"
55531402,"{""Old"":608396,""New"":608406,""Reason"":3}"
55531402,"{""Old"":610876,""New"":610926,""Reason"":3}"
55531402,"{""Old"":612316,""New"":612326,""Reason"":3}"
55531402,"{""Old"":617756,""New"":617776,""Reason"":3}"
55531402,"{""Old"":596281,""New"":596291,""Reason"":3}"
55531402,"{""Old"":600214,""New"":600224,""Reason"":3}"
55531402,"{""Old"":602570,""New"":602580,""Reason"":3}"
55531402,"{""Old"":603177,""New"":603187,""Reason"":3}"
55531402,"{""Old"":603866,""New"":603886,""Reason"":3}"
55531402,"{""Old"":612926,""New"":612956,""Reason"":3}"
55531402,"{""Old"":615376,""New"":615386,""Reason"":3}"
55531402,"{""Old"":616696,""New"":616726,""Reason"":3}"
55531402,"{""Old"":619486,""New"":619496,""Reason"":3}"
55531402,"{""Old"":620616,""New"":620626,""Reason"":3}"
55531402,"{""Old"":620596,""New"":620606,""Reason"":3}"
55531402,"{""Old"":594738,""New"":594748,""Reason"":3}"
55531402,"{""Old"":595052,""New"":595072,""Reason"":3}"
55531402,"{""Old"":601371,""New"":601381,""Reason"":3}"
55531402,"{""Old"":602018,""New"":602038,""Reason"":3}"
55531402,"{""Old"":605446,""New"":605466,""Reason"":3}"
55531402,"{""Old"":608406,""New"":608426,""Reason"":3}"
55531402,"{""Old"":608231,""New"":608241,""Reason"":3}"
55531402,"{""Old"":608961,""New"":608991,""Reason"":3}"
55531402,"{""Old"":609686,""New"":609696,""Reason"":3}"
55531402,"{""Old"":620726,""New"":620736,""Reason"":3}"
22023288,"{""Old"":1649,""New"":1659,""Reason"":3}"
22023288,"{""Old"":3771,""New"":3781,""Reason"":3}"
22023288,"{""Old"":1272,""New"":1274,""Reason"":3}"
22023288,"{""Old"":2623,""New"":2633,""Reason"":3}"
22023288,"{""Old"":2975,""New"":2985,""Reason"":3}"
22023288,"{""Old"":3457,""New"":3477,""Reason"":3}"
22023288,"{""Old"":163,""New"":165,""Reason"":3}"
22023288,"{""Old"":1088,""New"":1090,""Reason"":3}"
22023288,"{""Old"":3087,""New"":3097,""Reason"":3}"
22023288,"{""Old"":3151,""New"":3161,""Reason"":3}"
22023288,"{""Old"":1535,""New"":1545,""Reason"":3}"
22023288,"{""Old"":1567,""New"":1569,""Reason"":3}"
22023288,"{""Old"":1689,""New"":1699,""Reason"":3}"
22023288,"{""Old"":2883,""New"":2885,""Reason"":3}"
22023288,"{""Old"":3317,""New"":3327,""Reason"":3}"
22023288,"{""Old"":1098,""New"":1100,""Reason"":3}"
206872234,"{""Old"":283,""New"":285,""Reason"":3}"
12301610,"{""Old"":2689,""New"":2691,""Reason"":3}"
11534557,"{""Old"":297522,""New"":297532,""Reason"":3}"
11534557,"{""Old"":297472,""New"":297492,""Reason"":3}"
11534557,"{""Old"":299276,""New"":299286,""Reason"":3}"
11534557,"{""Old"":304223,""New"":304225,""Reason"":3}"
11534557,"{""Old"":304432,""New"":304434,""Reason"":3}"
19013130,"{""Old"":383,""New"":385,""Reason"":3}"
12346315,"{""Old"":4290,""New"":4292,""Reason"":3}"
12346315,"{""Old"":4288,""New"":4290,""Reason"":3}"
12346315,"{""Old"":4354,""New"":4356,""Reason"":3}"
27096446,"{""Old"":239,""New"":241,""Reason"":3}"
55921654,"{""Old"":1560,""New"":1562,""Reason"":3}"
84278309,"{""Old"":153,""New"":155,""Reason"":3}"
17655371,"{""Old"":50,""New"":52,""Reason"":3}"
11534557,"{""Old"":298871,""New"":298891,""Reason"":3}"
11534557,"{""Old"":304643,""New"":304673,""Reason"":3}"
55522266,"{""Old"":120,""New"":122,""Reason"":3}"
10241303,"{""Old"":222,""New"":224,""Reason"":3}"
23844493,"{""Old"":873,""New"":879,""Reason"":3}"
23844493,"{""Old"":918,""New"":920,""Reason"":3}"
23844493,"{""Old"":927,""New"":929,""Reason"":3}"
212103630,"{""Old"":242,""New"":244,""Reason"":3}"
212103630,"{""Old"":240,""New"":242,""Reason"":3}"
206129955,"{""Old"":159,""New"":161,""Reason"":3}"
14365010,"{""Old"":369,""New"":371,""Reason"":3}"
14365010,"{""Old"":361,""New"":363,""Reason"":3}"
14365010,"{""Old"":399,""New"":401,""Reason"":3}"
200004383,"{""Old"":2311,""New"":2313,""Reason"":3}"
15692128,"{""Old"":65,""New"":67,""Reason"":3}"
120956657,"{""Old"":430,""New"":432,""Reason"":3}"
120956657,"{""Old"":1084,""New"":1086,""Reason"":3}"
120956657,"{""Old"":1615,""New"":1617,""Reason"":3}"
17676293,"{""Old"":18483,""New"":18485,""Reason"":3}"
17676293,"{""Old"":19699,""New"":19709,""Reason"":3}"
17676293,"{""Old"":22512,""New"":22522,""Reason"":3}"
17676293,"{""Old"":23750,""New"":23760,""Reason"":3}"
17676293,"{""Old"":24774,""New"":24794,""Reason"":3}"
17676293,"{""Old"":25239,""New"":25249,""Reason"":3}"
17676293,"{""Old"":25713,""New"":25723,""Reason"":3}"
200004383,"{""Old"":1896,""New"":1898,""Reason"":3}"
200004383,"{""Old"":1988,""New"":1990,""Reason"":3}"
200004383,"{""Old"":2069,""New"":2071,""Reason"":3}"
200004383,"{""Old"":2048,""New"":2050,""Reason"":3}"
12346315,"{""Old"":2222,""New"":2224,""Reason"":3}"
19981811,"{""Old"":29532,""New"":29534,""Reason"":3}"
19981811,"{""Old"":30574,""New"":30576,""Reason"":3}"
4829598,"{""Old"":1624,""New"":1626,""Reason"":3}"
4829598,"{""Old"":1254,""New"":1264,""Reason"":3}"
63583576,"{""Old"":153,""New"":155,""Reason"":3}"
208341661,"{""Old"":689,""New"":691,""Reason"":3}"
208341661,"{""Old"":713,""New"":723,""Reason"":3}"
19535546,"{""Old"":2535,""New"":2537,""Reason"":3}"
19535546,"{""Old"":838,""New"":840,""Reason"":3}"
202863679,"{""Old"":1107,""New"":1109,""Reason"":3}"
202863679,"{""Old"":1021,""New"":1025,""Reason"":3}"
202863679,"{""Old"":1070,""New"":1072,""Reason"":3}"
19981811,"{""Old"":108270,""New"":108272,""Reason"":3}"
55921654,"{""Old"":1530,""New"":1540,""Reason"":3}"
49825474,"{""Old"":453,""New"":455,""Reason"":3}"
12346315,"{""Old"":4348,""New"":4350,""Reason"":3}"
299630,"{""Old"":2975,""New"":2981,""Reason"":3}"
299630,"{""Old"":3409,""New"":3419,""Reason"":3}"
49825474,"{""Old"":434,""New"":436,""Reason"":3}"
299630,"{""Old"":1857,""New"":1859,""Reason"":3}"
299630,"{""Old"":3899,""New"":3909,""Reason"":3}"
123245731,"{""Old"":9866,""New"":9868,""Reason"":3}"
17205050,"{""Old"":703,""New"":705,""Reason"":3}"
22435751,"{""Old"":5218,""New"":5220,""Reason"":3}"
22435751,"{""Old"":5348,""New"":5350,""Reason"":3}"
22435751,"{""Old"":5459,""New"":5461,""Reason"":3}"
22435751,"{""Old"":5819,""New"":5829,""Reason"":3}"
22435751,"{""Old"":6654,""New"":6664,""Reason"":3}"
55531402,"{""Old"":588646,""New"":588656,""Reason"":3}"
55531402,"{""Old"":590374,""New"":590384,""Reason"":3}"
55531402,"{""Old"":591181,""New"":591183,""Reason"":3}"
55531402,"{""Old"":597168,""New"":597178,""Reason"":3}"
55531402,"{""Old"":598980,""New"":598982,""Reason"":3}"
55531402,"{""Old"":599572,""New"":599592,""Reason"":3}"
55531402,"{""Old"":612221,""New"":612251,""Reason"":3}"
55531402,"{""Old"":616566,""New"":616586,""Reason"":3}"
55531402,"{""Old"":619084,""New"":619134,""Reason"":3}"
55531402,"{""Old"":596408,""New"":596418,""Reason"":3}"
55531402,"{""Old"":598490,""New"":598500,""Reason"":3}"
55531402,"{""Old"":609251,""New"":609261,""Reason"":3}"
55531402,"{""Old"":612661,""New"":612671,""Reason"":3}"
55531402,"{""Old"":619966,""New"":619976,""Reason"":3}"
55531402,"{""Old"":620196,""New"":620206,""Reason"":3}"
55531402,"{""Old"":589512,""New"":589522,""Reason"":3}"
55531402,"{""Old"":592493,""New"":592513,""Reason"":3}"
55531402,"{""Old"":593237,""New"":593247,""Reason"":3}"
55531402,"{""Old"":595252,""New"":595262,""Reason"":3}"
55531402,"{""Old"":601344,""New"":601346,""Reason"":3}"
55531402,"{""Old"":610651,""New"":610711,""Reason"":3}"
55531402,"{""Old"":612006,""New"":612016,""Reason"":3}"
55531402,"{""Old"":617811,""New"":617821,""Reason"":3}"
32281739,"{""Old"":583,""New"":585,""Reason"":3}"
32281739,"{""Old"":342,""New"":344,""Reason"":3}"
20555835,"{""Old"":98,""New"":100,""Reason"":3}"
2968081,"{""Old"":608,""New"":610,""Reason"":3}"
169859,"{""Old"":341,""New"":343,""Reason"":3}"
19981811,"{""Old"":29866,""New"":29870,""Reason"":3}"
19981811,"{""Old"":30696,""New"":30698,""Reason"":3}"
19981811,"{""Old"":29596,""New"":29598,""Reason"":3}"
11534557,"{""Old"":299346,""New"":299366,""Reason"":3}"
11534557,"{""Old"":300658,""New"":300678,""Reason"":3}"
55921654,"{""Old"":1528,""New"":1530,""Reason"":3}"
55921654,"{""Old"":1501,""New"":1503,""Reason"":3}"
17398189,"{""Old"":349,""New"":353,""Reason"":3}"
23844493,"{""Old"":1541,""New"":1551,""Reason"":3}"
19981811,"{""Old"":29812,""New"":29814,""Reason"":3}"
19981811,"{""Old"":30570,""New"":30572,""Reason"":3}"
19981811,"{""Old"":30564,""New"":30566,""Reason"":3}"
32281739,"{""Old"":276,""New"":280,""Reason"":3}"
18436020,"{""Old"":633,""New"":635,""Reason"":3}"
212103630,"{""Old"":236,""New"":238,""Reason"":3}"
202176747,"{""Old"":37897,""New"":37907,""Reason"":3}"
299630,"{""Old"":4467,""New"":4477,""Reason"":3}"
49825474,"{""Old"":499,""New"":501,""Reason"":3}"
11534557,"{""Old"":300278,""New"":300288,""Reason"":3}"
53318306,"{""Old"":148,""New"":150,""Reason"":3}"
37962654,"{""Old"":886,""New"":896,""Reason"":3}"
37962654,"{""Old"":902,""New"":904,""Reason"":3}"
37962654,"{""Old"":969,""New"":971,""Reason"":3}"
37962654,"{""Old"":1032,""New"":1034,""Reason"":3}"
37962654,"{""Old"":1182,""New"":1192,""Reason"":3}"
55531402,"{""Old"":597623,""New"":597673,""Reason"":3}"
55531402,"{""Old"":600099,""New"":600119,""Reason"":3}"
55531402,"{""Old"":600334,""New"":600344,""Reason"":3}"
55531402,"{""Old"":605141,""New"":605191,""Reason"":3}"
55531402,"{""Old"":605486,""New"":605516,""Reason"":3}"
55531402,"{""Old"":605933,""New"":605953,""Reason"":3}"
55531402,"{""Old"":607749,""New"":607759,""Reason"":3}"
55531402,"{""Old"":608156,""New"":608176,""Reason"":3}"
55531402,"{""Old"":612296,""New"":612316,""Reason"":3}"
55531402,"{""Old"":612716,""New"":612756,""Reason"":3}"
55531402,"{""Old"":614581,""New"":614601,""Reason"":3}"
55531402,"{""Old"":614496,""New"":614506,""Reason"":3}"
55531402,"{""Old"":620696,""New"":620706,""Reason"":3}"
22435751,"{""Old"":6024,""New"":6034,""Reason"":3}"
22435751,"{""Old"":6294,""New"":6304,""Reason"":3}"
22435751,"{""Old"":4998,""New"":5000,""Reason"":3}"
22435751,"{""Old"":6282,""New"":6284,""Reason"":3}"
19981811,"{""Old"":31191,""New"":31211,""Reason"":3}"
19981811,"{""Old"":30694,""New"":30696,""Reason"":3}"
19981811,"{""Old"":31153,""New"":31163,""Reason"":3}"
19981811,"{""Old"":29528,""New"":29530,""Reason"":3}"
19981811,"{""Old"":30859,""New"":30863,""Reason"":3}"
2968081,"{""Old"":1720,""New"":1722,""Reason"":3}"
20555835,"{""Old"":109,""New"":111,""Reason"":3}"
19981811,"{""Old"":30873,""New"":30883,""Reason"":3}"
20555835,"{""Old"":77,""New"":79,""Reason"":3}"
19981811,"{""Old"":31007,""New"":31017,""Reason"":3}"
19981811,"{""Old"":29727,""New"":29729,""Reason"":3}"
19981811,"{""Old"":31139,""New"":31143,""Reason"":3}"
19981811,"{""Old"":30582,""New"":30584,""Reason"":3}"
19981811,"{""Old"":31137,""New"":31139,""Reason"":3}"
19981811,"{""Old"":31163,""New"":31165,""Reason"":3}"
19981811,"{""Old"":31211,""New"":31213,""Reason"":3}"
218610415,"{""Old"":227,""New"":229,""Reason"":3}"
19981811,"{""Old"":29756,""New"":29758,""Reason"":3}"
19981811,"{""Old"":30987,""New"":30989,""Reason"":3}"
9254415,"{""Old"":3031,""New"":3041,""Reason"":3}"
26388823,"{""Old"":389,""New"":399,""Reason"":3}"
55522266,"{""Old"":146,""New"":148,""Reason"":3}"
17205050,"{""Old"":699,""New"":701,""Reason"":3}"
9877941,"{""Old"":442,""New"":444,""Reason"":3}"
18436020,"{""Old"":629,""New"":633,""Reason"":3}"
22023288,"{""Old"":1521,""New"":1523,""Reason"":3}"
22023288,"{""Old"":2254,""New"":2264,""Reason"":3}"
22023288,"{""Old"":3307,""New"":3317,""Reason"":3}"
22023288,"{""Old"":3487,""New"":3497,""Reason"":3}"
49825474,"{""Old"":415,""New"":417,""Reason"":3}"
49825474,"{""Old"":485,""New"":489,""Reason"":3}"
11534557,"{""Old"":298711,""New"":298721,""Reason"":3}"
11534557,"{""Old"":300690,""New"":300700,""Reason"":3}"
11534557,"{""Old"":304760,""New"":304780,""Reason"":3}"
11534557,"{""Old"":298961,""New"":298971,""Reason"":3}"
11534557,"{""Old"":304022,""New"":304032,""Reason"":3}"
17676293,"{""Old"":17191,""New"":17195,""Reason"":3}"
17676293,"{""Old"":19400,""New"":19410,""Reason"":3}"
17676293,"{""Old"":21213,""New"":21223,""Reason"":3}"
12346315,"{""Old"":2279,""New"":2281,""Reason"":3}"
17676293,"{""Old"":18201,""New"":18211,""Reason"":3}"
17676293,"{""Old"":18843,""New"":18853,""Reason"":3}"
17676293,"{""Old"":20232,""New"":20242,""Reason"":3}"
17676293,"{""Old"":20967,""New"":20977,""Reason"":3}"
17676293,"{""Old"":21534,""New"":21544,""Reason"":3}"
17676293,"{""Old"":17203,""New"":17205,""Reason"":3}"
17676293,"{""Old"":18693,""New"":18695,""Reason"":3}"
17676293,"{""Old"":20432,""New"":20442,""Reason"":3}"
17676293,"{""Old"":20376,""New"":20386,""Reason"":3}"
17676293,"{""Old"":22198,""New"":22208,""Reason"":3}"
17676293,"{""Old"":22448,""New"":22468,""Reason"":3}"
17676293,"{""Old"":22752,""New"":22762,""Reason"":3}"
17676293,"{""Old"":22996,""New"":23006,""Reason"":3}"
17676293,"{""Old"":23094,""New"":23096,""Reason"":3}"
17676293,"{""Old"":24425,""New"":24435,""Reason"":3}"
17676293,"{""Old"":24669,""New"":24679,""Reason"":3}"
17676293,"{""Old"":25455,""New"":25465,""Reason"":3}"
17676293,"{""Old"":25555,""New"":25565,""Reason"":3}"
17676293,"{""Old"":25672,""New"":25682,""Reason"":3}"
208341661,"{""Old"":693,""New"":695,""Reason"":3}"
9084499,"{""Old"":177,""New"":179,""Reason"":3}"
19005457,"{""Old"":3566,""New"":3568,""Reason"":3}"
206129955,"{""Old"":155,""New"":159,""Reason"":3}"
23844493,"{""Old"":898,""New"":908,""Reason"":3}"
206129955,"{""Old"":153,""New"":155,""Reason"":3}"
26388823,"{""Old"":370,""New"":372,""Reason"":3}"
84278309,"{""Old"":108,""New"":110,""Reason"":3}"
43365752,"{""Old"":818,""New"":820,""Reason"":3}"
11534557,"{""Old"":300413,""New"":300423,""Reason"":3}"
11534557,"{""Old"":304166,""New"":304168,""Reason"":3}"
11534557,"{""Old"":300710,""New"":300720,""Reason"":3}"
11534557,"{""Old"":304880,""New"":304890,""Reason"":3}"
67836518,"{""Old"":2327,""New"":2337,""Reason"":3}"
67836518,"{""Old"":2359,""New"":2361,""Reason"":3}"
299630,"{""Old"":3451,""New"":3457,""Reason"":3}"
299630,"{""Old"":3547,""New"":3557,""Reason"":3}"
299630,"{""Old"":4069,""New"":4079,""Reason"":3}"
299630,"{""Old"":4201,""New"":4211,""Reason"":3}"
49825474,"{""Old"":481,""New"":483,""Reason"":3}"
49825474,"{""Old"":492,""New"":494,""Reason"":3}"
49825474,"{""Old"":427,""New"":429,""Reason"":3}"
11534557,"{""Old"":297452,""New"":297462,""Reason"":3}"
11534557,"{""Old"":298226,""New"":298246,""Reason"":3}"
11534557,"{""Old"":300173,""New"":300213,""Reason"":3}"
2968081,"{""Old"":1003,""New"":1005,""Reason"":3}"
2968081,"{""Old"":872,""New"":882,""Reason"":3}"
200004383,"{""Old"":2022,""New"":2024,""Reason"":3}"
200004383,"{""Old"":1995,""New"":1997,""Reason"":3}"
120956657,"{""Old"":1840,""New"":1860,""Reason"":3}"
120956657,"{""Old"":1904,""New"":1914,""Reason"":3}"
205159799,"{""Old"":161,""New"":163,""Reason"":3}"
5149995,"{""Old"":460,""New"":462,""Reason"":3}"
23245080,"{""Old"":192,""New"":194,""Reason"":3}"
23245080,"{""Old"":231,""New"":233,""Reason"":3}"
23245080,"{""Old"":304,""New"":306,""Reason"":3}"
37962654,"{""Old"":918,""New"":928,""Reason"":3}"
37962654,"{""Old"":1004,""New"":1006,""Reason"":3}"
24064804,"{""Old"":726,""New"":728,""Reason"":3}"
22435751,"{""Old"":5048,""New"":5050,""Reason"":3}"
22435751,"{""Old"":6226,""New"":6246,""Reason"":3}"
22435751,"{""Old"":6432,""New"":6434,""Reason"":3}"
55531402,"{""Old"":597718,""New"":597728,""Reason"":3}"
55531402,"{""Old"":600249,""New"":600279,""Reason"":3}"
55531402,"{""Old"":600569,""New"":600609,""Reason"":3}"
55531402,"{""Old"":608111,""New"":608131,""Reason"":3}"
55531402,"{""Old"":611581,""New"":611591,""Reason"":3}"
55531402,"{""Old"":612916,""New"":612926,""Reason"":3}"
55531402,"{""Old"":615051,""New"":615061,""Reason"":3}"
55531402,"{""Old"":618481,""New"":618491,""Reason"":3}"
55531402,"{""Old"":619396,""New"":619406,""Reason"":3}"
55531402,"{""Old"":620656,""New"":620666,""Reason"":3}"
200004383,"{""Old"":2149,""New"":2151,""Reason"":3}"
18163099,"{""Old"":403,""New"":405,""Reason"":3}"
18163099,"{""Old"":391,""New"":393,""Reason"":3}"
18163099,"{""Old"":399,""New"":401,""Reason"":3}"
17676293,"{""Old"":17209,""New"":17211,""Reason"":3}"
17676293,"{""Old"":17630,""New"":17632,""Reason"":3}"
17676293,"{""Old"":19749,""New"":19759,""Reason"":3}"
17676293,"{""Old"":22490,""New"":22492,""Reason"":3}"
17676293,"{""Old"":22692,""New"":22702,""Reason"":3}"
17676293,"{""Old"":23146,""New"":23156,""Reason"":3}"
17676293,"{""Old"":25183,""New"":25203,""Reason"":3}"
17676293,"{""Old"":25321,""New"":25331,""Reason"":3}"
9254415,"{""Old"":3475,""New"":3485,""Reason"":3}"
32281739,"{""Old"":404,""New"":406,""Reason"":3}"
32281739,"{""Old"":705,""New"":707,""Reason"":3}"
83880780,"{""Old"":475,""New"":477,""Reason"":3}"
31776438,"{""Old"":309,""New"":311,""Reason"":3}"
81432331,"{""Old"":291,""New"":293,""Reason"":3}"
6149384,"{""Old"":1097,""New"":1101,""Reason"":3}"
75899123,"{""Old"":3173,""New"":3183,""Reason"":3}"
28753649,"{""Old"":56,""New"":58,""Reason"":3}"
25225869,"{""Old"":9296,""New"":9306,""Reason"":3}"
25225869,"{""Old"":9407,""New"":9417,""Reason"":3}"
20432920,"{""Old"":1218,""New"":1220,""Reason"":3}"
20432920,"{""Old"":1284,""New"":1286,""Reason"":3}"
20432920,"{""Old"":1308,""New"":1310,""Reason"":3}"
38434189,"{""Old"":3309,""New"":3339,""Reason"":3}"
39713787,"{""Old"":224,""New"":226,""Reason"":3}"
38434189,"{""Old"":3538,""New"":3548,""Reason"":3}"
203961613,"{""Old"":2792,""New"":2794,""Reason"":3}"
62911328,"{""Old"":831,""New"":833,""Reason"":3}"
62911328,"{""Old"":877,""New"":879,""Reason"":3}"
62911328,"{""Old"":1063,""New"":1065,""Reason"":3}"
62911328,"{""Old"":1137,""New"":1139,""Reason"":3}"
23234823,"{""Old"":4706,""New"":4708,""Reason"":3}"
13533643,"{""Old"":4119,""New"":4129,""Reason"":3}"
6454041,"{""Old"":381167,""New"":381177,""Reason"":3}"
6454041,"{""Old"":381057,""New"":381067,""Reason"":3}"
8815955,"{""Old"":41262,""New"":41264,""Reason"":3}"
8815955,"{""Old"":42248,""New"":42258,""Reason"":3}"
8815955,"{""Old"":42788,""New"":42798,""Reason"":3}"
8815955,"{""Old"":42096,""New"":42106,""Reason"":3}"
8815955,"{""Old"":42186,""New"":42196,""Reason"":3}"
16849761,"{""Old"":9838,""New"":9840,""Reason"":3}"
16849761,"{""Old"":9848,""New"":9850,""Reason"":3}"
49504220,"{""Old"":1200,""New"":1202,""Reason"":3}"
25491019,"{""Old"":162,""New"":164,""Reason"":3}"
25491019,"{""Old"":203,""New"":213,""Reason"":3}"
81432331,"{""Old"":279,""New"":281,""Reason"":3}"
81432331,"{""Old"":346,""New"":350,""Reason"":3}"
205043592,"{""Old"":12667,""New"":12669,""Reason"":3}"
59134318,"{""Old"":78,""New"":80,""Reason"":3}"
59134318,"{""Old"":50,""New"":52,""Reason"":3}"
3781116,"{""Old"":1851,""New"":1853,""Reason"":3}"
81432331,"{""Old"":214,""New"":216,""Reason"":3}"
14358374,"{""Old"":1000,""New"":1002,""Reason"":3}"
14358374,"{""Old"":1042,""New"":1044,""Reason"":3}"
23675475,"{""Old"":3168,""New"":3170,""Reason"":3}"
25225869,"{""Old"":2379,""New"":2381,""Reason"":3}"
25225869,"{""Old"":2422,""New"":2452,""Reason"":3}"
39713787,"{""Old"":181,""New"":183,""Reason"":3}"
79878389,"{""Old"":1439,""New"":1441,""Reason"":3}"
39713787,"{""Old"":212,""New"":214,""Reason"":3}"
79878389,"{""Old"":1435,""New"":1437,""Reason"":3}"
39713787,"{""Old"":248,""New"":250,""Reason"":3}"
39713787,"{""Old"":291,""New"":293,""Reason"":3}"
81432331,"{""Old"":342,""New"":344,""Reason"":3}"
81432331,"{""Old"":319,""New"":321,""Reason"":3}"
81432331,"{""Old"":350,""New"":352,""Reason"":3}"
81432331,"{""Old"":356,""New"":366,""Reason"":3}"
25491019,"{""Old"":130,""New"":132,""Reason"":3}"
11534557,"{""Old"":652574,""New"":652584,""Reason"":3}"
6454041,"{""Old"":219778,""New"":219780,""Reason"":3}"
218390057,"{""Old"":418,""New"":420,""Reason"":3}"
16849761,"{""Old"":9786,""New"":9788,""Reason"":3}"
16849761,"{""Old"":9794,""New"":9796,""Reason"":3}"
13533643,"{""Old"":4063,""New"":4073,""Reason"":3}"
13540193,"{""Old"":572,""New"":574,""Reason"":3}"
57411895,"{""Old"":3693,""New"":3695,""Reason"":3}"
13540193,"{""Old"":624,""New"":626,""Reason"":3}"
57411895,"{""Old"":3611,""New"":3613,""Reason"":3}"
13540193,"{""Old"":690,""New"":692,""Reason"":3}"
57411895,"{""Old"":3629,""New"":3631,""Reason"":3}"
13540193,"{""Old"":720,""New"":722,""Reason"":3}"
13540193,"{""Old"":584,""New"":586,""Reason"":3}"
57411895,"{""Old"":3769,""New"":3771,""Reason"":3}"
8815955,"{""Old"":41990,""New"":41992,""Reason"":3}"
8883313,"{""Old"":15303,""New"":15305,""Reason"":3}"
81856946,"{""Old"":3321,""New"":3323,""Reason"":3}"
31952856,"{""Old"":4240,""New"":4242,""Reason"":3}"
31952856,"{""Old"":2334,""New"":2336,""Reason"":3}"
31952856,"{""Old"":2567,""New"":2569,""Reason"":3}"
31952856,"{""Old"":2392,""New"":2394,""Reason"":3}"
31952856,"{""Old"":2569,""New"":2571,""Reason"":3}"
31952856,"{""Old"":2970,""New"":2972,""Reason"":3}"
31952856,"{""Old"":3550,""New"":3552,""Reason"":3}"
31952856,"{""Old"":3660,""New"":3670,""Reason"":3}"
31952856,"{""Old"":4112,""New"":4114,""Reason"":3}"
31952856,"{""Old"":1674,""New"":1684,""Reason"":3}"
31952856,"{""Old"":1945,""New"":1955,""Reason"":3}"
31952856,"{""Old"":2676,""New"":2678,""Reason"":3}"
23127774,"{""Old"":1819,""New"":1821,""Reason"":3}"
203470901,"{""Old"":3122,""New"":3124,""Reason"":3}"
38319980,"{""Old"":172008,""New"":172010,""Reason"":3}"
38319980,"{""Old"":172041,""New"":172043,""Reason"":3}"
38319980,"{""Old"":172039,""New"":172041,""Reason"":3}"
73875235,"{""Old"":361,""New"":363,""Reason"":3}"
14358374,"{""Old"":1086,""New"":1090,""Reason"":3}"
14358374,"{""Old"":1096,""New"":1098,""Reason"":3}"
14358374,"{""Old"":1116,""New"":1118,""Reason"":3}"
14358374,"{""Old"":1104,""New"":1114,""Reason"":3}"
53207534,"{""Old"":1921,""New"":1923,""Reason"":3}"
53207534,"{""Old"":2158,""New"":2168,""Reason"":3}"
53207534,"{""Old"":2275,""New"":2277,""Reason"":3}"
53207534,"{""Old"":1821,""New"":1823,""Reason"":3}"
53207534,"{""Old"":2273,""New"":2275,""Reason"":3}"
53207534,"{""Old"":1697,""New"":1699,""Reason"":3}"
81432331,"{""Old"":423,""New"":425,""Reason"":3}"
53207534,"{""Old"":1813,""New"":1815,""Reason"":3}"
53207534,"{""Old"":2088,""New"":2090,""Reason"":3}"
53207534,"{""Old"":1899,""New"":1901,""Reason"":3}"
53207534,"{""Old"":2240,""New"":2242,""Reason"":3}"
53207534,"{""Old"":1834,""New"":1836,""Reason"":3}"
62761183,"{""Old"":97,""New"":99,""Reason"":3}"
62448257,"{""Old"":2772,""New"":2774,""Reason"":3}"
5971370,"{""Old"":350,""New"":352,""Reason"":3}"
31952856,"{""Old"":2690,""New"":2692,""Reason"":3}"
31952856,"{""Old"":2838,""New"":2840,""Reason"":3}"
31952856,"{""Old"":2551,""New"":2561,""Reason"":3}"
31952856,"{""Old"":2836,""New"":2838,""Reason"":3}"
31952856,"{""Old"":2850,""New"":2852,""Reason"":3}"
31952856,"{""Old"":2958,""New"":2968,""Reason"":3}"
31952856,"{""Old"":3882,""New"":3886,""Reason"":3}"
31952856,"{""Old"":1887,""New"":1897,""Reason"":3}"
45629654,"{""Old"":294,""New"":296,""Reason"":3}"
31952856,"{""Old"":2338,""New"":2340,""Reason"":3}"
31952856,"{""Old"":2405,""New"":2407,""Reason"":3}"
31952856,"{""Old"":2561,""New"":2565,""Reason"":3}"
31952856,"{""Old"":2932,""New"":2934,""Reason"":3}"
22689590,"{""Old"":762,""New"":764,""Reason"":3}"
80128505,"{""Old"":1710,""New"":1714,""Reason"":3}"
4861422,"{""Old"":10024,""New"":10026,""Reason"":3}"
30733083,"{""Old"":139,""New"":141,""Reason"":3}"
53207534,"{""Old"":1929,""New"":1931,""Reason"":3}"
53207534,"{""Old"":2287,""New"":2289,""Reason"":3}"
53207534,"{""Old"":1817,""New"":1819,""Reason"":3}"
13533643,"{""Old"":4073,""New"":4075,""Reason"":3}"
13540193,"{""Old"":580,""New"":582,""Reason"":3}"
13540193,"{""Old"":692,""New"":694,""Reason"":3}"
8815955,"{""Old"":41302,""New"":41312,""Reason"":3}"
13540193,"{""Old"":642,""New"":644,""Reason"":3}"
13540193,"{""Old"":662,""New"":664,""Reason"":3}"
206036557,"{""Old"":2779,""New"":2781,""Reason"":3}"
206036557,"{""Old"":2804,""New"":2806,""Reason"":3}"
62911328,"{""Old"":706,""New"":708,""Reason"":3}"
62911328,"{""Old"":735,""New"":737,""Reason"":3}"
62911328,"{""Old"":1206,""New"":1208,""Reason"":3}"
62911328,"{""Old"":1069,""New"":1071,""Reason"":3}"
62911328,"{""Old"":1257,""New"":1259,""Reason"":3}"
62911328,"{""Old"":114,""New"":116,""Reason"":3}"
62911328,"{""Old"":309,""New"":311,""Reason"":3}"
32405736,"{""Old"":5500,""New"":5510,""Reason"":3}"
8419745,"{""Old"":3129,""New"":3131,""Reason"":3}"
8419745,"{""Old"":3111,""New"":3113,""Reason"":3}"
6454041,"{""Old"":218745,""New"":218747,""Reason"":3}"
29194654,"{""Old"":1173,""New"":1183,""Reason"":3}"
4861422,"{""Old"":9897,""New"":9907,""Reason"":3}"
53207534,"{""Old"":1893,""New"":1895,""Reason"":3}"
53207534,"{""Old"":2146,""New"":2148,""Reason"":3}"
14808266,"{""Old"":53984,""New"":53986,""Reason"":3}"
11534557,"{""Old"":652744,""New"":652754,""Reason"":3}"
218390057,"{""Old"":358,""New"":360,""Reason"":3}"
42367164,"{""Old"":29130,""New"":29132,""Reason"":3}"
8815955,"{""Old"":42410,""New"":42420,""Reason"":3}"
34115204,"{""Old"":1266,""New"":1268,""Reason"":3}"
42367164,"{""Old"":29242,""New"":29252,""Reason"":3}"
40671256,"{""Old"":7201,""New"":7203,""Reason"":3}"
40671256,"{""Old"":6215,""New"":6225,""Reason"":3}"
81432331,"{""Old"":336,""New"":338,""Reason"":3}"
81432331,"{""Old"":448,""New"":452,""Reason"":3}"
81432331,"{""Old"":176,""New"":178,""Reason"":3}"
53207534,"{""Old"":2060,""New"":2062,""Reason"":3}"
53207534,"{""Old"":2204,""New"":2206,""Reason"":3}"
53207534,"{""Old"":2106,""New"":2108,""Reason"":3}"
53207534,"{""Old"":2128,""New"":2130,""Reason"":3}"
81432331,"{""Old"":391,""New"":393,""Reason"":3}"
59134318,"{""Old"":54,""New"":56,""Reason"":3}"
59134318,"{""Old"":163,""New"":165,""Reason"":3}"
81432331,"{""Old"":431,""New"":433,""Reason"":3}"
81432331,"{""Old"":186,""New"":188,""Reason"":3}"
81432331,"{""Old"":270,""New"":272,""Reason"":3}"
75899123,"{""Old"":3092,""New"":3094,""Reason"":3}"
23109672,"{""Old"":11184,""New"":11186,""Reason"":3}"
23839143,"{""Old"":890,""New"":898,""Reason"":3}"
32223000,"{""Old"":2165,""New"":2167,""Reason"":3}"
32223000,"{""Old"":2169,""New"":2173,""Reason"":3}"
40671256,"{""Old"":7101,""New"":7111,""Reason"":3}"
40671256,"{""Old"":6714,""New"":6716,""Reason"":3}"
40671256,"{""Old"":7089,""New"":7091,""Reason"":3}"
42367164,"{""Old"":29132,""New"":29134,""Reason"":3}"
40671256,"{""Old"":6503,""New"":6505,""Reason"":3}"
40671256,"{""Old"":6493,""New"":6503,""Reason"":3}"
40671256,"{""Old"":6575,""New"":6585,""Reason"":3}"
42367164,"{""Old"":29108,""New"":29110,""Reason"":3}"
42367164,"{""Old"":29294,""New"":29304,""Reason"":3}"
14358374,"{""Old"":1063,""New"":1065,""Reason"":3}"
13533643,"{""Old"":4059,""New"":4061,""Reason"":3}"
49504220,"{""Old"":1212,""New"":1214,""Reason"":3}"
13540193,"{""Old"":552,""New"":554,""Reason"":3}"
57411895,"{""Old"":3641,""New"":3643,""Reason"":3}"
57411895,"{""Old"":3709,""New"":3711,""Reason"":3}"
57411895,"{""Old"":3695,""New"":3697,""Reason"":3}"
62911328,"{""Old"":1019,""New"":1023,""Reason"":3}"
62911328,"{""Old"":58,""New"":60,""Reason"":3}"
62911328,"{""Old"":373,""New"":375,""Reason"":3}"
62911328,"{""Old"":1380,""New"":1382,""Reason"":3}"
62911328,"{""Old"":137,""New"":139,""Reason"":3}"
31952856,"{""Old"":2434,""New"":2436,""Reason"":3}"
31952856,"{""Old"":2934,""New"":2938,""Reason"":3}"
31952856,"{""Old"":2380,""New"":2382,""Reason"":3}"
31952856,"{""Old"":2893,""New"":2903,""Reason"":3}"
31952856,"{""Old"":2394,""New"":2396,""Reason"":3}"
31952856,"{""Old"":3239,""New"":3249,""Reason"":3}"
31952856,"{""Old"":3237,""New"":3239,""Reason"":3}"
31952856,"{""Old"":3643,""New"":3645,""Reason"":3}"
31952856,"{""Old"":3308,""New"":3312,""Reason"":3}"
31952856,"{""Old"":3318,""New"":3320,""Reason"":3}"
31952856,"{""Old"":3347,""New"":3349,""Reason"":3}"
31952856,"{""Old"":3614,""New"":3616,""Reason"":3}"
31952856,"{""Old"":3161,""New"":3163,""Reason"":3}"
31952856,"{""Old"":3470,""New"":3472,""Reason"":3}"
31952856,"{""Old"":4155,""New"":4157,""Reason"":3}"
31952856,"{""Old"":3141,""New"":3143,""Reason"":3}"
31952856,"{""Old"":3894,""New"":3896,""Reason"":3}"
31952856,"{""Old"":4126,""New"":4128,""Reason"":3}"
31952856,"{""Old"":2255,""New"":2265,""Reason"":3}"
31952856,"{""Old"":2361,""New"":2363,""Reason"":3}"
31952856,"{""Old"":2768,""New"":2770,""Reason"":3}"
31952856,"{""Old"":2926,""New"":2928,""Reason"":3}"
31952856,"{""Old"":3498,""New"":3500,""Reason"":3}"
31952856,"{""Old"":3952,""New"":3954,""Reason"":3}"
31952856,"{""Old"":3950,""New"":3952,""Reason"":3}"
31952856,"{""Old"":3291,""New"":3293,""Reason"":3}"
31952856,"{""Old"":3548,""New"":3550,""Reason"":3}"
31952856,"{""Old"":3640,""New"":3642,""Reason"":3}"
31952856,"{""Old"":4124,""New"":4126,""Reason"":3}"
31952856,"{""Old"":3349,""New"":3351,""Reason"":3}"
31952856,"{""Old"":3981,""New"":3991,""Reason"":3}"
31952856,"{""Old"":3163,""New"":3165,""Reason"":3}"
31952856,"{""Old"":3604,""New"":3614,""Reason"":3}"
31952856,"{""Old"":3646,""New"":3656,""Reason"":3}"
216198135,"{""Old"":865365,""New"":865375,""Reason"":3}"
23127774,"{""Old"":2025,""New"":2029,""Reason"":3}"
53207534,"{""Old"":1715,""New"":1717,""Reason"":3}"
53207534,"{""Old"":2291,""New"":2293,""Reason"":3}"
53207534,"{""Old"":2012,""New"":2018,""Reason"":3}"
53207534,"{""Old"":1770,""New"":1772,""Reason"":3}"
53207534,"{""Old"":1849,""New"":1851,""Reason"":3}"
36252064,"{""Old"":869,""New"":871,""Reason"":3}"
53207534,"{""Old"":2311,""New"":2313,""Reason"":3}"
81708630,"{""Old"":102,""New"":104,""Reason"":3}"
21271458,"{""Old"":2533,""New"":2535,""Reason"":3}"
53207534,"{""Old"":1703,""New"":1705,""Reason"":3}"
53207534,"{""Old"":2018,""New"":2022,""Reason"":3}"
53207534,"{""Old"":2172,""New"":2174,""Reason"":3}"
53207534,"{""Old"":2293,""New"":2295,""Reason"":3}"
53207534,"{""Old"":2232,""New"":2234,""Reason"":3}"
8419745,"{""Old"":3135,""New"":3137,""Reason"":3}"
11534557,"{""Old"":652714,""New"":652724,""Reason"":3}"
11534557,"{""Old"":651697,""New"":651707,""Reason"":3}"
11534557,"{""Old"":651977,""New"":651997,""Reason"":3}"
11534557,"{""Old"":652824,""New"":652834,""Reason"":3}"
25491019,"{""Old"":213,""New"":215,""Reason"":3}"
25491019,"{""Old"":164,""New"":166,""Reason"":3}"
31952856,"{""Old"":3372,""New"":3374,""Reason"":3}"
31952856,"{""Old"":3888,""New"":3890,""Reason"":3}"
31952856,"{""Old"":4369,""New"":4379,""Reason"":3}"
31952856,"{""Old"":3267,""New"":3269,""Reason"":3}"
31952856,"{""Old"":3270,""New"":3272,""Reason"":3}"
31952856,"{""Old"":3325,""New"":3327,""Reason"":3}"
31952856,"{""Old"":2374,""New"":2376,""Reason"":3}"
31952856,"{""Old"":2297,""New"":2299,""Reason"":3}"
31952856,"{""Old"":2299,""New"":2301,""Reason"":3}"
31952856,"{""Old"":2541,""New"":2543,""Reason"":3}"
201981039,"{""Old"":440,""New"":442,""Reason"":3}"
31952856,"{""Old"":3193,""New"":3195,""Reason"":3}"
31952856,"{""Old"":3228,""New"":3230,""Reason"":3}"
31952856,"{""Old"":3620,""New"":3630,""Reason"":3}"
31952856,"{""Old"":3746,""New"":3748,""Reason"":3}"
31952856,"{""Old"":4063,""New"":4065,""Reason"":3}"
45629654,"{""Old"":296,""New"":298,""Reason"":3}"
31952856,"{""Old"":3159,""New"":3161,""Reason"":3}"
31952856,"{""Old"":3756,""New"":3758,""Reason"":3}"
31952856,"{""Old"":4248,""New"":4250,""Reason"":3}"
31952856,"{""Old"":4379,""New"":4381,""Reason"":3}"
31952856,"{""Old"":3632,""New"":3634,""Reason"":3}"
31952856,"{""Old"":4157,""New"":4159,""Reason"":3}"
31952856,"{""Old"":3173,""New"":3175,""Reason"":3}"
31952856,"{""Old"":3339,""New"":3341,""Reason"":3}"
31952856,"{""Old"":3868,""New"":3872,""Reason"":3}"
31952856,"{""Old"":2854,""New"":2856,""Reason"":3}"
31952856,"{""Old"":2852,""New"":2854,""Reason"":3}"
31952856,"{""Old"":3195,""New"":3197,""Reason"":3}"
31952856,"{""Old"":3235,""New"":3237,""Reason"":3}"
31952856,"{""Old"":4098,""New"":4108,""Reason"":3}"
31952856,"{""Old"":4242,""New"":4248,""Reason"":3}"
73474771,"{""Old"":83026,""New"":83028,""Reason"":3}"
62911328,"{""Old"":178,""New"":180,""Reason"":3}"
62911328,"{""Old"":305,""New"":307,""Reason"":3}"
82222467,"{""Old"":956,""New"":958,""Reason"":3}"
79878389,"{""Old"":4888,""New"":4890,""Reason"":3}"
32405736,"{""Old"":5545,""New"":5547,""Reason"":3}"
23234823,"{""Old"":4668,""New"":4670,""Reason"":3}"
41790442,"{""Old"":1834,""New"":1836,""Reason"":3}"
62911328,"{""Old"":603,""New"":605,""Reason"":3}"
62911328,"{""Old"":1200,""New"":1202,""Reason"":3}"
21369105,"{""Old"":33767,""New"":33769,""Reason"":3}"
11930273,"{""Old"":2072,""New"":2076,""Reason"":3}"
16849761,"{""Old"":9728,""New"":9730,""Reason"":3}"
16849761,"{""Old"":9486,""New"":9496,""Reason"":3}"
16849761,"{""Old"":9532,""New"":9534,""Reason"":3}"
45629654,"{""Old"":560,""New"":570,""Reason"":3}"
33069473,"{""Old"":475,""New"":477,""Reason"":3}"
20432920,"{""Old"":1286,""New"":1296,""Reason"":3}"
20432920,"{""Old"":1306,""New"":1308,""Reason"":3}"
20432920,"{""Old"":1216,""New"":1218,""Reason"":3}"
25225869,"{""Old"":8941,""New"":8961,""Reason"":3}"
25225869,"{""Old"":2573,""New"":2583,""Reason"":3}"
25225869,"{""Old"":8931,""New"":8941,""Reason"":3}"
25225869,"{""Old"":9046,""New"":9056,""Reason"":3}"
25225869,"{""Old"":9356,""New"":9366,""Reason"":3}"
25225869,"{""Old"":9742,""New"":9752,""Reason"":3}"
25225869,"{""Old"":9978,""New"":9988,""Reason"":3}"
8128487,"{""Old"":139,""New"":141,""Reason"":3}"
8128487,"{""Old"":220,""New"":222,""Reason"":3}"
8128487,"{""Old"":368,""New"":370,""Reason"":3}"
25225869,"{""Old"":9191,""New"":9201,""Reason"":3}"
40612006,"{""Old"":539,""New"":543,""Reason"":3}"
14358374,"{""Old"":1068,""New"":1070,""Reason"":3}"
14358374,"{""Old"":1070,""New"":1072,""Reason"":3}"
40612006,"{""Old"":533,""New"":535,""Reason"":3}"
40612006,"{""Old"":565,""New"":567,""Reason"":3}"
23073231,"{""Old"":2244,""New"":2246,""Reason"":3}"
76226595,"{""Old"":4665,""New"":4667,""Reason"":3}"
21078809,"{""Old"":114,""New"":116,""Reason"":3}"
73474771,"{""Old"":84319,""New"":84329,""Reason"":3}"
82222467,"{""Old"":636,""New"":638,""Reason"":3}"
79878389,"{""Old"":4884,""New"":4886,""Reason"":3}"
79878389,"{""Old"":4874,""New"":4876,""Reason"":3}"
25491019,"{""Old"":1047,""New"":1049,""Reason"":3}"
71253075,"{""Old"":935,""New"":937,""Reason"":3}"
71253075,"{""Old"":808,""New"":810,""Reason"":3}"
31952856,"{""Old"":3153,""New"":3155,""Reason"":3}"
31952856,"{""Old"":3351,""New"":3353,""Reason"":3}"
31952856,"{""Old"":4114,""New"":4124,""Reason"":3}"
81856946,"{""Old"":3305,""New"":3307,""Reason"":3}"
81856946,"{""Old"":3323,""New"":3325,""Reason"":3}"
57377221,"{""Old"":507,""New"":509,""Reason"":3}"
31952856,"{""Old"":3460,""New"":3462,""Reason"":3}"
31952856,"{""Old"":3656,""New"":3658,""Reason"":3}"
31952856,"{""Old"":3872,""New"":3882,""Reason"":3}"
31952856,"{""Old"":3001,""New"":3003,""Reason"":3}"
16075204,"{""Old"":302,""New"":304,""Reason"":3}"
200921156,"{""Old"":579,""New"":581,""Reason"":3}"
200921156,"{""Old"":577,""New"":579,""Reason"":3}"
200921156,"{""Old"":598,""New"":600,""Reason"":3}"
81432331,"{""Old"":378,""New"":388,""Reason"":3}"
66761693,"{""Old"":372,""New"":376,""Reason"":3}"
8883313,"{""Old"":15120,""New"":15122,""Reason"":3}"
8883313,"{""Old"":15199,""New"":15201,""Reason"":3}"
8883313,"{""Old"":15243,""New"":15245,""Reason"":3}"
8883313,"{""Old"":15201,""New"":15203,""Reason"":3}"
8883313,"{""Old"":15241,""New"":15243,""Reason"":3}"
8883313,"{""Old"":15228,""New"":15230,""Reason"":3}"
23973385,"{""Old"":673,""New"":675,""Reason"":3}"
213759320,"{""Old"":9176,""New"":9214,""Reason"":3}"
82629288,"{""Old"":6824,""New"":6834,""Reason"":3}"
66874900,"{""Old"":1200,""New"":1202,""Reason"":3}"
66874900,"{""Old"":1500,""New"":1502,""Reason"":3}"
66874900,"{""Old"":1206,""New"":1208,""Reason"":3}"
3977558,"{""Old"":2017,""New"":2019,""Reason"":3}"
14358374,"{""Old"":1078,""New"":1080,""Reason"":3}"
204626739,"{""Old"":263,""New"":265,""Reason"":3}"
14358374,"{""Old"":1126,""New"":1128,""Reason"":3}"
14358374,"{""Old"":1028,""New"":1030,""Reason"":3}"
14358374,"{""Old"":1076,""New"":1078,""Reason"":3}"
206036557,"{""Old"":2824,""New"":2826,""Reason"":3}"
53207534,"{""Old"":405,""New"":407,""Reason"":3}"
6454041,"{""Old"":219335,""New"":219337,""Reason"":3}"
75330447,"{""Old"":1456,""New"":1458,""Reason"":3}"
10339843,"{""Old"":2820,""New"":2830,""Reason"":3}"
75330447,"{""Old"":1554,""New"":1556,""Reason"":3}"
21271458,"{""Old"":2742,""New"":2752,""Reason"":3}"
75899123,"{""Old"":3183,""New"":3185,""Reason"":3}"
21271458,"{""Old"":2581,""New"":2583,""Reason"":3}"
40671256,"{""Old"":6833,""New"":6853,""Reason"":3}"
40671256,"{""Old"":7091,""New"":7101,""Reason"":3}"
40671256,"{""Old"":6352,""New"":6362,""Reason"":3}"
42367164,"{""Old"":29232,""New"":29242,""Reason"":3}"
42367164,"{""Old"":29306,""New"":29316,""Reason"":3}"
42367164,"{""Old"":29118,""New"":29120,""Reason"":3}"
42367164,"{""Old"":29290,""New"":29292,""Reason"":3}"
48056970,"{""Old"":3849,""New"":3851,""Reason"":3}"
216198135,"{""Old"":865378,""New"":865388,""Reason"":3}"
31952856,"{""Old"":4592,""New"":4594,""Reason"":3}"
31952856,"{""Old"":2229,""New"":2231,""Reason"":3}"
216198135,"{""Old"":865391,""New"":865393,""Reason"":3}"
56031221,"{""Old"":511,""New"":513,""Reason"":3}"
8883313,"{""Old"":15239,""New"":15241,""Reason"":3}"
8419745,"{""Old"":3131,""New"":3133,""Reason"":3}"
85015740,"{""Old"":215,""New"":219,""Reason"":3}"
6980304,"{""Old"":722,""New"":732,""Reason"":3}"
23073231,"{""Old"":2087,""New"":2089,""Reason"":3}"
76226595,"{""Old"":4762,""New"":4764,""Reason"":3}"
53207534,"{""Old"":2267,""New"":2271,""Reason"":3}"
53207534,"{""Old"":1772,""New"":1774,""Reason"":3}"
53207534,"{""Old"":2315,""New"":2319,""Reason"":3}"
53207534,"{""Old"":1768,""New"":1770,""Reason"":3}"
53207534,"{""Old"":2234,""New"":2238,""Reason"":3}"
67712282,"{""Old"":1456,""New"":1458,""Reason"":3}"
6454041,"{""Old"":219852,""New"":219854,""Reason"":3}"
23073231,"{""Old"":2039,""New"":2049,""Reason"":3}"
24196485,"{""Old"":96903,""New"":96913,""Reason"":3}"
40671256,"{""Old"":6873,""New"":6883,""Reason"":3}"
40671256,"{""Old"":6965,""New"":6975,""Reason"":3}"
40671256,"{""Old"":7079,""New"":7089,""Reason"":3}"
66874900,"{""Old"":1526,""New"":1528,""Reason"":3}"
62911328,"{""Old"":997,""New"":1001,""Reason"":3}"
62911328,"{""Old"":196,""New"":198,""Reason"":3}"
62911328,"{""Old"":511,""New"":513,""Reason"":3}"
79878389,"{""Old"":4892,""New"":4894,""Reason"":3}"
57377221,"{""Old"":486,""New"":488,""Reason"":3}"
57377221,"{""Old"":549,""New"":551,""Reason"":3}"
11534557,"{""Old"":651797,""New"":651807,""Reason"":3}"
25491019,"{""Old"":312,""New"":314,""Reason"":3}"
25491019,"{""Old"":125,""New"":127,""Reason"":3}"
25491019,"{""Old"":189,""New"":191,""Reason"":3}"
25491019,"{""Old"":642,""New"":644,""Reason"":3}"
25491019,"{""Old"":715,""New"":717,""Reason"":3}"
25491019,"{""Old"":634,""New"":636,""Reason"":3}"
25491019,"{""Old"":698,""New"":700,""Reason"":3}"
76226595,"{""Old"":4818,""New"":4820,""Reason"":3}"
76226595,"{""Old"":4851,""New"":4853,""Reason"":3}"
206036557,"{""Old"":2900,""New"":2902,""Reason"":3}"
208034260,"{""Old"":157,""New"":159,""Reason"":3}"
21251318,"{""Old"":747,""New"":749,""Reason"":3}"
20432920,"{""Old"":1281,""New"":1283,""Reason"":3}"
21251318,"{""Old"":696,""New"":698,""Reason"":3}"
25491019,"{""Old"":533,""New"":535,""Reason"":3}"
73474771,"{""Old"":84209,""New"":84211,""Reason"":3}"
73474771,"{""Old"":83920,""New"":83922,""Reason"":3}"
62911328,"{""Old"":1548,""New"":1550,""Reason"":3}"
62911328,"{""Old"":1568,""New"":1570,""Reason"":3}"
62911328,"{""Old"":353,""New"":355,""Reason"":3}"
62911328,"{""Old"":545,""New"":547,""Reason"":3}"
62911328,"{""Old"":569,""New"":571,""Reason"":3}"
62911328,"{""Old"":799,""New"":801,""Reason"":3}"
56525472,"{""Old"":2134,""New"":2136,""Reason"":3}"
62911328,"{""Old"":1382,""New"":1384,""Reason"":3}"
62911328,"{""Old"":180,""New"":182,""Reason"":3}"
62911328,"{""Old"":1039,""New"":1041,""Reason"":3}"
62911328,"{""Old"":537,""New"":539,""Reason"":3}"
62911328,"{""Old"":1307,""New"":1309,""Reason"":3}"
62911328,"{""Old"":509,""New"":511,""Reason"":3}"
62911328,"{""Old"":733,""New"":735,""Reason"":3}"
62911328,"{""Old"":801,""New"":811,""Reason"":3}"
62911328,"{""Old"":879,""New"":881,""Reason"":3}"
62911328,"{""Old"":963,""New"":973,""Reason"":3}"
62911328,"{""Old"":1187,""New"":1189,""Reason"":3}"
19005457,"{""Old"":4638,""New"":4640,""Reason"":3}"
19005457,"{""Old"":4640,""New"":4642,""Reason"":3}"
22689590,"{""Old"":766,""New"":768,""Reason"":3}"
41511291,"{""Old"":439,""New"":441,""Reason"":3}"
41511291,"{""Old"":454,""New"":456,""Reason"":3}"
203961613,"{""Old"":2796,""New"":2798,""Reason"":3}"
200921156,"{""Old"":545,""New"":547,""Reason"":3}"
206802275,"{""Old"":2571,""New"":2581,""Reason"":3}"
206802275,"{""Old"":2597,""New"":2607,""Reason"":3}"
200921156,"{""Old"":565,""New"":567,""Reason"":3}"
200921156,"{""Old"":600,""New"":602,""Reason"":3}"
19013130,"{""Old"":1500,""New"":1502,""Reason"":3}"
19013130,"{""Old"":1514,""New"":1516,""Reason"":3}"
34115204,"{""Old"":1293,""New"":1295,""Reason"":3}"
43780156,"{""Old"":294612,""New"":294614,""Reason"":3}"
11534557,"{""Old"":652182,""New"":652574,""Reason"":3}"
6980304,"{""Old"":658,""New"":660,""Reason"":3}"
6980304,"{""Old"":705,""New"":715,""Reason"":3}"
6980304,"{""Old"":732,""New"":734,""Reason"":3}"
53207534,"{""Old"":416,""New"":418,""Reason"":3}"
201981039,"{""Old"":322,""New"":324,""Reason"":3}"
216198135,"{""Old"":865403,""New"":865413,""Reason"":3}"
31952856,"{""Old"":2019,""New"":2021,""Reason"":3}"
31952856,"{""Old"":1995,""New"":1997,""Reason"":3}"
31952856,"{""Old"":2035,""New"":2037,""Reason"":3}"
31952856,"{""Old"":2129,""New"":2131,""Reason"":3}"
45629654,"{""Old"":278,""New"":280,""Reason"":3}"
201981039,"{""Old"":438,""New"":440,""Reason"":3}"
31952856,"{""Old"":4580,""New"":4582,""Reason"":3}"
31952856,"{""Old"":3353,""New"":3355,""Reason"":3}"
31952856,"{""Old"":3556,""New"":3558,""Reason"":3}"
31952856,"{""Old"":4823,""New"":4825,""Reason"":3}"
215003922,"{""Old"":585,""New"":595,""Reason"":3}"
20872105,"{""Old"":551,""New"":553,""Reason"":3}"
62761183,"{""Old"":110,""New"":112,""Reason"":3}"
25491019,"{""Old"":440,""New"":442,""Reason"":3}"
45310161,"{""Old"":955,""New"":959,""Reason"":3}"
25491019,"{""Old"":297,""New"":307,""Reason"":3}"
6454041,"{""Old"":219366,""New"":219368,""Reason"":3}"
218390057,"{""Old"":482,""New"":484,""Reason"":3}"
21251318,"{""Old"":698,""New"":700,""Reason"":3}"
14735155,"{""Old"":9204,""New"":9206,""Reason"":3}"
14358374,"{""Old"":1032,""New"":1034,""Reason"":3}"
14358374,"{""Old"":1084,""New"":1086,""Reason"":3}"
14358374,"{""Old"":1092,""New"":1094,""Reason"":3}"
23829638,"{""Old"":2032,""New"":2034,""Reason"":3}"
23829638,"{""Old"":2151,""New"":2161,""Reason"":3}"
23829638,"{""Old"":1780,""New"":1790,""Reason"":3}"
23829638,"{""Old"":1572,""New"":1582,""Reason"":3}"
27365152,"{""Old"":22667,""New"":22669,""Reason"":3}"
40671256,"{""Old"":6694,""New"":6714,""Reason"":3}"
40671256,"{""Old"":6853,""New"":6863,""Reason"":3}"
40671256,"{""Old"":7203,""New"":7213,""Reason"":3}"
43780156,"{""Old"":294540,""New"":294550,""Reason"":3}"
56525472,"{""Old"":2132,""New"":2134,""Reason"":3}"
56525472,"{""Old"":2128,""New"":2130,""Reason"":3}"
62911328,"{""Old"":1096,""New"":1098,""Reason"":3}"
62911328,"{""Old"":636,""New"":638,""Reason"":3}"
82222467,"{""Old"":940,""New"":944,""Reason"":3}"
62911328,"{""Old"":620,""New"":624,""Reason"":3}"
62911328,"{""Old"":638,""New"":640,""Reason"":3}"
62911328,"{""Old"":761,""New"":763,""Reason"":3}"
62911328,"{""Old"":1271,""New"":1273,""Reason"":3}"
62911328,"{""Old"":375,""New"":377,""Reason"":3}"
62911328,"{""Old"":455,""New"":457,""Reason"":3}"
62911328,"{""Old"":567,""New"":569,""Reason"":3}"
62911328,"{""Old"":1325,""New"":1335,""Reason"":3}"
62911328,"{""Old"":307,""New"":309,""Reason"":3}"
62911328,"{""Old"":429,""New"":431,""Reason"":3}"
62911328,"{""Old"":1357,""New"":1359,""Reason"":3}"
62911328,"{""Old"":1368,""New"":1370,""Reason"":3}"
32405736,"{""Old"":5490,""New"":5500,""Reason"":3}"
62911328,"{""Old"":696,""New"":706,""Reason"":3}"
62911328,"{""Old"":1135,""New"":1137,""Reason"":3}"
62911328,"{""Old"":1179,""New"":1181,""Reason"":3}"
19013130,"{""Old"":1510,""New"":1512,""Reason"":3}"
19013130,"{""Old"":1490,""New"":1500,""Reason"":3}"
19013130,"{""Old"":1504,""New"":1506,""Reason"":3}"
19013130,"{""Old"":1488,""New"":1490,""Reason"":3}"
85015740,"{""Old"":65,""New"":67,""Reason"":3}"
38804811,"{""Old"":1995,""New"":1997,""Reason"":3}"
38804811,"{""Old"":1877,""New"":1887,""Reason"":3}"
19013130,"{""Old"":1460,""New"":1462,""Reason"":3}"
19013130,"{""Old"":1466,""New"":1468,""Reason"":3}"
8980498,"{""Old"":652,""New"":654,""Reason"":3}"
82629288,"{""Old"":7499,""New"":7509,""Reason"":3}"
3005757,"{""Old"":1218,""New"":1220,""Reason"":3}"
43959427,"{""Old"":4636,""New"":4638,""Reason"":3}"
87548397,"{""Old"":95,""New"":97,""Reason"":3}"
3977558,"{""Old"":2009,""New"":2011,""Reason"":3}"
53207534,"{""Old"":374,""New"":376,""Reason"":3}"
206036557,"{""Old"":2858,""New"":2860,""Reason"":3}"
206036557,"{""Old"":2844,""New"":2846,""Reason"":3}"
20872105,"{""Old"":553,""New"":555,""Reason"":3}"
208175239,"{""Old"":44,""New"":46,""Reason"":3}"
31952856,"{""Old"":2505,""New"":2507,""Reason"":3}"
31952856,"{""Old"":2055,""New"":2065,""Reason"":3}"
79772344,"{""Old"":35,""New"":37,""Reason"":3}"
13540193,"{""Old"":560,""New"":562,""Reason"":3}"
23829638,"{""Old"":2020,""New"":2030,""Reason"":3}"
23829638,"{""Old"":693,""New"":695,""Reason"":3}"
23829638,"{""Old"":1940,""New"":1942,""Reason"":3}"
23829638,"{""Old"":2254,""New"":2264,""Reason"":3}"
23829638,"{""Old"":2294,""New"":2296,""Reason"":3}"
23829638,"{""Old"":1505,""New"":1507,""Reason"":3}"
23829638,"{""Old"":1840,""New"":1842,""Reason"":3}"
23829638,"{""Old"":1889,""New"":1899,""Reason"":3}"
23829638,"{""Old"":2224,""New"":2226,""Reason"":3}"
23829638,"{""Old"":2279,""New"":2281,""Reason"":3}"
23829638,"{""Old"":2194,""New"":2196,""Reason"":3}"
23829638,"{""Old"":1944,""New"":1954,""Reason"":3}"
23073231,"{""Old"":2194,""New"":2196,""Reason"":3}"
66874900,"{""Old"":1466,""New"":1468,""Reason"":3}"
25491019,"{""Old"":757,""New"":759,""Reason"":3}"
218390057,"{""Old"":365,""New"":367,""Reason"":3}"
218390057,"{""Old"":393,""New"":395,""Reason"":3}"
38319980,"{""Old"":172084,""New"":172086,""Reason"":3}"
76226595,"{""Old"":4711,""New"":4713,""Reason"":3}"
76226595,"{""Old"":4821,""New"":4823,""Reason"":3}"
23829638,"{""Old"":1508,""New"":1518,""Reason"":3}"
23829638,"{""Old"":1842,""New"":1852,""Reason"":3}"
23829638,"{""Old"":1913,""New"":1915,""Reason"":3}"
23829638,"{""Old"":2093,""New"":2103,""Reason"":3}"
76226595,"{""Old"":2091,""New"":2093,""Reason"":3}"
20432920,"{""Old"":1220,""New"":1222,""Reason"":3}"
45548775,"{""Old"":2211,""New"":2213,""Reason"":3}"
75330447,"{""Old"":1368,""New"":1370,""Reason"":3}"
40671256,"{""Old"":6605,""New"":6607,""Reason"":3}"
34115204,"{""Old"":1288,""New"":1290,""Reason"":3}"
8638645,"{""Old"":515,""New"":517,""Reason"":3}"
83456158,"{""Old"":171,""New"":173,""Reason"":3}"
82629288,"{""Old"":6993,""New"":6995,""Reason"":3}"
82629288,"{""Old"":7025,""New"":7035,""Reason"":3}"
52436180,"{""Old"":953251,""New"":959519,""Reason"":3}"
45629654,"{""Old"":248,""New"":250,""Reason"":3}"
31952856,"{""Old"":2097,""New"":2099,""Reason"":3}"
31952856,"{""Old"":2111,""New"":2113,""Reason"":3}"
31952856,"{""Old"":2199,""New"":2201,""Reason"":3}"
8525883,"{""Old"":6405,""New"":6407,""Reason"":3}"
45629654,"{""Old"":158,""New"":160,""Reason"":3}"
31952856,"{""Old"":4837,""New"":4839,""Reason"":3}"
45629654,"{""Old"":201,""New"":203,""Reason"":3}"
31952856,"{""Old"":4584,""New"":4586,""Reason"":3}"
31952856,"{""Old"":4722,""New"":4732,""Reason"":3}"
81856946,"{""Old"":3325,""New"":3327,""Reason"":3}"
31952856,"{""Old"":2025,""New"":2035,""Reason"":3}"
46604522,"{""Old"":3635,""New"":3645,""Reason"":3}"
31952856,"{""Old"":4811,""New"":4821,""Reason"":3}"
23073231,"{""Old"":2163,""New"":2165,""Reason"":3}"
71253075,"{""Old"":830,""New"":832,""Reason"":3}"
71253075,"{""Old"":835,""New"":837,""Reason"":3}"
42367164,"{""Old"":29174,""New"":29184,""Reason"":3}"
40671256,"{""Old"":6322,""New"":6332,""Reason"":3}"
40671256,"{""Old"":6985,""New"":6995,""Reason"":3}"
43780156,"{""Old"":294530,""New"":294540,""Reason"":3}"
62211123,"{""Old"":773,""New"":775,""Reason"":3}"
62211123,"{""Old"":840,""New"":844,""Reason"":3}"
62211123,"{""Old"":888,""New"":890,""Reason"":3}"
24737098,"{""Old"":143,""New"":145,""Reason"":3}"
24737098,"{""Old"":141,""New"":143,""Reason"":3}"
23936089,"{""Old"":2398,""New"":2400,""Reason"":3}"
74603886,"{""Old"":2342,""New"":2344,""Reason"":3}"
208034260,"{""Old"":152,""New"":154,""Reason"":3}"
22438308,"{""Old"":80256,""New"":80258,""Reason"":3}"
20432920,"{""Old"":1269,""New"":1273,""Reason"":3}"
38804811,"{""Old"":1991,""New"":1993,""Reason"":3}"
35358256,"{""Old"":861,""New"":863,""Reason"":3}"
35358256,"{""Old"":864,""New"":866,""Reason"":3}"
38804811,"{""Old"":2027,""New"":2029,""Reason"":3}"
76226595,"{""Old"":2132,""New"":2134,""Reason"":3}"
218733227,"{""Old"":10019,""New"":10021,""Reason"":3}"
41511291,"{""Old"":423,""New"":425,""Reason"":3}"
43207454,"{""Old"":1965,""New"":1967,""Reason"":3}"
43207454,"{""Old"":1971,""New"":1973,""Reason"":3}"
75330447,"{""Old"":1410,""New"":1414,""Reason"":3}"
75330447,"{""Old"":1489,""New"":1499,""Reason"":3}"
23234823,"{""Old"":4708,""New"":4710,""Reason"":3}"
73474771,"{""Old"":84235,""New"":84245,""Reason"":3}"
8980498,"{""Old"":748,""New"":750,""Reason"":3}"
202366545,"{""Old"":219,""New"":221,""Reason"":3}"
8883313,"{""Old"":15336,""New"":15338,""Reason"":3}"
8883313,"{""Old"":15305,""New"":15307,""Reason"":3}"
5971370,"{""Old"":357,""New"":359,""Reason"":3}"
38804811,"{""Old"":1952,""New"":1954,""Reason"":3}"
38804811,"{""Old"":2023,""New"":2025,""Reason"":3}"
38804811,"{""Old"":1828,""New"":1830,""Reason"":3}"
38804811,"{""Old"":2019,""New"":2021,""Reason"":3}"
38804811,"{""Old"":1846,""New"":1848,""Reason"":3}"
35358256,"{""Old"":892,""New"":894,""Reason"":3}"
35358256,"{""Old"":878,""New"":880,""Reason"":3}"
35358256,"{""Old"":911,""New"":913,""Reason"":3}"
35358256,"{""Old"":916,""New"":918,""Reason"":3}"
8980498,"{""Old"":632,""New"":634,""Reason"":3}"
38319980,"{""Old"":172094,""New"":172104,""Reason"":3}"
37744135,"{""Old"":80997,""New"":80999,""Reason"":3}"
14358374,"{""Old"":1074,""New"":1076,""Reason"":3}"
23829638,"{""Old"":2118,""New"":2128,""Reason"":3}"
23829638,"{""Old"":2146,""New"":2148,""Reason"":3}"
14597583,"{""Old"":73847,""New"":73849,""Reason"":3}"
71253075,"{""Old"":890,""New"":892,""Reason"":3}"
22438308,"{""Old"":80260,""New"":80262,""Reason"":3}"
22438308,"{""Old"":80446,""New"":80448,""Reason"":3}"
83456158,"{""Old"":232,""New"":234,""Reason"":3}"
42367164,"{""Old"":28585,""New"":28587,""Reason"":3}"
42367164,"{""Old"":29268,""New"":29278,""Reason"":3}"
25491019,"{""Old"":704,""New"":706,""Reason"":3}"
25491019,"{""Old"":442,""New"":444,""Reason"":3}"
25491019,"{""Old"":685,""New"":687,""Reason"":3}"
38804811,"{""Old"":1998,""New"":2000,""Reason"":3}"
209900380,"{""Old"":1782,""New"":1784,""Reason"":3}"
34115204,"{""Old"":1137,""New"":1139,""Reason"":3}"
42367164,"{""Old"":29100,""New"":29102,""Reason"":3}"
40671256,"{""Old"":6364,""New"":6374,""Reason"":3}"
34115204,"{""Old"":1262,""New"":1266,""Reason"":3}"
37327446,"{""Old"":872,""New"":874,""Reason"":3}"
57377221,"{""Old"":591,""New"":593,""Reason"":3}"
40612006,"{""Old"":576,""New"":578,""Reason"":3}"
14358374,"{""Old"":1026,""New"":1028,""Reason"":3}"
25225869,"{""Old"":2516,""New"":2518,""Reason"":3}"
40612006,"{""Old"":592,""New"":594,""Reason"":3}"
41511291,"{""Old"":456,""New"":458,""Reason"":3}"
40612006,"{""Old"":624,""New"":634,""Reason"":3}"
40612006,"{""Old"":570,""New"":572,""Reason"":3}"
57377221,"{""Old"":582,""New"":584,""Reason"":3}"
206036557,"{""Old"":2882,""New"":2884,""Reason"":3}"
21271458,"{""Old"":2559,""New"":2569,""Reason"":3}"
21271458,"{""Old"":2655,""New"":2665,""Reason"":3}"
73544911,"{""Old"":581,""New"":583,""Reason"":3}"
21271458,"{""Old"":2702,""New"":2712,""Reason"":3}"
53207534,"{""Old"":2044,""New"":2046,""Reason"":3}"
53207534,"{""Old"":2054,""New"":2056,""Reason"":3}"
53207534,"{""Old"":2228,""New"":2232,""Reason"":3}"
53207534,"{""Old"":2337,""New"":2339,""Reason"":3}"
21271458,"{""Old"":2626,""New"":2628,""Reason"":3}"
21271458,"{""Old"":2692,""New"":2702,""Reason"":3}"
73544911,"{""Old"":569,""New"":571,""Reason"":3}"
201981039,"{""Old"":434,""New"":436,""Reason"":3}"
31952856,"{""Old"":2213,""New"":2217,""Reason"":3}"
31952856,"{""Old"":2946,""New"":2948,""Reason"":3}"
31952856,"{""Old"":4532,""New"":4534,""Reason"":3}"
8525883,"{""Old"":6393,""New"":6395,""Reason"":3}"
31952856,"{""Old"":3118,""New"":3128,""Reason"":3}"
31952856,"{""Old"":3261,""New"":3263,""Reason"":3}"
31952856,"{""Old"":3316,""New"":3318,""Reason"":3}"
31952856,"{""Old"":3448,""New"":3450,""Reason"":3}"
31952856,"{""Old"":3484,""New"":3486,""Reason"":3}"
31952856,"{""Old"":3712,""New"":3716,""Reason"":3}"
31952856,"{""Old"":3722,""New"":3724,""Reason"":3}"
31952856,"{""Old"":2487,""New"":2497,""Reason"":3}"
31952856,"{""Old"":2688,""New"":2690,""Reason"":3}"
31952856,"{""Old"":2987,""New"":2997,""Reason"":3}"
31952856,"{""Old"":3179,""New"":3181,""Reason"":3}"
31952856,"{""Old"":3106,""New"":3108,""Reason"":3}"
31952856,"{""Old"":3702,""New"":3712,""Reason"":3}"
31952856,"{""Old"":3890,""New"":3892,""Reason"":3}"
31952856,"{""Old"":3678,""New"":3680,""Reason"":3}"
31952856,"{""Old"":3752,""New"":3754,""Reason"":3}"
31952856,"{""Old"":2047,""New"":2049,""Reason"":3}"
31952856,"{""Old"":4503,""New"":4505,""Reason"":3}"
31952856,"{""Old"":2109,""New"":2111,""Reason"":3}"
31952856,"{""Old"":3587,""New"":3597,""Reason"":3}"
31952856,"{""Old"":1589,""New"":1599,""Reason"":3}"
31952856,"{""Old"":1897,""New"":1899,""Reason"":3}"
8525883,"{""Old"":6407,""New"":6409,""Reason"":3}"
201981039,"{""Old"":240,""New"":242,""Reason"":3}"
31952856,"{""Old"":2101,""New"":2103,""Reason"":3}"
31952856,"{""Old"":2207,""New"":2211,""Reason"":3}"
31952856,"{""Old"":2211,""New"":2213,""Reason"":3}"
31952856,"{""Old"":4472,""New"":4474,""Reason"":3}"
45629654,"{""Old"":586,""New"":588,""Reason"":3}"
21271458,"{""Old"":2724,""New"":2726,""Reason"":3}"
53207534,"{""Old"":1891,""New"":1893,""Reason"":3}"
53207534,"{""Old"":1836,""New"":1846,""Reason"":3}"
53207534,"{""Old"":1729,""New"":1733,""Reason"":3}"
53207534,"{""Old"":1919,""New"":1921,""Reason"":3}"
53207534,"{""Old"":2086,""New"":2088,""Reason"":3}"
53207534,"{""Old"":2132,""New"":2134,""Reason"":3}"
53207534,"{""Old"":1988,""New"":1990,""Reason"":3}"
53207534,"{""Old"":2124,""New"":2126,""Reason"":3}"
53207534,"{""Old"":2090,""New"":2092,""Reason"":3}"
53207534,"{""Old"":2252,""New"":2254,""Reason"":3}"
57411895,"{""Old"":3711,""New"":3721,""Reason"":3}"
14597583,"{""Old"":73839,""New"":73841,""Reason"":3}"
67316961,"{""Old"":2335,""New"":2337,""Reason"":3}"
23829638,"{""Old"":1263,""New"":1273,""Reason"":3}"
208392743,"{""Old"":22266,""New"":22268,""Reason"":3}"
20872105,"{""Old"":547,""New"":549,""Reason"":3}"
75330447,"{""Old"":1370,""New"":1372,""Reason"":3}"
22689590,"{""Old"":777,""New"":779,""Reason"":3}"
75330447,"{""Old"":1523,""New"":1525,""Reason"":3}"
75330447,"{""Old"":1443,""New"":1445,""Reason"":3}"
42367164,"{""Old"":29150,""New"":29152,""Reason"":3}"
42367164,"{""Old"":29316,""New"":29318,""Reason"":3}"
24196485,"{""Old"":96893,""New"":96903,""Reason"":3}"
3977558,"{""Old"":2023,""New"":2033,""Reason"":3}"
66874900,"{""Old"":1530,""New"":1532,""Reason"":3}"
82629288,"{""Old"":7204,""New"":7214,""Reason"":3}"
82629288,"{""Old"":7400,""New"":7410,""Reason"":3}"
82629288,"{""Old"":7509,""New"":7519,""Reason"":3}"
3005757,"{""Old"":1220,""New"":1222,""Reason"":3}"
82629288,"{""Old"":7380,""New"":7390,""Reason"":3}"
32405736,"{""Old"":5533,""New"":5543,""Reason"":3}"
41790442,"{""Old"":1813,""New"":1815,""Reason"":3}"
82222467,"{""Old"":885,""New"":887,""Reason"":3}"
46614851,"{""Old"":833,""New"":835,""Reason"":3}"
25491019,"{""Old"":135,""New"":137,""Reason"":3}"
25491019,"{""Old"":57,""New"":59,""Reason"":3}"
25491019,"{""Old"":734,""New"":744,""Reason"":3}"
14358374,"{""Old"":1128,""New"":1130,""Reason"":3}"
206802275,"{""Old"":2631,""New"":2641,""Reason"":3}"
206802275,"{""Old"":2530,""New"":2532,""Reason"":3}"
206802275,"{""Old"":2569,""New"":2571,""Reason"":3}"
19013130,"{""Old"":1456,""New"":1458,""Reason"":3}"
19013130,"{""Old"":1502,""New"":1504,""Reason"":3}"
19013130,"{""Old"":1526,""New"":1528,""Reason"":3}"
38804811,"{""Old"":1914,""New"":1916,""Reason"":3}"
19013130,"{""Old"":1506,""New"":1508,""Reason"":3}"
19013130,"{""Old"":1468,""New"":1470,""Reason"":3}"
19013130,"{""Old"":1516,""New"":1526,""Reason"":3}"
206802275,"{""Old"":2536,""New"":2546,""Reason"":3}"
19013130,"{""Old"":1464,""New"":1466,""Reason"":3}"
38804811,"{""Old"":1830,""New"":1840,""Reason"":3}"
38804811,"{""Old"":1870,""New"":1872,""Reason"":3}"
38804811,"{""Old"":1861,""New"":1863,""Reason"":3}"
38804811,"{""Old"":1964,""New"":1966,""Reason"":3}"
38804811,"{""Old"":2047,""New"":2049,""Reason"":3}"
38804811,"{""Old"":1975,""New"":1977,""Reason"":3}"
26511837,"{""Old"":1127,""New"":1129,""Reason"":3}"
25491019,"{""Old"":278,""New"":280,""Reason"":3}"
32405736,"{""Old"":5438,""New"":5448,""Reason"":3}"
32405736,"{""Old"":5524,""New"":5526,""Reason"":3}"
62911328,"{""Old"":1107,""New"":1111,""Reason"":3}"
62911328,"{""Old"":1250,""New"":1252,""Reason"":3}"
62911328,"{""Old"":1264,""New"":1266,""Reason"":3}"
62911328,"{""Old"":128,""New"":130,""Reason"":3}"
62911328,"{""Old"":172,""New"":174,""Reason"":3}"
82222467,"{""Old"":966,""New"":968,""Reason"":3}"
82222467,"{""Old"":880,""New"":882,""Reason"":3}"
82222467,"{""Old"":972,""New"":974,""Reason"":3}"
73474771,"{""Old"":82361,""New"":82363,""Reason"":3}"
73474771,"{""Old"":83002,""New"":83004,""Reason"":3}"
73474771,"{""Old"":82707,""New"":82709,""Reason"":3}"
23073231,"{""Old"":2075,""New"":2077,""Reason"":3}"
85015740,"{""Old"":71,""New"":73,""Reason"":3}"
38804811,"{""Old"":1904,""New"":1906,""Reason"":3}"
206802275,"{""Old"":2608,""New"":2610,""Reason"":3}"
23829638,"{""Old"":2172,""New"":2182,""Reason"":3}"
23829638,"{""Old"":2161,""New"":2163,""Reason"":3}"
23829638,"{""Old"":691,""New"":693,""Reason"":3}"
14597583,"{""Old"":74270,""New"":74272,""Reason"":3}"
23829638,"{""Old"":2202,""New"":2212,""Reason"":3}"
16849761,"{""Old"":9475,""New"":9485,""Reason"":3}"
11930273,"{""Old"":2026,""New"":2036,""Reason"":3}"
16849761,"{""Old"":9624,""New"":9626,""Reason"":3}"
23829638,"{""Old"":1686,""New"":1706,""Reason"":3}"
62911328,"{""Old"":190,""New"":192,""Reason"":3}"
62911328,"{""Old"":453,""New"":455,""Reason"":3}"
74603886,"{""Old"":2374,""New"":2376,""Reason"":3}"
62911328,"{""Old"":933,""New"":935,""Reason"":3}"
32405736,"{""Old"":5424,""New"":5434,""Reason"":3}"
23936089,"{""Old"":2396,""New"":2398,""Reason"":3}"
81265438,"{""Old"":767,""New"":769,""Reason"":3}"
51681710,"{""Old"":116,""New"":118,""Reason"":3}"
73474771,"{""Old"":82869,""New"":82871,""Reason"":3}"
73474771,"{""Old"":83010,""New"":83012,""Reason"":3}"
73474771,"{""Old"":83024,""New"":83026,""Reason"":3}"
82222467,"{""Old"":952,""New"":954,""Reason"":3}"
3977558,"{""Old"":2047,""New"":2049,""Reason"":3}"
66874900,"{""Old"":1210,""New"":1212,""Reason"":3}"
62448257,"{""Old"":2768,""New"":2770,""Reason"":3}"
23127774,"{""Old"":1890,""New"":1892,""Reason"":3}"
23127774,"{""Old"":2035,""New"":2045,""Reason"":3}"
6980304,"{""Old"":734,""New"":736,""Reason"":3}"
57377221,"{""Old"":551,""New"":553,""Reason"":3}"
76226595,"{""Old"":4671,""New"":4675,""Reason"":3}"
76226595,"{""Old"":4713,""New"":4715,""Reason"":3}"
53207534,"{""Old"":387,""New"":389,""Reason"":3}"
26903208,"{""Old"":1513,""New"":1515,""Reason"":3}"
206802275,"{""Old"":2587,""New"":2597,""Reason"":3}"
19013130,"{""Old"":1508,""New"":1510,""Reason"":3}"
19013130,"{""Old"":1484,""New"":1486,""Reason"":3}"
38804811,"{""Old"":1851,""New"":1861,""Reason"":3}"
8980498,"{""Old"":728,""New"":730,""Reason"":3}"
200921156,"{""Old"":581,""New"":583,""Reason"":3}"
8980498,"{""Old"":726,""New"":728,""Reason"":3}"
23675475,"{""Old"":3170,""New"":3172,""Reason"":3}"
25225869,"{""Old"":2369,""New"":2379,""Reason"":3}"
25225869,"{""Old"":8846,""New"":8866,""Reason"":3}"
25225869,"{""Old"":9016,""New"":9026,""Reason"":3}"
22365561,"{""Old"":1629,""New"":1631,""Reason"":3}"
25225869,"{""Old"":8435,""New"":8445,""Reason"":3}"
25225869,"{""Old"":8405,""New"":8425,""Reason"":3}"
25225869,"{""Old"":5181,""New"":5201,""Reason"":3}"
53207534,"{""Old"":414,""New"":416,""Reason"":3}"
62911328,"{""Old"":1527,""New"":1529,""Reason"":3}"
73474771,"{""Old"":84285,""New"":84287,""Reason"":3}"
73474771,"{""Old"":83020,""New"":83022,""Reason"":3}"
25491019,"{""Old"":34,""New"":36,""Reason"":3}"
62761183,"{""Old"":94,""New"":96,""Reason"":3}"
7378760,"{""Old"":305335,""New"":305337,""Reason"":3}"
218390057,"{""Old"":448,""New"":450,""Reason"":3}"
25491019,"{""Old"":594,""New"":596,""Reason"":3}"
25491019,"{""Old"":608,""New"":610,""Reason"":3}"
25491019,"{""Old"":655,""New"":657,""Reason"":3}"
14597583,"{""Old"":74256,""New"":74262,""Reason"":3}"
14597583,"{""Old"":73861,""New"":73863,""Reason"":3}"
13540193,"{""Old"":684,""New"":686,""Reason"":3}"
57411895,"{""Old"":3635,""New"":3637,""Reason"":3}"
212231825,"{""Old"":352,""New"":354,""Reason"":3}"
14597583,"{""Old"":74262,""New"":74264,""Reason"":3}"
76226595,"{""Old"":2095,""New"":2097,""Reason"":3}"
25225869,"{""Old"":9091,""New"":9101,""Reason"":3}"
38804811,"{""Old"":1954,""New"":1964,""Reason"":3}"
38804811,"{""Old"":1868,""New"":1870,""Reason"":3}"
19013130,"{""Old"":1462,""New"":1464,""Reason"":3}"
19013130,"{""Old"":1486,""New"":1488,""Reason"":3}"
85015740,"{""Old"":69,""New"":71,""Reason"":3}"
219546331,"{""Old"":1654,""New"":1656,""Reason"":3}"
62911328,"{""Old"":729,""New"":731,""Reason"":3}"
62911328,"{""Old"":1309,""New"":1311,""Reason"":3}"
62911328,"{""Old"":1412,""New"":1416,""Reason"":3}"
62911328,"{""Old"":85,""New"":87,""Reason"":3}"
62911328,"{""Old"":297,""New"":299,""Reason"":3}"
51681710,"{""Old"":108,""New"":110,""Reason"":3}"
82222467,"{""Old"":852,""New"":862,""Reason"":3}"
51681710,"{""Old"":118,""New"":120,""Reason"":3}"
44659425,"{""Old"":204,""New"":206,""Reason"":3}"
44659425,"{""Old"":208,""New"":210,""Reason"":3}"
6983507,"{""Old"":168,""New"":170,""Reason"":3}"
25491019,"{""Old"":547,""New"":549,""Reason"":3}"
25491019,"{""Old"":315,""New"":317,""Reason"":3}"
82785902,"{""Old"":83338,""New"":83340,""Reason"":3}"
24196485,"{""Old"":53066,""New"":53068,""Reason"":3}"
208392743,"{""Old"":21550,""New"":21554,""Reason"":3}"
208392743,"{""Old"":21651,""New"":21653,""Reason"":3}"
57411895,"{""Old"":3783,""New"":3785,""Reason"":3}"
48056970,"{""Old"":3843,""New"":3845,""Reason"":3}"
23829638,"{""Old"":2221,""New"":2223,""Reason"":3}"
23829638,"{""Old"":2296,""New"":2306,""Reason"":3}"
23829638,"{""Old"":1901,""New"":1911,""Reason"":3}"
23829638,"{""Old"":2016,""New"":2018,""Reason"":3}"
23829638,"{""Old"":1676,""New"":1686,""Reason"":3}"
23829638,"{""Old"":2248,""New"":2250,""Reason"":3}"
27365152,"{""Old"":22661,""New"":22663,""Reason"":3}"
32405736,"{""Old"":5448,""New"":5468,""Reason"":3}"
62911328,"{""Old"":759,""New"":761,""Reason"":3}"
62911328,"{""Old"":811,""New"":813,""Reason"":3}"
62911328,"{""Old"":995,""New"":997,""Reason"":3}"
62911328,"{""Old"":240,""New"":242,""Reason"":3}"
62911328,"{""Old"":1079,""New"":1081,""Reason"":3}"
22438308,"{""Old"":80480,""New"":80490,""Reason"":3}"
22438308,"{""Old"":80494,""New"":80496,""Reason"":3}"
14358374,"{""Old"":1034,""New"":1036,""Reason"":3}"
14358374,"{""Old"":1094,""New"":1096,""Reason"":3}"
41511291,"{""Old"":433,""New"":435,""Reason"":3}"
34592975,"{""Old"":2090,""New"":2092,""Reason"":3}"
25225869,"{""Old"":9306,""New"":9316,""Reason"":3}"
25225869,"{""Old"":2492,""New"":2494,""Reason"":3}"
25225869,"{""Old"":4745,""New"":4755,""Reason"":3}"
25225869,"{""Old"":9861,""New"":9871,""Reason"":3}"
73474771,"{""Old"":83022,""New"":83024,""Reason"":3}"
73474771,"{""Old"":83030,""New"":83040,""Reason"":3}"
82222467,"{""Old"":870,""New"":872,""Reason"":3}"
81265438,"{""Old"":717,""New"":719,""Reason"":3}"
218390057,"{""Old"":445,""New"":447,""Reason"":3}"
218390057,"{""Old"":457,""New"":467,""Reason"":3}"
82785902,"{""Old"":83871,""New"":83881,""Reason"":3}"
82785902,"{""Old"":83572,""New"":83574,""Reason"":3}"
82785902,"{""Old"":82700,""New"":82702,""Reason"":3}"
82785902,"{""Old"":82692,""New"":82696,""Reason"":3}"
25491019,"{""Old"":681,""New"":683,""Reason"":3}"
25225869,"{""Old"":6096,""New"":6106,""Reason"":3}"
25225869,"{""Old"":6171,""New"":6181,""Reason"":3}"
25225869,"{""Old"":6824,""New"":6826,""Reason"":3}"
73474771,"{""Old"":83686,""New"":83688,""Reason"":3}"
81265438,"{""Old"":771,""New"":773,""Reason"":3}"
71253075,"{""Old"":1125,""New"":1127,""Reason"":3}"
57377221,"{""Old"":514,""New"":516,""Reason"":3}"
45629654,"{""Old"":225,""New"":227,""Reason"":3}"
31952856,"{""Old"":2295,""New"":2297,""Reason"":3}"
31952856,"{""Old"":2889,""New"":2891,""Reason"":3}"
31952856,"{""Old"":2974,""New"":2978,""Reason"":3}"
31952856,"{""Old"":4901,""New"":4903,""Reason"":3}"
31952856,"{""Old"":4943,""New"":4945,""Reason"":3}"
45629654,"{""Old"":205,""New"":207,""Reason"":3}"
31952856,"{""Old"":4654,""New"":4664,""Reason"":3}"
31952856,"{""Old"":2065,""New"":2075,""Reason"":3}"
31952856,"{""Old"":2085,""New"":2095,""Reason"":3}"
31952856,"{""Old"":3044,""New"":3046,""Reason"":3}"
31952856,"{""Old"":2640,""New"":2650,""Reason"":3}"
31952856,"{""Old"":2985,""New"":2987,""Reason"":3}"
46604522,"{""Old"":3809,""New"":3819,""Reason"":3}"
31952856,"{""Old"":2131,""New"":2133,""Reason"":3}"
45629654,"{""Old"":152,""New"":154,""Reason"":3}"
45629654,"{""Old"":199,""New"":201,""Reason"":3}"
45629654,"{""Old"":219,""New"":221,""Reason"":3}"
22438308,"{""Old"":80466,""New"":80468,""Reason"":3}"
22438308,"{""Old"":80258,""New"":80260,""Reason"":3}"
22438308,"{""Old"":80502,""New"":80504,""Reason"":3}"
21251318,"{""Old"":743,""New"":745,""Reason"":3}"
73474771,"{""Old"":82355,""New"":82357,""Reason"":3}"
73474771,"{""Old"":82545,""New"":82547,""Reason"":3}"
51681710,"{""Old"":104,""New"":106,""Reason"":3}"
51681710,"{""Old"":110,""New"":112,""Reason"":3}"
82222467,"{""Old"":786,""New"":788,""Reason"":3}"
7394435,"{""Old"":1237,""New"":1239,""Reason"":3}"
43207454,"{""Old"":1899,""New"":1901,""Reason"":3}"
76226595,"{""Old"":2177,""New"":2179,""Reason"":3}"
76226595,"{""Old"":2148,""New"":2150,""Reason"":3}"
76226595,"{""Old"":2183,""New"":2187,""Reason"":3}"
14597583,"{""Old"":74246,""New"":74248,""Reason"":3}"
11930273,"{""Old"":2038,""New"":2048,""Reason"":3}"
23829638,"{""Old"":1911,""New"":1913,""Reason"":3}"
84238642,"{""Old"":1474,""New"":1484,""Reason"":3}"
46604522,"{""Old"":3829,""New"":3839,""Reason"":3}"
73474771,"{""Old"":83014,""New"":83020,""Reason"":3}"
76226595,"{""Old"":4828,""New"":4830,""Reason"":3}"
23073231,"{""Old"":2165,""New"":2167,""Reason"":3}"
23073231,"{""Old"":2108,""New"":2110,""Reason"":3}"
23073231,"{""Old"":2214,""New"":2216,""Reason"":3}"
76226595,"{""Old"":4767,""New"":4769,""Reason"":3}"
65596150,"{""Old"":373,""New"":375,""Reason"":3}"
45548775,"{""Old"":2352,""New"":2354,""Reason"":3}"
75330447,"{""Old"":1315,""New"":1317,""Reason"":3}"
75330447,"{""Old"":1406,""New"":1408,""Reason"":3}"
4718092,"{""Old"":173,""New"":175,""Reason"":3}"
40671256,"{""Old"":6237,""New"":6247,""Reason"":3}"
62211123,"{""Old"":884,""New"":886,""Reason"":3}"
71253075,"{""Old"":828,""New"":830,""Reason"":3}"
5971370,"{""Old"":311,""New"":331,""Reason"":3}"
25491019,"{""Old"":818,""New"":820,""Reason"":3}"
25491019,"{""Old"":859,""New"":861,""Reason"":3}"
25491019,"{""Old"":864,""New"":866,""Reason"":3}"
82785902,"{""Old"":83081,""New"":83083,""Reason"":3}"
82785902,"{""Old"":83442,""New"":83444,""Reason"":3}"
4960804,"{""Old"":580,""New"":586,""Reason"":3}"
24196485,"{""Old"":53236,""New"":53246,""Reason"":3}"
68323524,"{""Old"":999,""New"":1001,""Reason"":3}"
20872105,"{""Old"":555,""New"":557,""Reason"":3}"
82222467,"{""Old"":954,""New"":956,""Reason"":3}"
73474771,"{""Old"":84183,""New"":84193,""Reason"":3}"
7367335,"{""Old"":2702,""New"":2704,""Reason"":3}"
62761183,"{""Old"":114,""New"":116,""Reason"":3}"
87266452,"{""Old"":309,""New"":311,""Reason"":3}"
34592975,"{""Old"":2131,""New"":2133,""Reason"":3}"
215406527,"{""Old"":2149,""New"":2153,""Reason"":3}"
22365561,"{""Old"":1675,""New"":1677,""Reason"":3}"
34592975,"{""Old"":2253,""New"":2255,""Reason"":3}"
13533643,"{""Old"":4240,""New"":4242,""Reason"":3}"
45548775,"{""Old"":2271,""New"":2273,""Reason"":3}"
22438308,"{""Old"":80224,""New"":80226,""Reason"":3}"
22438308,"{""Old"":80490,""New"":80494,""Reason"":3}"
22438308,"{""Old"":80264,""New"":80266,""Reason"":3}"
82629288,"{""Old"":6844,""New"":6846,""Reason"":3}"
82629288,"{""Old"":7015,""New"":7025,""Reason"":3}"
82629288,"{""Old"":6995,""New"":7005,""Reason"":3}"
84386547,"{""Old"":796,""New"":798,""Reason"":3}"
25491019,"{""Old"":142,""New"":144,""Reason"":3}"
71253075,"{""Old"":792,""New"":794,""Reason"":3}"
27365152,"{""Old"":22673,""New"":22675,""Reason"":3}"
84386547,"{""Old"":802,""New"":804,""Reason"":3}"
213078289,"{""Old"":30478,""New"":30488,""Reason"":3}"
21251318,"{""Old"":692,""New"":694,""Reason"":3}"
45548775,"{""Old"":2338,""New"":2340,""Reason"":3}"
31952856,"{""Old"":3057,""New"":3059,""Reason"":3}"
31952856,"{""Old"":4825,""New"":4827,""Reason"":3}"
31952856,"{""Old"":4957,""New"":4977,""Reason"":3}"
46604522,"{""Old"":3787,""New"":3789,""Reason"":3}"
31952856,"{""Old"":4582,""New"":4584,""Reason"":3}"
46604522,"{""Old"":3122,""New"":3142,""Reason"":3}"
45629654,"{""Old"":244,""New"":246,""Reason"":3}"
46604522,"{""Old"":3326,""New"":3336,""Reason"":3}"
46604522,"{""Old"":3675,""New"":3685,""Reason"":3}"
45629654,"{""Old"":323,""New"":333,""Reason"":3}"
31952856,"{""Old"":3089,""New"":3091,""Reason"":3}"
53207534,"{""Old"":394,""New"":396,""Reason"":3}"
82222467,"{""Old"":922,""New"":932,""Reason"":3}"
82222467,"{""Old"":756,""New"":766,""Reason"":3}"
82222467,"{""Old"":790,""New"":810,""Reason"":3}"
85015740,"{""Old"":202,""New"":204,""Reason"":3}"
25225869,"{""Old"":4267,""New"":4277,""Reason"":3}"
25225869,"{""Old"":4925,""New"":4935,""Reason"":3}"
25225869,"{""Old"":3825,""New"":3845,""Reason"":3}"
25225869,"{""Old"":4905,""New"":4915,""Reason"":3}"
25225869,"{""Old"":7206,""New"":7216,""Reason"":3}"
25225869,"{""Old"":7196,""New"":7206,""Reason"":3}"
25225869,"{""Old"":3239,""New"":3241,""Reason"":3}"
25225869,"{""Old"":4430,""New"":4440,""Reason"":3}"
84386547,"{""Old"":798,""New"":800,""Reason"":3}"
42367164,"{""Old"":29280,""New"":29290,""Reason"":3}"
43780156,"{""Old"":294471,""New"":294473,""Reason"":3}"
34592975,"{""Old"":2092,""New"":2094,""Reason"":3}"
38958463,"{""Old"":5004,""New"":5014,""Reason"":3}"
25225869,"{""Old"":3579,""New"":3583,""Reason"":3}"
25225869,"{""Old"":7146,""New"":7156,""Reason"":3}"
25225869,"{""Old"":5826,""New"":5836,""Reason"":3}"
33160780,"{""Old"":10401,""New"":10403,""Reason"":3}"
33160780,"{""Old"":10379,""New"":10381,""Reason"":3}"
25225869,"{""Old"":7251,""New"":7261,""Reason"":3}"
25225869,"{""Old"":10269,""New"":10279,""Reason"":3}"
25225869,"{""Old"":10249,""New"":10259,""Reason"":3}"
8883313,"{""Old"":15466,""New"":15470,""Reason"":3}"
45629654,"{""Old"":308,""New"":310,""Reason"":3}"
45629654,"{""Old"":187,""New"":189,""Reason"":3}"
73474771,"{""Old"":82504,""New"":82506,""Reason"":3}"
82222467,"{""Old"":980,""New"":982,""Reason"":3}"
82222467,"{""Old"":932,""New"":934,""Reason"":3}"
44659425,"{""Old"":210,""New"":212,""Reason"":3}"
73474771,"{""Old"":82423,""New"":82425,""Reason"":3}"
73474771,"{""Old"":82543,""New"":82545,""Reason"":3}"
44659425,"{""Old"":202,""New"":204,""Reason"":3}"
73474771,"{""Old"":82506,""New"":82508,""Reason"":3}"
73474771,"{""Old"":82510,""New"":82512,""Reason"":3}"
73474771,"{""Old"":82537,""New"":82539,""Reason"":3}"
42367164,"{""Old"":29120,""New"":29122,""Reason"":3}"
30131410,"{""Old"":544,""New"":546,""Reason"":3}"
82629288,"{""Old"":6951,""New"":6961,""Reason"":3}"
82629288,"{""Old"":7497,""New"":7499,""Reason"":3}"
87548397,"{""Old"":91,""New"":95,""Reason"":3}"
82629288,"{""Old"":7325,""New"":7335,""Reason"":3}"
83456158,"{""Old"":228,""New"":232,""Reason"":3}"
40871687,"{""Old"":725,""New"":727,""Reason"":3}"
43207454,"{""Old"":1930,""New"":1932,""Reason"":3}"
43207454,"{""Old"":1973,""New"":1975,""Reason"":3}"
22438308,"{""Old"":80242,""New"":80252,""Reason"":3}"
20074257,"{""Old"":1630,""New"":1632,""Reason"":3}"
22438308,"{""Old"":80437,""New"":80439,""Reason"":3}"
6881205,"{""Old"":2214,""New"":2216,""Reason"":3}"
45548775,"{""Old"":2268,""New"":2270,""Reason"":3}"
45629654,"{""Old"":552,""New"":554,""Reason"":3}"
23829638,"{""Old"":1199,""New"":1201,""Reason"":3}"
218733227,"{""Old"":10079,""New"":10081,""Reason"":3}"
23829638,"{""Old"":720,""New"":722,""Reason"":3}"
58866450,"{""Old"":1299,""New"":1301,""Reason"":3}"
58866450,"{""Old"":1343,""New"":1345,""Reason"":3}"
6980304,"{""Old"":736,""New"":746,""Reason"":3}"
23073231,"{""Old"":2196,""New"":2198,""Reason"":3}"
76226595,"{""Old"":4695,""New"":4697,""Reason"":3}"
76226595,"{""Old"":4677,""New"":4679,""Reason"":3}"
218920888,"{""Old"":268,""New"":270,""Reason"":3}"
23829638,"{""Old"":751,""New"":753,""Reason"":3}"
22435751,"{""Old"":23261,""New"":23263,""Reason"":3}"
20074257,"{""Old"":1609,""New"":1611,""Reason"":3}"
20074257,"{""Old"":1650,""New"":1652,""Reason"":3}"
22438308,"{""Old"":80444,""New"":80446,""Reason"":3}"
25225869,"{""Old"":3815,""New"":3825,""Reason"":3}"
25225869,"{""Old"":4307,""New"":4309,""Reason"":3}"
25225869,"{""Old"":10544,""New"":10554,""Reason"":3}"
25225869,"{""Old"":3545,""New"":3547,""Reason"":3}"
25225869,"{""Old"":3334,""New"":3336,""Reason"":3}"
25225869,"{""Old"":3523,""New"":3533,""Reason"":3}"
25225869,"{""Old"":5146,""New"":5156,""Reason"":3}"
25225869,"{""Old"":5696,""New"":5706,""Reason"":3}"
25225869,"{""Old"":8044,""New"":8054,""Reason"":3}"
79702191,"{""Old"":2627,""New"":2629,""Reason"":3}"
64981060,"{""Old"":1319,""New"":1321,""Reason"":3}"
33069473,"{""Old"":481,""New"":483,""Reason"":3}"
43207454,"{""Old"":1897,""New"":1899,""Reason"":3}"
45548775,"{""Old"":2225,""New"":2227,""Reason"":3}"
45548775,"{""Old"":2297,""New"":2299,""Reason"":3}"
11534557,"{""Old"":651872,""New"":651892,""Reason"":3}"
24196485,"{""Old"":53148,""New"":53158,""Reason"":3}"
25491019,"{""Old"":340,""New"":342,""Reason"":3}"
25491019,"{""Old"":264,""New"":268,""Reason"":3}"
22438308,"{""Old"":80433,""New"":80435,""Reason"":3}"
45548775,"{""Old"":2240,""New"":2242,""Reason"":3}"
22438308,"{""Old"":80272,""New"":80274,""Reason"":3}"
75330447,"{""Old"":1271,""New"":1277,""Reason"":3}"
20074257,"{""Old"":1588,""New"":1590,""Reason"":3}"
218390057,"{""Old"":400,""New"":402,""Reason"":3}"
76226595,"{""Old"":4758,""New"":4762,""Reason"":3}"
25225869,"{""Old"":3369,""New"":3371,""Reason"":3}"
34592975,"{""Old"":2098,""New"":2100,""Reason"":3}"
40612006,"{""Old"":568,""New"":570,""Reason"":3}"
79772344,"{""Old"":42,""New"":44,""Reason"":3}"
79772344,"{""Old"":206,""New"":208,""Reason"":3}"
67962623,"{""Old"":5673,""New"":5675,""Reason"":3}"
45548775,"{""Old"":2340,""New"":2342,""Reason"":3}"
6881205,"{""Old"":2212,""New"":2214,""Reason"":3}"
45548775,"{""Old"":2350,""New"":2352,""Reason"":3}"
20074257,"{""Old"":1640,""New"":1642,""Reason"":3}"
83456158,"{""Old"":197,""New"":199,""Reason"":3}"
62211123,"{""Old"":795,""New"":797,""Reason"":3}"
82629288,"{""Old"":6896,""New"":6906,""Reason"":3}"
83456158,"{""Old"":238,""New"":240,""Reason"":3}"
62211123,"{""Old"":753,""New"":755,""Reason"":3}"
8638645,"{""Old"":511,""New"":513,""Reason"":3}"
8638645,"{""Old"":501,""New"":511,""Reason"":3}"
84386547,"{""Old"":806,""New"":808,""Reason"":3}"
84386547,"{""Old"":804,""New"":806,""Reason"":3}"
25225869,"{""Old"":3161,""New"":3163,""Reason"":3}"
25225869,"{""Old"":10691,""New"":10701,""Reason"":3}"
25225869,"{""Old"":10833,""New"":10843,""Reason"":3}"
25225869,"{""Old"":6086,""New"":6096,""Reason"":3}"
25225869,"{""Old"":9221,""New"":9231,""Reason"":3}"
25225869,"{""Old"":9316,""New"":9326,""Reason"":3}"
25225869,"{""Old"":9902,""New"":9912,""Reason"":3}"
25225869,"{""Old"":3412,""New"":3414,""Reason"":3}"
25225869,"{""Old"":5016,""New"":5026,""Reason"":3}"
76226595,"{""Old"":4857,""New"":4859,""Reason"":3}"
76226595,"{""Old"":4781,""New"":4783,""Reason"":3}"
37744135,"{""Old"":80294,""New"":80296,""Reason"":3}"
37744135,"{""Old"":81126,""New"":81128,""Reason"":3}"
76226595,"{""Old"":4791,""New"":4801,""Reason"":3}"
76226595,"{""Old"":4836,""New"":4838,""Reason"":3}"
76226595,"{""Old"":4779,""New"":4781,""Reason"":3}"
23829638,"{""Old"":753,""New"":757,""Reason"":3}"
23829638,"{""Old"":1118,""New"":1120,""Reason"":3}"
76226595,"{""Old"":2226,""New"":2228,""Reason"":3}"
213051120,"{""Old"":159,""New"":161,""Reason"":3}"
23829638,"{""Old"":1060,""New"":1062,""Reason"":3}"
23829638,"{""Old"":932,""New"":934,""Reason"":3}"
23829638,"{""Old"":1161,""New"":1165,""Reason"":3}"
20074257,"{""Old"":1642,""New"":1644,""Reason"":3}"
4239086,"{""Old"":8571,""New"":8573,""Reason"":3}"
71253075,"{""Old"":1087,""New"":1089,""Reason"":3}"
71253075,"{""Old"":994,""New"":996,""Reason"":3}"
70367218,"{""Old"":1473,""New"":1475,""Reason"":3}"
63999387,"{""Old"":307,""New"":309,""Reason"":3}"
35358256,"{""Old"":894,""New"":896,""Reason"":3}"
38804811,"{""Old"":1729,""New"":1731,""Reason"":3}"
38804811,"{""Old"":1802,""New"":1804,""Reason"":3}"
85015740,"{""Old"":49,""New"":51,""Reason"":3}"
206802275,"{""Old"":2654,""New"":2664,""Reason"":3}"
11534557,"{""Old"":652784,""New"":652794,""Reason"":3}"
25491019,"{""Old"":421,""New"":423,""Reason"":3}"
65596150,"{""Old"":359,""New"":361,""Reason"":3}"
65596150,"{""Old"":353,""New"":355,""Reason"":3}"
23829638,"{""Old"":1000,""New"":1002,""Reason"":3}"
23829638,"{""Old"":1261,""New"":1263,""Reason"":3}"
23829638,"{""Old"":1167,""New"":1169,""Reason"":3}"
40612006,"{""Old"":543,""New"":545,""Reason"":3}"
25225869,"{""Old"":3740,""New"":3750,""Reason"":3}"
25225869,"{""Old"":4535,""New"":4545,""Reason"":3}"
25225869,"{""Old"":5301,""New"":5311,""Reason"":3}"
25225869,"{""Old"":5836,""New"":5846,""Reason"":3}"
25225869,"{""Old"":6526,""New"":6536,""Reason"":3}"
4239086,"{""Old"":8551,""New"":8555,""Reason"":3}"
23829638,"{""Old"":971,""New"":973,""Reason"":3}"
23829638,"{""Old"":1031,""New"":1033,""Reason"":3}"
23829638,"{""Old"":1238,""New"":1240,""Reason"":3}"
23829638,"{""Old"":1248,""New"":1250,""Reason"":3}"
23829638,"{""Old"":1485,""New"":1495,""Reason"":3}"
23829638,"{""Old"":749,""New"":751,""Reason"":3}"
8883313,"{""Old"":23129,""New"":23131,""Reason"":3}"
53950953,"{""Old"":1030,""New"":1040,""Reason"":3}"
53950953,"{""Old"":1592,""New"":1594,""Reason"":3}"
53950953,"{""Old"":1271,""New"":1273,""Reason"":3}"
8883313,"{""Old"":23118,""New"":23120,""Reason"":3}"
8883313,"{""Old"":22834,""New"":22836,""Reason"":3}"
8980498,"{""Old"":697,""New"":699,""Reason"":3}"
8980498,"{""Old"":742,""New"":744,""Reason"":3}"
25225869,"{""Old"":5726,""New"":5736,""Reason"":3}"
25225869,"{""Old"":5806,""New"":5816,""Reason"":3}"
40612006,"{""Old"":545,""New"":547,""Reason"":3}"
38057858,"{""Old"":2290,""New"":2292,""Reason"":3}"
25491019,"{""Old"":749,""New"":751,""Reason"":3}"
25491019,"{""Old"":191,""New"":193,""Reason"":3}"
25491019,"{""Old"":268,""New"":278,""Reason"":3}"
25491019,"{""Old"":554,""New"":564,""Reason"":3}"
7394435,"{""Old"":1239,""New"":1241,""Reason"":3}"
45310161,"{""Old"":953,""New"":955,""Reason"":3}"
25491019,"{""Old"":32,""New"":34,""Reason"":3}"
79772344,"{""Old"":234,""New"":236,""Reason"":3}"
79772344,"{""Old"":180,""New"":182,""Reason"":3}"
23829638,"{""Old"":1305,""New"":1307,""Reason"":3}"
4239086,"{""Old"":8573,""New"":8575,""Reason"":3}"
62211123,"{""Old"":886,""New"":888,""Reason"":3}"
3977558,"{""Old"":2035,""New"":2037,""Reason"":3}"
62211123,"{""Old"":801,""New"":803,""Reason"":3}"
62211123,"{""Old"":890,""New"":892,""Reason"":3}"
8883313,"{""Old"":22946,""New"":22948,""Reason"":3}"
3977558,"{""Old"":2049,""New"":2051,""Reason"":3}"
83456158,"{""Old"":220,""New"":222,""Reason"":3}"
4239086,"{""Old"":8569,""New"":8571,""Reason"":3}"
79772344,"{""Old"":202,""New"":204,""Reason"":3}"
79772344,"{""Old"":170,""New"":172,""Reason"":3}"
79772344,"{""Old"":174,""New"":176,""Reason"":3}"
79772344,"{""Old"":186,""New"":188,""Reason"":3}"
79772344,"{""Old"":166,""New"":168,""Reason"":3}"
70367218,"{""Old"":1460,""New"":1462,""Reason"":3}"
68764292,"{""Old"":3192,""New"":3194,""Reason"":3}"
42817421,"{""Old"":20316,""New"":20320,""Reason"":3}"
42817421,"{""Old"":20560,""New"":20570,""Reason"":3}"
42817421,"{""Old"":21640,""New"":21642,""Reason"":3}"
42817421,"{""Old"":21662,""New"":21664,""Reason"":3}"
57301053,"{""Old"":347,""New"":349,""Reason"":3}"
25491019,"{""Old"":489,""New"":491,""Reason"":3}"
7394435,"{""Old"":1259,""New"":1261,""Reason"":3}"
56525472,"{""Old"":610,""New"":612,""Reason"":3}"
82785902,"{""Old"":83901,""New"":83911,""Reason"":3}"
25491019,"{""Old"":696,""New"":698,""Reason"":3}"
25491019,"{""Old"":706,""New"":708,""Reason"":3}"
79776397,"{""Old"":310,""New"":312,""Reason"":3}"
79772344,"{""Old"":204,""New"":206,""Reason"":3}"
79772344,"{""Old"":182,""New"":184,""Reason"":3}"
84238642,"{""Old"":1491,""New"":1493,""Reason"":3}"
38804811,"{""Old"":2055,""New"":2065,""Reason"":3}"
38804811,"{""Old"":2078,""New"":2080,""Reason"":3}"
23829638,"{""Old"":1445,""New"":1447,""Reason"":3}"
53950953,"{""Old"":888,""New"":892,""Reason"":3}"
53950953,"{""Old"":1221,""New"":1223,""Reason"":3}"
25225869,"{""Old"":5686,""New"":5696,""Reason"":3}"
25225869,"{""Old"":6311,""New"":6321,""Reason"":3}"
25225869,"{""Old"":6936,""New"":6946,""Reason"":3}"
25225869,"{""Old"":7943,""New"":7953,""Reason"":3}"
25225869,"{""Old"":8560,""New"":8562,""Reason"":3}"
8128487,"{""Old"":206,""New"":208,""Reason"":3}"
8128487,"{""Old"":305,""New"":307,""Reason"":3}"
8128487,"{""Old"":333,""New"":343,""Reason"":3}"
25225869,"{""Old"":5561,""New"":5571,""Reason"":3}"
25225869,"{""Old"":3103,""New"":3105,""Reason"":3}"
25225869,"{""Old"":3533,""New"":3535,""Reason"":3}"
25225869,"{""Old"":4247,""New"":4267,""Reason"":3}"
25225869,"{""Old"":3535,""New"":3545,""Reason"":3}"
25225869,"{""Old"":3693,""New"":3695,""Reason"":3}"
25225869,"{""Old"":3785,""New"":3795,""Reason"":3}"
25225869,"{""Old"":4400,""New"":4410,""Reason"":3}"
25225869,"{""Old"":4810,""New"":4830,""Reason"":3}"
7394435,"{""Old"":1225,""New"":1227,""Reason"":3}"
25491019,"{""Old"":497,""New"":499,""Reason"":3}"
45310161,"{""Old"":959,""New"":961,""Reason"":3}"
75330447,"{""Old"":1192,""New"":1194,""Reason"":3}"
25491019,"{""Old"":938,""New"":948,""Reason"":3}"
7394435,"{""Old"":1251,""New"":1253,""Reason"":3}"
218390057,"{""Old"":436,""New"":438,""Reason"":3}"
218390057,"{""Old"":402,""New"":404,""Reason"":3}"
7937154,"{""Old"":210,""New"":212,""Reason"":3}"
45548775,"{""Old"":2205,""New"":2207,""Reason"":3}"
45548775,"{""Old"":2292,""New"":2294,""Reason"":3}"
45548775,"{""Old"":2361,""New"":2363,""Reason"":3}"
45548775,"{""Old"":2185,""New"":2187,""Reason"":3}"
82785902,"{""Old"":83466,""New"":83468,""Reason"":3}"
82785902,"{""Old"":82586,""New"":82588,""Reason"":3}"
25491019,"{""Old"":993,""New"":995,""Reason"":3}"
32281739,"{""Old"":3623,""New"":3625,""Reason"":3}"
45548775,"{""Old"":2275,""New"":2277,""Reason"":3}"
42817421,"{""Old"":20308,""New"":20310,""Reason"":3}"
42817421,"{""Old"":21480,""New"":21482,""Reason"":3}"
42817421,"{""Old"":21630,""New"":21640,""Reason"":3}"
42817421,"{""Old"":21706,""New"":21716,""Reason"":3}"
39412888,"{""Old"":19290,""New"":19292,""Reason"":3}"
39412888,"{""Old"":19491,""New"":19493,""Reason"":3}"
39412888,"{""Old"":19806,""New"":19808,""Reason"":3}"
39412888,"{""Old"":19906,""New"":19916,""Reason"":3}"
39412888,"{""Old"":20109,""New"":20111,""Reason"":3}"
8159597,"{""Old"":39351,""New"":39361,""Reason"":3}"
76226595,"{""Old"":2078,""New"":2080,""Reason"":3}"
82785902,"{""Old"":83911,""New"":83921,""Reason"":3}"
25491019,"{""Old"":966,""New"":968,""Reason"":3}"
25491019,"{""Old"":978,""New"":980,""Reason"":3}"
25225869,"{""Old"":5921,""New"":5931,""Reason"":3}"
25225869,"{""Old"":6566,""New"":6576,""Reason"":3}"
39479328,"{""Old"":496,""New"":498,""Reason"":3}"
8159597,"{""Old"":39341,""New"":39351,""Reason"":3}"
76226595,"{""Old"":2189,""New"":2191,""Reason"":3}"
79776397,"{""Old"":324,""New"":328,""Reason"":3}"
8159597,"{""Old"":39411,""New"":39421,""Reason"":3}"
8159597,"{""Old"":39471,""New"":39473,""Reason"":3}"
34592975,"{""Old"":2294,""New"":2298,""Reason"":3}"
34592975,"{""Old"":2304,""New"":2306,""Reason"":3}"
8128487,"{""Old"":141,""New"":143,""Reason"":3}"
8128487,"{""Old"":352,""New"":354,""Reason"":3}"
25225869,"{""Old"":6141,""New"":6151,""Reason"":3}"
25225869,"{""Old"":6516,""New"":6526,""Reason"":3}"
25225869,"{""Old"":6916,""New"":6926,""Reason"":3}"
25225869,"{""Old"":10178,""New"":10188,""Reason"":3}"
42817421,"{""Old"":21642,""New"":21652,""Reason"":3}"
42817421,"{""Old"":21538,""New"":21548,""Reason"":3}"
39412888,"{""Old"":19473,""New"":19475,""Reason"":3}"
39412888,"{""Old"":19804,""New"":19806,""Reason"":3}"
39412888,"{""Old"":19495,""New"":19497,""Reason"":3}"
38804811,"{""Old"":1818,""New"":1820,""Reason"":3}"
85015740,"{""Old"":63,""New"":65,""Reason"":3}"
25491019,"{""Old"":990,""New"":992,""Reason"":3}"
53950953,"{""Old"":859,""New"":861,""Reason"":3}"
53950953,"{""Old"":1016,""New"":1020,""Reason"":3}"
53950953,"{""Old"":1301,""New"":1311,""Reason"":3}"
53950953,"{""Old"":902,""New"":904,""Reason"":3}"
53950953,"{""Old"":1422,""New"":1424,""Reason"":3}"
55843654,"{""Old"":24840,""New"":24842,""Reason"":3}"
25491019,"{""Old"":811,""New"":813,""Reason"":3}"
82785902,"{""Old"":82795,""New"":82797,""Reason"":3}"
82785902,"{""Old"":83390,""New"":83392,""Reason"":3}"
34592975,"{""Old"":2273,""New"":2275,""Reason"":3}"
39412888,"{""Old"":19975,""New"":19977,""Reason"":3}"
75330447,"{""Old"":1567,""New"":1569,""Reason"":3}"
75330447,"{""Old"":1279,""New"":1281,""Reason"":3}"
39412888,"{""Old"":19796,""New"":19798,""Reason"":3}"
39412888,"{""Old"":20013,""New"":20015,""Reason"":3}"
39412888,"{""Old"":20081,""New"":20091,""Reason"":3}"
6890547,"{""Old"":3029,""New"":3031,""Reason"":3}"
39412888,"{""Old"":19462,""New"":19464,""Reason"":3}"
39412888,"{""Old"":19760,""New"":19762,""Reason"":3}"
75330447,"{""Old"":1619,""New"":1621,""Reason"":3}"
39412888,"{""Old"":19963,""New"":19973,""Reason"":3}"
39412888,"{""Old"":20155,""New"":20157,""Reason"":3}"
39412888,"{""Old"":20141,""New"":20143,""Reason"":3}"
38804811,"{""Old"":1752,""New"":1754,""Reason"":3}"
38804811,"{""Old"":1767,""New"":1769,""Reason"":3}"
55843654,"{""Old"":24782,""New"":24784,""Reason"":3}"
53950953,"{""Old"":1373,""New"":1375,""Reason"":3}"
53950953,"{""Old"":1634,""New"":1636,""Reason"":3}"
55843654,"{""Old"":24780,""New"":24782,""Reason"":3}"
53950953,"{""Old"":1174,""New"":1176,""Reason"":3}"
53950953,"{""Old"":1275,""New"":1277,""Reason"":3}"
53950953,"{""Old"":1349,""New"":1351,""Reason"":3}"
53950953,"{""Old"":1381,""New"":1383,""Reason"":3}"
55843654,"{""Old"":24838,""New"":24840,""Reason"":3}"
53950953,"{""Old"":1580,""New"":1582,""Reason"":3}"
23716838,"{""Old"":65,""New"":67,""Reason"":3}"
57301053,"{""Old"":344,""New"":346,""Reason"":3}"
46817988,"{""Old"":1011,""New"":1021,""Reason"":3}"
46817988,"{""Old"":1062,""New"":1064,""Reason"":3}"
9458438,"{""Old"":944,""New"":946,""Reason"":3}"
45548775,"{""Old"":2371,""New"":2375,""Reason"":3}"
79776397,"{""Old"":329,""New"":331,""Reason"":3}"
85015740,"{""Old"":57,""New"":59,""Reason"":3}"
8128487,"{""Old"":327,""New"":329,""Reason"":3}"
38958463,"{""Old"":4994,""New"":5004,""Reason"":3}"
38958463,"{""Old"":5014,""New"":5016,""Reason"":3}"
25225869,"{""Old"":7702,""New"":7712,""Reason"":3}"
25225869,"{""Old"":8285,""New"":8295,""Reason"":3}"
8128487,"{""Old"":325,""New"":327,""Reason"":3}"
25225869,"{""Old"":3169,""New"":3171,""Reason"":3}"
25225869,"{""Old"":7136,""New"":7146,""Reason"":3}"
25225869,"{""Old"":5571,""New"":5581,""Reason"":3}"
25225869,"{""Old"":6151,""New"":6161,""Reason"":3}"
25225869,"{""Old"":6966,""New"":6976,""Reason"":3}"
25225869,"{""Old"":10469,""New"":10479,""Reason"":3}"
7833779,"{""Old"":146,""New"":148,""Reason"":3}"
24196485,"{""Old"":53192,""New"":53202,""Reason"":3}"
58866450,"{""Old"":1341,""New"":1343,""Reason"":3}"
58866450,"{""Old"":1273,""New"":1275,""Reason"":3}"
58866450,"{""Old"":1347,""New"":1349,""Reason"":3}"
58866450,"{""Old"":1303,""New"":1305,""Reason"":3}"
58866450,"{""Old"":1311,""New"":1313,""Reason"":3}"
25491019,"{""Old"":830,""New"":832,""Reason"":3}"
25491019,"{""Old"":827,""New"":829,""Reason"":3}"
25491019,"{""Old"":717,""New"":727,""Reason"":3}"
25491019,"{""Old"":566,""New"":576,""Reason"":3}"
25491019,"{""Old"":320,""New"":322,""Reason"":3}"
25491019,"{""Old"":40,""New"":42,""Reason"":3}"
11534557,"{""Old"":651642,""New"":651652,""Reason"":3}"
25491019,"{""Old"":847,""New"":849,""Reason"":3}"
73578276,"{""Old"":344,""New"":346,""Reason"":3}"
75330447,"{""Old"":1583,""New"":1585,""Reason"":3}"
75330447,"{""Old"":1585,""New"":1587,""Reason"":3}"
75330447,"{""Old"":1628,""New"":1630,""Reason"":3}"
42817421,"{""Old"":19988,""New"":19990,""Reason"":3}"
42817421,"{""Old"":20536,""New"":20540,""Reason"":3}"
42817421,"{""Old"":21096,""New"":21098,""Reason"":3}"
42817421,"{""Old"":19905,""New"":19907,""Reason"":3}"
42817421,"{""Old"":19986,""New"":19988,""Reason"":3}"
42817421,"{""Old"":21361,""New"":21363,""Reason"":3}"
42817421,"{""Old"":21716,""New"":21726,""Reason"":3}"
42817421,"{""Old"":21172,""New"":21174,""Reason"":3}"
42817421,"{""Old"":20475,""New"":20477,""Reason"":3}"
57301053,"{""Old"":361,""New"":363,""Reason"":3}"
6881205,"{""Old"":2210,""New"":2212,""Reason"":3}"
42817421,"{""Old"":20508,""New"":20510,""Reason"":3}"
42817421,"{""Old"":21201,""New"":21203,""Reason"":3}"
75899123,"{""Old"":1816,""New"":1818,""Reason"":3}"
75899123,"{""Old"":1854,""New"":1856,""Reason"":3}"
6634097,"{""Old"":245,""New"":247,""Reason"":3}"
58866450,"{""Old"":1327,""New"":1329,""Reason"":3}"
58866450,"{""Old"":1285,""New"":1287,""Reason"":3}"
58866450,"{""Old"":1309,""New"":1311,""Reason"":3}"
25491019,"{""Old"":291,""New"":293,""Reason"":3}"
8128487,"{""Old"":343,""New"":345,""Reason"":3}"
75330447,"{""Old"":1679,""New"":1681,""Reason"":3}"
75330447,"{""Old"":1561,""New"":1563,""Reason"":3}"
42817421,"{""Old"":20572,""New"":20574,""Reason"":3}"
42817421,"{""Old"":21102,""New"":21104,""Reason"":3}"
42817421,"{""Old"":20516,""New"":20518,""Reason"":3}"
22438308,"{""Old"":80252,""New"":80254,""Reason"":3}"
22438308,"{""Old"":80435,""New"":80437,""Reason"":3}"
75835433,"{""Old"":877,""New"":887,""Reason"":3}"
46817988,"{""Old"":1118,""New"":1120,""Reason"":3}"
38804811,"{""Old"":1804,""New"":1806,""Reason"":3}"
25491019,"{""Old"":984,""New"":986,""Reason"":3}"
6454041,"{""Old"":219832,""New"":219834,""Reason"":3}"
72219864,"{""Old"":1039,""New"":1041,""Reason"":3}"
79164685,"{""Old"":482,""New"":484,""Reason"":3}"
20074257,"{""Old"":1617,""New"":1619,""Reason"":3}"
39412888,"{""Old"":19853,""New"":19855,""Reason"":3}"
39412888,"{""Old"":19468,""New"":19470,""Reason"":3}"
39412888,"{""Old"":19655,""New"":19659,""Reason"":3}"
39412888,"{""Old"":20121,""New"":20123,""Reason"":3}"
39412888,"{""Old"":19812,""New"":19814,""Reason"":3}"
39412888,"{""Old"":20135,""New"":20137,""Reason"":3}"
75330447,"{""Old"":1587,""New"":1597,""Reason"":3}"
6890547,"{""Old"":3034,""New"":3036,""Reason"":3}"
75330447,"{""Old"":1573,""New"":1575,""Reason"":3}"
39412888,"{""Old"":19484,""New"":19486,""Reason"":3}"
39412888,"{""Old"":19556,""New"":19558,""Reason"":3}"
39412888,"{""Old"":20023,""New"":20033,""Reason"":3}"
39412888,"{""Old"":20165,""New"":20167,""Reason"":3}"
39412888,"{""Old"":19770,""New"":19780,""Reason"":3}"
39412888,"{""Old"":20015,""New"":20017,""Reason"":3}"
39412888,"{""Old"":20017,""New"":20019,""Reason"":3}"
39412888,"{""Old"":19493,""New"":19495,""Reason"":3}"
39412888,"{""Old"":19802,""New"":19804,""Reason"":3}"
39412888,"{""Old"":19961,""New"":19963,""Reason"":3}"
39412888,"{""Old"":20051,""New"":20053,""Reason"":3}"
39412888,"{""Old"":19398,""New"":19400,""Reason"":3}"
39412888,"{""Old"":19544,""New"":19546,""Reason"":3}"
39412888,"{""Old"":19881,""New"":19883,""Reason"":3}"
39412888,"{""Old"":20035,""New"":20039,""Reason"":3}"
75330447,"{""Old"":1179,""New"":1181,""Reason"":3}"
75330447,"{""Old"":1240,""New"":1242,""Reason"":3}"
20074257,"{""Old"":1526,""New"":1528,""Reason"":3}"
20074257,"{""Old"":1562,""New"":1564,""Reason"":3}"
20074257,"{""Old"":1566,""New"":1576,""Reason"":3}"
8873732,"{""Old"":31774,""New"":31776,""Reason"":3}"
46817988,"{""Old"":1089,""New"":1091,""Reason"":3}"
20074257,"{""Old"":1552,""New"":1562,""Reason"":3}"
8873732,"{""Old"":31776,""New"":31778,""Reason"":3}"
75835433,"{""Old"":873,""New"":875,""Reason"":3}"
21251318,"{""Old"":677,""New"":683,""Reason"":3}"
46817988,"{""Old"":984,""New"":986,""Reason"":3}"
46817988,"{""Old"":1021,""New"":1023,""Reason"":3}"
46817988,"{""Old"":1102,""New"":1104,""Reason"":3}"
46817988,"{""Old"":1131,""New"":1133,""Reason"":3}"
38057858,"{""Old"":2284,""New"":2290,""Reason"":3}"
61452615,"{""Old"":1898,""New"":1900,""Reason"":3}"
34592975,"{""Old"":2275,""New"":2277,""Reason"":3}"
34592975,"{""Old"":2047,""New"":2049,""Reason"":3}"
34592975,"{""Old"":2205,""New"":2207,""Reason"":3}"
68307090,"{""Old"":352,""New"":354,""Reason"":3}"
25225869,"{""Old"":6896,""New"":6906,""Reason"":3}"
25225869,"{""Old"":3274,""New"":3278,""Reason"":3}"
25225869,"{""Old"":3486,""New"":3496,""Reason"":3}"
25225869,"{""Old"":3730,""New"":3740,""Reason"":3}"
25225869,"{""Old"":4297,""New"":4307,""Reason"":3}"
25225869,"{""Old"":2952,""New"":2954,""Reason"":3}"
61452615,"{""Old"":1952,""New"":1954,""Reason"":3}"
34592975,"{""Old"":2186,""New"":2188,""Reason"":3}"
34592975,"{""Old"":2157,""New"":2161,""Reason"":3}"
34592975,"{""Old"":2079,""New"":2081,""Reason"":3}"
34592975,"{""Old"":2145,""New"":2155,""Reason"":3}"
6634097,"{""Old"":282,""New"":284,""Reason"":3}"
4442310,"{""Old"":50,""New"":52,""Reason"":3}"
61452615,"{""Old"":1956,""New"":1960,""Reason"":3}"
61452615,"{""Old"":1977,""New"":1987,""Reason"":3}"
25225869,"{""Old"":7402,""New"":7412,""Reason"":3}"
25225869,"{""Old"":8003,""New"":8013,""Reason"":3}"
61452615,"{""Old"":1949,""New"":1951,""Reason"":3}"
34592975,"{""Old"":2292,""New"":2294,""Reason"":3}"
25225869,"{""Old"":7477,""New"":7487,""Reason"":3}"
25225869,"{""Old"":5541,""New"":5551,""Reason"":3}"
25225869,"{""Old"":5716,""New"":5726,""Reason"":3}"
25225869,"{""Old"":6191,""New"":6201,""Reason"":3}"
25225869,"{""Old"":6281,""New"":6291,""Reason"":3}"
25225869,"{""Old"":6946,""New"":6956,""Reason"":3}"
25225869,"{""Old"":6749,""New"":6759,""Reason"":3}"
25225869,"{""Old"":10384,""New"":10394,""Reason"":3}"
25225869,"{""Old"":4735,""New"":4745,""Reason"":3}"
37621689,"{""Old"":2184,""New"":2186,""Reason"":3}"
10108078,"{""Old"":2562,""New"":2566,""Reason"":3}"
215003922,"{""Old"":4601,""New"":4607,""Reason"":3}"
17487612,"{""Old"":2575,""New"":2585,""Reason"":3}"
124187554,"{""Old"":2123,""New"":2125,""Reason"":3}"
48984720,"{""Old"":347,""New"":355,""Reason"":3}"
48984720,"{""Old"":331,""New"":339,""Reason"":3}"
53898758,"{""Old"":12053,""New"":12061,""Reason"":3}"
210614478,"{""Old"":1002,""New"":1004,""Reason"":3}"
124187554,"{""Old"":2125,""New"":2127,""Reason"":3}"
4710718,"{""Old"":2652,""New"":2654,""Reason"":3}"
46702317,"{""Old"":237,""New"":243,""Reason"":3}"
30122349,"{""Old"":299339,""New"":299349,""Reason"":3}"
46702317,"{""Old"":225,""New"":229,""Reason"":3}"
19322149,"{""Old"":1334,""New"":1336,""Reason"":3}"
46702317,"{""Old"":243,""New"":245,""Reason"":3}"
40934163,"{""Old"":14948,""New"":14952,""Reason"":3}"
30122349,"{""Old"":299329,""New"":299339,""Reason"":3}"
46702317,"{""Old"":229,""New"":237,""Reason"":3}"
46920911,"{""Old"":52472,""New"":52486,""Reason"":3}"
25825344,"{""Old"":103,""New"":105,""Reason"":3}"
220611784,"{""Old"":129,""New"":131,""Reason"":3}"
25825344,"{""Old"":92,""New"":96,""Reason"":3}"
46920911,"{""Old"":52511,""New"":52527,""Reason"":3}"
46920911,"{""Old"":52759,""New"":53553,""Reason"":3}"
67898653,"{""Old"":2000,""New"":2002,""Reason"":3}"
6449571,"{""Old"":3667,""New"":3689,""Reason"":3}"
6064926,"{""Old"":1544,""New"":1546,""Reason"":3}"
46920911,"{""Old"":52754,""New"":52758,""Reason"":3}"
46920911,"{""Old"":52680,""New"":52704,""Reason"":3}"
46920911,"{""Old"":52627,""New"":52655,""Reason"":3}"
47504703,"{""Old"":1740,""New"":1746,""Reason"":3}"
73271573,"{""Old"":2789,""New"":2807,""Reason"":3}"
73271573,"{""Old"":2508,""New"":2530,""Reason"":3}"
73271573,"{""Old"":2550,""New"":2612,""Reason"":3}"
124187554,"{""Old"":2127,""New"":2139,""Reason"":3}"
50406467,"{""Old"":233,""New"":241,""Reason"":3}"
53898758,"{""Old"":12014,""New"":12018,""Reason"":3}"
3074918,"{""Old"":1815,""New"":1835,""Reason"":3}"
53898758,"{""Old"":12043,""New"":12053,""Reason"":3}"
73271573,"{""Old"":2775,""New"":2789,""Reason"":3}"
47504703,"{""Old"":1728,""New"":1740,""Reason"":3}"
34840972,"{""Old"":1888,""New"":1890,""Reason"":3}"
73646526,"{""Old"":2518,""New"":2520,""Reason"":3}"
73271573,"{""Old"":2693,""New"":2739,""Reason"":3}"
73271573,"{""Old"":2823,""New"":2837,""Reason"":3}"
73271573,"{""Old"":2739,""New"":2775,""Reason"":3}"
50406467,"{""Old"":209,""New"":221,""Reason"":3}"
47504703,"{""Old"":1746,""New"":1750,""Reason"":3}"
73646526,"{""Old"":2528,""New"":2536,""Reason"":3}"
30122349,"{""Old"":299349,""New"":299359,""Reason"":3}"
64516532,"{""Old"":1571,""New"":1573,""Reason"":3}"
73271573,"{""Old"":2807,""New"":2823,""Reason"":3}"
6064926,"{""Old"":1698,""New"":1704,""Reason"":3}"
28226374,"{""Old"":1790,""New"":1794,""Reason"":3}"
30122349,"{""Old"":299359,""New"":299389,""Reason"":3}"
50406467,"{""Old"":223,""New"":227,""Reason"":3}"
73271573,"{""Old"":2667,""New"":2693,""Reason"":3}"
53898758,"{""Old"":12022,""New"":12042,""Reason"":3}"
73646526,"{""Old"":2484,""New"":2506,""Reason"":3}"
6064926,"{""Old"":1588,""New"":1594,""Reason"":3}"
6064926,"{""Old"":1688,""New"":1698,""Reason"":3}"
6064926,"{""Old"":1648,""New"":1650,""Reason"":3}"
59301631,"{""Old"":122,""New"":124,""Reason"":3}"
73646526,"{""Old"":2538,""New"":2540,""Reason"":3}"
6064926,"{""Old"":1570,""New"":1572,""Reason"":3}"
48984720,"{""Old"":356,""New"":358,""Reason"":3}"
73646526,"{""Old"":2520,""New"":2528,""Reason"":3}"
6064926,"{""Old"":1616,""New"":1620,""Reason"":3}"
73646526,"{""Old"":2464,""New"":2484,""Reason"":3}"
73646526,"{""Old"":2536,""New"":2538,""Reason"":3}"
6064926,"{""Old"":1684,""New"":1688,""Reason"":3}"
73646526,"{""Old"":2402,""New"":2414,""Reason"":3}"
37962654,"{""Old"":16092,""New"":16096,""Reason"":3}"
40572960,"{""Old"":2851,""New"":2853,""Reason"":3}"
63778994,"{""Old"":666424,""New"":666434,""Reason"":3}"
73646526,"{""Old"":2506,""New"":2518,""Reason"":3}"
73646526,"{""Old"":2432,""New"":2446,""Reason"":3}"
73646526,"{""Old"":2446,""New"":2464,""Reason"":3}"
82814072,"{""Old"":547,""New"":549,""Reason"":3}"
80744637,"{""Old"":489025,""New"":489115,""Reason"":3}"
6064926,"{""Old"":1678,""New"":1684,""Reason"":3}"
71228420,"{""Old"":2350,""New"":2358,""Reason"":3}"
6064926,"{""Old"":1578,""New"":1580,""Reason"":3}"
40572960,"{""Old"":2843,""New"":2847,""Reason"":3}"
46603856,"{""Old"":516,""New"":518,""Reason"":3}"
80744637,"{""Old"":489015,""New"":489025,""Reason"":3}"
6064926,"{""Old"":1654,""New"":1670,""Reason"":3}"
6064926,"{""Old"":1622,""New"":1638,""Reason"":3}"
71228420,"{""Old"":2366,""New"":2378,""Reason"":3}"
25825344,"{""Old"":107,""New"":109,""Reason"":3}"
40572960,"{""Old"":2847,""New"":2851,""Reason"":3}"
63778994,"{""Old"":666434,""New"":666576,""Reason"":3}"
6064926,"{""Old"":1600,""New"":1606,""Reason"":3}"
6064926,"{""Old"":1549,""New"":1561,""Reason"":3}"
5642722,"{""Old"":536,""New"":538,""Reason"":3}"
39485735,"{""Old"":351,""New"":353,""Reason"":3}"
39485735,"{""Old"":353,""New"":355,""Reason"":3}"
39485735,"{""Old"":375,""New"":377,""Reason"":3}"
18436020,"{""Old"":650,""New"":652,""Reason"":3}"
18436020,"{""Old"":686,""New"":696,""Reason"":3}"
80141190,"{""Old"":672,""New"":674,""Reason"":3}"
80141190,"{""Old"":892,""New"":894,""Reason"":3}"
80141190,"{""Old"":898,""New"":900,""Reason"":3}"
12346315,"{""Old"":2189,""New"":2191,""Reason"":3}"
24196485,"{""Old"":26806,""New"":26808,""Reason"":3}"
12346315,"{""Old"":2267,""New"":2269,""Reason"":3}"
12346315,"{""Old"":2218,""New"":2220,""Reason"":3}"
12346315,"{""Old"":2231,""New"":2233,""Reason"":3}"
19535546,"{""Old"":2843,""New"":2845,""Reason"":3}"
19535546,"{""Old"":3053,""New"":3061,""Reason"":3}"
19535546,"{""Old"":3112,""New"":3114,""Reason"":3}"
19535546,"{""Old"":3479,""New"":3481,""Reason"":3}"
19535546,"{""Old"":3710,""New"":3712,""Reason"":3}"
19535546,"{""Old"":333,""New"":335,""Reason"":3}"
19535546,"{""Old"":2821,""New"":2831,""Reason"":3}"
19535546,"{""Old"":2841,""New"":2843,""Reason"":3}"
19535546,"{""Old"":3539,""New"":3541,""Reason"":3}"
19535546,"{""Old"":526,""New"":528,""Reason"":3}"
19535546,"{""Old"":2890,""New"":2892,""Reason"":3}"
19535546,"{""Old"":339,""New"":341,""Reason"":3}"
19535546,"{""Old"":2815,""New"":2817,""Reason"":3}"
19535546,"{""Old"":2851,""New"":2853,""Reason"":3}"
19535546,"{""Old"":3525,""New"":3527,""Reason"":3}"
19535546,"{""Old"":3536,""New"":3538,""Reason"":3}"
202863679,"{""Old"":1068,""New"":1070,""Reason"":3}"
31776438,"{""Old"":345,""New"":349,""Reason"":3}"
17676293,"{""Old"":28587,""New"":28589,""Reason"":3}"
22023288,"{""Old"":1749,""New"":1751,""Reason"":3}"
22023288,"{""Old"":2603,""New"":2613,""Reason"":3}"
22023288,"{""Old"":2945,""New"":2955,""Reason"":3}"
22023288,"{""Old"":3109,""New"":3119,""Reason"":3}"
22023288,"{""Old"":3587,""New"":3597,""Reason"":3}"
22023288,"{""Old"":3677,""New"":3687,""Reason"":3}"
22023288,"{""Old"":1288,""New"":1290,""Reason"":3}"
22023288,"{""Old"":2553,""New"":2563,""Reason"":3}"
22023288,"{""Old"":2643,""New"":2645,""Reason"":3}"
23844493,"{""Old"":931,""New"":933,""Reason"":3}"
23844493,"{""Old"":890,""New"":892,""Reason"":3}"
19981811,"{""Old"":108282,""New"":108284,""Reason"":3}"
19981811,"{""Old"":108266,""New"":108268,""Reason"":3}"
23844493,"{""Old"":1573,""New"":1575,""Reason"":3}"
84278309,"{""Old"":21,""New"":23,""Reason"":3}"
219097384,"{""Old"":204,""New"":208,""Reason"":3}"
84278309,"{""Old"":163,""New"":173,""Reason"":3}"
55531402,"{""Old"":598710,""New"":598720,""Reason"":3}"
55531402,"{""Old"":598992,""New"":599002,""Reason"":3}"
55531402,"{""Old"":603534,""New"":603544,""Reason"":3}"
55531402,"{""Old"":607517,""New"":607527,""Reason"":3}"
55531402,"{""Old"":612201,""New"":612211,""Reason"":3}"
55531402,"{""Old"":612681,""New"":612691,""Reason"":3}"
55531402,"{""Old"":612906,""New"":612916,""Reason"":3}"
55531402,"{""Old"":617446,""New"":617456,""Reason"":3}"
55531402,"{""Old"":596488,""New"":596498,""Reason"":3}"
55531402,"{""Old"":596953,""New"":596963,""Reason"":3}"
55531402,"{""Old"":598470,""New"":598480,""Reason"":3}"
55531402,"{""Old"":599857,""New"":599877,""Reason"":3}"
55531402,"{""Old"":608841,""New"":608851,""Reason"":3}"
55531402,"{""Old"":612086,""New"":612106,""Reason"":3}"
55531402,"{""Old"":617701,""New"":617711,""Reason"":3}"
55531402,"{""Old"":598795,""New"":598805,""Reason"":3}"
55531402,"{""Old"":603699,""New"":603709,""Reason"":3}"
55531402,"{""Old"":608586,""New"":608596,""Reason"":3}"
55531402,"{""Old"":612851,""New"":612881,""Reason"":3}"
55531402,"{""Old"":613256,""New"":613286,""Reason"":3}"
55531402,"{""Old"":614101,""New"":614111,""Reason"":3}"
55531402,"{""Old"":620216,""New"":620226,""Reason"":3}"
55531402,"{""Old"":620576,""New"":620596,""Reason"":3}"
55531402,"{""Old"":605341,""New"":605361,""Reason"":3}"
55531402,"{""Old"":611546,""New"":611556,""Reason"":3}"
55531402,"{""Old"":611476,""New"":611506,""Reason"":3}"
55531402,"{""Old"":613776,""New"":613796,""Reason"":3}"
55531402,"{""Old"":614641,""New"":614651,""Reason"":3}"
55531402,"{""Old"":617426,""New"":617446,""Reason"":3}"
55531402,"{""Old"":617381,""New"":617401,""Reason"":3}"
55531402,"{""Old"":618491,""New"":618511,""Reason"":3}"
55531402,"{""Old"":618862,""New"":618882,""Reason"":3}"
55531402,"{""Old"":619134,""New"":619154,""Reason"":3}"
55531402,"{""Old"":620276,""New"":620286,""Reason"":3}"
55531402,"{""Old"":620606,""New"":620616,""Reason"":3}"
37962654,"{""Old"":1127,""New"":1129,""Reason"":3}"
37962654,"{""Old"":1162,""New"":1164,""Reason"":3}"
37962654,"{""Old"":1018,""New"":1020,""Reason"":3}"
37962654,"{""Old"":1046,""New"":1048,""Reason"":3}"
22435751,"{""Old"":4775,""New"":4785,""Reason"":3}"
37962654,"{""Old"":1086,""New"":1096,""Reason"":3}"
2959905,"{""Old"":319,""New"":321,""Reason"":3}"
37962654,"{""Old"":805,""New"":807,""Reason"":3}"
37962654,"{""Old"":1012,""New"":1014,""Reason"":3}"
55531402,"{""Old"":598175,""New"":598215,""Reason"":3}"
55531402,"{""Old"":601853,""New"":601863,""Reason"":3}"
55531402,"{""Old"":606060,""New"":606070,""Reason"":3}"
55531402,"{""Old"":609086,""New"":609116,""Reason"":3}"
55531402,"{""Old"":609046,""New"":609056,""Reason"":3}"
55531402,"{""Old"":609891,""New"":609921,""Reason"":3}"
55531402,"{""Old"":614601,""New"":614641,""Reason"":3}"
55531402,"{""Old"":618446,""New"":618456,""Reason"":3}"
55531402,"{""Old"":619536,""New"":619556,""Reason"":3}"
55531402,"{""Old"":596226,""New"":596236,""Reason"":3}"
55531402,"{""Old"":596398,""New"":596408,""Reason"":3}"
55531402,"{""Old"":599267,""New"":599277,""Reason"":3}"
55531402,"{""Old"":602580,""New"":602610,""Reason"":3}"
55531402,"{""Old"":608631,""New"":608661,""Reason"":3}"
55531402,"{""Old"":609731,""New"":609751,""Reason"":3}"
55531402,"{""Old"":611431,""New"":611441,""Reason"":3}"
55531402,"{""Old"":613411,""New"":613431,""Reason"":3}"
55531402,"{""Old"":618852,""New"":618862,""Reason"":3}"
55531402,"{""Old"":620416,""New"":620426,""Reason"":3}"
22435751,"{""Old"":6422,""New"":6432,""Reason"":3}"
22435751,"{""Old"":6494,""New"":6504,""Reason"":3}"
22435751,"{""Old"":6564,""New"":6574,""Reason"":3}"
22435751,"{""Old"":6694,""New"":6704,""Reason"":3}"
200004383,"{""Old"":2206,""New"":2216,""Reason"":3}"
15692128,"{""Old"":100,""New"":102,""Reason"":3}"
24196485,"{""Old"":26818,""New"":26822,""Reason"":3}"
83880780,"{""Old"":455,""New"":457,""Reason"":3}"
19981811,"{""Old"":108256,""New"":108260,""Reason"":3}"
19981811,"{""Old"":108254,""New"":108256,""Reason"":3}"
22435751,"{""Old"":5471,""New"":5481,""Reason"":3}"
22435751,"{""Old"":5777,""New"":5787,""Reason"":3}"
22435751,"{""Old"":5671,""New"":5681,""Reason"":3}"
22435751,"{""Old"":6010,""New"":6012,""Reason"":3}"
202176747,"{""Old"":95436,""New"":95438,""Reason"":3}"
22435751,"{""Old"":6474,""New"":6484,""Reason"":3}"
20356508,"{""Old"":1419,""New"":1421,""Reason"":3}"
37962654,"{""Old"":1133,""New"":1135,""Reason"":3}"
37962654,"{""Old"":1166,""New"":1168,""Reason"":3}"
37962654,"{""Old"":1164,""New"":1166,""Reason"":3}"
37962654,"{""Old"":823,""New"":825,""Reason"":3}"
55531402,"{""Old"":599517,""New"":599527,""Reason"":3}"
55531402,"{""Old"":600364,""New"":600374,""Reason"":3}"
55531402,"{""Old"":603357,""New"":603367,""Reason"":3}"
55531402,"{""Old"":603187,""New"":603207,""Reason"":3}"
55531402,"{""Old"":603070,""New"":603080,""Reason"":3}"
55531402,"{""Old"":605466,""New"":605486,""Reason"":3}"
55531402,"{""Old"":607582,""New"":607602,""Reason"":3}"
55531402,"{""Old"":619666,""New"":619676,""Reason"":3}"
55531402,"{""Old"":620336,""New"":620346,""Reason"":3}"
22435751,"{""Old"":5018,""New"":5020,""Reason"":3}"
37962654,"{""Old"":1160,""New"":1162,""Reason"":3}"
37962654,"{""Old"":817,""New"":819,""Reason"":3}"
37962654,"{""Old"":848,""New"":858,""Reason"":3}"
37962654,"{""Old"":1058,""New"":1060,""Reason"":3}"
37962654,"{""Old"":876,""New"":878,""Reason"":3}"
37962654,"{""Old"":932,""New"":934,""Reason"":3}"
37962654,"{""Old"":1014,""New"":1016,""Reason"":3}"
22435751,"{""Old"":5204,""New"":5206,""Reason"":3}"
55531402,"{""Old"":590896,""New"":590906,""Reason"":3}"
55531402,"{""Old"":592191,""New"":592231,""Reason"":3}"
55531402,"{""Old"":593332,""New"":593342,""Reason"":3}"
55531402,"{""Old"":595472,""New"":595502,""Reason"":3}"
55531402,"{""Old"":595712,""New"":595722,""Reason"":3}"
80889242,"{""Old"":1040,""New"":1042,""Reason"":3}"
55531402,"{""Old"":600899,""New"":600919,""Reason"":3}"
55531402,"{""Old"":601611,""New"":601631,""Reason"":3}"
55531402,"{""Old"":604671,""New"":604681,""Reason"":3}"
55531402,"{""Old"":605361,""New"":605371,""Reason"":3}"
55531402,"{""Old"":605846,""New"":605856,""Reason"":3}"
55531402,"{""Old"":606033,""New"":606035,""Reason"":3}"
55531402,"{""Old"":607297,""New"":607307,""Reason"":3}"
55531402,"{""Old"":611701,""New"":611711,""Reason"":3}"
55531402,"{""Old"":615931,""New"":615941,""Reason"":3}"
55531402,"{""Old"":618893,""New"":618923,""Reason"":3}"
55531402,"{""Old"":588831,""New"":588833,""Reason"":3}"
55531402,"{""Old"":590290,""New"":590292,""Reason"":3}"
55531402,"{""Old"":590841,""New"":590861,""Reason"":3}"
55531402,"{""Old"":595422,""New"":595432,""Reason"":3}"
55531402,"{""Old"":596346,""New"":596348,""Reason"":3}"
55531402,"{""Old"":600204,""New"":600214,""Reason"":3}"
55531402,"{""Old"":601214,""New"":601234,""Reason"":3}"
55531402,"{""Old"":604636,""New"":604646,""Reason"":3}"
55531402,"{""Old"":606565,""New"":606567,""Reason"":3}"
55531402,"{""Old"":606425,""New"":606435,""Reason"":3}"
55531402,"{""Old"":610526,""New"":610546,""Reason"":3}"
55531402,"{""Old"":611396,""New"":611406,""Reason"":3}"
55531402,"{""Old"":612251,""New"":612271,""Reason"":3}"
55531402,"{""Old"":619284,""New"":619294,""Reason"":3}"
55531402,"{""Old"":597328,""New"":597338,""Reason"":3}"
55531402,"{""Old"":593147,""New"":593157,""Reason"":3}"
22435751,"{""Old"":5220,""New"":5230,""Reason"":3}"
22435751,"{""Old"":6346,""New"":6356,""Reason"":3}"
11534557,"{""Old"":300845,""New"":300875,""Reason"":3}"
11534557,"{""Old"":300700,""New"":300710,""Reason"":3}"
11534557,"{""Old"":303728,""New"":303730,""Reason"":3}"
55522266,"{""Old"":139,""New"":141,""Reason"":3}"
84278309,"{""Old"":127,""New"":129,""Reason"":3}"
123245731,"{""Old"":9845,""New"":9855,""Reason"":3}"
17398189,"{""Old"":521,""New"":523,""Reason"":3}"
8744861,"{""Old"":286,""New"":288,""Reason"":3}"
31558571,"{""Old"":490,""New"":492,""Reason"":3}"
8744861,"{""Old"":256,""New"":260,""Reason"":3}"
31558571,"{""Old"":331,""New"":333,""Reason"":3}"
31558571,"{""Old"":405,""New"":407,""Reason"":3}"
31558571,"{""Old"":422,""New"":432,""Reason"":3}"
200004383,"{""Old"":2125,""New"":2127,""Reason"":3}"
16319032,"{""Old"":413,""New"":415,""Reason"":3}"
17676293,"{""Old"":17145,""New"":17147,""Reason"":3}"
17676293,"{""Old"":17195,""New"":17197,""Reason"":3}"
17676293,"{""Old"":17628,""New"":17630,""Reason"":3}"
17676293,"{""Old"":19911,""New"":19921,""Reason"":3}"
17676293,"{""Old"":20272,""New"":20292,""Reason"":3}"
17676293,"{""Old"":20346,""New"":20356,""Reason"":3}"
17676293,"{""Old"":20841,""New"":20851,""Reason"":3}"
12346315,"{""Old"":2216,""New"":2218,""Reason"":3}"
17676293,"{""Old"":22522,""New"":22532,""Reason"":3}"
17676293,"{""Old"":25123,""New"":25133,""Reason"":3}"
17676293,"{""Old"":25383,""New"":25393,""Reason"":3}"
17676293,"{""Old"":25506,""New"":25526,""Reason"":3}"
200004383,"{""Old"":1866,""New"":1868,""Reason"":3}"
22435751,"{""Old"":5158,""New"":5160,""Reason"":3}"
22435751,"{""Old"":5799,""New"":5809,""Reason"":3}"
22435751,"{""Old"":6544,""New"":6554,""Reason"":3}"
19981811,"{""Old"":108272,""New"":108274,""Reason"":3}"
74426538,"{""Old"":571,""New"":573,""Reason"":3}"
63583576,"{""Old"":115,""New"":119,""Reason"":3}"
218610415,"{""Old"":215,""New"":217,""Reason"":3}"
53324485,"{""Old"":4887,""New"":4889,""Reason"":3}"
22023288,"{""Old"":3687,""New"":3697,""Reason"":3}"
22023288,"{""Old"":186,""New"":188,""Reason"":3}"
22023288,"{""Old"":1595,""New"":1605,""Reason"":3}"
83880780,"{""Old"":460,""New"":462,""Reason"":3}"
83880780,"{""Old"":449,""New"":451,""Reason"":3}"
83880780,"{""Old"":481,""New"":485,""Reason"":3}"
80141190,"{""Old"":661,""New"":663,""Reason"":3}"
80141190,"{""Old"":779,""New"":781,""Reason"":3}"
25799691,"{""Old"":1383,""New"":1385,""Reason"":3}"
22023288,"{""Old"":1457,""New"":1459,""Reason"":3}"
22023288,"{""Old"":2174,""New"":2184,""Reason"":3}"
22023288,"{""Old"":2853,""New"":2863,""Reason"":3}"
22023288,"{""Old"":2873,""New"":2883,""Reason"":3}"
22023288,"{""Old"":3207,""New"":3217,""Reason"":3}"
22023288,"{""Old"":3379,""New"":3389,""Reason"":3}"
22023288,"{""Old"":184,""New"":186,""Reason"":3}"
22023288,"{""Old"":3097,""New"":3107,""Reason"":3}"
22023288,"{""Old"":3327,""New"":3337,""Reason"":3}"
22023288,"{""Old"":3637,""New"":3647,""Reason"":3}"
206872234,"{""Old"":289,""New"":291,""Reason"":3}"
80141190,"{""Old"":659,""New"":661,""Reason"":3}"
80141190,"{""Old"":602,""New"":604,""Reason"":3}"
9084499,"{""Old"":202,""New"":204,""Reason"":3}"
202863679,"{""Old"":1086,""New"":1088,""Reason"":3}"
202863679,"{""Old"":1101,""New"":1103,""Reason"":3}"
202863679,"{""Old"":1072,""New"":1082,""Reason"":3}"
19005457,"{""Old"":3564,""New"":3566,""Reason"":3}"
202863679,"{""Old"":1109,""New"":1111,""Reason"":3}"
202863679,"{""Old"":1196,""New"":1198,""Reason"":3}"
202863679,"{""Old"":1227,""New"":1229,""Reason"":3}"
202863679,"{""Old"":1118,""New"":1120,""Reason"":3}"
202863679,"{""Old"":1150,""New"":1152,""Reason"":3}"
202863679,"{""Old"":1053,""New"":1055,""Reason"":3}"
202863679,"{""Old"":1090,""New"":1092,""Reason"":3}"
202863679,"{""Old"":1139,""New"":1143,""Reason"":3}"
202863679,"{""Old"":1137,""New"":1139,""Reason"":3}"
202863679,"{""Old"":1032,""New"":1036,""Reason"":3}"
18163099,"{""Old"":1305,""New"":1307,""Reason"":3}"
11380910,"{""Old"":500,""New"":502,""Reason"":3}"
55531402,"{""Old"":588489,""New"":588499,""Reason"":3}"
55531402,"{""Old"":591465,""New"":591485,""Reason"":3}"
55531402,"{""Old"":595772,""New"":595774,""Reason"":3}"
22023288,"{""Old"":2915,""New"":2925,""Reason"":3}"
22023288,"{""Old"":3025,""New"":3027,""Reason"":3}"
22023288,"{""Old"":3149,""New"":3151,""Reason"":3}"
22023288,"{""Old"":3537,""New"":3547,""Reason"":3}"
22023288,"{""Old"":1469,""New"":1473,""Reason"":3}"
22023288,"{""Old"":1837,""New"":1847,""Reason"":3}"
22023288,"{""Old"":2985,""New"":3015,""Reason"":3}"
22023288,"{""Old"":3107,""New"":3109,""Reason"":3}"
22023288,"{""Old"":3427,""New"":3437,""Reason"":3}"
22023288,"{""Old"":1467,""New"":1469,""Reason"":3}"
22023288,"{""Old"":3357,""New"":3367,""Reason"":3}"
22023288,"{""Old"":1463,""New"":1465,""Reason"":3}"
22023288,"{""Old"":3217,""New"":3227,""Reason"":3}"
22023288,"{""Old"":143,""New"":145,""Reason"":3}"
22023288,"{""Old"":3377,""New"":3379,""Reason"":3}"
22023288,"{""Old"":3617,""New"":3627,""Reason"":3}"
22023288,"{""Old"":1445,""New"":1447,""Reason"":3}"
22023288,"{""Old"":3437,""New"":3447,""Reason"":3}"
206872234,"{""Old"":269,""New"":271,""Reason"":3}"
206872234,"{""Old"":291,""New"":293,""Reason"":3}"
19535546,"{""Old"":1975,""New"":1977,""Reason"":3}"
19535546,"{""Old"":341,""New"":345,""Reason"":3}"
19535546,"{""Old"":454,""New"":456,""Reason"":3}"
19535546,"{""Old"":502,""New"":504,""Reason"":3}"
19535546,"{""Old"":375,""New"":377,""Reason"":3}"
202863679,"{""Old"":1084,""New"":1086,""Reason"":3}"
19535546,"{""Old"":3567,""New"":3569,""Reason"":3}"
19535546,"{""Old"":3616,""New"":3618,""Reason"":3}"
19535546,"{""Old"":335,""New"":337,""Reason"":3}"
19535546,"{""Old"":514,""New"":516,""Reason"":3}"
19535546,"{""Old"":2859,""New"":2861,""Reason"":3}"
19535546,"{""Old"":407,""New"":409,""Reason"":3}"
19535546,"{""Old"":3063,""New"":3065,""Reason"":3}"
19535546,"{""Old"":3636,""New"":3638,""Reason"":3}"
19535546,"{""Old"":3415,""New"":3417,""Reason"":3}"
19535546,"{""Old"":3626,""New"":3628,""Reason"":3}"
19535546,"{""Old"":3096,""New"":3098,""Reason"":3}"
19535546,"{""Old"":3630,""New"":3632,""Reason"":3}"
19535546,"{""Old"":3146,""New"":3148,""Reason"":3}"
19535546,"{""Old"":3465,""New"":3467,""Reason"":3}"
19535546,"{""Old"":373,""New"":375,""Reason"":3}"
27777369,"{""Old"":172,""New"":174,""Reason"":3}"
202863679,"{""Old"":1184,""New"":1186,""Reason"":3}"
202863679,"{""Old"":1204,""New"":1206,""Reason"":3}"
202863679,"{""Old"":1058,""New"":1060,""Reason"":3}"
13173590,"{""Old"":44220,""New"":44222,""Reason"":3}"
9084499,"{""Old"":159,""New"":161,""Reason"":3}"
9084499,"{""Old"":132,""New"":134,""Reason"":3}"
9084499,"{""Old"":174,""New"":176,""Reason"":3}"
208341661,"{""Old"":739,""New"":741,""Reason"":3}"
208341661,"{""Old"":741,""New"":751,""Reason"":3}"
12346315,"{""Old"":2229,""New"":2231,""Reason"":3}"
17676293,"{""Old"":17893,""New"":17895,""Reason"":3}"
17676293,"{""Old"":20669,""New"":20679,""Reason"":3}"
17676293,"{""Old"":23845,""New"":23855,""Reason"":3}"
17676293,"{""Old"":24008,""New"":24018,""Reason"":3}"
17676293,"{""Old"":24587,""New"":24597,""Reason"":3}"
17676293,"{""Old"":24567,""New"":24577,""Reason"":3}"
17676293,"{""Old"":17986,""New"":17988,""Reason"":3}"
17676293,"{""Old"":19847,""New"":19849,""Reason"":3}"
17676293,"{""Old"":19955,""New"":19965,""Reason"":3}"
17676293,"{""Old"":21420,""New"":21430,""Reason"":3}"
17676293,"{""Old"":24096,""New"":24106,""Reason"":3}"
17676293,"{""Old"":25333,""New"":25343,""Reason"":3}"
17676293,"{""Old"":25465,""New"":25475,""Reason"":3}"
17676293,"{""Old"":16834,""New"":16836,""Reason"":3}"
17676293,"{""Old"":17201,""New"":17203,""Reason"":3}"
17676293,"{""Old"":18095,""New"":18101,""Reason"":3}"
17676293,"{""Old"":18673,""New"":18675,""Reason"":3}"
17676293,"{""Old"":21756,""New"":21766,""Reason"":3}"
17676293,"{""Old"":23186,""New"":23196,""Reason"":3}"
17676293,"{""Old"":25203,""New"":25205,""Reason"":3}"
17676293,"{""Old"":18481,""New"":18483,""Reason"":3}"
17676293,"{""Old"":21130,""New"":21140,""Reason"":3}"
17676293,"{""Old"":23912,""New"":23922,""Reason"":3}"
17676293,"{""Old"":24627,""New"":24637,""Reason"":3}"
17676293,"{""Old"":18663,""New"":18673,""Reason"":3}"
17676293,"{""Old"":19238,""New"":19248,""Reason"":3}"
17676293,"{""Old"":23450,""New"":23460,""Reason"":3}"
17676293,"{""Old"":19008,""New"":19028,""Reason"":3}"
17676293,"{""Old"":19825,""New"":19827,""Reason"":3}"
17676293,"{""Old"":20190,""New"":20200,""Reason"":3}"
17676293,"{""Old"":21686,""New"":21696,""Reason"":3}"
208577966,"{""Old"":817,""New"":819,""Reason"":3}"
37250473,"{""Old"":976,""New"":978,""Reason"":3}"
208577966,"{""Old"":826,""New"":828,""Reason"":3}"
32281739,"{""Old"":709,""New"":711,""Reason"":3}"
169859,"{""Old"":353,""New"":355,""Reason"":3}"
49825474,"{""Old"":2319,""New"":2321,""Reason"":3}"
49825474,"{""Old"":2335,""New"":2339,""Reason"":3}"
49825474,"{""Old"":2419,""New"":2421,""Reason"":3}"
65594943,"{""Old"":122,""New"":124,""Reason"":3}"
49825474,"{""Old"":2240,""New"":2242,""Reason"":3}"
203820093,"{""Old"":7649,""New"":7653,""Reason"":3}"
82785902,"{""Old"":47803,""New"":47805,""Reason"":3}"
82785902,"{""Old"":50085,""New"":50095,""Reason"":3}"
82785902,"{""Old"":51745,""New"":51755,""Reason"":3}"
80141190,"{""Old"":697,""New"":699,""Reason"":3}"
80141190,"{""Old"":864,""New"":866,""Reason"":3}"
80141190,"{""Old"":904,""New"":906,""Reason"":3}"
80141190,"{""Old"":769,""New"":771,""Reason"":3}"
39485735,"{""Old"":359,""New"":361,""Reason"":3}"
80141190,"{""Old"":575,""New"":577,""Reason"":3}"
80141190,"{""Old"":648,""New"":650,""Reason"":3}"
80141190,"{""Old"":688,""New"":690,""Reason"":3}"
201058202,"{""Old"":30,""New"":32,""Reason"":3}"
80141190,"{""Old"":676,""New"":678,""Reason"":3}"
39485735,"{""Old"":391,""New"":393,""Reason"":3}"
19005457,"{""Old"":3408,""New"":3410,""Reason"":3}"
17676293,"{""Old"":24828,""New"":24838,""Reason"":3}"
17676293,"{""Old"":25353,""New"":25373,""Reason"":3}"
200004383,"{""Old"":1968,""New"":1970,""Reason"":3}"
200004383,"{""Old"":2094,""New"":2096,""Reason"":3}"
20302898,"{""Old"":1739,""New"":1741,""Reason"":3}"
200004383,"{""Old"":1894,""New"":1896,""Reason"":3}"
200004383,"{""Old"":1920,""New"":1922,""Reason"":3}"
200004383,"{""Old"":2024,""New"":2026,""Reason"":3}"
299630,"{""Old"":2155,""New"":2157,""Reason"":3}"
20746522,"{""Old"":2004,""New"":2006,""Reason"":3}"
55522266,"{""Old"":151,""New"":153,""Reason"":3}"
299630,"{""Old"":1855,""New"":1857,""Reason"":3}"
299630,"{""Old"":2709,""New"":2715,""Reason"":3}"
11534557,"{""Old"":300875,""New"":300895,""Reason"":3}"
11534557,"{""Old"":304010,""New"":304020,""Reason"":3}"
11534557,"{""Old"":298401,""New"":298421,""Reason"":3}"
11534557,"{""Old"":300288,""New"":300308,""Reason"":3}"
11534557,"{""Old"":304020,""New"":304022,""Reason"":3}"
11534557,"{""Old"":300548,""New"":300568,""Reason"":3}"
299630,"{""Old"":2149,""New"":2151,""Reason"":3}"
46235249,"{""Old"":1667,""New"":1669,""Reason"":3}"
11534557,"{""Old"":298166,""New"":298176,""Reason"":3}"
11534557,"{""Old"":304000,""New"":304010,""Reason"":3}"
19981811,"{""Old"":30566,""New"":30568,""Reason"":3}"
2968081,"{""Old"":917,""New"":919,""Reason"":3}"
2968081,"{""Old"":859,""New"":863,""Reason"":3}"
2968081,"{""Old"":921,""New"":923,""Reason"":3}"
2968081,"{""Old"":1678,""New"":1680,""Reason"":3}"
2968081,"{""Old"":1764,""New"":1766,""Reason"":3}"
19981811,"{""Old"":29864,""New"":29866,""Reason"":3}"
17676293,"{""Old"":19607,""New"":19617,""Reason"":3}"
17676293,"{""Old"":19779,""New"":19789,""Reason"":3}"
17676293,"{""Old"":20230,""New"":20232,""Reason"":3}"
17676293,"{""Old"":21430,""New"":21440,""Reason"":3}"
17676293,"{""Old"":21636,""New"":21646,""Reason"":3}"
17676293,"{""Old"":23510,""New"":23520,""Reason"":3}"
17676293,"{""Old"":25205,""New"":25207,""Reason"":3}"
31776438,"{""Old"":443,""New"":445,""Reason"":3}"
31776438,"{""Old"":465,""New"":467,""Reason"":3}"
31776438,"{""Old"":305,""New"":307,""Reason"":3}"
82785902,"{""Old"":48393,""New"":48395,""Reason"":3}"
82785902,"{""Old"":49669,""New"":49679,""Reason"":3}"
82785902,"{""Old"":50290,""New"":50300,""Reason"":3}"
82785902,"{""Old"":51523,""New"":51533,""Reason"":3}"
75585261,"{""Old"":1974,""New"":1976,""Reason"":3}"
5642722,"{""Old"":568,""New"":570,""Reason"":3}"
80141190,"{""Old"":699,""New"":701,""Reason"":3}"
39485735,"{""Old"":355,""New"":357,""Reason"":3}"
22023288,"{""Old"":1447,""New"":1457,""Reason"":3}"
22023288,"{""Old"":3175,""New"":3177,""Reason"":3}"
22023288,"{""Old"":213,""New"":215,""Reason"":3}"
22023288,"{""Old"":1507,""New"":1517,""Reason"":3}"
22023288,"{""Old"":1483,""New"":1485,""Reason"":3}"
22023288,"{""Old"":1627,""New"":1637,""Reason"":3}"
22023288,"{""Old"":2139,""New"":2149,""Reason"":3}"
22023288,"{""Old"":1887,""New"":1897,""Reason"":3}"
22023288,"{""Old"":2104,""New"":2114,""Reason"":3}"
22023288,"{""Old"":2069,""New"":2079,""Reason"":3}"
22023288,"{""Old"":2759,""New"":2769,""Reason"":3}"
22023288,"{""Old"":3047,""New"":3057,""Reason"":3}"
22023288,"{""Old"":3667,""New"":3677,""Reason"":3}"
22023288,"{""Old"":3801,""New"":3811,""Reason"":3}"
22023288,"{""Old"":452,""New"":454,""Reason"":3}"
22023288,"{""Old"":1300,""New"":1302,""Reason"":3}"
22023288,"{""Old"":1751,""New"":1771,""Reason"":3}"
22023288,"{""Old"":2905,""New"":2915,""Reason"":3}"
22023288,"{""Old"":3717,""New"":3727,""Reason"":3}"
22023288,"{""Old"":481,""New"":483,""Reason"":3}"
22023288,"{""Old"":3129,""New"":3139,""Reason"":3}"
22023288,"{""Old"":3791,""New"":3801,""Reason"":3}"
80141190,"{""Old"":629,""New"":631,""Reason"":3}"
80141190,"{""Old"":888,""New"":890,""Reason"":3}"
80141190,"{""Old"":678,""New"":680,""Reason"":3}"
80141190,"{""Old"":872,""New"":882,""Reason"":3}"
80141190,"{""Old"":894,""New"":896,""Reason"":3}"
37399438,"{""Old"":879,""New"":881,""Reason"":3}"
80141190,"{""Old"":886,""New"":888,""Reason"":3}"
80141190,"{""Old"":695,""New"":697,""Reason"":3}"
2968081,"{""Old"":1384,""New"":1386,""Reason"":3}"
32281739,"{""Old"":377,""New"":379,""Reason"":3}"
32281739,"{""Old"":729,""New"":739,""Reason"":3}"
9084499,"{""Old"":186,""New"":196,""Reason"":3}"
9084499,"{""Old"":207,""New"":209,""Reason"":3}"
9084499,"{""Old"":144,""New"":146,""Reason"":3}"
19535546,"{""Old"":3178,""New"":3188,""Reason"":3}"
19535546,"{""Old"":3678,""New"":3688,""Reason"":3}"
19535546,"{""Old"":3726,""New"":3728,""Reason"":3}"
202863679,"{""Old"":1162,""New"":1172,""Reason"":3}"
202863679,"{""Old"":1061,""New"":1065,""Reason"":3}"
19981811,"{""Old"":29391,""New"":29393,""Reason"":3}"
2968081,"{""Old"":1502,""New"":1504,""Reason"":3}"
2968081,"{""Old"":728,""New"":732,""Reason"":3}"
2968081,"{""Old"":799,""New"":801,""Reason"":3}"
17676293,"{""Old"":18013,""New"":18015,""Reason"":3}"
17676293,"{""Old"":19452,""New"":19462,""Reason"":3}"
17676293,"{""Old"":21450,""New"":21460,""Reason"":3}"
17676293,"{""Old"":17100,""New"":17102,""Reason"":3}"
17676293,"{""Old"":18487,""New"":18489,""Reason"":3}"
17676293,"{""Old"":18759,""New"":18761,""Reason"":3}"
17676293,"{""Old"":18786,""New"":18796,""Reason"":3}"
17676293,"{""Old"":19040,""New"":19050,""Reason"":3}"
17676293,"{""Old"":19410,""New"":19420,""Reason"":3}"
17676293,"{""Old"":19709,""New"":19719,""Reason"":3}"
17676293,"{""Old"":20398,""New"":20408,""Reason"":3}"
17676293,"{""Old"":23136,""New"":23146,""Reason"":3}"
17676293,"{""Old"":23520,""New"":23530,""Reason"":3}"
17676293,"{""Old"":24391,""New"":24401,""Reason"":3}"
17676293,"{""Old"":17133,""New"":17143,""Reason"":3}"
17676293,"{""Old"":19398,""New"":19400,""Reason"":3}"
17676293,"{""Old"":20853,""New"":20863,""Reason"":3}"
17676293,"{""Old"":17632,""New"":17634,""Reason"":3}"
17676293,"{""Old"":19420,""New"":19430,""Reason"":3}"
17676293,"{""Old"":19823,""New"":19825,""Reason"":3}"
17676293,"{""Old"":20875,""New"":20885,""Reason"":3}"
17676293,"{""Old"":21390,""New"":21400,""Reason"":3}"
17676293,"{""Old"":21706,""New"":21716,""Reason"":3}"
17676293,"{""Old"":22126,""New"":22128,""Reason"":3}"
17676293,"{""Old"":17907,""New"":17909,""Reason"":3}"
17676293,"{""Old"":18223,""New"":18233,""Reason"":3}"
17676293,"{""Old"":19859,""New"":19861,""Reason"":3}"
17676293,"{""Old"":19923,""New"":19933,""Reason"":3}"
17676293,"{""Old"":20554,""New"":20564,""Reason"":3}"
17676293,"{""Old"":20504,""New"":20524,""Reason"":3}"
17676293,"{""Old"":24070,""New"":24072,""Reason"":3}"
17676293,"{""Old"":24327,""New"":24337,""Reason"":3}"
17676293,"{""Old"":25331,""New"":25333,""Reason"":3}"
17676293,"{""Old"":25528,""New"":25538,""Reason"":3}"
216595247,"{""Old"":3184,""New"":3186,""Reason"":3}"
9084499,"{""Old"":209,""New"":211,""Reason"":3}"
17676293,"{""Old"":22492,""New"":22502,""Reason"":3}"
17676293,"{""Old"":22787,""New"":22797,""Reason"":3}"
200004383,"{""Old"":1943,""New"":1947,""Reason"":3}"
200004383,"{""Old"":2176,""New"":2178,""Reason"":3}"
200004383,"{""Old"":2198,""New"":2200,""Reason"":3}"
65138135,"{""Old"":1794,""New"":1796,""Reason"":3}"
17676293,"{""Old"":17129,""New"":17131,""Reason"":3}"
17676293,"{""Old"":18017,""New"":18019,""Reason"":3}"
17676293,"{""Old"":21029,""New"":21039,""Reason"":3}"
17676293,"{""Old"":23996,""New"":23998,""Reason"":3}"
17676293,"{""Old"":24928,""New"":24938,""Reason"":3}"
17676293,"{""Old"":25597,""New"":25627,""Reason"":3}"
17676293,"{""Old"":25652,""New"":25662,""Reason"":3}"
17676293,"{""Old"":25785,""New"":25795,""Reason"":3}"
17676293,"{""Old"":17889,""New"":17891,""Reason"":3}"
17676293,"{""Old"":19312,""New"":19314,""Reason"":3}"
17676293,"{""Old"":19801,""New"":19811,""Reason"":3}"
83880780,"{""Old"":471,""New"":473,""Reason"":3}"
80141190,"{""Old"":727,""New"":729,""Reason"":3}"
31776438,"{""Old"":467,""New"":469,""Reason"":3}"
11534557,"{""Old"":298916,""New"":298926,""Reason"":3}"
11534557,"{""Old"":299541,""New"":299551,""Reason"":3}"
11534557,"{""Old"":303730,""New"":303732,""Reason"":3}"
11534557,"{""Old"":304168,""New"":304178,""Reason"":3}"
12301610,"{""Old"":982,""New"":984,""Reason"":3}"
17205050,"{""Old"":695,""New"":697,""Reason"":3}"
84278309,"{""Old"":17,""New"":19,""Reason"":3}"
84278309,"{""Old"":143,""New"":145,""Reason"":3}"
55921654,"{""Old"":1196,""New"":1198,""Reason"":3}"
55921654,"{""Old"":1348,""New"":1352,""Reason"":3}"
55921654,"{""Old"":1515,""New"":1517,""Reason"":3}"
53318306,"{""Old"":143,""New"":145,""Reason"":3}"
11534557,"{""Old"":303732,""New"":303734,""Reason"":3}"
11534557,"{""Old"":304890,""New"":304900,""Reason"":3}"
11534557,"{""Old"":300680,""New"":300690,""Reason"":3}"
31558571,"{""Old"":448,""New"":452,""Reason"":3}"
44977601,"{""Old"":828,""New"":830,""Reason"":3}"
208577966,"{""Old"":805,""New"":807,""Reason"":3}"
48205250,"{""Old"":861,""New"":863,""Reason"":3}"
48205250,"{""Old"":741,""New"":745,""Reason"":3}"
48205250,"{""Old"":859,""New"":861,""Reason"":3}"
23520972,"{""Old"":403,""New"":405,""Reason"":3}"
44977601,"{""Old"":864,""New"":874,""Reason"":3}"
8744861,"{""Old"":359,""New"":361,""Reason"":3}"
8744861,"{""Old"":345,""New"":347,""Reason"":3}"
17676293,"{""Old"":19430,""New"":19440,""Reason"":3}"
17676293,"{""Old"":20831,""New"":20841,""Reason"":3}"
17676293,"{""Old"":21061,""New"":21071,""Reason"":3}"
17676293,"{""Old"":24285,""New"":24287,""Reason"":3}"
17676293,"{""Old"":24577,""New"":24587,""Reason"":3}"
17676293,"{""Old"":24667,""New"":24669,""Reason"":3}"
17676293,"{""Old"":25217,""New"":25227,""Reason"":3}"
17676293,"{""Old"":25628,""New"":25638,""Reason"":3}"
17676293,"{""Old"":25795,""New"":25805,""Reason"":3}"
17676293,"{""Old"":17143,""New"":17145,""Reason"":3}"
17676293,"{""Old"":19075,""New"":19085,""Reason"":3}"
17676293,"{""Old"":19849,""New"":19859,""Reason"":3}"
17676293,"{""Old"":22552,""New"":22562,""Reason"":3}"
17676293,"{""Old"":24379,""New"":24381,""Reason"":3}"
17676293,"{""Old"":23500,""New"":23510,""Reason"":3}"
17676293,"{""Old"":24838,""New"":24848,""Reason"":3}"
17676293,"{""Old"":25859,""New"":25869,""Reason"":3}"
17676293,"{""Old"":22632,""New"":22642,""Reason"":3}"
17676293,"{""Old"":25807,""New"":25817,""Reason"":3}"
17676293,"{""Old"":23855,""New"":23857,""Reason"":3}"
17676293,"{""Old"":25033,""New"":25043,""Reason"":3}"
17676293,"{""Old"":19759,""New"":19769,""Reason"":3}"
17676293,"{""Old"":21173,""New"":21183,""Reason"":3}"
17676293,"{""Old"":17131,""New"":17133,""Reason"":3}"
12346315,"{""Old"":2269,""New"":2279,""Reason"":3}"
33641525,"{""Old"":8027,""New"":8029,""Reason"":3}"
55531402,"{""Old"":614686,""New"":614716,""Reason"":3}"
55531402,"{""Old"":621326,""New"":621376,""Reason"":3}"
55531402,"{""Old"":621971,""New"":621981,""Reason"":3}"
55531402,"{""Old"":625217,""New"":625227,""Reason"":3}"
55531402,"{""Old"":629757,""New"":629767,""Reason"":3}"
55531402,"{""Old"":599037,""New"":599067,""Reason"":3}"
55531402,"{""Old"":606662,""New"":606682,""Reason"":3}"
55531402,"{""Old"":607477,""New"":607507,""Reason"":3}"
55531402,"{""Old"":611176,""New"":611206,""Reason"":3}"
55531402,"{""Old"":610866,""New"":610876,""Reason"":3}"
55531402,"{""Old"":612211,""New"":612221,""Reason"":3}"
55531402,"{""Old"":612756,""New"":612776,""Reason"":3}"
55531402,"{""Old"":620406,""New"":620416,""Reason"":3}"
80889242,"{""Old"":1072,""New"":1074,""Reason"":3}"
55531402,"{""Old"":615751,""New"":615791,""Reason"":3}"
55531402,"{""Old"":617056,""New"":617086,""Reason"":3}"
55531402,"{""Old"":622766,""New"":622776,""Reason"":3}"
55531402,"{""Old"":624900,""New"":624920,""Reason"":3}"
55531402,"{""Old"":629922,""New"":629942,""Reason"":3}"
55531402,"{""Old"":631987,""New"":631997,""Reason"":3}"
55531402,"{""Old"":633442,""New"":633462,""Reason"":3}"
22435751,"{""Old"":6604,""New"":6614,""Reason"":3}"
49825474,"{""Old"":2736,""New"":2738,""Reason"":3}"
82785902,"{""Old"":48415,""New"":48417,""Reason"":3}"
82785902,"{""Old"":50782,""New"":50792,""Reason"":3}"
82785902,"{""Old"":50842,""New"":50852,""Reason"":3}"
44961939,"{""Old"":446,""New"":448,""Reason"":3}"
39485735,"{""Old"":371,""New"":373,""Reason"":3}"
80141190,"{""Old"":771,""New"":773,""Reason"":3}"
80141190,"{""Old"":870,""New"":872,""Reason"":3}"
82785902,"{""Old"":47961,""New"":47963,""Reason"":3}"
82785902,"{""Old"":50388,""New"":50398,""Reason"":3}"
82785902,"{""Old"":50772,""New"":50782,""Reason"":3}"
82785902,"{""Old"":51443,""New"":51453,""Reason"":3}"
82785902,"{""Old"":51533,""New"":51543,""Reason"":3}"
82785902,"{""Old"":51735,""New"":51745,""Reason"":3}"
82785902,"{""Old"":47967,""New"":47971,""Reason"":3}"
82785902,"{""Old"":48397,""New"":48401,""Reason"":3}"
82785902,"{""Old"":50270,""New"":50280,""Reason"":3}"
82785902,"{""Old"":50897,""New"":50899,""Reason"":3}"
82785902,"{""Old"":51625,""New"":51635,""Reason"":3}"
31776438,"{""Old"":473,""New"":475,""Reason"":3}"
31776438,"{""Old"":545,""New"":547,""Reason"":3}"
73588812,"{""Old"":1990,""New"":1992,""Reason"":3}"
73588812,"{""Old"":1982,""New"":1984,""Reason"":3}"
73588812,"{""Old"":2058,""New"":2060,""Reason"":3}"
73588812,"{""Old"":1965,""New"":1967,""Reason"":3}"
208909671,"{""Old"":692,""New"":694,""Reason"":3}"
19535546,"{""Old"":347,""New"":351,""Reason"":3}"
19535546,"{""Old"":412,""New"":414,""Reason"":3}"
19535546,"{""Old"":402,""New"":404,""Reason"":3}"
19535546,"{""Old"":458,""New"":460,""Reason"":3}"
19535546,"{""Old"":2839,""New"":2841,""Reason"":3}"
19535546,"{""Old"":3260,""New"":3262,""Reason"":3}"
19535546,"{""Old"":3608,""New"":3610,""Reason"":3}"
19535546,"{""Old"":456,""New"":458,""Reason"":3}"
202863679,"{""Old"":1082,""New"":1084,""Reason"":3}"
202863679,"{""Old"":1008,""New"":1010,""Reason"":3}"
202863679,"{""Old"":1229,""New"":1231,""Reason"":3}"
32281739,"{""Old"":723,""New"":725,""Reason"":3}"
20555835,"{""Old"":107,""New"":109,""Reason"":3}"
2968081,"{""Old"":1369,""New"":1371,""Reason"":3}"
53324485,"{""Old"":4867,""New"":4887,""Reason"":3}"
2968081,"{""Old"":851,""New"":853,""Reason"":3}"
2968081,"{""Old"":1752,""New"":1762,""Reason"":3}"
2968081,"{""Old"":711,""New"":715,""Reason"":3}"
2968081,"{""Old"":736,""New"":738,""Reason"":3}"
2968081,"{""Old"":775,""New"":777,""Reason"":3}"
2968081,"{""Old"":844,""New"":846,""Reason"":3}"
49825474,"{""Old"":2676,""New"":2678,""Reason"":3}"
49825474,"{""Old"":2595,""New"":2597,""Reason"":3}"
49825474,"{""Old"":2609,""New"":2611,""Reason"":3}"
49825474,"{""Old"":2245,""New"":2247,""Reason"":3}"
22023288,"{""Old"":1282,""New"":1284,""Reason"":3}"
22023288,"{""Old"":1867,""New"":1877,""Reason"":3}"
22023288,"{""Old"":1459,""New"":1461,""Reason"":3}"
22023288,"{""Old"":1260,""New"":1262,""Reason"":3}"
22023288,"{""Old"":3337,""New"":3347,""Reason"":3}"
22023288,"{""Old"":3547,""New"":3557,""Reason"":3}"
22023288,"{""Old"":2294,""New"":2296,""Reason"":3}"
80141190,"{""Old"":645,""New"":647,""Reason"":3}"
80141190,"{""Old"":735,""New"":737,""Reason"":3}"
48205250,"{""Old"":759,""New"":769,""Reason"":3}"
48205250,"{""Old"":777,""New"":779,""Reason"":3}"
19981811,"{""Old"":29542,""New"":29544,""Reason"":3}"
53324485,"{""Old"":4865,""New"":4867,""Reason"":3}"
2968081,"{""Old"":816,""New"":818,""Reason"":3}"
2968081,"{""Old"":1329,""New"":1331,""Reason"":3}"
2968081,"{""Old"":1591,""New"":1593,""Reason"":3}"
2968081,"{""Old"":1676,""New"":1678,""Reason"":3}"
2968081,"{""Old"":1713,""New"":1717,""Reason"":3}"
2968081,"{""Old"":1740,""New"":1750,""Reason"":3}"
9254415,"{""Old"":2783,""New"":2793,""Reason"":3}"
7378760,"{""Old"":36107,""New"":36127,""Reason"":3}"
7378760,"{""Old"":36561,""New"":36581,""Reason"":3}"
20555835,"{""Old"":111,""New"":113,""Reason"":3}"
63583576,"{""Old"":157,""New"":161,""Reason"":3}"
2968081,"{""Old"":1638,""New"":1640,""Reason"":3}"
2968081,"{""Old"":912,""New"":914,""Reason"":3}"
59231397,"{""Old"":3459,""New"":3469,""Reason"":3}"
55522266,"{""Old"":148,""New"":150,""Reason"":3}"
11534557,"{""Old"":298551,""New"":298561,""Reason"":3}"
11534557,"{""Old"":299911,""New"":299941,""Reason"":3}"
11534557,"{""Old"":303812,""New"":303822,""Reason"":3}"
11534557,"{""Old"":303538,""New"":303540,""Reason"":3}"
11534557,"{""Old"":303694,""New"":303696,""Reason"":3}"
11534557,"{""Old"":304900,""New"":304920,""Reason"":3}"
59231397,"{""Old"":2360,""New"":2362,""Reason"":3}"
59231397,"{""Old"":2600,""New"":2610,""Reason"":3}"
59231397,"{""Old"":3038,""New"":3040,""Reason"":3}"
59231397,"{""Old"":4200,""New"":4210,""Reason"":3}"
59231397,"{""Old"":4340,""New"":4350,""Reason"":3}"
59231397,"{""Old"":3650,""New"":3660,""Reason"":3}"
59231397,"{""Old"":3922,""New"":3932,""Reason"":3}"
59231397,"{""Old"":4230,""New"":4240,""Reason"":3}"
299630,"{""Old"":2359,""New"":2361,""Reason"":3}"
299630,"{""Old"":1867,""New"":1871,""Reason"":3}"
19535546,"{""Old"":352,""New"":354,""Reason"":3}"
19535546,"{""Old"":3511,""New"":3513,""Reason"":3}"
22023288,"{""Old"":178,""New"":180,""Reason"":3}"
22023288,"{""Old"":1127,""New"":1129,""Reason"":3}"
22023288,"{""Old"":1523,""New"":1533,""Reason"":3}"
22023288,"{""Old"":2284,""New"":2294,""Reason"":3}"
22023288,"{""Old"":2613,""New"":2623,""Reason"":3}"
22023288,"{""Old"":3027,""New"":3037,""Reason"":3}"
22023288,"{""Old"":3507,""New"":3517,""Reason"":3}"
22023288,"{""Old"":3781,""New"":3791,""Reason"":3}"
22023288,"{""Old"":2685,""New"":2695,""Reason"":3}"
22023288,"{""Old"":3015,""New"":3025,""Reason"":3}"
22023288,"{""Old"":3739,""New"":3749,""Reason"":3}"
22023288,"{""Old"":3177,""New"":3197,""Reason"":3}"
22023288,"{""Old"":1364,""New"":1366,""Reason"":3}"
22023288,"{""Old"":1579,""New"":1585,""Reason"":3}"
22023288,"{""Old"":2511,""New"":2521,""Reason"":3}"
80141190,"{""Old"":686,""New"":688,""Reason"":3}"
80141190,"{""Old"":900,""New"":902,""Reason"":3}"
80141190,"{""Old"":902,""New"":904,""Reason"":3}"
80141190,"{""Old"":896,""New"":898,""Reason"":3}"
55531402,"{""Old"":412797,""New"":412817,""Reason"":3}"
31776438,"{""Old"":422,""New"":424,""Reason"":3}"
82785902,"{""Old"":49659,""New"":49669,""Reason"":3}"
82785902,"{""Old"":51935,""New"":51945,""Reason"":3}"
82785902,"{""Old"":52181,""New"":52191,""Reason"":3}"
22023288,"{""Old"":209,""New"":211,""Reason"":3}"
22023288,"{""Old"":818,""New"":820,""Reason"":3}"
22023288,"{""Old"":949,""New"":951,""Reason"":3}"
22023288,"{""Old"":2705,""New"":2715,""Reason"":3}"
37399438,"{""Old"":846,""New"":848,""Reason"":3}"
31776438,"{""Old"":64,""New"":66,""Reason"":3}"
31776438,"{""Old"":518,""New"":520,""Reason"":3}"
82785902,"{""Old"":48924,""New"":48934,""Reason"":3}"
82785902,"{""Old"":52085,""New"":52095,""Reason"":3}"
18436020,"{""Old"":627,""New"":629,""Reason"":3}"
202863679,"{""Old"":1206,""New"":1210,""Reason"":3}"
202863679,"{""Old"":1202,""New"":1204,""Reason"":3}"
202863679,"{""Old"":1233,""New"":1235,""Reason"":3}"
19535546,"{""Old"":436,""New"":446,""Reason"":3}"
19535546,"{""Old"":2853,""New"":2855,""Reason"":3}"
19535546,"{""Old"":3046,""New"":3048,""Reason"":3}"
19535546,"{""Old"":3065,""New"":3067,""Reason"":3}"
19535546,"{""Old"":3061,""New"":3063,""Reason"":3}"
19535546,"{""Old"":3650,""New"":3660,""Reason"":3}"
19535546,"{""Old"":2849,""New"":2851,""Reason"":3}"
19535546,"{""Old"":3578,""New"":3580,""Reason"":3}"
19535546,"{""Old"":3724,""New"":3726,""Reason"":3}"
19535546,"{""Old"":2861,""New"":2865,""Reason"":3}"
19535546,"{""Old"":3148,""New"":3150,""Reason"":3}"
19535546,"{""Old"":3452,""New"":3454,""Reason"":3}"
19535546,"{""Old"":3612,""New"":3614,""Reason"":3}"
19535546,"{""Old"":3483,""New"":3493,""Reason"":3}"
19535546,"{""Old"":3747,""New"":3749,""Reason"":3}"
19535546,"{""Old"":3234,""New"":3236,""Reason"":3}"
19535546,"{""Old"":3469,""New"":3473,""Reason"":3}"
19535546,"{""Old"":3513,""New"":3523,""Reason"":3}"
19535546,"{""Old"":2929,""New"":2931,""Reason"":3}"
19535546,"{""Old"":3204,""New"":3206,""Reason"":3}"
19535546,"{""Old"":3706,""New"":3708,""Reason"":3}"
19535546,"{""Old"":3509,""New"":3511,""Reason"":3}"
19535546,"{""Old"":3688,""New"":3690,""Reason"":3}"
19535546,"{""Old"":2855,""New"":2857,""Reason"":3}"
19535546,"{""Old"":3192,""New"":3194,""Reason"":3}"
48205250,"{""Old"":808,""New"":810,""Reason"":3}"
67836518,"{""Old"":252,""New"":254,""Reason"":3}"
67836518,"{""Old"":366,""New"":376,""Reason"":3}"
67836518,"{""Old"":291,""New"":293,""Reason"":3}"
67836518,"{""Old"":386,""New"":388,""Reason"":3}"
52607239,"{""Old"":616,""New"":618,""Reason"":3}"
48205250,"{""Old"":854,""New"":856,""Reason"":3}"
48205250,"{""Old"":783,""New"":793,""Reason"":3}"
48205250,"{""Old"":735,""New"":737,""Reason"":3}"
48205250,"{""Old"":797,""New"":799,""Reason"":3}"
2968081,"{""Old"":866,""New"":868,""Reason"":3}"
4829598,"{""Old"":1479,""New"":1489,""Reason"":3}"
9254415,"{""Old"":3541,""New"":3551,""Reason"":3}"
19981811,"{""Old"":30586,""New"":30588,""Reason"":3}"
33641525,"{""Old"":8205,""New"":8207,""Reason"":3}"
55531402,"{""Old"":618695,""New"":618715,""Reason"":3}"
55531402,"{""Old"":623308,""New"":623328,""Reason"":3}"
55531402,"{""Old"":625442,""New"":625452,""Reason"":3}"
55531402,"{""Old"":626570,""New"":626590,""Reason"":3}"
55531402,"{""Old"":627050,""New"":627080,""Reason"":3}"
55531402,"{""Old"":627400,""New"":627420,""Reason"":3}"
55531402,"{""Old"":627927,""New"":627937,""Reason"":3}"
55531402,"{""Old"":598905,""New"":598935,""Reason"":3}"
55531402,"{""Old"":600494,""New"":600514,""Reason"":3}"
55531402,"{""Old"":601466,""New"":601486,""Reason"":3}"
55531402,"{""Old"":603005,""New"":603015,""Reason"":3}"
55531402,"{""Old"":603504,""New"":603514,""Reason"":3}"
55531402,"{""Old"":606350,""New"":606380,""Reason"":3}"
55531402,"{""Old"":606877,""New"":606917,""Reason"":3}"
55531402,"{""Old"":609656,""New"":609686,""Reason"":3}"
55531402,"{""Old"":615116,""New"":615186,""Reason"":3}"
55531402,"{""Old"":620236,""New"":620256,""Reason"":3}"
55531402,"{""Old"":620226,""New"":620236,""Reason"":3}"
23245080,"{""Old"":571,""New"":573,""Reason"":3}"
23245080,"{""Old"":129,""New"":133,""Reason"":3}"
23245080,"{""Old"":310,""New"":312,""Reason"":3}"
23245080,"{""Old"":445,""New"":455,""Reason"":3}"
23245080,"{""Old"":573,""New"":575,""Reason"":3}"
23245080,"{""Old"":136,""New"":138,""Reason"":3}"
28916716,"{""Old"":1064,""New"":1066,""Reason"":3}"
55531402,"{""Old"":598665,""New"":598685,""Reason"":3}"
55531402,"{""Old"":601119,""New"":601129,""Reason"":3}"
55531402,"{""Old"":602835,""New"":602845,""Reason"":3}"
55531402,"{""Old"":605701,""New"":605721,""Reason"":3}"
55531402,"{""Old"":607412,""New"":607422,""Reason"":3}"
55531402,"{""Old"":608991,""New"":609011,""Reason"":3}"
55531402,"{""Old"":610546,""New"":610566,""Reason"":3}"
55531402,"{""Old"":618883,""New"":618893,""Reason"":3}"
55531402,"{""Old"":619866,""New"":619876,""Reason"":3}"
55531402,"{""Old"":622811,""New"":622821,""Reason"":3}"
55531402,"{""Old"":622801,""New"":622811,""Reason"":3}"
55531402,"{""Old"":624240,""New"":624260,""Reason"":3}"
22435751,"{""Old"":5893,""New"":5903,""Reason"":3}"
22435751,"{""Old"":6109,""New"":6119,""Reason"":3}"
44361334,"{""Old"":650,""New"":652,""Reason"":3}"
44361334,"{""Old"":640,""New"":642,""Reason"":3}"
44361334,"{""Old"":648,""New"":650,""Reason"":3}"
55531402,"{""Old"":614246,""New"":614256,""Reason"":3}"
55531402,"{""Old"":616991,""New"":617001,""Reason"":3}"
55531402,"{""Old"":618066,""New"":618086,""Reason"":3}"
55531402,"{""Old"":621951,""New"":621971,""Reason"":3}"
55531402,"{""Old"":622426,""New"":622436,""Reason"":3}"
55531402,"{""Old"":624470,""New"":624480,""Reason"":3}"
22435751,"{""Old"":6139,""New"":6141,""Reason"":3}"
22435751,"{""Old"":6268,""New"":6278,""Reason"":3}"
22435751,"{""Old"":6386,""New"":6396,""Reason"":3}"
22435751,"{""Old"":6484,""New"":6494,""Reason"":3}"
55921654,"{""Old"":1548,""New"":1550,""Reason"":3}"
55522266,"{""Old"":112,""New"":114,""Reason"":3}"
55522266,"{""Old"":116,""New"":118,""Reason"":3}"
55921654,"{""Old"":1165,""New"":1167,""Reason"":3}"
19535546,"{""Old"":331,""New"":333,""Reason"":3}"
211028627,"{""Old"":3339,""New"":3351,""Reason"":3}"
19535546,"{""Old"":405,""New"":407,""Reason"":3}"
19535546,"{""Old"":3128,""New"":3130,""Reason"":3}"
19535546,"{""Old"":3168,""New"":3170,""Reason"":3}"
55531402,"{""Old"":616401,""New"":616421,""Reason"":3}"
55531402,"{""Old"":624640,""New"":624650,""Reason"":3}"
55531402,"{""Old"":628997,""New"":629037,""Reason"":3}"
55531402,"{""Old"":632457,""New"":632467,""Reason"":3}"
55531402,"{""Old"":620456,""New"":620466,""Reason"":3}"
55531402,"{""Old"":626071,""New"":626081,""Reason"":3}"
55531402,"{""Old"":628022,""New"":628052,""Reason"":3}"
55531402,"{""Old"":631392,""New"":631402,""Reason"":3}"
55531402,"{""Old"":623715,""New"":623725,""Reason"":3}"
55531402,"{""Old"":623895,""New"":623915,""Reason"":3}"
55531402,"{""Old"":625317,""New"":625327,""Reason"":3}"
55531402,"{""Old"":626600,""New"":626610,""Reason"":3}"
55531402,"{""Old"":629112,""New"":629162,""Reason"":3}"
55531402,"{""Old"":632207,""New"":632227,""Reason"":3}"
55531402,"{""Old"":589642,""New"":589662,""Reason"":3}"
55531402,"{""Old"":590004,""New"":590014,""Reason"":3}"
55531402,"{""Old"":591602,""New"":591622,""Reason"":3}"
55531402,"{""Old"":594530,""New"":594560,""Reason"":3}"
55531402,"{""Old"":594780,""New"":594790,""Reason"":3}"
55531402,"{""Old"":594882,""New"":594902,""Reason"":3}"
55531402,"{""Old"":595662,""New"":595682,""Reason"":3}"
44361334,"{""Old"":642,""New"":644,""Reason"":3}"
23245080,"{""Old"":348,""New"":350,""Reason"":3}"
23245080,"{""Old"":555,""New"":557,""Reason"":3}"
23245080,"{""Old"":392,""New"":394,""Reason"":3}"
23245080,"{""Old"":388,""New"":392,""Reason"":3}"
80312485,"{""Old"":3876,""New"":3896,""Reason"":3}"
80312485,"{""Old"":6310,""New"":6320,""Reason"":3}"
37962654,"{""Old"":1255,""New"":1257,""Reason"":3}"
23245080,"{""Old"":221,""New"":227,""Reason"":3}"
23245080,"{""Old"":260,""New"":262,""Reason"":3}"
5149995,"{""Old"":464,""New"":466,""Reason"":3}"
23245080,"{""Old"":501,""New"":503,""Reason"":3}"
37263988,"{""Old"":127,""New"":129,""Reason"":3}"
37263988,"{""Old"":125,""New"":127,""Reason"":3}"
2968081,"{""Old"":1666,""New"":1668,""Reason"":3}"
2968081,"{""Old"":746,""New"":748,""Reason"":3}"
2968081,"{""Old"":1006,""New"":1008,""Reason"":3}"
2968081,"{""Old"":951,""New"":953,""Reason"":3}"
2968081,"{""Old"":990,""New"":992,""Reason"":3}"
63583576,"{""Old"":165,""New"":167,""Reason"":3}"
31558571,"{""Old"":335,""New"":337,""Reason"":3}"
67836518,"{""Old"":317,""New"":319,""Reason"":3}"
67836518,"{""Old"":263,""New"":265,""Reason"":3}"
67836518,"{""Old"":354,""New"":356,""Reason"":3}"
67836518,"{""Old"":261,""New"":263,""Reason"":3}"
44977601,"{""Old"":826,""New"":828,""Reason"":3}"
44977601,"{""Old"":839,""New"":841,""Reason"":3}"
11534557,"{""Old"":300800,""New"":300810,""Reason"":3}"
12301610,"{""Old"":1002,""New"":1006,""Reason"":3}"
123245731,"{""Old"":9890,""New"":9900,""Reason"":3}"
5642722,"{""Old"":540,""New"":542,""Reason"":3}"
80141190,"{""Old"":868,""New"":870,""Reason"":3}"
80141190,"{""Old"":819,""New"":821,""Reason"":3}"
49825474,"{""Old"":2417,""New"":2419,""Reason"":3}"
203820093,"{""Old"":7647,""New"":7649,""Reason"":3}"
5642722,"{""Old"":534,""New"":536,""Reason"":3}"
37399438,"{""Old"":877,""New"":879,""Reason"":3}"
37399438,"{""Old"":894,""New"":896,""Reason"":3}"
80141190,"{""Old"":723,""New"":725,""Reason"":3}"
39485735,"{""Old"":361,""New"":371,""Reason"":3}"
55531402,"{""Old"":411157,""New"":411177,""Reason"":3}"
55531402,"{""Old"":411882,""New"":411892,""Reason"":3}"
55531402,"{""Old"":412940,""New"":412960,""Reason"":3}"
203820093,"{""Old"":7655,""New"":7657,""Reason"":3}"
80141190,"{""Old"":882,""New"":884,""Reason"":3}"
19535546,"{""Old"":2845,""New"":2849,""Reason"":3}"
19535546,"{""Old"":2878,""New"":2880,""Reason"":3}"
19535546,"{""Old"":3632,""New"":3634,""Reason"":3}"
19535546,"{""Old"":3714,""New"":3716,""Reason"":3}"
73588812,"{""Old"":1889,""New"":1891,""Reason"":3}"
73588812,"{""Old"":2132,""New"":2134,""Reason"":3}"
73588812,"{""Old"":1915,""New"":1917,""Reason"":3}"
73588812,"{""Old"":1946,""New"":1948,""Reason"":3}"
73588812,"{""Old"":2075,""New"":2077,""Reason"":3}"
73588812,"{""Old"":1168,""New"":1170,""Reason"":3}"
73588812,"{""Old"":2006,""New"":2010,""Reason"":3}"
73588812,"{""Old"":1109,""New"":1111,""Reason"":3}"
73588812,"{""Old"":1093,""New"":1103,""Reason"":3}"
73588812,"{""Old"":2061,""New"":2063,""Reason"":3}"
82844475,"{""Old"":346,""New"":348,""Reason"":3}"
82844475,"{""Old"":177,""New"":179,""Reason"":3}"
85239241,"{""Old"":6604,""New"":6606,""Reason"":3}"
55522266,"{""Old"":133,""New"":135,""Reason"":3}"
48205250,"{""Old"":769,""New"":771,""Reason"":3}"
8744861,"{""Old"":339,""New"":341,""Reason"":3}"
8302676,"{""Old"":1411,""New"":1413,""Reason"":3}"
8302676,"{""Old"":1399,""New"":1409,""Reason"":3}"
8302676,"{""Old"":1413,""New"":1423,""Reason"":3}"
37623137,"{""Old"":229,""New"":231,""Reason"":3}"
32116408,"{""Old"":213,""New"":215,""Reason"":3}"
17676293,"{""Old"":23760,""New"":23770,""Reason"":3}"
17676293,"{""Old"":24794,""New"":24804,""Reason"":3}"
17676293,"{""Old"":25207,""New"":25217,""Reason"":3}"
17676293,"{""Old"":25539,""New"":25549,""Reason"":3}"
24196485,"{""Old"":26808,""New"":26810,""Reason"":3}"
32116408,"{""Old"":162,""New"":164,""Reason"":3}"
49825474,"{""Old"":2316,""New"":2318,""Reason"":3}"
49825474,"{""Old"":2466,""New"":2468,""Reason"":3}"
49825474,"{""Old"":2628,""New"":2630,""Reason"":3}"
82785902,"{""Old"":48074,""New"":48076,""Reason"":3}"
82785902,"{""Old"":51775,""New"":51785,""Reason"":3}"
212325782,"{""Old"":5971,""New"":5991,""Reason"":3}"
37399438,"{""Old"":871,""New"":873,""Reason"":3}"
55531402,"{""Old"":411852,""New"":411882,""Reason"":3}"
208577966,"{""Old"":787,""New"":789,""Reason"":3}"
37623137,"{""Old"":297,""New"":299,""Reason"":3}"
52607239,"{""Old"":612,""New"":614,""Reason"":3}"
37623137,"{""Old"":370,""New"":372,""Reason"":3}"
37623137,"{""Old"":372,""New"":374,""Reason"":3}"
37623137,"{""Old"":378,""New"":380,""Reason"":3}"
200543839,"{""Old"":140,""New"":142,""Reason"":3}"
67836518,"{""Old"":225,""New"":227,""Reason"":3}"
67836518,"{""Old"":319,""New"":321,""Reason"":3}"
67836518,"{""Old"":254,""New"":258,""Reason"":3}"
67836518,"{""Old"":259,""New"":261,""Reason"":3}"
48205250,"{""Old"":817,""New"":819,""Reason"":3}"
48205250,"{""Old"":814,""New"":816,""Reason"":3}"
44977601,"{""Old"":941,""New"":943,""Reason"":3}"
44977601,"{""Old"":971,""New"":973,""Reason"":3}"
37623137,"{""Old"":225,""New"":227,""Reason"":3}"
37623137,"{""Old"":231,""New"":233,""Reason"":3}"
202176747,"{""Old"":36611,""New"":36621,""Reason"":3}"
202176747,"{""Old"":36539,""New"":36549,""Reason"":3}"
202176747,"{""Old"":36765,""New"":36775,""Reason"":3}"
202176747,"{""Old"":5910,""New"":5912,""Reason"":3}"
73588812,"{""Old"":1015,""New"":1017,""Reason"":3}"
14365010,"{""Old"":363,""New"":365,""Reason"":3}"
208341661,"{""Old"":753,""New"":763,""Reason"":3}"
75730356,"{""Old"":376,""New"":378,""Reason"":3}"
7568871,"{""Old"":1097,""New"":1099,""Reason"":3}"
46220970,"{""Old"":285,""New"":287,""Reason"":3}"
31708742,"{""Old"":326,""New"":328,""Reason"":3}"
73531147,"{""Old"":1180,""New"":1182,""Reason"":3}"
19981811,"{""Old"":29524,""New"":29526,""Reason"":3}"
37623137,"{""Old"":186,""New"":188,""Reason"":3}"
37623137,"{""Old"":188,""New"":190,""Reason"":3}"
52607239,"{""Old"":606,""New"":608,""Reason"":3}"
23520972,"{""Old"":407,""New"":409,""Reason"":3}"
44977601,"{""Old"":987,""New"":989,""Reason"":3}"
37623137,"{""Old"":334,""New"":336,""Reason"":3}"
44977601,"{""Old"":955,""New"":957,""Reason"":3}"
37623137,"{""Old"":366,""New"":368,""Reason"":3}"
37623137,"{""Old"":301,""New"":303,""Reason"":3}"
44977601,"{""Old"":921,""New"":923,""Reason"":3}"
44977601,"{""Old"":945,""New"":955,""Reason"":3}"
37623137,"{""Old"":328,""New"":330,""Reason"":3}"
202176747,"{""Old"":34339,""New"":34341,""Reason"":3}"
202176747,"{""Old"":34745,""New"":34747,""Reason"":3}"
202176747,"{""Old"":36347,""New"":36357,""Reason"":3}"
202176747,"{""Old"":37081,""New"":37091,""Reason"":3}"
82844475,"{""Old"":261,""New"":263,""Reason"":3}"
84223984,"{""Old"":398,""New"":400,""Reason"":3}"
82844475,"{""Old"":302,""New"":306,""Reason"":3}"
11534557,"{""Old"":300975,""New"":300995,""Reason"":3}"
11534557,"{""Old"":304245,""New"":304247,""Reason"":3}"
11534557,"{""Old"":300378,""New"":300388,""Reason"":3}"
11534557,"{""Old"":303690,""New"":303694,""Reason"":3}"
12346315,"{""Old"":4239,""New"":4241,""Reason"":3}"
12346315,"{""Old"":4129,""New"":4131,""Reason"":3}"
55531402,"{""Old"":175090,""New"":175100,""Reason"":3}"
55531402,"{""Old"":176493,""New"":176503,""Reason"":3}"
55531402,"{""Old"":177565,""New"":177585,""Reason"":3}"
55531402,"{""Old"":178070,""New"":178090,""Reason"":3}"
55531402,"{""Old"":181963,""New"":181983,""Reason"":3}"
55531402,"{""Old"":182093,""New"":182103,""Reason"":3}"
20746522,"{""Old"":2010,""New"":2012,""Reason"":3}"
55921654,"{""Old"":1565,""New"":1567,""Reason"":3}"
55921654,"{""Old"":1630,""New"":1632,""Reason"":3}"
56866711,"{""Old"":1760,""New"":1770,""Reason"":3}"
67836518,"{""Old"":2547,""New"":2557,""Reason"":3}"
67836518,"{""Old"":2692,""New"":2694,""Reason"":3}"
17205050,"{""Old"":652,""New"":654,""Reason"":3}"
17205050,"{""Old"":669,""New"":671,""Reason"":3}"
55522266,"{""Old"":153,""New"":155,""Reason"":3}"
26388823,"{""Old"":363,""New"":365,""Reason"":3}"
26388823,"{""Old"":376,""New"":378,""Reason"":3}"
12301610,"{""Old"":1000,""New"":1002,""Reason"":3}"
70289120,"{""Old"":1014,""New"":1016,""Reason"":3}"
202176747,"{""Old"":35530,""New"":35532,""Reason"":3}"
202176747,"{""Old"":36685,""New"":36695,""Reason"":3}"
202176747,"{""Old"":37071,""New"":37081,""Reason"":3}"
8302676,"{""Old"":1389,""New"":1399,""Reason"":3}"
4200722,"{""Old"":20176,""New"":20178,""Reason"":3}"
37250473,"{""Old"":915,""New"":917,""Reason"":3}"
19535546,"{""Old"":3020,""New"":3022,""Reason"":3}"
19535546,"{""Old"":3493,""New"":3495,""Reason"":3}"
19535546,"{""Old"":3662,""New"":3664,""Reason"":3}"
2968081,"{""Old"":1636,""New"":1638,""Reason"":3}"
2968081,"{""Old"":944,""New"":946,""Reason"":3}"
2968081,"{""Old"":1614,""New"":1618,""Reason"":3}"
2968081,"{""Old"":1766,""New"":1768,""Reason"":3}"
2968081,"{""Old"":1642,""New"":1652,""Reason"":3}"
2968081,"{""Old"":585,""New"":587,""Reason"":3}"
2968081,"{""Old"":637,""New"":639,""Reason"":3}"
2968081,"{""Old"":705,""New"":707,""Reason"":3}"
2968081,"{""Old"":646,""New"":648,""Reason"":3}"
9254415,"{""Old"":3041,""New"":3051,""Reason"":3}"
2968081,"{""Old"":778,""New"":780,""Reason"":3}"
218920888,"{""Old"":79,""New"":81,""Reason"":3}"
19981811,"{""Old"":29520,""New"":29522,""Reason"":3}"
19981811,"{""Old"":31213,""New"":31223,""Reason"":3}"
2968081,"{""Old"":1706,""New"":1708,""Reason"":3}"
46235249,"{""Old"":796,""New"":798,""Reason"":3}"
37623137,"{""Old"":285,""New"":287,""Reason"":3}"
44977601,"{""Old"":919,""New"":921,""Reason"":3}"
37623137,"{""Old"":299,""New"":301,""Reason"":3}"
44977601,"{""Old"":822,""New"":824,""Reason"":3}"
44977601,"{""Old"":855,""New"":857,""Reason"":3}"
23520972,"{""Old"":405,""New"":407,""Reason"":3}"
44977601,"{""Old"":1016,""New"":1020,""Reason"":3}"
67836518,"{""Old"":279,""New"":281,""Reason"":3}"
37623137,"{""Old"":134,""New"":136,""Reason"":3}"
37623137,"{""Old"":289,""New"":291,""Reason"":3}"
37623137,"{""Old"":368,""New"":370,""Reason"":3}"
48956693,"{""Old"":49,""New"":51,""Reason"":3}"
55531402,"{""Old"":620556,""New"":620566,""Reason"":3}"
55531402,"{""Old"":621116,""New"":621136,""Reason"":3}"
55531402,"{""Old"":622461,""New"":622471,""Reason"":3}"
55531402,"{""Old"":624850,""New"":624900,""Reason"":3}"
55531402,"{""Old"":631487,""New"":631517,""Reason"":3}"
55531402,"{""Old"":632692,""New"":632702,""Reason"":3}"
37962654,"{""Old"":1233,""New"":1235,""Reason"":3}"
23245080,"{""Old"":380,""New"":382,""Reason"":3}"
23245080,"{""Old"":443,""New"":445,""Reason"":3}"
5149995,"{""Old"":458,""New"":460,""Reason"":3}"
23245080,"{""Old"":227,""New"":229,""Reason"":3}"
23245080,"{""Old"":298,""New"":300,""Reason"":3}"
80312485,"{""Old"":3614,""New"":3616,""Reason"":3}"
80312485,"{""Old"":5740,""New"":5750,""Reason"":3}"
43365752,"{""Old"":1465,""New"":1475,""Reason"":3}"
55531402,"{""Old"":631542,""New"":631552,""Reason"":3}"
55531402,"{""Old"":633157,""New"":633167,""Reason"":3}"
55531402,"{""Old"":624605,""New"":624615,""Reason"":3}"
55531402,"{""Old"":625537,""New"":625547,""Reason"":3}"
55531402,"{""Old"":630547,""New"":630597,""Reason"":3}"
55531402,"{""Old"":630967,""New"":630977,""Reason"":3}"
55531402,"{""Old"":624840,""New"":624850,""Reason"":3}"
55531402,"{""Old"":626635,""New"":626645,""Reason"":3}"
55531402,"{""Old"":629467,""New"":629477,""Reason"":3}"
80312485,"{""Old"":5930,""New"":5940,""Reason"":3}"
80312485,"{""Old"":6150,""New"":6160,""Reason"":3}"
80312485,"{""Old"":6632,""New"":6642,""Reason"":3}"
80312485,"{""Old"":4518,""New"":4528,""Reason"":3}"
80312485,"{""Old"":6844,""New"":6854,""Reason"":3}"
80312485,"{""Old"":6874,""New"":6884,""Reason"":3}"
80312485,"{""Old"":3816,""New"":3826,""Reason"":3}"
80312485,"{""Old"":6954,""New"":6964,""Reason"":3}"
80312485,"{""Old"":3928,""New"":3938,""Reason"":3}"
55531402,"{""Old"":589485,""New"":589487,""Reason"":3}"
55531402,"{""Old"":593964,""New"":593974,""Reason"":3}"
55531402,"{""Old"":594269,""New"":594289,""Reason"":3}"
55531402,"{""Old"":598720,""New"":598730,""Reason"":3}"
55531402,"{""Old"":602870,""New"":602880,""Reason"":3}"
55531402,"{""Old"":609986,""New"":610016,""Reason"":3}"
55531402,"{""Old"":610041,""New"":610061,""Reason"":3}"
55531402,"{""Old"":610461,""New"":610471,""Reason"":3}"
55531402,"{""Old"":611931,""New"":611971,""Reason"":3}"
55531402,"{""Old"":611901,""New"":611921,""Reason"":3}"
55531402,"{""Old"":612841,""New"":612851,""Reason"":3}"
55531402,"{""Old"":615186,""New"":615196,""Reason"":3}"
202176747,"{""Old"":35542,""New"":35552,""Reason"":3}"
202176747,"{""Old"":37263,""New"":37273,""Reason"":3}"
202176747,"{""Old"":35179,""New"":35181,""Reason"":3}"
202176747,"{""Old"":36529,""New"":36539,""Reason"":3}"
48205250,"{""Old"":821,""New"":823,""Reason"":3}"
27777369,"{""Old"":194,""New"":196,""Reason"":3}"
26898124,"{""Old"":1043,""New"":1045,""Reason"":3}"
27777369,"{""Old"":209,""New"":211,""Reason"":3}"
19535546,"{""Old"":3718,""New"":3720,""Reason"":3}"
19535546,"{""Old"":3124,""New"":3126,""Reason"":3}"
19535546,"{""Old"":3634,""New"":3636,""Reason"":3}"
19535546,"{""Old"":2833,""New"":2837,""Reason"":3}"
19535546,"{""Old"":3176,""New"":3178,""Reason"":3}"
19535546,"{""Old"":3738,""New"":3740,""Reason"":3}"
19535546,"{""Old"":3308,""New"":3310,""Reason"":3}"
19535546,"{""Old"":3507,""New"":3509,""Reason"":3}"
19535546,"{""Old"":2837,""New"":2839,""Reason"":3}"
19535546,"{""Old"":3174,""New"":3176,""Reason"":3}"
19535546,"{""Old"":3728,""New"":3730,""Reason"":3}"
19535546,"{""Old"":2996,""New"":3006,""Reason"":3}"
19535546,"{""Old"":3152,""New"":3154,""Reason"":3}"
19535546,"{""Old"":3598,""New"":3608,""Reason"":3}"
19535546,"{""Old"":3708,""New"":3710,""Reason"":3}"
19535546,"{""Old"":2857,""New"":2859,""Reason"":3}"
19535546,"{""Old"":3716,""New"":3718,""Reason"":3}"
19535546,"{""Old"":3740,""New"":3742,""Reason"":3}"
19535546,"{""Old"":3172,""New"":3174,""Reason"":3}"
19535546,"{""Old"":3720,""New"":3722,""Reason"":3}"
19535546,"{""Old"":2876,""New"":2878,""Reason"":3}"
19535546,"{""Old"":3269,""New"":3279,""Reason"":3}"
19535546,"{""Old"":3462,""New"":3464,""Reason"":3}"
19535546,"{""Old"":3116,""New"":3120,""Reason"":3}"
19535546,"{""Old"":3134,""New"":3144,""Reason"":3}"
19535546,"{""Old"":3467,""New"":3469,""Reason"":3}"
208909671,"{""Old"":690,""New"":692,""Reason"":3}"
19535546,"{""Old"":3227,""New"":3229,""Reason"":3}"
13173590,"{""Old"":44616,""New"":44618,""Reason"":3}"
202863679,"{""Old"":1065,""New"":1067,""Reason"":3}"
27777369,"{""Old"":226,""New"":228,""Reason"":3}"
26898124,"{""Old"":1039,""New"":1041,""Reason"":3}"
22023288,"{""Old"":1547,""New"":1557,""Reason"":3}"
22023288,"{""Old"":1615,""New"":1625,""Reason"":3}"
22023288,"{""Old"":1669,""New"":1679,""Reason"":3}"
22023288,"{""Old"":2377,""New"":2387,""Reason"":3}"
22023288,"{""Old"":3287,""New"":3307,""Reason"":3}"
22023288,"{""Old"":3727,""New"":3729,""Reason"":3}"
22023288,"{""Old"":764,""New"":766,""Reason"":3}"
22023288,"{""Old"":1477,""New"":1479,""Reason"":3}"
22023288,"{""Old"":1545,""New"":1547,""Reason"":3}"
22023288,"{""Old"":2735,""New"":2737,""Reason"":3}"
22023288,"{""Old"":2925,""New"":2935,""Reason"":3}"
22023288,"{""Old"":3037,""New"":3047,""Reason"":3}"
22023288,"{""Old"":190,""New"":192,""Reason"":3}"
22023288,"{""Old"":1897,""New"":1899,""Reason"":3}"
22023288,"{""Old"":2296,""New"":2298,""Reason"":3}"
22023288,"{""Old"":2633,""New"":2643,""Reason"":3}"
22023288,"{""Old"":3267,""New"":3277,""Reason"":3}"
55531402,"{""Old"":410717,""New"":410727,""Reason"":3}"
44961939,"{""Old"":507,""New"":509,""Reason"":3}"
31776438,"{""Old"":426,""New"":428,""Reason"":3}"
43365752,"{""Old"":834,""New"":836,""Reason"":3}"
17205050,"{""Old"":636,""New"":638,""Reason"":3}"
11534557,"{""Old"":304337,""New"":304347,""Reason"":3}"
11534557,"{""Old"":298126,""New"":298136,""Reason"":3}"
11534557,"{""Old"":298721,""New"":298741,""Reason"":3}"
11534557,"{""Old"":303962,""New"":303968,""Reason"":3}"
209520756,"{""Old"":2995,""New"":2997,""Reason"":3}"
209520756,"{""Old"":2966,""New"":2968,""Reason"":3}"
73588812,"{""Old"":1106,""New"":1108,""Reason"":3}"
73588812,"{""Old"":1040,""New"":1050,""Reason"":3}"
73588812,"{""Old"":1060,""New"":1062,""Reason"":3}"
73588812,"{""Old"":1137,""New"":1139,""Reason"":3}"
202176747,"{""Old"":5982,""New"":5992,""Reason"":3}"
202176747,"{""Old"":6267,""New"":6277,""Reason"":3}"
202176747,"{""Old"":6237,""New"":6247,""Reason"":3}"
202176747,"{""Old"":6309,""New"":6319,""Reason"":3}"
13735029,"{""Old"":214,""New"":216,""Reason"":3}"
13735029,"{""Old"":222,""New"":224,""Reason"":3}"
2968081,"{""Old"":1334,""New"":1336,""Reason"":3}"
2968081,"{""Old"":919,""New"":921,""Reason"":3}"
74426538,"{""Old"":562,""New"":564,""Reason"":3}"
73588812,"{""Old"":2147,""New"":2149,""Reason"":3}"
57366251,"{""Old"":3610,""New"":3614,""Reason"":3}"
57366251,"{""Old"":3547,""New"":3549,""Reason"":3}"
57366251,"{""Old"":3616,""New"":3626,""Reason"":3}"
202176747,"{""Old"":6307,""New"":6309,""Reason"":3}"
13245861,"{""Old"":483,""New"":493,""Reason"":3}"
120956657,"{""Old"":292,""New"":294,""Reason"":3}"
17676293,"{""Old"":18093,""New"":18095,""Reason"":3}"
17676293,"{""Old"":20160,""New"":20170,""Reason"":3}"
17676293,"{""Old"":22228,""New"":22238,""Reason"":3}"
17676293,"{""Old"":25844,""New"":25854,""Reason"":3}"
83319984,"{""Old"":3125,""New"":3135,""Reason"":3}"
83319984,"{""Old"":3159,""New"":3161,""Reason"":3}"
120956657,"{""Old"":150,""New"":152,""Reason"":3}"
120956657,"{""Old"":218,""New"":222,""Reason"":3}"
120956657,"{""Old"":247,""New"":249,""Reason"":3}"
120956657,"{""Old"":355,""New"":357,""Reason"":3}"
17676293,"{""Old"":23564,""New"":23566,""Reason"":3}"
17676293,"{""Old"":23680,""New"":23690,""Reason"":3}"
17676293,"{""Old"":24445,""New"":24447,""Reason"":3}"
17676293,"{""Old"":24993,""New"":25013,""Reason"":3}"
17676293,"{""Old"":25227,""New"":25229,""Reason"":3}"
83319984,"{""Old"":1951,""New"":1961,""Reason"":3}"
83319984,"{""Old"":2015,""New"":2017,""Reason"":3}"
120956657,"{""Old"":351,""New"":353,""Reason"":3}"
120956657,"{""Old"":382,""New"":384,""Reason"":3}"
82785902,"{""Old"":50336,""New"":50346,""Reason"":3}"
83880780,"{""Old"":353,""New"":357,""Reason"":3}"
49825474,"{""Old"":2314,""New"":2316,""Reason"":3}"
49825474,"{""Old"":2772,""New"":2774,""Reason"":3}"
82785902,"{""Old"":48529,""New"":48531,""Reason"":3}"
82785902,"{""Old"":49519,""New"":49529,""Reason"":3}"
82785902,"{""Old"":50792,""New"":50802,""Reason"":3}"
82785902,"{""Old"":51705,""New"":51725,""Reason"":3}"
82785902,"{""Old"":47809,""New"":47811,""Reason"":3}"
82785902,"{""Old"":49961,""New"":49971,""Reason"":3}"
82785902,"{""Old"":51493,""New"":51503,""Reason"":3}"
82785902,"{""Old"":51905,""New"":51915,""Reason"":3}"
82785902,"{""Old"":48553,""New"":48563,""Reason"":3}"
82785902,"{""Old"":48790,""New"":48792,""Reason"":3}"
82785902,"{""Old"":49389,""New"":49399,""Reason"":3}"
82785902,"{""Old"":50901,""New"":50921,""Reason"":3}"
82785902,"{""Old"":50862,""New"":50872,""Reason"":3}"
31776438,"{""Old"":475,""New"":477,""Reason"":3}"
82785902,"{""Old"":49439,""New"":49449,""Reason"":3}"
82785902,"{""Old"":49941,""New"":49951,""Reason"":3}"
82785902,"{""Old"":51403,""New"":51413,""Reason"":3}"
82785902,"{""Old"":52075,""New"":52085,""Reason"":3}"
82785902,"{""Old"":52141,""New"":52151,""Reason"":3}"
82785902,"{""Old"":52151,""New"":52161,""Reason"":3}"
83880780,"{""Old"":250,""New"":252,""Reason"":3}"
83880780,"{""Old"":343,""New"":345,""Reason"":3}"
5732467,"{""Old"":749,""New"":751,""Reason"":3}"
83880780,"{""Old"":370,""New"":372,""Reason"":3}"
83880780,"{""Old"":394,""New"":396,""Reason"":3}"
82785902,"{""Old"":47520,""New"":47522,""Reason"":3}"
82785902,"{""Old"":51915,""New"":51935,""Reason"":3}"
82785902,"{""Old"":51945,""New"":51955,""Reason"":3}"
31776438,"{""Old"":569,""New"":571,""Reason"":3}"
49825474,"{""Old"":2403,""New"":2405,""Reason"":3}"
49825474,"{""Old"":2423,""New"":2425,""Reason"":3}"
49825474,"{""Old"":2700,""New"":2702,""Reason"":3}"
49825474,"{""Old"":2577,""New"":2579,""Reason"":3}"
49825474,"{""Old"":2766,""New"":2768,""Reason"":3}"
49825474,"{""Old"":2363,""New"":2373,""Reason"":3}"
49825474,"{""Old"":2650,""New"":2652,""Reason"":3}"
34683790,"{""Old"":127,""New"":129,""Reason"":3}"
34683790,"{""Old"":125,""New"":127,""Reason"":3}"
37962654,"{""Old"":1249,""New"":1251,""Reason"":3}"
37962654,"{""Old"":1073,""New"":1075,""Reason"":3}"
34683790,"{""Old"":113,""New"":115,""Reason"":3}"
31558571,"{""Old"":319,""New"":321,""Reason"":3}"
31558571,"{""Old"":420,""New"":422,""Reason"":3}"
37250473,"{""Old"":934,""New"":936,""Reason"":3}"
44977601,"{""Old"":1034,""New"":1036,""Reason"":3}"
37250473,"{""Old"":898,""New"":900,""Reason"":3}"
46235249,"{""Old"":798,""New"":800,""Reason"":3}"
208577966,"{""Old"":657,""New"":661,""Reason"":3}"
67836518,"{""Old"":236,""New"":238,""Reason"":3}"
17676293,"{""Old"":18153,""New"":18163,""Reason"":3}"
17676293,"{""Old"":18888,""New"":18898,""Reason"":3}"
17676293,"{""Old"":18147,""New"":18149,""Reason"":3}"
17676293,"{""Old"":20095,""New"":20105,""Reason"":3}"
17676293,"{""Old"":21104,""New"":21114,""Reason"":3}"
17676293,"{""Old"":21372,""New"":21382,""Reason"":3}"
17676293,"{""Old"":21524,""New"":21534,""Reason"":3}"
83319984,"{""Old"":2739,""New"":2749,""Reason"":3}"
83319984,"{""Old"":2729,""New"":2739,""Reason"":3}"
83319984,"{""Old"":3157,""New"":3159,""Reason"":3}"
17676293,"{""Old"":18878,""New"":18888,""Reason"":3}"
17676293,"{""Old"":20422,""New"":20432,""Reason"":3}"
17676293,"{""Old"":20895,""New"":20935,""Reason"":3}"
17676293,"{""Old"":21482,""New"":21484,""Reason"":3}"
9658942,"{""Old"":14276,""New"":14278,""Reason"":3}"
9658942,"{""Old"":14302,""New"":14312,""Reason"":3}"
4472194,"{""Old"":2120,""New"":2122,""Reason"":3}"
16319032,"{""Old"":404,""New"":406,""Reason"":3}"
19535546,"{""Old"":3638,""New"":3640,""Reason"":3}"
19535546,"{""Old"":3412,""New"":3414,""Reason"":3}"
19535546,"{""Old"":3188,""New"":3192,""Reason"":3}"
19535546,"{""Old"":3332,""New"":3334,""Reason"":3}"
13245861,"{""Old"":366,""New"":368,""Reason"":3}"
46419793,"{""Old"":195,""New"":197,""Reason"":3}"
59160248,"{""Old"":55,""New"":57,""Reason"":3}"
58140678,"{""Old"":1345,""New"":1347,""Reason"":3}"
67836518,"{""Old"":2686,""New"":2688,""Reason"":3}"
67836518,"{""Old"":2684,""New"":2686,""Reason"":3}"
67836518,"{""Old"":2406,""New"":2416,""Reason"":3}"
68764292,"{""Old"":178,""New"":180,""Reason"":3}"
23844493,"{""Old"":1518,""New"":1520,""Reason"":3}"
6028420,"{""Old"":314,""New"":316,""Reason"":3}"
67836518,"{""Old"":2368,""New"":2378,""Reason"":3}"
54937851,"{""Old"":8449,""New"":8453,""Reason"":3}"
23844493,"{""Old"":1520,""New"":1524,""Reason"":3}"
73588812,"{""Old"":1893,""New"":1895,""Reason"":3}"
73588812,"{""Old"":2016,""New"":2018,""Reason"":3}"
209520756,"{""Old"":2948,""New"":2950,""Reason"":3}"
209520756,"{""Old"":2956,""New"":2958,""Reason"":3}"
209520756,"{""Old"":3037,""New"":3039,""Reason"":3}"
37623137,"{""Old"":326,""New"":328,""Reason"":3}"
44977601,"{""Old"":981,""New"":983,""Reason"":3}"
44977601,"{""Old"":1036,""New"":1038,""Reason"":3}"
37623137,"{""Old"":132,""New"":134,""Reason"":3}"
54937851,"{""Old"":3737,""New"":3739,""Reason"":3}"
23520972,"{""Old"":312,""New"":314,""Reason"":3}"
54937851,"{""Old"":3654,""New"":3656,""Reason"":3}"
67836518,"{""Old"":232,""New"":234,""Reason"":3}"
202176747,"{""Old"":35885,""New"":35895,""Reason"":3}"
202176747,"{""Old"":35813,""New"":35815,""Reason"":3}"
57366251,"{""Old"":3654,""New"":3664,""Reason"":3}"
44961939,"{""Old"":647,""New"":649,""Reason"":3}"
43365752,"{""Old"":1397,""New"":1399,""Reason"":3}"
37962654,"{""Old"":1257,""New"":1259,""Reason"":3}"
44961939,"{""Old"":726,""New"":728,""Reason"":3}"
43365752,"{""Old"":1483,""New"":1485,""Reason"":3}"
73660558,"{""Old"":977,""New"":979,""Reason"":3}"
44961939,"{""Old"":655,""New"":657,""Reason"":3}"
37962654,"{""Old"":1253,""New"":1255,""Reason"":3}"
22435751,"{""Old"":5020,""New"":5030,""Reason"":3}"
22435751,"{""Old"":5491,""New"":5501,""Reason"":3}"
22435751,"{""Old"":5681,""New"":5691,""Reason"":3}"
80312485,"{""Old"":4670,""New"":4672,""Reason"":3}"
37399438,"{""Old"":755,""New"":757,""Reason"":3}"
80141190,"{""Old"":331,""New"":333,""Reason"":3}"
12301610,"{""Old"":2623,""New"":2625,""Reason"":3}"
12301610,"{""Old"":2639,""New"":2643,""Reason"":3}"
12301610,"{""Old"":2645,""New"":2647,""Reason"":3}"
212325782,"{""Old"":6103,""New"":6113,""Reason"":3}"
212325782,"{""Old"":6123,""New"":6133,""Reason"":3}"
80312485,"{""Old"":3916,""New"":3918,""Reason"":3}"
80312485,"{""Old"":4198,""New"":4208,""Reason"":3}"
80312485,"{""Old"":6510,""New"":6520,""Reason"":3}"
80312485,"{""Old"":3716,""New"":3726,""Reason"":3}"
80312485,"{""Old"":4078,""New"":4108,""Reason"":3}"
80312485,"{""Old"":5800,""New"":5810,""Reason"":3}"
80312485,"{""Old"":6000,""New"":6010,""Reason"":3}"
80312485,"{""Old"":6040,""New"":6050,""Reason"":3}"
80312485,"{""Old"":6290,""New"":6300,""Reason"":3}"
80312485,"{""Old"":6904,""New"":6914,""Reason"":3}"
80312485,"{""Old"":3806,""New"":3816,""Reason"":3}"
80312485,"{""Old"":4508,""New"":4518,""Reason"":3}"
80312485,"{""Old"":4530,""New"":4540,""Reason"":3}"
80312485,"{""Old"":6824,""New"":6834,""Reason"":3}"
23245080,"{""Old"":494,""New"":496,""Reason"":3}"
80312485,"{""Old"":3494,""New"":3504,""Reason"":3}"
80312485,"{""Old"":4308,""New"":4318,""Reason"":3}"
80312485,"{""Old"":4550,""New"":4560,""Reason"":3}"
80312485,"{""Old"":5770,""New"":5780,""Reason"":3}"
44961939,"{""Old"":765,""New"":767,""Reason"":3}"
67836518,"{""Old"":2474,""New"":2484,""Reason"":3}"
68764292,"{""Old"":172,""New"":174,""Reason"":3}"
55921654,"{""Old"":1608,""New"":1610,""Reason"":3}"
59231397,"{""Old"":2164,""New"":2174,""Reason"":3}"
59231397,"{""Old"":2291,""New"":2293,""Reason"":3}"
59231397,"{""Old"":4020,""New"":4030,""Reason"":3}"
59231397,"{""Old"":4150,""New"":4160,""Reason"":3}"
59231397,"{""Old"":1578,""New"":1588,""Reason"":3}"
59231397,"{""Old"":2696,""New"":2706,""Reason"":3}"
84278309,"{""Old"":110,""New"":112,""Reason"":3}"
84278309,"{""Old"":100,""New"":104,""Reason"":3}"
84278309,"{""Old"":120,""New"":122,""Reason"":3}"
55921654,"{""Old"":1432,""New"":1434,""Reason"":3}"
54937851,"{""Old"":8459,""New"":8461,""Reason"":3}"
82844475,"{""Old"":71,""New"":73,""Reason"":3}"
59160248,"{""Old"":53,""New"":55,""Reason"":3}"
55531402,"{""Old"":172692,""New"":172702,""Reason"":3}"
55531402,"{""Old"":175020,""New"":175030,""Reason"":3}"
55531402,"{""Old"":178415,""New"":178435,""Reason"":3}"
55531402,"{""Old"":178827,""New"":178837,""Reason"":3}"
54937851,"{""Old"":8509,""New"":8511,""Reason"":3}"
84223984,"{""Old"":415,""New"":425,""Reason"":3}"
55531402,"{""Old"":172149,""New"":172169,""Reason"":3}"
55531402,"{""Old"":173692,""New"":173702,""Reason"":3}"
55531402,"{""Old"":174444,""New"":174454,""Reason"":3}"
55531402,"{""Old"":177083,""New"":177093,""Reason"":3}"
55531402,"{""Old"":179759,""New"":179769,""Reason"":3}"
55531402,"{""Old"":179879,""New"":179899,""Reason"":3}"
55531402,"{""Old"":181134,""New"":181164,""Reason"":3}"
55531402,"{""Old"":181629,""New"":181639,""Reason"":3}"
72784091,"{""Old"":201,""New"":203,""Reason"":3}"
37623137,"{""Old"":271,""New"":273,""Reason"":3}"
4200722,"{""Old"":20184,""New"":20186,""Reason"":3}"
8302676,"{""Old"":1263,""New"":1307,""Reason"":3}"
208577966,"{""Old"":661,""New"":665,""Reason"":3}"
48205250,"{""Old"":1305,""New"":1307,""Reason"":3}"
48205250,"{""Old"":1321,""New"":1323,""Reason"":3}"
202176747,"{""Old"":36297,""New"":36307,""Reason"":3}"
202176747,"{""Old"":36775,""New"":36785,""Reason"":3}"
202176747,"{""Old"":37203,""New"":37213,""Reason"":3}"
37250473,"{""Old"":948,""New"":950,""Reason"":3}"
202176747,"{""Old"":37041,""New"":37051,""Reason"":3}"
48205250,"{""Old"":1238,""New"":1240,""Reason"":3}"
120956657,"{""Old"":358,""New"":360,""Reason"":3}"
83319984,"{""Old"":1243,""New"":1245,""Reason"":3}"
83319984,"{""Old"":1394,""New"":1396,""Reason"":3}"
83319984,"{""Old"":2299,""New"":2309,""Reason"":3}"
8744861,"{""Old"":504,""New"":506,""Reason"":3}"
48205250,"{""Old"":1054,""New"":1056,""Reason"":3}"
48205250,"{""Old"":1076,""New"":1078,""Reason"":3}"
48205250,"{""Old"":1245,""New"":1249,""Reason"":3}"
48205250,"{""Old"":1297,""New"":1299,""Reason"":3}"
8744861,"{""Old"":376,""New"":378,""Reason"":3}"
8744861,"{""Old"":405,""New"":407,""Reason"":3}"
23520972,"{""Old"":310,""New"":312,""Reason"":3}"
67836518,"{""Old"":326,""New"":328,""Reason"":3}"
54937851,"{""Old"":3657,""New"":3659,""Reason"":3}"
37623137,"{""Old"":376,""New"":378,""Reason"":3}"
44977601,"{""Old"":1030,""New"":1032,""Reason"":3}"
37623137,"{""Old"":258,""New"":260,""Reason"":3}"
37623137,"{""Old"":174,""New"":184,""Reason"":3}"
37623137,"{""Old"":303,""New"":305,""Reason"":3}"
54937851,"{""Old"":3743,""New"":3745,""Reason"":3}"
54937851,"{""Old"":3661,""New"":3663,""Reason"":3}"
67836518,"{""Old"":350,""New"":352,""Reason"":3}"
54937851,"{""Old"":3659,""New"":3661,""Reason"":3}"
4829598,"{""Old"":1342,""New"":1344,""Reason"":3}"
2968081,"{""Old"":580,""New"":582,""Reason"":3}"
2968081,"{""Old"":812,""New"":814,""Reason"":3}"
4829598,"{""Old"":1246,""New"":1248,""Reason"":3}"
2968081,"{""Old"":1455,""New"":1457,""Reason"":3}"
55921654,"{""Old"":1495,""New"":1497,""Reason"":3}"
17398189,"{""Old"":439,""New"":441,""Reason"":3}"
82844475,"{""Old"":255,""New"":257,""Reason"":3}"
82844475,"{""Old"":320,""New"":322,""Reason"":3}"
59231397,"{""Old"":2948,""New"":2958,""Reason"":3}"
54937851,"{""Old"":8447,""New"":8449,""Reason"":3}"
17205050,"{""Old"":681,""New"":683,""Reason"":3}"
202176747,"{""Old"":35782,""New"":35792,""Reason"":3}"
202176747,"{""Old"":36183,""New"":36193,""Reason"":3}"
48205250,"{""Old"":1186,""New"":1188,""Reason"":3}"
48205250,"{""Old"":1020,""New"":1022,""Reason"":3}"
48205250,"{""Old"":1331,""New"":1333,""Reason"":3}"
46235249,"{""Old"":818,""New"":820,""Reason"":3}"
37250473,"{""Old"":940,""New"":942,""Reason"":3}"
70289120,"{""Old"":998,""New"":1008,""Reason"":3}"
31558571,"{""Old"":403,""New"":405,""Reason"":3}"
208577966,"{""Old"":807,""New"":817,""Reason"":3}"
22835734,"{""Old"":188,""New"":190,""Reason"":3}"
29972957,"{""Old"":1136,""New"":1138,""Reason"":3}"
29972957,"{""Old"":792,""New"":794,""Reason"":3}"
51591414,"{""Old"":395,""New"":397,""Reason"":3}"
22438308,"{""Old"":40061,""New"":40071,""Reason"":3}"
80491185,"{""Old"":5137,""New"":5139,""Reason"":3}"
80491185,"{""Old"":4255,""New"":4259,""Reason"":3}"
80491185,"{""Old"":4979,""New"":4981,""Reason"":3}"
80491185,"{""Old"":4889,""New"":4891,""Reason"":3}"
80491185,"{""Old"":4959,""New"":4963,""Reason"":3}"
23865614,"{""Old"":5929,""New"":5939,""Reason"":3}"
23865614,"{""Old"":6613,""New"":6633,""Reason"":3}"
23865614,"{""Old"":7671,""New"":7681,""Reason"":3}"
7046415,"{""Old"":1276,""New"":1278,""Reason"":3}"
7046415,"{""Old"":1313,""New"":1315,""Reason"":3}"
71916001,"{""Old"":76415,""New"":76435,""Reason"":3}"
206316838,"{""Old"":1954,""New"":1956,""Reason"":3}"
7046415,"{""Old"":1203,""New"":1205,""Reason"":3}"
22901682,"{""Old"":35995,""New"":35997,""Reason"":3}"
22901682,"{""Old"":36483,""New"":36503,""Reason"":3}"
22901682,"{""Old"":36633,""New"":36643,""Reason"":3}"
22901682,"{""Old"":40907,""New"":40917,""Reason"":3}"
22901682,"{""Old"":41456,""New"":41460,""Reason"":3}"
22901682,"{""Old"":42333,""New"":42353,""Reason"":3}"
22901682,"{""Old"":43304,""New"":43306,""Reason"":3}"
22901682,"{""Old"":45895,""New"":45915,""Reason"":3}"
22901682,"{""Old"":45855,""New"":45875,""Reason"":3}"
22901682,"{""Old"":46755,""New"":46765,""Reason"":3}"
22901682,"{""Old"":47700,""New"":47710,""Reason"":3}"
34765190,"{""Old"":151,""New"":155,""Reason"":3}"
23865614,"{""Old"":50690,""New"":50692,""Reason"":3}"
23046730,"{""Old"":274,""New"":276,""Reason"":3}"
9437058,"{""Old"":453,""New"":463,""Reason"":3}"
58261482,"{""Old"":1286,""New"":1288,""Reason"":3}"
58261482,"{""Old"":1404,""New"":1406,""Reason"":3}"
37781144,"{""Old"":187,""New"":189,""Reason"":3}"
19970226,"{""Old"":209,""New"":211,""Reason"":3}"
48205250,"{""Old"":4577,""New"":4579,""Reason"":3}"
48205250,"{""Old"":4223,""New"":4225,""Reason"":3}"
48205250,"{""Old"":4335,""New"":4339,""Reason"":3}"
48205250,"{""Old"":4368,""New"":4372,""Reason"":3}"
48205250,"{""Old"":4463,""New"":4465,""Reason"":3}"
37784995,"{""Old"":4054,""New"":4064,""Reason"":3}"
7046415,"{""Old"":716,""New"":718,""Reason"":3}"
32377577,"{""Old"":763,""New"":765,""Reason"":3}"
32377577,"{""Old"":800,""New"":802,""Reason"":3}"
71532491,"{""Old"":807,""New"":809,""Reason"":3}"
34785160,"{""Old"":911,""New"":913,""Reason"":3}"
49993613,"{""Old"":3063,""New"":3073,""Reason"":3}"
21261285,"{""Old"":597,""New"":601,""Reason"":3}"
22438308,"{""Old"":40121,""New"":40123,""Reason"":3}"
21431723,"{""Old"":685,""New"":687,""Reason"":3}"
45934275,"{""Old"":360,""New"":370,""Reason"":3}"
49993613,"{""Old"":3021,""New"":3023,""Reason"":3}"
34880338,"{""Old"":38,""New"":40,""Reason"":3}"
45845602,"{""Old"":873,""New"":875,""Reason"":3}"
41040836,"{""Old"":341,""New"":343,""Reason"":3}"
41040836,"{""Old"":378,""New"":380,""Reason"":3}"
80653261,"{""Old"":2320,""New"":2322,""Reason"":3}"
8190086,"{""Old"":202,""New"":204,""Reason"":3}"
7568871,"{""Old"":5463,""New"":5465,""Reason"":3}"
32366679,"{""Old"":672,""New"":674,""Reason"":3}"
32366679,"{""Old"":733,""New"":735,""Reason"":3}"
37784995,"{""Old"":2989,""New"":2999,""Reason"":3}"
37784995,"{""Old"":4203,""New"":4223,""Reason"":3}"
31050334,"{""Old"":300,""New"":302,""Reason"":3}"
31050334,"{""Old"":372,""New"":376,""Reason"":3}"
31050334,"{""Old"":951,""New"":961,""Reason"":3}"
207477871,"{""Old"":1334,""New"":1336,""Reason"":3}"
207477871,"{""Old"":1505,""New"":1507,""Reason"":3}"
48205250,"{""Old"":2301,""New"":2303,""Reason"":3}"
47200242,"{""Old"":1246,""New"":1252,""Reason"":3}"
47200242,"{""Old"":1341,""New"":1343,""Reason"":3}"
47200242,"{""Old"":2194,""New"":2196,""Reason"":3}"
47200242,"{""Old"":2192,""New"":2194,""Reason"":3}"
47200242,"{""Old"":2228,""New"":2238,""Reason"":3}"
47200242,"{""Old"":863,""New"":865,""Reason"":3}"
23514668,"{""Old"":749,""New"":751,""Reason"":3}"
37399438,"{""Old"":4148,""New"":4150,""Reason"":3}"
17172657,"{""Old"":350,""New"":352,""Reason"":3}"
81856946,"{""Old"":872,""New"":874,""Reason"":3}"
63778994,"{""Old"":359813,""New"":359823,""Reason"":3}"
63778994,"{""Old"":359723,""New"":359733,""Reason"":3}"
63778994,"{""Old"":361443,""New"":361453,""Reason"":3}"
63778994,"{""Old"":356959,""New"":356963,""Reason"":3}"
63778994,"{""Old"":359087,""New"":359089,""Reason"":3}"
63778994,"{""Old"":361683,""New"":361693,""Reason"":3}"
211423534,"{""Old"":44370,""New"":44380,""Reason"":3}"
22438308,"{""Old"":40938,""New"":40948,""Reason"":3}"
22438308,"{""Old"":41590,""New"":41600,""Reason"":3}"
45934275,"{""Old"":427,""New"":429,""Reason"":3}"
22438308,"{""Old"":41516,""New"":41518,""Reason"":3}"
22438308,"{""Old"":41860,""New"":41870,""Reason"":3}"
37428602,"{""Old"":574,""New"":576,""Reason"":3}"
49993613,"{""Old"":3044,""New"":3046,""Reason"":3}"
54937851,"{""Old"":51024,""New"":51026,""Reason"":3}"
56305413,"{""Old"":10425,""New"":10427,""Reason"":3}"
26453322,"{""Old"":12929,""New"":12939,""Reason"":3}"
26453322,"{""Old"":24906,""New"":24908,""Reason"":3}"
26453322,"{""Old"":15788,""New"":15790,""Reason"":3}"
26453322,"{""Old"":20068,""New"":20078,""Reason"":3}"
26453322,"{""Old"":21114,""New"":21124,""Reason"":3}"
26453322,"{""Old"":22477,""New"":22479,""Reason"":3}"
7568871,"{""Old"":5615,""New"":5619,""Reason"":3}"
7568871,"{""Old"":5623,""New"":5633,""Reason"":3}"
7568871,"{""Old"":5747,""New"":5749,""Reason"":3}"
71532491,"{""Old"":821,""New"":823,""Reason"":3}"
32377577,"{""Old"":951,""New"":961,""Reason"":3}"
32377577,"{""Old"":1020,""New"":1022,""Reason"":3}"
71532491,"{""Old"":797,""New"":807,""Reason"":3}"
63778994,"{""Old"":398520,""New"":398550,""Reason"":3}"
79751925,"{""Old"":676,""New"":678,""Reason"":3}"
68764292,"{""Old"":1286,""New"":1288,""Reason"":3}"
44931151,"{""Old"":149567,""New"":149569,""Reason"":3}"
50072583,"{""Old"":1657,""New"":1659,""Reason"":3}"
79751925,"{""Old"":902,""New"":904,""Reason"":3}"
41121780,"{""Old"":235,""New"":237,""Reason"":3}"
41121780,"{""Old"":226,""New"":228,""Reason"":3}"
44663519,"{""Old"":407,""New"":409,""Reason"":3}"
44663519,"{""Old"":425,""New"":427,""Reason"":3}"
63082603,"{""Old"":18808,""New"":18818,""Reason"":3}"
80491185,"{""Old"":5083,""New"":5085,""Reason"":3}"
80491185,"{""Old"":5092,""New"":5094,""Reason"":3}"
80491185,"{""Old"":5079,""New"":5081,""Reason"":3}"
80491185,"{""Old"":5114,""New"":5116,""Reason"":3}"
23748897,"{""Old"":46,""New"":48,""Reason"":3}"
43996202,"{""Old"":125,""New"":127,""Reason"":3}"
9442327,"{""Old"":68,""New"":70,""Reason"":3}"
9442327,"{""Old"":73,""New"":75,""Reason"":3}"
9442327,"{""Old"":146,""New"":148,""Reason"":3}"
6865857,"{""Old"":2950,""New"":2960,""Reason"":3}"
83457219,"{""Old"":2378,""New"":2380,""Reason"":3}"
49993613,"{""Old"":3023,""New"":3025,""Reason"":3}"
49993613,"{""Old"":3059,""New"":3061,""Reason"":3}"
54937851,"{""Old"":51010,""New"":51012,""Reason"":3}"
45934275,"{""Old"":497,""New"":499,""Reason"":3}"
33449318,"{""Old"":944,""New"":946,""Reason"":3}"
22438308,"{""Old"":41700,""New"":41710,""Reason"":3}"
21431723,"{""Old"":681,""New"":683,""Reason"":3}"
45934275,"{""Old"":523,""New"":525,""Reason"":3}"
49993613,"{""Old"":3027,""New"":3029,""Reason"":3}"
24512843,"{""Old"":1181,""New"":1191,""Reason"":3}"
24512843,"{""Old"":1161,""New"":1171,""Reason"":3}"
58790686,"{""Old"":20803,""New"":20813,""Reason"":3}"
7568871,"{""Old"":5843,""New"":5853,""Reason"":3}"
7568871,"{""Old"":5520,""New"":5522,""Reason"":3}"
7568871,"{""Old"":5855,""New"":5865,""Reason"":3}"
7568871,"{""Old"":5694,""New"":5696,""Reason"":3}"
7568871,"{""Old"":5731,""New"":5741,""Reason"":3}"
7568871,"{""Old"":5457,""New"":5459,""Reason"":3}"
26453322,"{""Old"":13357,""New"":13367,""Reason"":3}"
26453322,"{""Old"":13084,""New"":13094,""Reason"":3}"
7046415,"{""Old"":900,""New"":902,""Reason"":3}"
7568871,"{""Old"":5516,""New"":5518,""Reason"":3}"
26453322,"{""Old"":24990,""New"":24992,""Reason"":3}"
26453322,"{""Old"":14958,""New"":14968,""Reason"":3}"
26453322,"{""Old"":18651,""New"":18661,""Reason"":3}"
26453322,"{""Old"":20308,""New"":20318,""Reason"":3}"
26453322,"{""Old"":22467,""New"":22477,""Reason"":3}"
49993613,"{""Old"":3037,""New"":3039,""Reason"":3}"
49993613,"{""Old"":3057,""New"":3059,""Reason"":3}"
37428602,"{""Old"":564,""New"":574,""Reason"":3}"
54937851,"{""Old"":51022,""New"":51024,""Reason"":3}"
22901682,"{""Old"":37342,""New"":37352,""Reason"":3}"
22901682,"{""Old"":37546,""New"":37550,""Reason"":3}"
22901682,"{""Old"":37772,""New"":37774,""Reason"":3}"
22901682,"{""Old"":41629,""New"":41649,""Reason"":3}"
22901682,"{""Old"":42721,""New"":42731,""Reason"":3}"
22901682,"{""Old"":45845,""New"":45855,""Reason"":3}"
22901682,"{""Old"":47153,""New"":47163,""Reason"":3}"
22901682,"{""Old"":47433,""New"":47443,""Reason"":3}"
22901682,"{""Old"":47890,""New"":47900,""Reason"":3}"
23865614,"{""Old"":2858,""New"":2868,""Reason"":3}"
23865614,"{""Old"":5313,""New"":5323,""Reason"":3}"
23865614,"{""Old"":5263,""New"":5273,""Reason"":3}"
23865614,"{""Old"":5629,""New"":5649,""Reason"":3}"
23865614,"{""Old"":11277,""New"":11287,""Reason"":3}"
23865614,"{""Old"":11611,""New"":11621,""Reason"":3}"
23865614,"{""Old"":343,""New"":345,""Reason"":3}"
79702191,"{""Old"":1533,""New"":1535,""Reason"":3}"
79702191,"{""Old"":1628,""New"":1630,""Reason"":3}"
69442044,"{""Old"":1839,""New"":1841,""Reason"":3}"
16152700,"{""Old"":476,""New"":480,""Reason"":3}"
7473273,"{""Old"":4128,""New"":4138,""Reason"":3}"
7473273,"{""Old"":4158,""New"":4168,""Reason"":3}"
79782981,"{""Old"":3769,""New"":3771,""Reason"":3}"
7473273,"{""Old"":4021,""New"":4041,""Reason"":3}"
7473273,"{""Old"":4508,""New"":4518,""Reason"":3}"
46290546,"{""Old"":7620,""New"":7630,""Reason"":3}"
211423534,"{""Old"":41208,""New"":41228,""Reason"":3}"
211423534,"{""Old"":42053,""New"":42063,""Reason"":3}"
48205250,"{""Old"":4075,""New"":4077,""Reason"":3}"
48205250,"{""Old"":4080,""New"":4084,""Reason"":3}"
48205250,"{""Old"":4123,""New"":4125,""Reason"":3}"
42817421,"{""Old"":2138,""New"":2148,""Reason"":3}"
42817421,"{""Old"":2368,""New"":2370,""Reason"":3}"
48205250,"{""Old"":4171,""New"":4173,""Reason"":3}"
48205250,"{""Old"":4176,""New"":4178,""Reason"":3}"
48205250,"{""Old"":4192,""New"":4194,""Reason"":3}"
79751925,"{""Old"":660,""New"":662,""Reason"":3}"
13083476,"{""Old"":222,""New"":224,""Reason"":3}"
42367164,"{""Old"":2033,""New"":2035,""Reason"":3}"
32281739,"{""Old"":3427,""New"":3429,""Reason"":3}"
32281739,"{""Old"":3479,""New"":3481,""Reason"":3}"
72635989,"{""Old"":2035,""New"":2037,""Reason"":3}"
218655117,"{""Old"":620,""New"":622,""Reason"":3}"
169859,"{""Old"":21241,""New"":21243,""Reason"":3}"
22438308,"{""Old"":41640,""New"":41650,""Reason"":3}"
33449318,"{""Old"":954,""New"":956,""Reason"":3}"
31692115,"{""Old"":1039,""New"":1041,""Reason"":3}"
31692115,"{""Old"":1064,""New"":1066,""Reason"":3}"
31692115,"{""Old"":1037,""New"":1039,""Reason"":3}"
80491185,"{""Old"":7350,""New"":7352,""Reason"":3}"
22438308,"{""Old"":41518,""New"":41528,""Reason"":3}"
22438308,"{""Old"":41588,""New"":41590,""Reason"":3}"
44663519,"{""Old"":445,""New"":449,""Reason"":3}"
41121780,"{""Old"":182,""New"":184,""Reason"":3}"
44931151,"{""Old"":82530,""New"":82532,""Reason"":3}"
44931151,"{""Old"":83799,""New"":83809,""Reason"":3}"
80491185,"{""Old"":4617,""New"":4627,""Reason"":3}"
80491185,"{""Old"":4861,""New"":4863,""Reason"":3}"
80491185,"{""Old"":5165,""New"":5175,""Reason"":3}"
9437058,"{""Old"":451,""New"":453,""Reason"":3}"
9437058,"{""Old"":463,""New"":465,""Reason"":3}"
9254415,"{""Old"":3608,""New"":3618,""Reason"":3}"
27777369,"{""Old"":67007,""New"":67011,""Reason"":3}"
27777369,"{""Old"":66580,""New"":66582,""Reason"":3}"
26453322,"{""Old"":13632,""New"":13652,""Reason"":3}"
26453322,"{""Old"":13327,""New"":13337,""Reason"":3}"
26453322,"{""Old"":12648,""New"":12658,""Reason"":3}"
26453322,"{""Old"":13103,""New"":13113,""Reason"":3}"
26453322,"{""Old"":13612,""New"":13632,""Reason"":3}"
7568871,"{""Old"":5444,""New"":5454,""Reason"":3}"
7568871,"{""Old"":5807,""New"":5809,""Reason"":3}"
80744637,"{""Old"":110116,""New"":110126,""Reason"":3}"
7568871,"{""Old"":5562,""New"":5564,""Reason"":3}"
7568871,"{""Old"":5758,""New"":5768,""Reason"":3}"
7568871,"{""Old"":5664,""New"":5666,""Reason"":3}"
7568871,"{""Old"":5529,""New"":5531,""Reason"":3}"
56305413,"{""Old"":10465,""New"":10469,""Reason"":3}"
80744637,"{""Old"":109914,""New"":109924,""Reason"":3}"
80744637,"{""Old"":109642,""New"":109652,""Reason"":3}"
20540315,"{""Old"":56,""New"":58,""Reason"":3}"
20540315,"{""Old"":66,""New"":68,""Reason"":3}"
83376996,"{""Old"":4735,""New"":4745,""Reason"":3}"
44510856,"{""Old"":499,""New"":509,""Reason"":3}"
7046415,"{""Old"":735,""New"":737,""Reason"":3}"
80744637,"{""Old"":109744,""New"":109754,""Reason"":3}"
84223984,"{""Old"":656,""New"":660,""Reason"":3}"
56305413,"{""Old"":10405,""New"":10407,""Reason"":3}"
40606596,"{""Old"":523,""New"":525,""Reason"":3}"
40606596,"{""Old"":547,""New"":549,""Reason"":3}"
44931151,"{""Old"":82886,""New"":82896,""Reason"":3}"
44931151,"{""Old"":82966,""New"":82968,""Reason"":3}"
23046730,"{""Old"":203,""New"":205,""Reason"":3}"
23046730,"{""Old"":197,""New"":199,""Reason"":3}"
18163099,"{""Old"":2204,""New"":2206,""Reason"":3}"
23046730,"{""Old"":243,""New"":245,""Reason"":3}"
23046730,"{""Old"":297,""New"":299,""Reason"":3}"
23046730,"{""Old"":201,""New"":203,""Reason"":3}"
80491185,"{""Old"":4377,""New"":4379,""Reason"":3}"
80491185,"{""Old"":4126,""New"":4128,""Reason"":3}"
25599199,"{""Old"":1176,""New"":1178,""Reason"":3}"
46290546,"{""Old"":7844,""New"":7854,""Reason"":3}"
22901682,"{""Old"":35727,""New"":35729,""Reason"":3}"
22901682,"{""Old"":37552,""New"":37554,""Reason"":3}"
22901682,"{""Old"":37775,""New"":37777,""Reason"":3}"
22901682,"{""Old"":42482,""New"":42492,""Reason"":3}"
22901682,"{""Old"":42883,""New"":42903,""Reason"":3}"
22901682,"{""Old"":45361,""New"":45371,""Reason"":3}"
22901682,"{""Old"":46025,""New"":46035,""Reason"":3}"
22901682,"{""Old"":46919,""New"":46939,""Reason"":3}"
22901682,"{""Old"":47213,""New"":47223,""Reason"":3}"
22901682,"{""Old"":47343,""New"":47353,""Reason"":3}"
22901682,"{""Old"":47448,""New"":47458,""Reason"":3}"
63082603,"{""Old"":15192,""New"":15194,""Reason"":3}"
63082603,"{""Old"":15254,""New"":15256,""Reason"":3}"
63082603,"{""Old"":15322,""New"":15326,""Reason"":3}"
63082603,"{""Old"":15961,""New"":15971,""Reason"":3}"
56866711,"{""Old"":2532,""New"":2542,""Reason"":3}"
78285576,"{""Old"":427,""New"":429,""Reason"":3}"
63082603,"{""Old"":16126,""New"":16146,""Reason"":3}"
22901682,"{""Old"":36022,""New"":36032,""Reason"":3}"
22901682,"{""Old"":41659,""New"":41669,""Reason"":3}"
22901682,"{""Old"":43396,""New"":43398,""Reason"":3}"
22901682,"{""Old"":46275,""New"":46305,""Reason"":3}"
22901682,"{""Old"":36863,""New"":36873,""Reason"":3}"
22901682,"{""Old"":37812,""New"":37814,""Reason"":3}"
22901682,"{""Old"":37906,""New"":37908,""Reason"":3}"
22901682,"{""Old"":38805,""New"":38807,""Reason"":3}"
22901682,"{""Old"":39127,""New"":39137,""Reason"":3}"
22901682,"{""Old"":39141,""New"":39151,""Reason"":3}"
22901682,"{""Old"":45743,""New"":45753,""Reason"":3}"
22901682,"{""Old"":46225,""New"":46235,""Reason"":3}"
22901682,"{""Old"":47850,""New"":47860,""Reason"":3}"
63082603,"{""Old"":15992,""New"":16002,""Reason"":3}"
63082603,"{""Old"":16076,""New"":16086,""Reason"":3}"
78285576,"{""Old"":457,""New"":459,""Reason"":3}"
206316838,"{""Old"":2089,""New"":2099,""Reason"":3}"
71916001,"{""Old"":75069,""New"":75079,""Reason"":3}"
71916001,"{""Old"":75315,""New"":75325,""Reason"":3}"
7046415,"{""Old"":2051,""New"":2061,""Reason"":3}"
7046415,"{""Old"":2100,""New"":2102,""Reason"":3}"
7046415,"{""Old"":1217,""New"":1221,""Reason"":3}"
7046415,"{""Old"":1424,""New"":1426,""Reason"":3}"
49629438,"{""Old"":110,""New"":112,""Reason"":3}"
71916001,"{""Old"":75620,""New"":75630,""Reason"":3}"
48205250,"{""Old"":2412,""New"":2414,""Reason"":3}"
23865614,"{""Old"":555,""New"":557,""Reason"":3}"
23865614,"{""Old"":998,""New"":1000,""Reason"":3}"
23865614,"{""Old"":1390,""New"":1394,""Reason"":3}"
16152700,"{""Old"":1004,""New"":1014,""Reason"":3}"
16152700,"{""Old"":1893,""New"":1903,""Reason"":3}"
201565207,"{""Old"":556,""New"":558,""Reason"":3}"
43774463,"{""Old"":202,""New"":204,""Reason"":3}"
68764292,"{""Old"":618,""New"":620,""Reason"":3}"
63082603,"{""Old"":15388,""New"":15398,""Reason"":3}"
22901682,"{""Old"":38749,""New"":38751,""Reason"":3}"
22901682,"{""Old"":39572,""New"":39574,""Reason"":3}"
22901682,"{""Old"":40135,""New"":40141,""Reason"":3}"
22901682,"{""Old"":40875,""New"":40885,""Reason"":3}"
22901682,"{""Old"":42241,""New"":42243,""Reason"":3}"
22901682,"{""Old"":43107,""New"":43109,""Reason"":3}"
22901682,"{""Old"":47620,""New"":47630,""Reason"":3}"
22901682,"{""Old"":36525,""New"":36535,""Reason"":3}"
22901682,"{""Old"":37629,""New"":37631,""Reason"":3}"
22901682,"{""Old"":37827,""New"":37829,""Reason"":3}"
22901682,"{""Old"":37920,""New"":37922,""Reason"":3}"
22901682,"{""Old"":38423,""New"":38425,""Reason"":3}"
22901682,"{""Old"":39317,""New"":39319,""Reason"":3}"
22901682,"{""Old"":40034,""New"":40036,""Reason"":3}"
22901682,"{""Old"":35976,""New"":35978,""Reason"":3}"
22901682,"{""Old"":36020,""New"":36022,""Reason"":3}"
22901682,"{""Old"":36064,""New"":36074,""Reason"":3}"
22901682,"{""Old"":36185,""New"":36195,""Reason"":3}"
22901682,"{""Old"":37625,""New"":37627,""Reason"":3}"
22901682,"{""Old"":37918,""New"":37920,""Reason"":3}"
22901682,"{""Old"":37966,""New"":37968,""Reason"":3}"
22901682,"{""Old"":40166,""New"":40186,""Reason"":3}"
22901682,"{""Old"":40887,""New"":40907,""Reason"":3}"
22901682,"{""Old"":42001,""New"":42005,""Reason"":3}"
22901682,"{""Old"":45311,""New"":45321,""Reason"":3}"
22901682,"{""Old"":45491,""New"":45501,""Reason"":3}"
22901682,"{""Old"":46939,""New"":46941,""Reason"":3}"
22901682,"{""Old"":47263,""New"":47273,""Reason"":3}"
22901682,"{""Old"":47393,""New"":47403,""Reason"":3}"
22901682,"{""Old"":47650,""New"":47660,""Reason"":3}"
63082603,"{""Old"":15163,""New"":15167,""Reason"":3}"
63082603,"{""Old"":16002,""New"":16012,""Reason"":3}"
63778994,"{""Old"":363094,""New"":363114,""Reason"":3}"
63778994,"{""Old"":367517,""New"":367527,""Reason"":3}"
63778994,"{""Old"":367887,""New"":367897,""Reason"":3}"
63778994,"{""Old"":368052,""New"":368062,""Reason"":3}"
42817421,"{""Old"":2601,""New"":2611,""Reason"":3}"
58261482,"{""Old"":1533,""New"":1543,""Reason"":3}"
58261482,"{""Old"":1307,""New"":1309,""Reason"":3}"
26186173,"{""Old"":124,""New"":126,""Reason"":3}"
26480103,"{""Old"":271,""New"":273,""Reason"":3}"
7473273,"{""Old"":3921,""New"":3951,""Reason"":3}"
7473273,"{""Old"":4323,""New"":4333,""Reason"":3}"
63778994,"{""Old"":364862,""New"":364872,""Reason"":3}"
63778994,"{""Old"":367847,""New"":367857,""Reason"":3}"
37781144,"{""Old"":233,""New"":235,""Reason"":3}"
17655371,"{""Old"":874,""New"":876,""Reason"":3}"
79782981,"{""Old"":3839,""New"":3841,""Reason"":3}"
46662749,"{""Old"":252,""New"":254,""Reason"":3}"
37784995,"{""Old"":3375,""New"":3385,""Reason"":3}"
37784995,"{""Old"":2373,""New"":2375,""Reason"":3}"
77953241,"{""Old"":3839,""New"":3841,""Reason"":3}"
56305413,"{""Old"":10432,""New"":10442,""Reason"":3}"
24993885,"{""Old"":506,""New"":508,""Reason"":3}"
37784995,"{""Old"":2365,""New"":2373,""Reason"":3}"
32377577,"{""Old"":903,""New"":913,""Reason"":3}"
44510856,"{""Old"":530,""New"":532,""Reason"":3}"
83376996,"{""Old"":4620,""New"":4630,""Reason"":3}"
56305413,"{""Old"":10050,""New"":10052,""Reason"":3}"
7046415,"{""Old"":2108,""New"":2110,""Reason"":3}"
7046415,"{""Old"":1600,""New"":1602,""Reason"":3}"
7046415,"{""Old"":1213,""New"":1215,""Reason"":3}"
38308190,"{""Old"":569,""New"":571,""Reason"":3}"
38308190,"{""Old"":588,""New"":590,""Reason"":3}"
48205250,"{""Old"":2377,""New"":2387,""Reason"":3}"
38308190,"{""Old"":555,""New"":557,""Reason"":3}"
206316838,"{""Old"":1996,""New"":2000,""Reason"":3}"
7046415,"{""Old"":1361,""New"":1363,""Reason"":3}"
71916001,"{""Old"":73917,""New"":73937,""Reason"":3}"
71916001,"{""Old"":74199,""New"":74209,""Reason"":3}"
71916001,"{""Old"":74279,""New"":74289,""Reason"":3}"
71916001,"{""Old"":76435,""New"":76445,""Reason"":3}"
71916001,"{""Old"":74269,""New"":74279,""Reason"":3}"
71916001,"{""Old"":75149,""New"":75169,""Reason"":3}"
71916001,"{""Old"":76055,""New"":76075,""Reason"":3}"
71916001,"{""Old"":75415,""New"":75425,""Reason"":3}"
71916001,"{""Old"":75795,""New"":75805,""Reason"":3}"
47200242,"{""Old"":1542,""New"":1544,""Reason"":3}"
23865614,"{""Old"":246,""New"":248,""Reason"":3}"
23865614,"{""Old"":4816,""New"":4846,""Reason"":3}"
23865614,"{""Old"":7567,""New"":7577,""Reason"":3}"
23865614,"{""Old"":8968,""New"":8978,""Reason"":3}"
23865614,"{""Old"":9578,""New"":9588,""Reason"":3}"
23865614,"{""Old"":10211,""New"":10231,""Reason"":3}"
23865614,"{""Old"":11721,""New"":11731,""Reason"":3}"
23865614,"{""Old"":11881,""New"":11891,""Reason"":3}"
47200242,"{""Old"":994,""New"":996,""Reason"":3}"
47200242,"{""Old"":1009,""New"":1019,""Reason"":3}"
47200242,"{""Old"":1030,""New"":1032,""Reason"":3}"
79702191,"{""Old"":1638,""New"":1640,""Reason"":3}"
78285576,"{""Old"":472,""New"":474,""Reason"":3}"
43774463,"{""Old"":216,""New"":220,""Reason"":3}"
63082603,"{""Old"":15366,""New"":15368,""Reason"":3}"
22901682,"{""Old"":35933,""New"":35943,""Reason"":3}"
22901682,"{""Old"":40088,""New"":40098,""Reason"":3}"
22901682,"{""Old"":41894,""New"":41904,""Reason"":3}"
22901682,"{""Old"":45079,""New"":45089,""Reason"":3}"
22901682,"{""Old"":47730,""New"":47740,""Reason"":3}"
22901682,"{""Old"":37762,""New"":37764,""Reason"":3}"
22901682,"{""Old"":35820,""New"":35822,""Reason"":3}"
22901682,"{""Old"":36137,""New"":36147,""Reason"":3}"
22901682,"{""Old"":36335,""New"":36345,""Reason"":3}"
206316838,"{""Old"":1973,""New"":1975,""Reason"":3}"
206316838,"{""Old"":1946,""New"":1948,""Reason"":3}"
7046415,"{""Old"":1365,""New"":1367,""Reason"":3}"
71916001,"{""Old"":74365,""New"":74385,""Reason"":3}"
71916001,"{""Old"":75059,""New"":75069,""Reason"":3}"
71916001,"{""Old"":75139,""New"":75149,""Reason"":3}"
23865614,"{""Old"":252,""New"":254,""Reason"":3}"
23514668,"{""Old"":728,""New"":730,""Reason"":3}"
23514668,"{""Old"":762,""New"":764,""Reason"":3}"
53038420,"{""Old"":324,""New"":326,""Reason"":3}"
53038420,"{""Old"":318,""New"":320,""Reason"":3}"
84957257,"{""Old"":16527,""New"":16537,""Reason"":3}"
84957257,"{""Old"":16835,""New"":16845,""Reason"":3}"
40712395,"{""Old"":971,""New"":973,""Reason"":3}"
16303419,"{""Old"":68896,""New"":68906,""Reason"":3}"
16303419,"{""Old"":71247,""New"":71257,""Reason"":3}"
16303419,"{""Old"":65842,""New"":65852,""Reason"":3}"
16303419,"{""Old"":72227,""New"":72237,""Reason"":3}"
16303419,"{""Old"":73417,""New"":73427,""Reason"":3}"
16303419,"{""Old"":75841,""New"":75861,""Reason"":3}"
16303419,"{""Old"":77316,""New"":77336,""Reason"":3}"
20302898,"{""Old"":2592,""New"":2594,""Reason"":3}"
38749156,"{""Old"":2501,""New"":2503,""Reason"":3}"
38749156,"{""Old"":4592,""New"":4594,""Reason"":3}"
38749156,"{""Old"":4542,""New"":4562,""Reason"":3}"
205211705,"{""Old"":3680,""New"":3682,""Reason"":3}"
205211705,"{""Old"":3531,""New"":3541,""Reason"":3}"
62448257,"{""Old"":2176,""New"":2178,""Reason"":3}"
24797713,"{""Old"":42,""New"":44,""Reason"":3}"
13083476,"{""Old"":502,""New"":504,""Reason"":3}"
26453322,"{""Old"":31336,""New"":31346,""Reason"":3}"
25799691,"{""Old"":3672,""New"":3678,""Reason"":3}"
23865614,"{""Old"":78436,""New"":78446,""Reason"":3}"
23865614,"{""Old"":81364,""New"":81374,""Reason"":3}"
23865614,"{""Old"":81404,""New"":81414,""Reason"":3}"
87323516,"{""Old"":64,""New"":66,""Reason"":3}"
79751925,"{""Old"":1000,""New"":1002,""Reason"":3}"
17523263,"{""Old"":1587,""New"":1589,""Reason"":3}"
58790686,"{""Old"":20453,""New"":20463,""Reason"":3}"
31050334,"{""Old"":294,""New"":296,""Reason"":3}"
31050334,"{""Old"":857,""New"":867,""Reason"":3}"
31050334,"{""Old"":1049,""New"":1051,""Reason"":3}"
38478123,"{""Old"":1159,""New"":1161,""Reason"":3}"
43953490,"{""Old"":14993,""New"":14995,""Reason"":3}"
5003925,"{""Old"":1176,""New"":1178,""Reason"":3}"
80653261,"{""Old"":2426,""New"":2428,""Reason"":3}"
58790686,"{""Old"":20769,""New"":20779,""Reason"":3}"
41040836,"{""Old"":352,""New"":354,""Reason"":3}"
6382754,"{""Old"":727,""New"":729,""Reason"":3}"
23865614,"{""Old"":79327,""New"":79337,""Reason"":3}"
23865614,"{""Old"":82389,""New"":82409,""Reason"":3}"
23865614,"{""Old"":83211,""New"":83221,""Reason"":3}"
23865614,"{""Old"":83551,""New"":83561,""Reason"":3}"
41040836,"{""Old"":566,""New"":568,""Reason"":3}"
65324859,"{""Old"":25040,""New"":25050,""Reason"":3}"
41040836,"{""Old"":396,""New"":398,""Reason"":3}"
41040836,"{""Old"":461,""New"":471,""Reason"":3}"
41040836,"{""Old"":478,""New"":488,""Reason"":3}"
221086305,"{""Old"":30949,""New"":30953,""Reason"":3}"
69132095,"{""Old"":936,""New"":938,""Reason"":3}"
35875544,"{""Old"":23007,""New"":23009,""Reason"":3}"
35875544,"{""Old"":20243,""New"":20253,""Reason"":3}"
42367164,"{""Old"":858,""New"":860,""Reason"":3}"
8257034,"{""Old"":3244,""New"":3254,""Reason"":3}"
42367164,"{""Old"":1316,""New"":1318,""Reason"":3}"
42367164,"{""Old"":1490,""New"":1492,""Reason"":3}"
42367164,"{""Old"":2017,""New"":2021,""Reason"":3}"
35875544,"{""Old"":22453,""New"":22463,""Reason"":3}"
66273046,"{""Old"":278,""New"":280,""Reason"":3}"
25799691,"{""Old"":2566,""New"":2576,""Reason"":3}"
20302898,"{""Old"":2870,""New"":2872,""Reason"":3}"
40712395,"{""Old"":665,""New"":667,""Reason"":3}"
20302898,"{""Old"":2867,""New"":2869,""Reason"":3}"
40712395,"{""Old"":1140,""New"":1142,""Reason"":3}"
43351980,"{""Old"":15546,""New"":15548,""Reason"":3}"
13755035,"{""Old"":138,""New"":140,""Reason"":3}"
13755035,"{""Old"":289,""New"":291,""Reason"":3}"
40712395,"{""Old"":1121,""New"":1123,""Reason"":3}"
56224846,"{""Old"":173,""New"":175,""Reason"":3}"
37621689,"{""Old"":1213,""New"":1215,""Reason"":3}"
11129004,"{""Old"":2409,""New"":2419,""Reason"":3}"
32002545,"{""Old"":534,""New"":538,""Reason"":3}"
11296566,"{""Old"":2401,""New"":2403,""Reason"":3}"
31853290,"{""Old"":60,""New"":62,""Reason"":3}"
52436180,"{""Old"":378875,""New"":378885,""Reason"":3}"
84957257,"{""Old"":15768,""New"":15770,""Reason"":3}"
84957257,"{""Old"":16517,""New"":16527,""Reason"":3}"
84957257,"{""Old"":16497,""New"":16507,""Reason"":3}"
84957257,"{""Old"":16559,""New"":16569,""Reason"":3}"
8883313,"{""Old"":1380,""New"":1390,""Reason"":3}"
37784995,"{""Old"":4489,""New"":4499,""Reason"":3}"
32002545,"{""Old"":140,""New"":142,""Reason"":3}"
47061761,"{""Old"":1555,""New"":1557,""Reason"":3}"
47061761,"{""Old"":766,""New"":768,""Reason"":3}"
47061761,"{""Old"":872,""New"":874,""Reason"":3}"
47061761,"{""Old"":1047,""New"":1049,""Reason"":3}"
38308190,"{""Old"":604,""New"":614,""Reason"":3}"
48205250,"{""Old"":2258,""New"":2260,""Reason"":3}"
47200242,"{""Old"":1275,""New"":1277,""Reason"":3}"
47200242,"{""Old"":1320,""New"":1324,""Reason"":3}"
47200242,"{""Old"":2254,""New"":2256,""Reason"":3}"
206316838,"{""Old"":2057,""New"":2059,""Reason"":3}"
71916001,"{""Old"":73937,""New"":73947,""Reason"":3}"
71916001,"{""Old"":74057,""New"":74067,""Reason"":3}"
71916001,"{""Old"":75485,""New"":75495,""Reason"":3}"
49629438,"{""Old"":130,""New"":132,""Reason"":3}"
7473273,"{""Old"":4278,""New"":4288,""Reason"":3}"
7473273,"{""Old"":4403,""New"":4413,""Reason"":3}"
61658100,"{""Old"":1550,""New"":1580,""Reason"":3}"
46662749,"{""Old"":2366,""New"":2368,""Reason"":3}"
63778994,"{""Old"":364922,""New"":364932,""Reason"":3}"
63778994,"{""Old"":366467,""New"":366497,""Reason"":3}"
7378760,"{""Old"":145150,""New"":145152,""Reason"":3}"
7378760,"{""Old"":145154,""New"":145156,""Reason"":3}"
7378760,"{""Old"":145174,""New"":145176,""Reason"":3}"
81972838,"{""Old"":13685,""New"":13689,""Reason"":3}"
39589996,"{""Old"":811,""New"":813,""Reason"":3}"
80491185,"{""Old"":7320,""New"":7322,""Reason"":3}"
80491185,"{""Old"":7155,""New"":7157,""Reason"":3}"
80491185,"{""Old"":6691,""New"":6701,""Reason"":3}"
36422175,"{""Old"":2663,""New"":2665,""Reason"":3}"
47200242,"{""Old"":1107,""New"":1109,""Reason"":3}"
47200242,"{""Old"":823,""New"":825,""Reason"":3}"
47200242,"{""Old"":1513,""New"":1515,""Reason"":3}"
47200242,"{""Old"":1741,""New"":1743,""Reason"":3}"
71916001,"{""Old"":73683,""New"":73693,""Reason"":3}"
71916001,"{""Old"":74919,""New"":74929,""Reason"":3}"
71916001,"{""Old"":74167,""New"":74177,""Reason"":3}"
71916001,"{""Old"":74677,""New"":74687,""Reason"":3}"
71916001,"{""Old"":76315,""New"":76325,""Reason"":3}"
7046415,"{""Old"":1205,""New"":1207,""Reason"":3}"
71916001,"{""Old"":73957,""New"":73967,""Reason"":3}"
26480103,"{""Old"":248,""New"":250,""Reason"":3}"
26480103,"{""Old"":303,""New"":305,""Reason"":3}"
58261482,"{""Old"":1402,""New"":1404,""Reason"":3}"
23305159,"{""Old"":241,""New"":243,""Reason"":3}"
23305159,"{""Old"":574,""New"":576,""Reason"":3}"
63778994,"{""Old"":356198,""New"":356200,""Reason"":3}"
63778994,"{""Old"":358705,""New"":358707,""Reason"":3}"
63778994,"{""Old"":361371,""New"":361391,""Reason"":3}"
63778994,"{""Old"":360525,""New"":360545,""Reason"":3}"
63778994,"{""Old"":363788,""New"":363798,""Reason"":3}"
63778994,"{""Old"":364932,""New"":364952,""Reason"":3}"
63778994,"{""Old"":367617,""New"":367627,""Reason"":3}"
63778994,"{""Old"":367727,""New"":367757,""Reason"":3}"
63778994,"{""Old"":368087,""New"":368097,""Reason"":3}"
63778994,"{""Old"":367392,""New"":367402,""Reason"":3}"
63778994,"{""Old"":364028,""New"":364038,""Reason"":3}"
63778994,"{""Old"":364368,""New"":364398,""Reason"":3}"
63778994,"{""Old"":364722,""New"":364732,""Reason"":3}"
63778994,"{""Old"":366527,""New"":366547,""Reason"":3}"
23305159,"{""Old"":571,""New"":573,""Reason"":3}"
71916001,"{""Old"":75685,""New"":75695,""Reason"":3}"
206316838,"{""Old"":1944,""New"":1946,""Reason"":3}"
206316838,"{""Old"":2000,""New"":2004,""Reason"":3}"
206316838,"{""Old"":2107,""New"":2109,""Reason"":3}"
206316838,"{""Old"":2065,""New"":2067,""Reason"":3}"
49629438,"{""Old"":167,""New"":169,""Reason"":3}"
71916001,"{""Old"":74017,""New"":74047,""Reason"":3}"
71916001,"{""Old"":74727,""New"":74737,""Reason"":3}"
71916001,"{""Old"":76499,""New"":76519,""Reason"":3}"
48205250,"{""Old"":2436,""New"":2438,""Reason"":3}"
71916001,"{""Old"":75275,""New"":75295,""Reason"":3}"
71916001,"{""Old"":75375,""New"":75385,""Reason"":3}"
71916001,"{""Old"":76355,""New"":76365,""Reason"":3}"
71916001,"{""Old"":76485,""New"":76487,""Reason"":3}"
7046415,"{""Old"":1270,""New"":1272,""Reason"":3}"
71916001,"{""Old"":74363,""New"":74365,""Reason"":3}"
33641525,"{""Old"":26609,""New"":26611,""Reason"":3}"
47200242,"{""Old"":1938,""New"":1940,""Reason"":3}"
47200242,"{""Old"":1953,""New"":1955,""Reason"":3}"
47200242,"{""Old"":2186,""New"":2190,""Reason"":3}"
47200242,"{""Old"":926,""New"":928,""Reason"":3}"
23865614,"{""Old"":3541,""New"":3551,""Reason"":3}"
23865614,"{""Old"":5383,""New"":5393,""Reason"":3}"
23865614,"{""Old"":5443,""New"":5463,""Reason"":3}"
23865614,"{""Old"":7661,""New"":7671,""Reason"":3}"
23865614,"{""Old"":8085,""New"":8095,""Reason"":3}"
23865614,"{""Old"":11187,""New"":11197,""Reason"":3}"
23865614,"{""Old"":11541,""New"":11551,""Reason"":3}"
71916001,"{""Old"":73817,""New"":73827,""Reason"":3}"
47200242,"{""Old"":1001,""New"":1003,""Reason"":3}"
47200242,"{""Old"":1084,""New"":1086,""Reason"":3}"
47200242,"{""Old"":1414,""New"":1424,""Reason"":3}"
47200242,"{""Old"":1469,""New"":1471,""Reason"":3}"
47200242,"{""Old"":2036,""New"":2038,""Reason"":3}"
47200242,"{""Old"":1436,""New"":1438,""Reason"":3}"
47200242,"{""Old"":2106,""New"":2108,""Reason"":3}"
80744637,"{""Old"":110126,""New"":110136,""Reason"":3}"
83376996,"{""Old"":4487,""New"":4497,""Reason"":3}"
32377577,"{""Old"":895,""New"":897,""Reason"":3}"
44510856,"{""Old"":364,""New"":374,""Reason"":3}"
44510856,"{""Old"":238,""New"":240,""Reason"":3}"
7568871,"{""Old"":5957,""New"":5959,""Reason"":3}"
7568871,"{""Old"":5230,""New"":5232,""Reason"":3}"
41040836,"{""Old"":515,""New"":517,""Reason"":3}"
26453322,"{""Old"":33511,""New"":33513,""Reason"":3}"
69132095,"{""Old"":928,""New"":932,""Reason"":3}"
69132095,"{""Old"":934,""New"":936,""Reason"":3}"
46437212,"{""Old"":15115,""New"":15117,""Reason"":3}"
41040836,"{""Old"":438,""New"":440,""Reason"":3}"
41040836,"{""Old"":443,""New"":445,""Reason"":3}"
80491185,"{""Old"":7240,""New"":7244,""Reason"":3}"
80491185,"{""Old"":6999,""New"":7001,""Reason"":3}"
36422175,"{""Old"":2698,""New"":2700,""Reason"":3}"
36422175,"{""Old"":2918,""New"":2920,""Reason"":3}"
39589996,"{""Old"":871,""New"":873,""Reason"":3}"
36422175,"{""Old"":2653,""New"":2655,""Reason"":3}"
19981811,"{""Old"":141998,""New"":142000,""Reason"":3}"
21261285,"{""Old"":606,""New"":608,""Reason"":3}"
80496126,"{""Old"":15259,""New"":15261,""Reason"":3}"
73660558,"{""Old"":2617,""New"":2619,""Reason"":3}"
47200242,"{""Old"":1976,""New"":1978,""Reason"":3}"
47200242,"{""Old"":2180,""New"":2184,""Reason"":3}"
47200242,"{""Old"":2204,""New"":2206,""Reason"":3}"
47200242,"{""Old"":2294,""New"":2304,""Reason"":3}"
23514668,"{""Old"":699,""New"":701,""Reason"":3}"
47200242,"{""Old"":1292,""New"":1294,""Reason"":3}"
47200242,"{""Old"":1793,""New"":1795,""Reason"":3}"
47200242,"{""Old"":2021,""New"":2023,""Reason"":3}"
23514668,"{""Old"":745,""New"":747,""Reason"":3}"
23514668,"{""Old"":811,""New"":813,""Reason"":3}"
47200242,"{""Old"":1691,""New"":1701,""Reason"":3}"
47200242,"{""Old"":2168,""New"":2170,""Reason"":3}"
47200242,"{""Old"":1405,""New"":1409,""Reason"":3}"
47200242,"{""Old"":1544,""New"":1546,""Reason"":3}"
47200242,"{""Old"":2156,""New"":2166,""Reason"":3}"
23865614,"{""Old"":1002,""New"":1012,""Reason"":3}"
47200242,"{""Old"":775,""New"":777,""Reason"":3}"
47200242,"{""Old"":924,""New"":926,""Reason"":3}"
47200242,"{""Old"":950,""New"":952,""Reason"":3}"
23865614,"{""Old"":7751,""New"":7753,""Reason"":3}"
23865614,"{""Old"":8115,""New"":8125,""Reason"":3}"
23865614,"{""Old"":9837,""New"":9847,""Reason"":3}"
23865614,"{""Old"":10931,""New"":10941,""Reason"":3}"
23865614,"{""Old"":11307,""New"":11317,""Reason"":3}"
47200242,"{""Old"":908,""New"":910,""Reason"":3}"
47200242,"{""Old"":1088,""New"":1092,""Reason"":3}"
47200242,"{""Old"":1491,""New"":1501,""Reason"":3}"
47200242,"{""Old"":1800,""New"":1802,""Reason"":3}"
47200242,"{""Old"":2140,""New"":2150,""Reason"":3}"
47200242,"{""Old"":2166,""New"":2168,""Reason"":3}"
47200242,"{""Old"":2248,""New"":2250,""Reason"":3}"
47200242,"{""Old"":1984,""New"":1986,""Reason"":3}"
47200242,"{""Old"":2102,""New"":2104,""Reason"":3}"
47200242,"{""Old"":2198,""New"":2200,""Reason"":3}"
23514668,"{""Old"":776,""New"":778,""Reason"":3}"
47200242,"{""Old"":1179,""New"":1181,""Reason"":3}"
47200242,"{""Old"":1365,""New"":1367,""Reason"":3}"
47200242,"{""Old"":2284,""New"":2294,""Reason"":3}"
47200242,"{""Old"":2150,""New"":2152,""Reason"":3}"
47200242,"{""Old"":1958,""New"":1960,""Reason"":3}"
47200242,"{""Old"":1532,""New"":1534,""Reason"":3}"
47200242,"{""Old"":2278,""New"":2280,""Reason"":3}"
47200242,"{""Old"":2310,""New"":2314,""Reason"":3}"
79023038,"{""Old"":1097,""New"":1099,""Reason"":3}"
37784995,"{""Old"":2355,""New"":2357,""Reason"":3}"
37784995,"{""Old"":3027,""New"":3037,""Reason"":3}"
77953241,"{""Old"":3992,""New"":3996,""Reason"":3}"
77953241,"{""Old"":4024,""New"":4026,""Reason"":3}"
77953241,"{""Old"":4130,""New"":4132,""Reason"":3}"
77953241,"{""Old"":4128,""New"":4130,""Reason"":3}"
77953241,"{""Old"":4134,""New"":4136,""Reason"":3}"
77953241,"{""Old"":4373,""New"":4375,""Reason"":3}"
37784995,"{""Old"":2717,""New"":2727,""Reason"":3}"
37784995,"{""Old"":3005,""New"":3015,""Reason"":3}"
37784995,"{""Old"":3225,""New"":3227,""Reason"":3}"
37784995,"{""Old"":3428,""New"":3438,""Reason"":3}"
53698855,"{""Old"":1245,""New"":1247,""Reason"":3}"
80491185,"{""Old"":4281,""New"":4283,""Reason"":3}"
80491185,"{""Old"":4366,""New"":4368,""Reason"":3}"
80491185,"{""Old"":4104,""New"":4114,""Reason"":3}"
80491185,"{""Old"":4991,""New"":4993,""Reason"":3}"
80491185,"{""Old"":4300,""New"":4310,""Reason"":3}"
9076256,"{""Old"":745,""New"":747,""Reason"":3}"
80491185,"{""Old"":5150,""New"":5152,""Reason"":3}"
32377577,"{""Old"":856,""New"":858,""Reason"":3}"
44510856,"{""Old"":275,""New"":277,""Reason"":3}"
44510856,"{""Old"":319,""New"":321,""Reason"":3}"
80744637,"{""Old"":110156,""New"":110166,""Reason"":3}"
47061761,"{""Old"":1335,""New"":1337,""Reason"":3}"
47061761,"{""Old"":1810,""New"":1812,""Reason"":3}"
47061761,"{""Old"":937,""New"":939,""Reason"":3}"
47061761,"{""Old"":1054,""New"":1056,""Reason"":3}"
47061761,"{""Old"":1080,""New"":1082,""Reason"":3}"
47061761,"{""Old"":950,""New"":960,""Reason"":3}"
47061761,"{""Old"":1454,""New"":1456,""Reason"":3}"
47061761,"{""Old"":986,""New"":988,""Reason"":3}"
47061761,"{""Old"":847,""New"":849,""Reason"":3}"
47061761,"{""Old"":948,""New"":950,""Reason"":3}"
26453322,"{""Old"":13051,""New"":13061,""Reason"":3}"
26453322,"{""Old"":13155,""New"":13165,""Reason"":3}"
26453322,"{""Old"":13507,""New"":13527,""Reason"":3}"
80744637,"{""Old"":109904,""New"":109914,""Reason"":3}"
7568871,"{""Old"":5469,""New"":5479,""Reason"":3}"
7568871,"{""Old"":5267,""New"":5269,""Reason"":3}"
34545169,"{""Old"":832,""New"":836,""Reason"":3}"
26453322,"{""Old"":13165,""New"":13175,""Reason"":3}"
26453322,"{""Old"":13367,""New"":13377,""Reason"":3}"
7568871,"{""Old"":5459,""New"":5461,""Reason"":3}"
7568871,"{""Old"":5606,""New"":5608,""Reason"":3}"
7568871,"{""Old"":5491,""New"":5493,""Reason"":3}"
37784995,"{""Old"":2361,""New"":2363,""Reason"":3}"
84223984,"{""Old"":690,""New"":692,""Reason"":3}"
37784995,"{""Old"":3249,""New"":3259,""Reason"":3}"
32377577,"{""Old"":840,""New"":842,""Reason"":3}"
32377577,"{""Old"":983,""New"":985,""Reason"":3}"
32377577,"{""Old"":932,""New"":934,""Reason"":3}"
32377577,"{""Old"":1083,""New"":1085,""Reason"":3}"
83376996,"{""Old"":4578,""New"":4588,""Reason"":3}"
83376996,"{""Old"":4715,""New"":4735,""Reason"":3}"
44510856,"{""Old"":540,""New"":542,""Reason"":3}"
32377577,"{""Old"":1035,""New"":1037,""Reason"":3}"
44510856,"{""Old"":244,""New"":246,""Reason"":3}"
7046415,"{""Old"":819,""New"":821,""Reason"":3}"
46290546,"{""Old"":16091,""New"":16093,""Reason"":3}"
5058136,"{""Old"":4631,""New"":4641,""Reason"":3}"
5058136,"{""Old"":4629,""New"":4631,""Reason"":3}"
87323516,"{""Old"":69,""New"":71,""Reason"":3}"
87323516,"{""Old"":52,""New"":54,""Reason"":3}"
11129004,"{""Old"":2196,""New"":2198,""Reason"":3}"
35216582,"{""Old"":31586,""New"":31596,""Reason"":3}"
7501032,"{""Old"":188,""New"":190,""Reason"":3}"
7501032,"{""Old"":197,""New"":199,""Reason"":3}"
85219672,"{""Old"":12899,""New"":12901,""Reason"":3}"
10241303,"{""Old"":690,""New"":692,""Reason"":3}"
80246621,"{""Old"":868,""New"":870,""Reason"":3}"
35875544,"{""Old"":18477,""New"":18479,""Reason"":3}"
10586403,"{""Old"":2751,""New"":2753,""Reason"":3}"
50681822,"{""Old"":381,""New"":383,""Reason"":3}"
85219672,"{""Old"":12889,""New"":12891,""Reason"":3}"
27236554,"{""Old"":984,""New"":986,""Reason"":3}"
5058136,"{""Old"":4641,""New"":4651,""Reason"":3}"
35795613,"{""Old"":1302,""New"":1304,""Reason"":3}"
208990330,"{""Old"":233,""New"":235,""Reason"":3}"
208990330,"{""Old"":244,""New"":246,""Reason"":3}"
26480103,"{""Old"":351,""New"":353,""Reason"":3}"
17655371,"{""Old"":494,""New"":504,""Reason"":3}"
17655371,"{""Old"":779,""New"":781,""Reason"":3}"
17655371,"{""Old"":882,""New"":884,""Reason"":3}"
17655371,"{""Old"":492,""New"":494,""Reason"":3}"
81856946,"{""Old"":1039,""New"":1041,""Reason"":3}"
63778994,"{""Old"":392810,""New"":392820,""Reason"":3}"
63778994,"{""Old"":397133,""New"":397143,""Reason"":3}"
63484545,"{""Old"":35,""New"":37,""Reason"":3}"
41040836,"{""Old"":354,""New"":364,""Reason"":3}"
38478123,"{""Old"":1179,""New"":1181,""Reason"":3}"
38172050,"{""Old"":3418,""New"":3420,""Reason"":3}"
80653261,"{""Old"":2226,""New"":2228,""Reason"":3}"
80653261,"{""Old"":2418,""New"":2420,""Reason"":3}"
80653261,"{""Old"":2272,""New"":2274,""Reason"":3}"
80653261,"{""Old"":2276,""New"":2280,""Reason"":3}"
31050334,"{""Old"":939,""New"":941,""Reason"":3}"
31050334,"{""Old"":981,""New"":983,""Reason"":3}"
31050334,"{""Old"":172,""New"":174,""Reason"":3}"
31050334,"{""Old"":949,""New"":951,""Reason"":3}"
31050334,"{""Old"":198,""New"":200,""Reason"":3}"
31050334,"{""Old"":332,""New"":334,""Reason"":3}"
31050334,"{""Old"":999,""New"":1001,""Reason"":3}"
31050334,"{""Old"":1003,""New"":1005,""Reason"":3}"
202176747,"{""Old"":114849,""New"":114859,""Reason"":3}"
38749156,"{""Old"":18,""New"":20,""Reason"":3}"
42367164,"{""Old"":2111,""New"":2113,""Reason"":3}"
28562228,"{""Old"":217,""New"":219,""Reason"":3}"
80246621,"{""Old"":866,""New"":868,""Reason"":3}"
10586403,"{""Old"":2806,""New"":2810,""Reason"":3}"
56224846,"{""Old"":94,""New"":96,""Reason"":3}"
208990330,"{""Old"":242,""New"":244,""Reason"":3}"
15795229,"{""Old"":936,""New"":938,""Reason"":3}"
24608076,"{""Old"":3999,""New"":4009,""Reason"":3}"
24608076,"{""Old"":4767,""New"":4777,""Reason"":3}"
24608076,"{""Old"":4909,""New"":4919,""Reason"":3}"
24608076,"{""Old"":3109,""New"":3111,""Reason"":3}"
24608076,"{""Old"":4069,""New"":4079,""Reason"":3}"
13173590,"{""Old"":60609,""New"":60611,""Reason"":3}"
23033741,"{""Old"":82,""New"":84,""Reason"":3}"
13186631,"{""Old"":10529,""New"":10531,""Reason"":3}"
13186631,"{""Old"":10543,""New"":10545,""Reason"":3}"
50681822,"{""Old"":363,""New"":367,""Reason"":3}"
84223984,"{""Old"":700,""New"":702,""Reason"":3}"
56305413,"{""Old"":9828,""New"":9830,""Reason"":3}"
37784995,"{""Old"":2357,""New"":2359,""Reason"":3}"
37784995,"{""Old"":3353,""New"":3355,""Reason"":3}"
37784995,"{""Old"":3365,""New"":3375,""Reason"":3}"
37784995,"{""Old"":3580,""New"":3582,""Reason"":3}"
37784995,"{""Old"":3668,""New"":3678,""Reason"":3}"
37784995,"{""Old"":3079,""New"":3083,""Reason"":3}"
37784995,"{""Old"":3195,""New"":3205,""Reason"":3}"
77953241,"{""Old"":4052,""New"":4054,""Reason"":3}"
77953241,"{""Old"":4096,""New"":4098,""Reason"":3}"
79023038,"{""Old"":1039,""New"":1041,""Reason"":3}"
77953241,"{""Old"":3928,""New"":3938,""Reason"":3}"
77953241,"{""Old"":4267,""New"":4277,""Reason"":3}"
37784995,"{""Old"":3962,""New"":3972,""Reason"":3}"
77953241,"{""Old"":3881,""New"":3883,""Reason"":3}"
77953241,"{""Old"":3986,""New"":3988,""Reason"":3}"
79023038,"{""Old"":1079,""New"":1081,""Reason"":3}"
32377577,"{""Old"":1038,""New"":1040,""Reason"":3}"
58790686,"{""Old"":20627,""New"":20637,""Reason"":3}"
41040836,"{""Old"":326,""New"":336,""Reason"":3}"
80653261,"{""Old"":2204,""New"":2206,""Reason"":3}"
80653261,"{""Old"":2396,""New"":2406,""Reason"":3}"
63778994,"{""Old"":393813,""New"":393833,""Reason"":3}"
63778994,"{""Old"":396144,""New"":396194,""Reason"":3}"
63778994,"{""Old"":396659,""New"":396661,""Reason"":3}"
63778994,"{""Old"":396873,""New"":396893,""Reason"":3}"
37784995,"{""Old"":4150,""New"":4160,""Reason"":3}"
37784995,"{""Old"":4160,""New"":4170,""Reason"":3}"
37784995,"{""Old"":4235,""New"":4245,""Reason"":3}"
37784995,"{""Old"":4296,""New"":4306,""Reason"":3}"
77953241,"{""Old"":4207,""New"":4209,""Reason"":3}"
77953241,"{""Old"":4286,""New"":4288,""Reason"":3}"
37784995,"{""Old"":3793,""New"":3803,""Reason"":3}"
32377577,"{""Old"":981,""New"":983,""Reason"":3}"
32377577,"{""Old"":1005,""New"":1007,""Reason"":3}"
32377577,"{""Old"":851,""New"":853,""Reason"":3}"
67316961,"{""Old"":455,""New"":457,""Reason"":3}"
32377577,"{""Old"":838,""New"":840,""Reason"":3}"
32377577,"{""Old"":1031,""New"":1033,""Reason"":3}"
83376996,"{""Old"":4632,""New"":4634,""Reason"":3}"
83376996,"{""Old"":4758,""New"":4768,""Reason"":3}"
32377577,"{""Old"":936,""New"":938,""Reason"":3}"
80744637,"{""Old"":110096,""New"":110106,""Reason"":3}"
80744637,"{""Old"":110206,""New"":110216,""Reason"":3}"
79023038,"{""Old"":1009,""New"":1011,""Reason"":3}"
79023038,"{""Old"":1065,""New"":1067,""Reason"":3}"
80744637,"{""Old"":109784,""New"":109894,""Reason"":3}"
80744637,"{""Old"":110076,""New"":110086,""Reason"":3}"
37784995,"{""Old"":3183,""New"":3185,""Reason"":3}"
67962623,"{""Old"":853,""New"":863,""Reason"":3}"
56305413,"{""Old"":10052,""New"":10054,""Reason"":3}"
61036709,"{""Old"":804,""New"":806,""Reason"":3}"
63778994,"{""Old"":392154,""New"":392164,""Reason"":3}"
7046415,"{""Old"":787,""New"":797,""Reason"":3}"
205242682,"{""Old"":25,""New"":27,""Reason"":3}"
44510856,"{""Old"":248,""New"":250,""Reason"":3}"
44510856,"{""Old"":347,""New"":349,""Reason"":3}"
83376996,"{""Old"":4782,""New"":4792,""Reason"":3}"
44510856,"{""Old"":409,""New"":411,""Reason"":3}"
44510856,"{""Old"":294,""New"":296,""Reason"":3}"
44510856,"{""Old"":395,""New"":397,""Reason"":3}"
77953241,"{""Old"":4030,""New"":4032,""Reason"":3}"
77953241,"{""Old"":4238,""New"":4240,""Reason"":3}"
77953241,"{""Old"":3855,""New"":3857,""Reason"":3}"
77953241,"{""Old"":4150,""New"":4152,""Reason"":3}"
77953241,"{""Old"":4296,""New"":4298,""Reason"":3}"
77953241,"{""Old"":4292,""New"":4294,""Reason"":3}"
77953241,"{""Old"":4330,""New"":4332,""Reason"":3}"
37784995,"{""Old"":3843,""New"":3853,""Reason"":3}"
79023038,"{""Old"":1093,""New"":1095,""Reason"":3}"
32377577,"{""Old"":1016,""New"":1018,""Reason"":3}"
63778994,"{""Old"":393411,""New"":393431,""Reason"":3}"
63778994,"{""Old"":395719,""New"":395749,""Reason"":3}"
63778994,"{""Old"":397680,""New"":397730,""Reason"":3}"
63778994,"{""Old"":398170,""New"":398180,""Reason"":3}"
7473273,"{""Old"":4138,""New"":4148,""Reason"":3}"
56756635,"{""Old"":3018,""New"":3020,""Reason"":3}"
58261482,"{""Old"":1408,""New"":1410,""Reason"":3}"
58261482,"{""Old"":1571,""New"":1573,""Reason"":3}"
26480103,"{""Old"":593,""New"":595,""Reason"":3}"
81856946,"{""Old"":1220,""New"":1230,""Reason"":3}"
42817421,"{""Old"":2284,""New"":2294,""Reason"":3}"
81856946,"{""Old"":1176,""New"":1186,""Reason"":3}"
81856946,"{""Old"":1264,""New"":1266,""Reason"":3}"
37781144,"{""Old"":473,""New"":475,""Reason"":3}"
7046415,"{""Old"":714,""New"":716,""Reason"":3}"
44510856,"{""Old"":252,""New"":254,""Reason"":3}"
83376996,"{""Old"":4565,""New"":4567,""Reason"":3}"
83376996,"{""Old"":4705,""New"":4715,""Reason"":3}"
32377577,"{""Old"":836,""New"":838,""Reason"":3}"
83376996,"{""Old"":4906,""New"":4916,""Reason"":3}"
44510856,"{""Old"":422,""New"":424,""Reason"":3}"
32377577,"{""Old"":871,""New"":873,""Reason"":3}"
63778994,"{""Old"":392364,""New"":392384,""Reason"":3}"
63778994,"{""Old"":393119,""New"":393149,""Reason"":3}"
63778994,"{""Old"":397505,""New"":397545,""Reason"":3}"
63778994,"{""Old"":398200,""New"":398220,""Reason"":3}"
63778994,"{""Old"":393381,""New"":393401,""Reason"":3}"
63778994,"{""Old"":396019,""New"":396059,""Reason"":3}"
63778994,"{""Old"":396504,""New"":396514,""Reason"":3}"
63778994,"{""Old"":397290,""New"":397310,""Reason"":3}"
63778994,"{""Old"":393179,""New"":393219,""Reason"":3}"
63778994,"{""Old"":393598,""New"":393608,""Reason"":3}"
63778994,"{""Old"":393633,""New"":393643,""Reason"":3}"
63778994,"{""Old"":394767,""New"":394777,""Reason"":3}"
7335427,"{""Old"":2022,""New"":2024,""Reason"":3}"
47061761,"{""Old"":1285,""New"":1287,""Reason"":3}"
47061761,"{""Old"":1289,""New"":1291,""Reason"":3}"
47061761,"{""Old"":1067,""New"":1077,""Reason"":3}"
47061761,"{""Old"":1468,""New"":1470,""Reason"":3}"
47061761,"{""Old"":1236,""New"":1238,""Reason"":3}"
86009749,"{""Old"":448,""New"":450,""Reason"":3}"
46437212,"{""Old"":15119,""New"":15121,""Reason"":3}"
65324859,"{""Old"":24994,""New"":24996,""Reason"":3}"
65324859,"{""Old"":25130,""New"":25132,""Reason"":3}"
65324859,"{""Old"":24924,""New"":24926,""Reason"":3}"
41040836,"{""Old"":407,""New"":409,""Reason"":3}"
65324859,"{""Old"":24988,""New"":24990,""Reason"":3}"
84957257,"{""Old"":15579,""New"":15581,""Reason"":3}"
84957257,"{""Old"":16277,""New"":16279,""Reason"":3}"
84957257,"{""Old"":17113,""New"":17123,""Reason"":3}"
84957257,"{""Old"":17103,""New"":17113,""Reason"":3}"
84957257,"{""Old"":17427,""New"":17437,""Reason"":3}"
84957257,"{""Old"":16795,""New"":16805,""Reason"":3}"
84957257,"{""Old"":16717,""New"":16727,""Reason"":3}"
70971660,"{""Old"":833,""New"":835,""Reason"":3}"
70971660,"{""Old"":906,""New"":908,""Reason"":3}"
70971660,"{""Old"":1056,""New"":1058,""Reason"":3}"
70971660,"{""Old"":1211,""New"":1213,""Reason"":3}"
83319984,"{""Old"":4641,""New"":4643,""Reason"":3}"
79480736,"{""Old"":381,""New"":383,""Reason"":3}"
79480736,"{""Old"":524,""New"":526,""Reason"":3}"
6865857,"{""Old"":2846,""New"":2856,""Reason"":3}"
79480736,"{""Old"":474,""New"":476,""Reason"":3}"
43780156,"{""Old"":23413,""New"":23423,""Reason"":3}"
43780156,"{""Old"":26943,""New"":26953,""Reason"":3}"
43780156,"{""Old"":27428,""New"":27448,""Reason"":3}"
43780156,"{""Old"":27418,""New"":27428,""Reason"":3}"
43780156,"{""Old"":27818,""New"":27828,""Reason"":3}"
43780156,"{""Old"":28808,""New"":28818,""Reason"":3}"
43780156,"{""Old"":31008,""New"":31018,""Reason"":3}"
43780156,"{""Old"":6857,""New"":6887,""Reason"":3}"
43780156,"{""Old"":8267,""New"":8287,""Reason"":3}"
43780156,"{""Old"":9471,""New"":9481,""Reason"":3}"
43780156,"{""Old"":9821,""New"":9841,""Reason"":3}"
43780156,"{""Old"":12295,""New"":12305,""Reason"":3}"
43780156,"{""Old"":12690,""New"":12700,""Reason"":3}"
43780156,"{""Old"":13047,""New"":13057,""Reason"":3}"
43780156,"{""Old"":13402,""New"":13422,""Reason"":3}"
43780156,"{""Old"":2009,""New"":2019,""Reason"":3}"
79480736,"{""Old"":280,""New"":282,""Reason"":3}"
43780156,"{""Old"":12600,""New"":12610,""Reason"":3}"
43780156,"{""Old"":13302,""New"":13312,""Reason"":3}"
43780156,"{""Old"":16171,""New"":16231,""Reason"":3}"
43780156,"{""Old"":18366,""New"":18396,""Reason"":3}"
43780156,"{""Old"":20773,""New"":20783,""Reason"":3}"
43780156,"{""Old"":21588,""New"":21598,""Reason"":3}"
43780156,"{""Old"":22348,""New"":22358,""Reason"":3}"
43780156,"{""Old"":24623,""New"":24633,""Reason"":3}"
43780156,"{""Old"":25198,""New"":25208,""Reason"":3}"
43780156,"{""Old"":27633,""New"":27643,""Reason"":3}"
43780156,"{""Old"":30663,""New"":30673,""Reason"":3}"
43780156,"{""Old"":31688,""New"":31698,""Reason"":3}"
43780156,"{""Old"":34293,""New"":34303,""Reason"":3}"
43780156,"{""Old"":35173,""New"":35193,""Reason"":3}"
43780156,"{""Old"":38463,""New"":38473,""Reason"":3}"
79480736,"{""Old"":222,""New"":224,""Reason"":3}"
4405013,"{""Old"":583,""New"":585,""Reason"":3}"
55531402,"{""Old"":923293,""New"":923303,""Reason"":3}"
24608076,"{""Old"":3509,""New"":3519,""Reason"":3}"
50681822,"{""Old"":369,""New"":371,""Reason"":3}"
10339843,"{""Old"":193,""New"":195,""Reason"":3}"
35216582,"{""Old"":28206,""New"":28226,""Reason"":3}"
35216582,"{""Old"":28131,""New"":28141,""Reason"":3}"
35216582,"{""Old"":31342,""New"":31352,""Reason"":3}"
120308116,"{""Old"":1133,""New"":1135,""Reason"":3}"
69442044,"{""Old"":471,""New"":473,""Reason"":3}"
69442044,"{""Old"":519,""New"":521,""Reason"":3}"
62448257,"{""Old"":2148,""New"":2150,""Reason"":3}"
13083476,"{""Old"":157,""New"":159,""Reason"":3}"
35875544,"{""Old"":22465,""New"":22475,""Reason"":3}"
13083476,"{""Old"":886,""New"":896,""Reason"":3}"
13083476,"{""Old"":1018,""New"":1028,""Reason"":3}"
62448257,"{""Old"":2322,""New"":2324,""Reason"":3}"
47061761,"{""Old"":746,""New"":748,""Reason"":3}"
47061761,"{""Old"":960,""New"":962,""Reason"":3}"
47061761,"{""Old"":966,""New"":976,""Reason"":3}"
47061761,"{""Old"":1776,""New"":1778,""Reason"":3}"
47061761,"{""Old"":1773,""New"":1775,""Reason"":3}"
37988048,"{""Old"":1774,""New"":1784,""Reason"":3}"
52436180,"{""Old"":381707,""New"":381727,""Reason"":3}"
32002545,"{""Old"":162,""New"":164,""Reason"":3}"
73660558,"{""Old"":2575,""New"":2585,""Reason"":3}"
79142355,"{""Old"":1044,""New"":1046,""Reason"":3}"
84957257,"{""Old"":16081,""New"":16085,""Reason"":3}"
84957257,"{""Old"":16569,""New"":16579,""Reason"":3}"
84957257,"{""Old"":16537,""New"":16539,""Reason"":3}"
48073539,"{""Old"":2361,""New"":2363,""Reason"":3}"
48073539,"{""Old"":2409,""New"":2419,""Reason"":3}"
7378760,"{""Old"":145138,""New"":145140,""Reason"":3}"
19970226,"{""Old"":46,""New"":48,""Reason"":3}"
19970226,"{""Old"":76,""New"":78,""Reason"":3}"
26186173,"{""Old"":175,""New"":177,""Reason"":3}"
26480103,"{""Old"":273,""New"":275,""Reason"":3}"
26480103,"{""Old"":643,""New"":645,""Reason"":3}"
26480103,"{""Old"":341,""New"":343,""Reason"":3}"
26480103,"{""Old"":360,""New"":370,""Reason"":3}"
23305159,"{""Old"":475,""New"":477,""Reason"":3}"
23305159,"{""Old"":682,""New"":702,""Reason"":3}"
23305159,"{""Old"":772,""New"":774,""Reason"":3}"
7378760,"{""Old"":145168,""New"":145170,""Reason"":3}"
19970226,"{""Old"":52,""New"":54,""Reason"":3}"
6615671,"{""Old"":1094,""New"":1114,""Reason"":3}"
26480103,"{""Old"":550,""New"":552,""Reason"":3}"
26480103,"{""Old"":666,""New"":670,""Reason"":3}"
26186173,"{""Old"":139,""New"":141,""Reason"":3}"
17655371,"{""Old"":574,""New"":576,""Reason"":3}"
17655371,"{""Old"":811,""New"":813,""Reason"":3}"
17655371,"{""Old"":577,""New"":579,""Reason"":3}"
53038420,"{""Old"":393,""New"":395,""Reason"":3}"
8883313,"{""Old"":1484,""New"":1486,""Reason"":3}"
8883313,"{""Old"":1426,""New"":1428,""Reason"":3}"
207939651,"{""Old"":1112,""New"":1122,""Reason"":3}"
73660558,"{""Old"":2515,""New"":2517,""Reason"":3}"
73660558,"{""Old"":2505,""New"":2507,""Reason"":3}"
79142355,"{""Old"":976,""New"":986,""Reason"":3}"
79142355,"{""Old"":996,""New"":998,""Reason"":3}"
79142355,"{""Old"":1000,""New"":1002,""Reason"":3}"
84957257,"{""Old"":17652,""New"":17662,""Reason"":3}"
84957257,"{""Old"":17748,""New"":17758,""Reason"":3}"
84957257,"{""Old"":13980,""New"":13990,""Reason"":3}"
84957257,"{""Old"":16751,""New"":16753,""Reason"":3}"
8883313,"{""Old"":1526,""New"":1528,""Reason"":3}"
13755035,"{""Old"":163,""New"":165,""Reason"":3}"
79142355,"{""Old"":990,""New"":992,""Reason"":3}"
79142355,"{""Old"":1020,""New"":1030,""Reason"":3}"
79142355,"{""Old"":1018,""New"":1020,""Reason"":3}"
26068370,"{""Old"":1167,""New"":1169,""Reason"":3}"
2796424,"{""Old"":5158,""New"":5160,""Reason"":3}"
2796424,"{""Old"":5170,""New"":5172,""Reason"":3}"
20440680,"{""Old"":3454,""New"":3456,""Reason"":3}"
47061761,"{""Old"":865,""New"":867,""Reason"":3}"
47061761,"{""Old"":1323,""New"":1325,""Reason"":3}"
47061761,"{""Old"":962,""New"":964,""Reason"":3}"
47061761,"{""Old"":1313,""New"":1315,""Reason"":3}"
47061761,"{""Old"":790,""New"":792,""Reason"":3}"
47061761,"{""Old"":1750,""New"":1752,""Reason"":3}"
47061761,"{""Old"":1769,""New"":1771,""Reason"":3}"
47061761,"{""Old"":1627,""New"":1629,""Reason"":3}"
47061761,"{""Old"":1672,""New"":1674,""Reason"":3}"
50494222,"{""Old"":82747,""New"":82757,""Reason"":3}"
20440680,"{""Old"":3511,""New"":3513,""Reason"":3}"
50494222,"{""Old"":82587,""New"":82597,""Reason"":3}"
20440680,"{""Old"":3434,""New"":3436,""Reason"":3}"
8673338,"{""Old"":13388,""New"":13398,""Reason"":3}"
8673338,"{""Old"":13410,""New"":13420,""Reason"":3}"
70971660,"{""Old"":1146,""New"":1148,""Reason"":3}"
16303419,"{""Old"":65822,""New"":65832,""Reason"":3}"
84957257,"{""Old"":15209,""New"":15211,""Reason"":3}"
84957257,"{""Old"":15716,""New"":15718,""Reason"":3}"
84957257,"{""Old"":16475,""New"":16485,""Reason"":3}"
16303419,"{""Old"":70680,""New"":70690,""Reason"":3}"
16303419,"{""Old"":71177,""New"":71197,""Reason"":3}"
30834896,"{""Old"":1,""New"":3,""Reason"":3}"
209900380,"{""Old"":1381,""New"":1383,""Reason"":3}"
43351980,"{""Old"":15431,""New"":15433,""Reason"":3}"
35875544,"{""Old"":31239,""New"":31249,""Reason"":3}"
35875544,"{""Old"":31619,""New"":31629,""Reason"":3}"
9428992,"{""Old"":893,""New"":895,""Reason"":3}"
16303419,"{""Old"":73427,""New"":73447,""Reason"":3}"
16303419,"{""Old"":74209,""New"":74229,""Reason"":3}"
16303419,"{""Old"":76011,""New"":76021,""Reason"":3}"
70971660,"{""Old"":468,""New"":470,""Reason"":3}"
48073539,"{""Old"":2419,""New"":2421,""Reason"":3}"
31853290,"{""Old"":143,""New"":145,""Reason"":3}"
17730425,"{""Old"":2340,""New"":2350,""Reason"":3}"
17730425,"{""Old"":2350,""New"":2360,""Reason"":3}"
17730425,"{""Old"":2880,""New"":2884,""Reason"":3}"
9442327,"{""Old"":144,""New"":146,""Reason"":3}"
9442327,"{""Old"":196,""New"":198,""Reason"":3}"
44663519,"{""Old"":515,""New"":517,""Reason"":3}"
44931151,"{""Old"":82790,""New"":82792,""Reason"":3}"
44931151,"{""Old"":83280,""New"":83290,""Reason"":3}"
44931151,"{""Old"":83260,""New"":83270,""Reason"":3}"
44931151,"{""Old"":83390,""New"":83400,""Reason"":3}"
44663519,"{""Old"":435,""New"":437,""Reason"":3}"
44931151,"{""Old"":82188,""New"":82190,""Reason"":3}"
44931151,"{""Old"":82296,""New"":82298,""Reason"":3}"
44931151,"{""Old"":84577,""New"":84579,""Reason"":3}"
44663519,"{""Old"":511,""New"":515,""Reason"":3}"
44931151,"{""Old"":82158,""New"":82160,""Reason"":3}"
44931151,"{""Old"":83544,""New"":83554,""Reason"":3}"
44931151,"{""Old"":82784,""New"":82786,""Reason"":3}"
44931151,"{""Old"":83118,""New"":83128,""Reason"":3}"
44931151,"{""Old"":84175,""New"":84185,""Reason"":3}"
44931151,"{""Old"":84483,""New"":84493,""Reason"":3}"
44663519,"{""Old"":537,""New"":539,""Reason"":3}"
44931151,"{""Old"":83470,""New"":83472,""Reason"":3}"
44931151,"{""Old"":84275,""New"":84285,""Reason"":3}"
20302898,"{""Old"":2609,""New"":2611,""Reason"":3}"
67836518,"{""Old"":4337,""New"":4347,""Reason"":3}"
20302898,"{""Old"":2743,""New"":2753,""Reason"":3}"
8883313,"{""Old"":1458,""New"":1460,""Reason"":3}"
8883313,"{""Old"":1460,""New"":1462,""Reason"":3}"
70971660,"{""Old"":871,""New"":873,""Reason"":3}"
70971660,"{""Old"":592,""New"":594,""Reason"":3}"
70971660,"{""Old"":687,""New"":689,""Reason"":3}"
70971660,"{""Old"":1033,""New"":1035,""Reason"":3}"
70971660,"{""Old"":1117,""New"":1127,""Reason"":3}"
65324859,"{""Old"":24998,""New"":25000,""Reason"":3}"
26453322,"{""Old"":32798,""New"":32808,""Reason"":3}"
26453322,"{""Old"":32980,""New"":32990,""Reason"":3}"
26453322,"{""Old"":32990,""New"":33000,""Reason"":3}"
26453322,"{""Old"":32808,""New"":32818,""Reason"":3}"
26453322,"{""Old"":32391,""New"":32401,""Reason"":3}"
2796424,"{""Old"":5168,""New"":5170,""Reason"":3}"
2796424,"{""Old"":5154,""New"":5156,""Reason"":3}"
15795229,"{""Old"":2234,""New"":2244,""Reason"":3}"
57851814,"{""Old"":670,""New"":672,""Reason"":3}"
47200242,"{""Old"":7585,""New"":7589,""Reason"":3}"
35875544,"{""Old"":20346,""New"":20356,""Reason"":3}"
35875544,"{""Old"":20446,""New"":20456,""Reason"":3}"
35875544,"{""Old"":20900,""New"":20910,""Reason"":3}"
35875544,"{""Old"":20696,""New"":20698,""Reason"":3}"
35875544,"{""Old"":21478,""New"":21480,""Reason"":3}"
35875544,"{""Old"":21926,""New"":21936,""Reason"":3}"
28562228,"{""Old"":150,""New"":152,""Reason"":3}"
56491357,"{""Old"":717,""New"":719,""Reason"":3}"
38749156,"{""Old"":4151,""New"":4153,""Reason"":3}"
35875544,"{""Old"":20191,""New"":20193,""Reason"":3}"
35875544,"{""Old"":21368,""New"":21370,""Reason"":3}"
35875544,"{""Old"":21456,""New"":21458,""Reason"":3}"
35875544,"{""Old"":21515,""New"":21517,""Reason"":3}"
35875544,"{""Old"":21564,""New"":21566,""Reason"":3}"
35875544,"{""Old"":21652,""New"":21662,""Reason"":3}"
35875544,"{""Old"":20046,""New"":20048,""Reason"":3}"
40712395,"{""Old"":547,""New"":549,""Reason"":3}"
38518128,"{""Old"":2707,""New"":2709,""Reason"":3}"
208910409,"{""Old"":1202,""New"":1212,""Reason"":3}"
16303419,"{""Old"":73052,""New"":73062,""Reason"":3}"
16303419,"{""Old"":73532,""New"":73542,""Reason"":3}"
16303419,"{""Old"":73737,""New"":73767,""Reason"":3}"
16303419,"{""Old"":74189,""New"":74199,""Reason"":3}"
16303419,"{""Old"":74059,""New"":74069,""Reason"":3}"
16303419,"{""Old"":75049,""New"":75069,""Reason"":3}"
16303419,"{""Old"":77261,""New"":77271,""Reason"":3}"
32389590,"{""Old"":425,""New"":427,""Reason"":3}"
169859,"{""Old"":8809,""New"":8819,""Reason"":3}"
79142355,"{""Old"":1046,""New"":1048,""Reason"":3}"
69442044,"{""Old"":284,""New"":290,""Reason"":3}"
69442044,"{""Old"":308,""New"":310,""Reason"":3}"
69442044,"{""Old"":338,""New"":348,""Reason"":3}"
44481882,"{""Old"":636,""New"":638,""Reason"":3}"
40247006,"{""Old"":1267,""New"":1269,""Reason"":3}"
44931151,"{""Old"":83082,""New"":83084,""Reason"":3}"
44931151,"{""Old"":84055,""New"":84065,""Reason"":3}"
44931151,"{""Old"":84355,""New"":84365,""Reason"":3}"
44931151,"{""Old"":84579,""New"":84589,""Reason"":3}"
44931151,"{""Old"":84681,""New"":84691,""Reason"":3}"
40606596,"{""Old"":505,""New"":507,""Reason"":3}"
62923015,"{""Old"":2230,""New"":2234,""Reason"":3}"
41121780,"{""Old"":329,""New"":331,""Reason"":3}"
43996202,"{""Old"":102,""New"":104,""Reason"":3}"
9442327,"{""Old"":127,""New"":129,""Reason"":3}"
9442327,"{""Old"":189,""New"":191,""Reason"":3}"
55843654,"{""Old"":16341,""New"":16343,""Reason"":3}"
215520292,"{""Old"":315119,""New"":315169,""Reason"":3}"
80491185,"{""Old"":4677,""New"":4679,""Reason"":3}"
215520292,"{""Old"":314112,""New"":314116,""Reason"":3}"
215520292,"{""Old"":317194,""New"":317196,""Reason"":3}"
55843654,"{""Old"":16343,""New"":16345,""Reason"":3}"
23046730,"{""Old"":300,""New"":302,""Reason"":3}"
48056970,"{""Old"":922,""New"":924,""Reason"":3}"
44510856,"{""Old"":1701,""New"":1703,""Reason"":3}"
48056970,"{""Old"":820,""New"":830,""Reason"":3}"
44510856,"{""Old"":1404,""New"":1406,""Reason"":3}"
47061761,"{""Old"":1129,""New"":1131,""Reason"":3}"
47061761,"{""Old"":1273,""New"":1277,""Reason"":3}"
47061761,"{""Old"":976,""New"":978,""Reason"":3}"
47061761,"{""Old"":1703,""New"":1713,""Reason"":3}"
47061761,"{""Old"":782,""New"":784,""Reason"":3}"
6881205,"{""Old"":1335,""New"":1337,""Reason"":3}"
218733227,"{""Old"":969,""New"":973,""Reason"":3}"
62923015,"{""Old"":710,""New"":720,""Reason"":3}"
40606596,"{""Old"":507,""New"":509,""Reason"":3}"
44931151,"{""Old"":83809,""New"":83819,""Reason"":3}"
44931151,"{""Old"":83779,""New"":83789,""Reason"":3}"
44931151,"{""Old"":83943,""New"":83945,""Reason"":3}"
44931151,"{""Old"":84065,""New"":84075,""Reason"":3}"
80491185,"{""Old"":5094,""New"":5104,""Reason"":3}"
80491185,"{""Old"":4071,""New"":4081,""Reason"":3}"
44931151,"{""Old"":82968,""New"":82988,""Reason"":3}"
44931151,"{""Old"":83080,""New"":83082,""Reason"":3}"
26480103,"{""Old"":676,""New"":678,""Reason"":3}"
79782981,"{""Old"":3438,""New"":3440,""Reason"":3}"
218733227,"{""Old"":876,""New"":878,""Reason"":3}"
85888980,"{""Old"":843,""New"":845,""Reason"":3}"
32174685,"{""Old"":286,""New"":290,""Reason"":3}"
4239086,"{""Old"":4071,""New"":4073,""Reason"":3}"
4239086,"{""Old"":4047,""New"":4049,""Reason"":3}"
61658100,"{""Old"":1542,""New"":1544,""Reason"":3}"
61658100,"{""Old"":1627,""New"":1629,""Reason"":3}"
48205250,"{""Old"":4360,""New"":4362,""Reason"":3}"
48205250,"{""Old"":4406,""New"":4408,""Reason"":3}"
48205250,"{""Old"":4117,""New"":4119,""Reason"":3}"
63778994,"{""Old"":361935,""New"":361975,""Reason"":3}"
63778994,"{""Old"":362467,""New"":362477,""Reason"":3}"
63778994,"{""Old"":364198,""New"":364218,""Reason"":3}"
63778994,"{""Old"":367372,""New"":367382,""Reason"":3}"
4980186,"{""Old"":3452,""New"":3462,""Reason"":3}"
62553613,"{""Old"":10814,""New"":10816,""Reason"":3}"
42367164,"{""Old"":1923,""New"":1925,""Reason"":3}"
38749156,"{""Old"":5667,""New"":5687,""Reason"":3}"
38749156,"{""Old"":6119,""New"":6149,""Reason"":3}"
38749156,"{""Old"":6449,""New"":6451,""Reason"":3}"
47200242,"{""Old"":7373,""New"":7375,""Reason"":3}"
202176747,"{""Old"":114817,""New"":114819,""Reason"":3}"
13083476,"{""Old"":992,""New"":994,""Reason"":3}"
13083476,"{""Old"":990,""New"":992,""Reason"":3}"
38749156,"{""Old"":382,""New"":384,""Reason"":3}"
38749156,"{""Old"":310,""New"":312,""Reason"":3}"
8257034,"{""Old"":3264,""New"":3266,""Reason"":3}"
8257034,"{""Old"":3254,""New"":3256,""Reason"":3}"
13083476,"{""Old"":365,""New"":367,""Reason"":3}"
6865857,"{""Old"":2990,""New"":3000,""Reason"":3}"
83319984,"{""Old"":4639,""New"":4641,""Reason"":3}"
6865857,"{""Old"":3232,""New"":3236,""Reason"":3}"
6865857,"{""Old"":3290,""New"":3292,""Reason"":3}"
8873732,"{""Old"":25128,""New"":25130,""Reason"":3}"
8873732,"{""Old"":25272,""New"":25282,""Reason"":3}"
27777369,"{""Old"":66613,""New"":66615,""Reason"":3}"
27777369,"{""Old"":66619,""New"":66621,""Reason"":3}"
27777369,"{""Old"":66617,""New"":66619,""Reason"":3}"
63778994,"{""Old"":359354,""New"":359364,""Reason"":3}"
63778994,"{""Old"":361713,""New"":361715,""Reason"":3}"
81856946,"{""Old"":887,""New"":889,""Reason"":3}"
81856946,"{""Old"":926,""New"":928,""Reason"":3}"
81856946,"{""Old"":1193,""New"":1195,""Reason"":3}"
81856946,"{""Old"":1314,""New"":1318,""Reason"":3}"
19970226,"{""Old"":29,""New"":31,""Reason"":3}"
63778994,"{""Old"":366332,""New"":366342,""Reason"":3}"
63778994,"{""Old"":367362,""New"":367372,""Reason"":3}"
65582555,"{""Old"":152,""New"":154,""Reason"":3}"
63778994,"{""Old"":364178,""New"":364198,""Reason"":3}"
63778994,"{""Old"":365947,""New"":365967,""Reason"":3}"
63778994,"{""Old"":366787,""New"":366797,""Reason"":3}"
63778994,"{""Old"":367412,""New"":367422,""Reason"":3}"
81856946,"{""Old"":1013,""New"":1015,""Reason"":3}"
81856946,"{""Old"":823,""New"":825,""Reason"":3}"
42817421,"{""Old"":2473,""New"":2475,""Reason"":3}"
42817421,"{""Old"":2557,""New"":2567,""Reason"":3}"
79782981,"{""Old"":3455,""New"":3457,""Reason"":3}"
26480103,"{""Old"":382,""New"":384,""Reason"":3}"
37744135,"{""Old"":29244,""New"":29254,""Reason"":3}"
63778994,"{""Old"":364630,""New"":364640,""Reason"":3}"
63778994,"{""Old"":367927,""New"":367947,""Reason"":3}"
79782981,"{""Old"":3290,""New"":3300,""Reason"":3}"
79782981,"{""Old"":3529,""New"":3531,""Reason"":3}"
37781144,"{""Old"":393,""New"":395,""Reason"":3}"
47061761,"{""Old"":1327,""New"":1329,""Reason"":3}"
47061761,"{""Old"":1014,""New"":1024,""Reason"":3}"
47061761,"{""Old"":1575,""New"":1577,""Reason"":3}"
47061761,"{""Old"":1516,""New"":1518,""Reason"":3}"
73660558,"{""Old"":2543,""New"":2545,""Reason"":3}"
79142355,"{""Old"":968,""New"":970,""Reason"":3}"
16303419,"{""Old"":76866,""New"":76876,""Reason"":3}"
16303419,"{""Old"":77191,""New"":77241,""Reason"":3}"
16303419,"{""Old"":73387,""New"":73417,""Reason"":3}"
16303419,"{""Old"":76801,""New"":76811,""Reason"":3}"
16303419,"{""Old"":77296,""New"":77306,""Reason"":3}"
70315956,"{""Old"":819,""New"":821,""Reason"":3}"
70971660,"{""Old"":394,""New"":396,""Reason"":3}"
70971660,"{""Old"":1239,""New"":1241,""Reason"":3}"
13083476,"{""Old"":957,""New"":967,""Reason"":3}"
49831730,"{""Old"":987,""New"":989,""Reason"":3}"
38238691,"{""Old"":28,""New"":30,""Reason"":3}"
39687811,"{""Old"":342,""New"":344,""Reason"":3}"
205211705,"{""Old"":3646,""New"":3648,""Reason"":3}"
57851814,"{""Old"":608,""New"":610,""Reason"":3}"
35875544,"{""Old"":20863,""New"":20873,""Reason"":3}"
47200242,"{""Old"":7222,""New"":7226,""Reason"":3}"
36422175,"{""Old"":609,""New"":611,""Reason"":3}"
44931151,"{""Old"":82200,""New"":82210,""Reason"":3}"
44931151,"{""Old"":82830,""New"":82840,""Reason"":3}"
44931151,"{""Old"":82956,""New"":82966,""Reason"":3}"
44931151,"{""Old"":83789,""New"":83799,""Reason"":3}"
44931151,"{""Old"":84125,""New"":84135,""Reason"":3}"
44931151,"{""Old"":84375,""New"":84385,""Reason"":3}"
44931151,"{""Old"":84463,""New"":84473,""Reason"":3}"
44931151,"{""Old"":82988,""New"":82998,""Reason"":3}"
44931151,"{""Old"":84245,""New"":84255,""Reason"":3}"
40606596,"{""Old"":509,""New"":511,""Reason"":3}"
62923015,"{""Old"":2228,""New"":2230,""Reason"":3}"
44931151,"{""Old"":82880,""New"":82882,""Reason"":3}"
44931151,"{""Old"":83038,""New"":83058,""Reason"":3}"
44931151,"{""Old"":84085,""New"":84095,""Reason"":3}"
44663519,"{""Old"":471,""New"":473,""Reason"":3}"
44931151,"{""Old"":84285,""New"":84295,""Reason"":3}"
44931151,"{""Old"":84525,""New"":84535,""Reason"":3}"
41121780,"{""Old"":212,""New"":214,""Reason"":3}"
81856946,"{""Old"":1253,""New"":1255,""Reason"":3}"
81856946,"{""Old"":1345,""New"":1347,""Reason"":3}"
37744135,"{""Old"":29480,""New"":29482,""Reason"":3}"
23305159,"{""Old"":135,""New"":137,""Reason"":3}"
23305159,"{""Old"":580,""New"":590,""Reason"":3}"
23305159,"{""Old"":658,""New"":660,""Reason"":3}"
36422175,"{""Old"":702,""New"":706,""Reason"":3}"
35875544,"{""Old"":21352,""New"":21354,""Reason"":3}"
49831730,"{""Old"":337,""New"":339,""Reason"":3}"
35875544,"{""Old"":21192,""New"":21194,""Reason"":3}"
38749156,"{""Old"":1446,""New"":1448,""Reason"":3}"
38749156,"{""Old"":2396,""New"":2398,""Reason"":3}"
38749156,"{""Old"":3324,""New"":3334,""Reason"":3}"
38749156,"{""Old"":5327,""New"":5337,""Reason"":3}"
17730425,"{""Old"":2444,""New"":2454,""Reason"":3}"
20302898,"{""Old"":2853,""New"":2855,""Reason"":3}"
200690715,"{""Old"":423,""New"":425,""Reason"":3}"
13533643,"{""Old"":3646,""New"":3656,""Reason"":3}"
84957257,"{""Old"":15523,""New"":15525,""Reason"":3}"
53038420,"{""Old"":432,""New"":434,""Reason"":3}"
84957257,"{""Old"":17291,""New"":17301,""Reason"":3}"
31853290,"{""Old"":87,""New"":89,""Reason"":3}"
32002545,"{""Old"":241,""New"":243,""Reason"":3}"
23353445,"{""Old"":425,""New"":427,""Reason"":3}"
23353445,"{""Old"":465,""New"":475,""Reason"":3}"
210993055,"{""Old"":56458,""New"":56460,""Reason"":3}"
210993055,"{""Old"":56532,""New"":56542,""Reason"":3}"
210993055,"{""Old"":56293,""New"":56303,""Reason"":3}"
210993055,"{""Old"":56727,""New"":56737,""Reason"":3}"
35847621,"{""Old"":279,""New"":281,""Reason"":3}"
23353445,"{""Old"":484,""New"":486,""Reason"":3}"
65324859,"{""Old"":24996,""New"":24998,""Reason"":3}"
4239086,"{""Old"":3899,""New"":3901,""Reason"":3}"
71718548,"{""Old"":444,""New"":446,""Reason"":3}"
71718548,"{""Old"":438,""New"":442,""Reason"":3}"
71718548,"{""Old"":450,""New"":452,""Reason"":3}"
71718548,"{""Old"":362,""New"":364,""Reason"":3}"
65324859,"{""Old"":24986,""New"":24988,""Reason"":3}"
17171480,"{""Old"":2589,""New"":2599,""Reason"":3}"
218733227,"{""Old"":884,""New"":886,""Reason"":3}"
120308116,"{""Old"":1160,""New"":1162,""Reason"":3}"
8673338,"{""Old"":13502,""New"":13512,""Reason"":3}"
169859,"{""Old"":8905,""New"":8915,""Reason"":3}"
169859,"{""Old"":8969,""New"":8979,""Reason"":3}"
207939651,"{""Old"":1104,""New"":1106,""Reason"":3}"
32002545,"{""Old"":229,""New"":231,""Reason"":3}"
32002545,"{""Old"":538,""New"":540,""Reason"":3}"
8673338,"{""Old"":13532,""New"":13542,""Reason"":3}"
8673338,"{""Old"":13542,""New"":13552,""Reason"":3}"
70971660,"{""Old"":296,""New"":298,""Reason"":3}"
8673338,"{""Old"":12750,""New"":12752,""Reason"":3}"
70971660,"{""Old"":847,""New"":849,""Reason"":3}"
70971660,"{""Old"":991,""New"":993,""Reason"":3}"
70971660,"{""Old"":470,""New"":472,""Reason"":3}"
208990330,"{""Old"":201,""New"":203,""Reason"":3}"
15795229,"{""Old"":938,""New"":940,""Reason"":3}"
10586403,"{""Old"":2800,""New"":2802,""Reason"":3}"
20302898,"{""Old"":3003,""New"":3005,""Reason"":3}"
35847621,"{""Old"":472,""New"":474,""Reason"":3}"
70971660,"{""Old"":1156,""New"":1158,""Reason"":3}"
70971660,"{""Old"":1168,""New"":1170,""Reason"":3}"
8673338,"{""Old"":12730,""New"":12732,""Reason"":3}"
8673338,"{""Old"":13148,""New"":13158,""Reason"":3}"
8673338,"{""Old"":13246,""New"":13248,""Reason"":3}"
32002545,"{""Old"":484,""New"":486,""Reason"":3}"
8673338,"{""Old"":12796,""New"":12798,""Reason"":3}"
8673338,"{""Old"":12824,""New"":12826,""Reason"":3}"
62448257,"{""Old"":2254,""New"":2256,""Reason"":3}"
35875544,"{""Old"":19734,""New"":19738,""Reason"":3}"
57851814,"{""Old"":715,""New"":717,""Reason"":3}"
49831730,"{""Old"":431,""New"":435,""Reason"":3}"
35875544,"{""Old"":19972,""New"":19974,""Reason"":3}"
9692226,"{""Old"":1725,""New"":1729,""Reason"":3}"
9692226,"{""Old"":1859,""New"":1861,""Reason"":3}"
9692226,"{""Old"":1904,""New"":1906,""Reason"":3}"
46662749,"{""Old"":2333,""New"":2335,""Reason"":3}"
46662749,"{""Old"":2336,""New"":2338,""Reason"":3}"
63778994,"{""Old"":362222,""New"":362232,""Reason"":3}"
63778994,"{""Old"":366702,""New"":366722,""Reason"":3}"
65582555,"{""Old"":126,""New"":128,""Reason"":3}"
37744135,"{""Old"":29258,""New"":29260,""Reason"":3}"
48205250,"{""Old"":4077,""New"":4079,""Reason"":3}"
37744135,"{""Old"":28239,""New"":28241,""Reason"":3}"
37744135,"{""Old"":28799,""New"":28801,""Reason"":3}"
46662749,"{""Old"":2075,""New"":2077,""Reason"":3}"
58261482,"{""Old"":1252,""New"":1254,""Reason"":3}"
46290546,"{""Old"":7802,""New"":7804,""Reason"":3}"
83457219,"{""Old"":2284,""New"":2286,""Reason"":3}"
83457219,"{""Old"":2082,""New"":2086,""Reason"":3}"
80491185,"{""Old"":4751,""New"":4761,""Reason"":3}"
215520292,"{""Old"":314201,""New"":314221,""Reason"":3}"
215520292,"{""Old"":314660,""New"":314670,""Reason"":3}"
80491185,"{""Old"":4492,""New"":4502,""Reason"":3}"
80491185,"{""Old"":4773,""New"":4775,""Reason"":3}"
43780156,"{""Old"":2733,""New"":2735,""Reason"":3}"
43780156,"{""Old"":5486,""New"":5506,""Reason"":3}"
43780156,"{""Old"":6375,""New"":6385,""Reason"":3}"
43780156,"{""Old"":9886,""New"":9896,""Reason"":3}"
43780156,"{""Old"":29483,""New"":29513,""Reason"":3}"
43780156,"{""Old"":30533,""New"":30543,""Reason"":3}"
43780156,"{""Old"":30813,""New"":30823,""Reason"":3}"
43780156,"{""Old"":31658,""New"":31678,""Reason"":3}"
43780156,"{""Old"":36643,""New"":36653,""Reason"":3}"
43780156,"{""Old"":21623,""New"":21643,""Reason"":3}"
43780156,"{""Old"":22923,""New"":22943,""Reason"":3}"
43780156,"{""Old"":24233,""New"":24243,""Reason"":3}"
43780156,"{""Old"":24983,""New"":25003,""Reason"":3}"
43780156,"{""Old"":28398,""New"":28408,""Reason"":3}"
43780156,"{""Old"":28543,""New"":28553,""Reason"":3}"
43780156,"{""Old"":29243,""New"":29263,""Reason"":3}"
43780156,"{""Old"":30543,""New"":30553,""Reason"":3}"
43780156,"{""Old"":31743,""New"":31763,""Reason"":3}"
43780156,"{""Old"":34158,""New"":34168,""Reason"":3}"
43780156,"{""Old"":36203,""New"":36233,""Reason"":3}"
43780156,"{""Old"":3081,""New"":3091,""Reason"":3}"
43780156,"{""Old"":5131,""New"":5141,""Reason"":3}"
43780156,"{""Old"":10156,""New"":10166,""Reason"":3}"
43780156,"{""Old"":10778,""New"":10788,""Reason"":3}"
43780156,"{""Old"":10980,""New"":11010,""Reason"":3}"
43780156,"{""Old"":11390,""New"":11400,""Reason"":3}"
43780156,"{""Old"":11750,""New"":11760,""Reason"":3}"
43780156,"{""Old"":14344,""New"":14354,""Reason"":3}"
46446795,"{""Old"":2945,""New"":2965,""Reason"":3}"
6865857,"{""Old"":3055,""New"":3057,""Reason"":3}"
42284682,"{""Old"":875,""New"":877,""Reason"":3}"
43780156,"{""Old"":3046,""New"":3056,""Reason"":3}"
43780156,"{""Old"":4587,""New"":4597,""Reason"":3}"
43780156,"{""Old"":4547,""New"":4557,""Reason"":3}"
43780156,"{""Old"":5586,""New"":5596,""Reason"":3}"
43780156,"{""Old"":6962,""New"":6972,""Reason"":3}"
43780156,"{""Old"":8634,""New"":8664,""Reason"":3}"
43780156,"{""Old"":18151,""New"":18161,""Reason"":3}"
43780156,"{""Old"":18521,""New"":18541,""Reason"":3}"
43780156,"{""Old"":19528,""New"":19538,""Reason"":3}"
43780156,"{""Old"":22793,""New"":22813,""Reason"":3}"
43780156,"{""Old"":24403,""New"":24413,""Reason"":3}"
43780156,"{""Old"":26998,""New"":27008,""Reason"":3}"
43780156,"{""Old"":27653,""New"":27673,""Reason"":3}"
43780156,"{""Old"":30478,""New"":30488,""Reason"":3}"
43780156,"{""Old"":33953,""New"":33963,""Reason"":3}"
43780156,"{""Old"":33893,""New"":33933,""Reason"":3}"
43780156,"{""Old"":36303,""New"":36313,""Reason"":3}"
43780156,"{""Old"":36293,""New"":36303,""Reason"":3}"
83319984,"{""Old"":4353,""New"":4363,""Reason"":3}"
83319984,"{""Old"":4397,""New"":4399,""Reason"":3}"
83457219,"{""Old"":2382,""New"":2384,""Reason"":3}"
79480736,"{""Old"":618,""New"":620,""Reason"":3}"
43780156,"{""Old"":39853,""New"":39863,""Reason"":3}"
43780156,"{""Old"":2961,""New"":2971,""Reason"":3}"
43780156,"{""Old"":5893,""New"":5913,""Reason"":3}"
43780156,"{""Old"":6542,""New"":6552,""Reason"":3}"
43780156,"{""Old"":10968,""New"":10978,""Reason"":3}"
43780156,"{""Old"":11650,""New"":11660,""Reason"":3}"
43780156,"{""Old"":12862,""New"":12872,""Reason"":3}"
43780156,"{""Old"":14137,""New"":14147,""Reason"":3}"
43780156,"{""Old"":17011,""New"":17031,""Reason"":3}"
43780156,"{""Old"":19783,""New"":19803,""Reason"":3}"
43780156,"{""Old"":23608,""New"":23618,""Reason"":3}"
43780156,"{""Old"":24883,""New"":24893,""Reason"":3}"
43780156,"{""Old"":24953,""New"":24963,""Reason"":3}"
43780156,"{""Old"":26728,""New"":26748,""Reason"":3}"
43780156,"{""Old"":27693,""New"":27703,""Reason"":3}"
43780156,"{""Old"":28638,""New"":28658,""Reason"":3}"
43780156,"{""Old"":30603,""New"":30613,""Reason"":3}"
43780156,"{""Old"":31358,""New"":31378,""Reason"":3}"
43780156,"{""Old"":32268,""New"":32288,""Reason"":3}"
43780156,"{""Old"":33478,""New"":33488,""Reason"":3}"
43780156,"{""Old"":33623,""New"":33643,""Reason"":3}"
43780156,"{""Old"":36623,""New"":36633,""Reason"":3}"
43780156,"{""Old"":36843,""New"":36853,""Reason"":3}"
79480736,"{""Old"":707,""New"":709,""Reason"":3}"
79480736,"{""Old"":711,""New"":713,""Reason"":3}"
43780156,"{""Old"":7722,""New"":7732,""Reason"":3}"
43780156,"{""Old"":9351,""New"":9361,""Reason"":3}"
43780156,"{""Old"":4709,""New"":4719,""Reason"":3}"
43780156,"{""Old"":7782,""New"":7812,""Reason"":3}"
43780156,"{""Old"":10076,""New"":10086,""Reason"":3}"
43780156,"{""Old"":9981,""New"":9991,""Reason"":3}"
43780156,"{""Old"":11770,""New"":11790,""Reason"":3}"
43780156,"{""Old"":15576,""New"":15586,""Reason"":3}"
43780156,"{""Old"":18236,""New"":18246,""Reason"":3}"
43780156,"{""Old"":18656,""New"":18686,""Reason"":3}"
43780156,"{""Old"":19828,""New"":19838,""Reason"":3}"
43780156,"{""Old"":20033,""New"":20043,""Reason"":3}"
43780156,"{""Old"":20883,""New"":20893,""Reason"":3}"
43780156,"{""Old"":23893,""New"":23903,""Reason"":3}"
43780156,"{""Old"":24763,""New"":24773,""Reason"":3}"
43780156,"{""Old"":25153,""New"":25173,""Reason"":3}"
43780156,"{""Old"":28658,""New"":28668,""Reason"":3}"
43780156,"{""Old"":29623,""New"":29643,""Reason"":3}"
43780156,"{""Old"":37243,""New"":37253,""Reason"":3}"
43780156,"{""Old"":38403,""New"":38413,""Reason"":3}"
43780156,"{""Old"":38543,""New"":38553,""Reason"":3}"
44663519,"{""Old"":539,""New"":541,""Reason"":3}"
44663519,"{""Old"":577,""New"":579,""Reason"":3}"
63082603,"{""Old"":18848,""New"":18858,""Reason"":3}"
44931151,"{""Old"":82920,""New"":82922,""Reason"":3}"
41121780,"{""Old"":250,""New"":252,""Reason"":3}"
9442327,"{""Old"":175,""New"":179,""Reason"":3}"
82363364,"{""Old"":39,""New"":41,""Reason"":3}"
42367164,"{""Old"":1162,""New"":1164,""Reason"":3}"
42367164,"{""Old"":1662,""New"":1666,""Reason"":3}"
42367164,"{""Old"":1670,""New"":1672,""Reason"":3}"
42367164,"{""Old"":1767,""New"":1769,""Reason"":3}"
42367164,"{""Old"":1939,""New"":1941,""Reason"":3}"
35875544,"{""Old"":21664,""New"":21666,""Reason"":3}"
49831730,"{""Old"":404,""New"":406,""Reason"":3}"
49831730,"{""Old"":642,""New"":644,""Reason"":3}"
205211705,"{""Old"":3279,""New"":3281,""Reason"":3}"
205211705,"{""Old"":3656,""New"":3658,""Reason"":3}"
35875544,"{""Old"":19992,""New"":19994,""Reason"":3}"
49831730,"{""Old"":730,""New"":732,""Reason"":3}"
49831730,"{""Old"":984,""New"":986,""Reason"":3}"
49831730,"{""Old"":1151,""New"":1153,""Reason"":3}"
43780156,"{""Old"":4278,""New"":4288,""Reason"":3}"
43780156,"{""Old"":4669,""New"":4679,""Reason"":3}"
43780156,"{""Old"":8197,""New"":8207,""Reason"":3}"
43780156,"{""Old"":9381,""New"":9391,""Reason"":3}"
43780156,"{""Old"":9991,""New"":10001,""Reason"":3}"
43780156,"{""Old"":10121,""New"":10131,""Reason"":3}"
43780156,"{""Old"":11445,""New"":11455,""Reason"":3}"
43780156,"{""Old"":39673,""New"":39683,""Reason"":3}"
79480736,"{""Old"":338,""New"":340,""Reason"":3}"
9130127,"{""Old"":162,""New"":164,""Reason"":3}"
79480736,"{""Old"":693,""New"":703,""Reason"":3}"
79480736,"{""Old"":334,""New"":338,""Reason"":3}"
43780156,"{""Old"":27198,""New"":27208,""Reason"":3}"
43780156,"{""Old"":28858,""New"":28868,""Reason"":3}"
43780156,"{""Old"":31613,""New"":31623,""Reason"":3}"
43780156,"{""Old"":32108,""New"":32118,""Reason"":3}"
43780156,"{""Old"":32028,""New"":32038,""Reason"":3}"
43780156,"{""Old"":32213,""New"":32223,""Reason"":3}"
43780156,"{""Old"":34103,""New"":34113,""Reason"":3}"
43780156,"{""Old"":35143,""New"":35173,""Reason"":3}"
43780156,"{""Old"":37463,""New"":37473,""Reason"":3}"
43780156,"{""Old"":37623,""New"":37633,""Reason"":3}"
43780156,"{""Old"":38033,""New"":38053,""Reason"":3}"
43780156,"{""Old"":4517,""New"":4547,""Reason"":3}"
43780156,"{""Old"":6053,""New"":6073,""Reason"":3}"
43780156,"{""Old"":7637,""New"":7677,""Reason"":3}"
43780156,"{""Old"":11145,""New"":11155,""Reason"":3}"
43780156,"{""Old"":12340,""New"":12360,""Reason"":3}"
43780156,"{""Old"":14052,""New"":14082,""Reason"":3}"
43780156,"{""Old"":14754,""New"":14764,""Reason"":3}"
43780156,"{""Old"":15226,""New"":15246,""Reason"":3}"
43780156,"{""Old"":15426,""New"":15436,""Reason"":3}"
43780156,"{""Old"":16376,""New"":16396,""Reason"":3}"
43780156,"{""Old"":20793,""New"":20803,""Reason"":3}"
43780156,"{""Old"":20903,""New"":20923,""Reason"":3}"
43780156,"{""Old"":21378,""New"":21398,""Reason"":3}"
43780156,"{""Old"":39763,""New"":39773,""Reason"":3}"
43780156,"{""Old"":2271,""New"":2281,""Reason"":3}"
47061761,"{""Old"":870,""New"":872,""Reason"":3}"
47061761,"{""Old"":801,""New"":803,""Reason"":3}"
56224846,"{""Old"":128,""New"":130,""Reason"":3}"
56224846,"{""Old"":36,""New"":38,""Reason"":3}"
14365010,"{""Old"":432,""New"":434,""Reason"":3}"
47061761,"{""Old"":1329,""New"":1331,""Reason"":3}"
41121780,"{""Old"":262,""New"":264,""Reason"":3}"
9442327,"{""Old"":99,""New"":101,""Reason"":3}"
9442327,"{""Old"":194,""New"":196,""Reason"":3}"
55522266,"{""Old"":558,""New"":560,""Reason"":3}"
80491185,"{""Old"":4985,""New"":4987,""Reason"":3}"
80491185,"{""Old"":4222,""New"":4224,""Reason"":3}"
80491185,"{""Old"":4322,""New"":4324,""Reason"":3}"
80491185,"{""Old"":4059,""New"":4061,""Reason"":3}"
80491185,"{""Old"":4163,""New"":4173,""Reason"":3}"
208910409,"{""Old"":887,""New"":897,""Reason"":3}"
40712395,"{""Old"":905,""New"":907,""Reason"":3}"
43351980,"{""Old"":15264,""New"":15266,""Reason"":3}"
32002545,"{""Old"":120,""New"":122,""Reason"":3}"
48073539,"{""Old"":2205,""New"":2207,""Reason"":3}"
79142355,"{""Old"":1042,""New"":1044,""Reason"":3}"
62772870,"{""Old"":97,""New"":99,""Reason"":3}"
53038420,"{""Old"":373,""New"":375,""Reason"":3}"
79142355,"{""Old"":954,""New"":956,""Reason"":3}"
35875544,"{""Old"":21641,""New"":21643,""Reason"":3}"
4980186,"{""Old"":3526,""New"":3536,""Reason"":3}"
4980186,"{""Old"":3628,""New"":3638,""Reason"":3}"
64771681,"{""Old"":2715,""New"":2719,""Reason"":3}"
52436180,"{""Old"":379005,""New"":379015,""Reason"":3}"
52436180,"{""Old"":384733,""New"":384735,""Reason"":3}"
52436180,"{""Old"":384861,""New"":384863,""Reason"":3}"
32002545,"{""Old"":382,""New"":384,""Reason"":3}"
32002545,"{""Old"":558,""New"":560,""Reason"":3}"
70971660,"{""Old"":539,""New"":541,""Reason"":3}"
20302898,"{""Old"":2588,""New"":2590,""Reason"":3}"
67836518,"{""Old"":4392,""New"":4402,""Reason"":3}"
49831730,"{""Old"":448,""New"":450,""Reason"":3}"
49831730,"{""Old"":334,""New"":336,""Reason"":3}"
35875544,"{""Old"":21460,""New"":21462,""Reason"":3}"
35875544,"{""Old"":21747,""New"":21749,""Reason"":3}"
35875544,"{""Old"":22192,""New"":22202,""Reason"":3}"
35875544,"{""Old"":19793,""New"":19795,""Reason"":3}"
35875544,"{""Old"":20024,""New"":20026,""Reason"":3}"
35875544,"{""Old"":20098,""New"":20100,""Reason"":3}"
64771681,"{""Old"":2907,""New"":2917,""Reason"":3}"
4980186,"{""Old"":2758,""New"":2768,""Reason"":3}"
47239784,"{""Old"":1148,""New"":1150,""Reason"":3}"
71227328,"{""Old"":389,""New"":391,""Reason"":3}"
205211705,"{""Old"":3117,""New"":3119,""Reason"":3}"
205211705,"{""Old"":3164,""New"":3174,""Reason"":3}"
210993055,"{""Old"":56383,""New"":56385,""Reason"":3}"
62923015,"{""Old"":705,""New"":707,""Reason"":3}"
4405013,"{""Old"":597,""New"":599,""Reason"":3}"
80246621,"{""Old"":840,""New"":842,""Reason"":3}"
23033741,"{""Old"":401,""New"":403,""Reason"":3}"
85219672,"{""Old"":13062,""New"":13064,""Reason"":3}"
85219672,"{""Old"":13046,""New"":13048,""Reason"":3}"
85219672,"{""Old"":13040,""New"":13042,""Reason"":3}"
85219672,"{""Old"":13099,""New"":13101,""Reason"":3}"
85219672,"{""Old"":13568,""New"":13570,""Reason"":3}"
85219672,"{""Old"":14469,""New"":14479,""Reason"":3}"
85219672,"{""Old"":14693,""New"":14703,""Reason"":3}"
85219672,"{""Old"":15023,""New"":15033,""Reason"":3}"
50681822,"{""Old"":330,""New"":332,""Reason"":3}"
50681822,"{""Old"":605,""New"":609,""Reason"":3}"
85219672,"{""Old"":16733,""New"":16735,""Reason"":3}"
85219672,"{""Old"":17831,""New"":17841,""Reason"":3}"
85219672,"{""Old"":13000,""New"":13002,""Reason"":3}"
85219672,"{""Old"":13824,""New"":13826,""Reason"":3}"
80653261,"{""Old"":853,""New"":855,""Reason"":3}"
23033741,"{""Old"":355,""New"":365,""Reason"":3}"
44481882,"{""Old"":542,""New"":544,""Reason"":3}"
27777369,"{""Old"":618,""New"":620,""Reason"":3}"
42218918,"{""Old"":623,""New"":625,""Reason"":3}"
33372137,"{""Old"":3386,""New"":3388,""Reason"":3}"
8873732,"{""Old"":25256,""New"":25258,""Reason"":3}"
41121780,"{""Old"":289,""New"":299,""Reason"":3}"
44931151,"{""Old"":83769,""New"":83779,""Reason"":3}"
44931151,"{""Old"":84609,""New"":84619,""Reason"":3}"
8873732,"{""Old"":25114,""New"":25118,""Reason"":3}"
9442327,"{""Old"":132,""New"":134,""Reason"":3}"
40692234,"{""Old"":507,""New"":509,""Reason"":3}"
46662749,"{""Old"":209,""New"":211,""Reason"":3}"
46662749,"{""Old"":262,""New"":264,""Reason"":3}"
35216582,"{""Old"":31776,""New"":31786,""Reason"":3}"
56224846,"{""Old"":154,""New"":156,""Reason"":3}"
40700927,"{""Old"":47,""New"":49,""Reason"":3}"
11129004,"{""Old"":2620,""New"":2630,""Reason"":3}"
50494222,"{""Old"":81497,""New"":81507,""Reason"":3}"
4239086,"{""Old"":4057,""New"":4059,""Reason"":3}"
4239086,"{""Old"":3911,""New"":3913,""Reason"":3}"
4239086,"{""Old"":3400,""New"":3402,""Reason"":3}"
4980186,"{""Old"":2451,""New"":2461,""Reason"":3}"
48056970,"{""Old"":1004,""New"":1008,""Reason"":3}"
48056970,"{""Old"":1079,""New"":1081,""Reason"":3}"
44510856,"{""Old"":1717,""New"":1719,""Reason"":3}"
48056970,"{""Old"":1089,""New"":1091,""Reason"":3}"
44510856,"{""Old"":1442,""New"":1452,""Reason"":3}"
27777369,"{""Old"":66770,""New"":66774,""Reason"":3}"
8873732,"{""Old"":25258,""New"":25260,""Reason"":3}"
27777369,"{""Old"":66948,""New"":66950,""Reason"":3}"
55522266,"{""Old"":608,""New"":610,""Reason"":3}"
44931151,"{""Old"":82222,""New"":82226,""Reason"":3}"
44931151,"{""Old"":83440,""New"":83450,""Reason"":3}"
44931151,"{""Old"":84215,""New"":84225,""Reason"":3}"
44663519,"{""Old"":455,""New"":457,""Reason"":3}"
44931151,"{""Old"":82252,""New"":82262,""Reason"":3}"
44931151,"{""Old"":84225,""New"":84235,""Reason"":3}"
17730425,"{""Old"":2302,""New"":2312,""Reason"":3}"
29350329,"{""Old"":163,""New"":165,""Reason"":3}"
16303419,"{""Old"":65862,""New"":65872,""Reason"":3}"
16303419,"{""Old"":73447,""New"":73467,""Reason"":3}"
16303419,"{""Old"":75449,""New"":75459,""Reason"":3}"
16303419,"{""Old"":66080,""New"":66090,""Reason"":3}"
16303419,"{""Old"":70115,""New"":70145,""Reason"":3}"
16303419,"{""Old"":75459,""New"":75469,""Reason"":3}"
13755035,"{""Old"":255,""New"":257,""Reason"":3}"
208910409,"{""Old"":1214,""New"":1216,""Reason"":3}"
70971660,"{""Old"":543,""New"":545,""Reason"":3}"
32002545,"{""Old"":492,""New"":494,""Reason"":3}"
40712395,"{""Old"":551,""New"":561,""Reason"":3}"
40712395,"{""Old"":570,""New"":572,""Reason"":3}"
8883313,"{""Old"":1604,""New"":1606,""Reason"":3}"
8883313,"{""Old"":1688,""New"":1690,""Reason"":3}"
8883313,"{""Old"":1705,""New"":1707,""Reason"":3}"
8673338,"{""Old"":13354,""New"":13364,""Reason"":3}"
16303419,"{""Old"":66790,""New"":66800,""Reason"":3}"
16303419,"{""Old"":68971,""New"":69001,""Reason"":3}"
16303419,"{""Old"":70690,""New"":70710,""Reason"":3}"
16303419,"{""Old"":71402,""New"":71412,""Reason"":3}"
16303419,"{""Old"":71277,""New"":71287,""Reason"":3}"
16303419,"{""Old"":75524,""New"":75534,""Reason"":3}"
16303419,"{""Old"":73062,""New"":73082,""Reason"":3}"
16303419,"{""Old"":73342,""New"":73352,""Reason"":3}"
16303419,"{""Old"":74304,""New"":74314,""Reason"":3}"
16303419,"{""Old"":74229,""New"":74249,""Reason"":3}"
16303419,"{""Old"":74429,""New"":74439,""Reason"":3}"
33904862,"{""Old"":647,""New"":649,""Reason"":3}"
44931151,"{""Old"":84135,""New"":84145,""Reason"":3}"
8873732,"{""Old"":24960,""New"":24964,""Reason"":3}"
44931151,"{""Old"":83512,""New"":83514,""Reason"":3}"
44931151,"{""Old"":84095,""New"":84115,""Reason"":3}"
27777369,"{""Old"":66576,""New"":66578,""Reason"":3}"
27777369,"{""Old"":66611,""New"":66613,""Reason"":3}"
8873732,"{""Old"":25216,""New"":25226,""Reason"":3}"
215520292,"{""Old"":317691,""New"":317701,""Reason"":3}"
80491185,"{""Old"":4212,""New"":4222,""Reason"":3}"
62923015,"{""Old"":663,""New"":665,""Reason"":3}"
6881205,"{""Old"":1327,""New"":1329,""Reason"":3}"
35875544,"{""Old"":19668,""New"":19678,""Reason"":3}"
35875544,"{""Old"":19820,""New"":19822,""Reason"":3}"
38749156,"{""Old"":1111,""New"":1113,""Reason"":3}"
38749156,"{""Old"":6189,""New"":6199,""Reason"":3}"
38749156,"{""Old"":1518,""New"":1520,""Reason"":3}"
38749156,"{""Old"":1417,""New"":1419,""Reason"":3}"
38749156,"{""Old"":3984,""New"":3986,""Reason"":3}"
38749156,"{""Old"":4619,""New"":4629,""Reason"":3}"
42367164,"{""Old"":2107,""New"":2109,""Reason"":3}"
38749156,"{""Old"":388,""New"":390,""Reason"":3}"
205211705,"{""Old"":3293,""New"":3295,""Reason"":3}"
49831730,"{""Old"":809,""New"":811,""Reason"":3}"
49831730,"{""Old"":475,""New"":477,""Reason"":3}"
42367164,"{""Old"":1783,""New"":1785,""Reason"":3}"
42367164,"{""Old"":1811,""New"":1813,""Reason"":3}"
38749156,"{""Old"":1255,""New"":1259,""Reason"":3}"
38749156,"{""Old"":1253,""New"":1255,""Reason"":3}"
38749156,"{""Old"":4430,""New"":4440,""Reason"":3}"
62448257,"{""Old"":2298,""New"":2300,""Reason"":3}"
43351980,"{""Old"":15330,""New"":15332,""Reason"":3}"
43351980,"{""Old"":15666,""New"":15676,""Reason"":3}"
216198135,"{""Old"":335679,""New"":335689,""Reason"":3}"
208910409,"{""Old"":325,""New"":327,""Reason"":3}"
208910409,"{""Old"":394,""New"":396,""Reason"":3}"
208910409,"{""Old"":445,""New"":447,""Reason"":3}"
208910409,"{""Old"":454,""New"":456,""Reason"":3}"
208910409,"{""Old"":485,""New"":489,""Reason"":3}"
70971660,"{""Old"":373,""New"":375,""Reason"":3}"
216198135,"{""Old"":335319,""New"":335329,""Reason"":3}"
16303419,"{""Old"":68267,""New"":68287,""Reason"":3}"
16303419,"{""Old"":68592,""New"":68602,""Reason"":3}"
48073539,"{""Old"":2254,""New"":2256,""Reason"":3}"
208910409,"{""Old"":992,""New"":994,""Reason"":3}"
84957257,"{""Old"":17323,""New"":17325,""Reason"":3}"
84957257,"{""Old"":13970,""New"":13980,""Reason"":3}"
84957257,"{""Old"":15236,""New"":15238,""Reason"":3}"
84957257,"{""Old"":17265,""New"":17267,""Reason"":3}"
84957257,"{""Old"":17630,""New"":17632,""Reason"":3}"
48073539,"{""Old"":2427,""New"":2429,""Reason"":3}"
23033741,"{""Old"":327,""New"":329,""Reason"":3}"
86009749,"{""Old"":334,""New"":336,""Reason"":3}"
23033741,"{""Old"":225,""New"":227,""Reason"":3}"
46446795,"{""Old"":2931,""New"":2933,""Reason"":3}"
9130127,"{""Old"":150,""New"":152,""Reason"":3}"
83319984,"{""Old"":4385,""New"":4387,""Reason"":3}"
83319984,"{""Old"":4517,""New"":4519,""Reason"":3}"
83319984,"{""Old"":4479,""New"":4481,""Reason"":3}"
83319984,"{""Old"":4525,""New"":4535,""Reason"":3}"
6865857,"{""Old"":3340,""New"":3342,""Reason"":3}"
46446795,"{""Old"":2933,""New"":2935,""Reason"":3}"
83319984,"{""Old"":4399,""New"":4409,""Reason"":3}"
83319984,"{""Old"":4431,""New"":4441,""Reason"":3}"
48056970,"{""Old"":961,""New"":963,""Reason"":3}"
48056970,"{""Old"":1002,""New"":1004,""Reason"":3}"
8873732,"{""Old"":24883,""New"":24885,""Reason"":3}"
6865857,"{""Old"":2814,""New"":2824,""Reason"":3}"
9130127,"{""Old"":158,""New"":160,""Reason"":3}"
83319984,"{""Old"":4375,""New"":4385,""Reason"":3}"
83940666,"{""Old"":2448,""New"":2450,""Reason"":3}"
23353445,"{""Old"":500,""New"":504,""Reason"":3}"
37314067,"{""Old"":428,""New"":430,""Reason"":3}"
86009749,"{""Old"":455,""New"":457,""Reason"":3}"
2796424,"{""Old"":5162,""New"":5164,""Reason"":3}"
46662749,"{""Old"":198,""New"":208,""Reason"":3}"
46662749,"{""Old"":245,""New"":247,""Reason"":3}"
35216582,"{""Old"":28635,""New"":28655,""Reason"":3}"
210993055,"{""Old"":55005,""New"":55007,""Reason"":3}"
210993055,"{""Old"":55813,""New"":55815,""Reason"":3}"
43351980,"{""Old"":15644,""New"":15646,""Reason"":3}"
208910409,"{""Old"":1114,""New"":1116,""Reason"":3}"
208910409,"{""Old"":940,""New"":942,""Reason"":3}"
40712395,"{""Old"":1312,""New"":1314,""Reason"":3}"
40712395,"{""Old"":903,""New"":905,""Reason"":3}"
208910409,"{""Old"":391,""New"":393,""Reason"":3}"
216198135,"{""Old"":335359,""New"":335389,""Reason"":3}"
20302898,"{""Old"":2580,""New"":2584,""Reason"":3}"
205211705,"{""Old"":3140,""New"":3142,""Reason"":3}"
205211705,"{""Old"":3281,""New"":3283,""Reason"":3}"
205211705,"{""Old"":3274,""New"":3276,""Reason"":3}"
205211705,"{""Old"":3119,""New"":3121,""Reason"":3}"
13083476,"{""Old"":1006,""New"":1008,""Reason"":3}"
42367164,"{""Old"":2149,""New"":2151,""Reason"":3}"
205211705,"{""Old"":3214,""New"":3216,""Reason"":3}"
64771681,"{""Old"":2629,""New"":2631,""Reason"":3}"
21938529,"{""Old"":126,""New"":128,""Reason"":3}"
64771681,"{""Old"":2719,""New"":2739,""Reason"":3}"
42367164,"{""Old"":2155,""New"":2157,""Reason"":3}"
41040836,"{""Old"":573,""New"":575,""Reason"":3}"
37314067,"{""Old"":407,""New"":409,""Reason"":3}"
23353445,"{""Old"":594,""New"":604,""Reason"":3}"
4239086,"{""Old"":3592,""New"":3594,""Reason"":3}"
71718548,"{""Old"":385,""New"":387,""Reason"":3}"
38095618,"{""Old"":80107,""New"":80117,""Reason"":3}"
71718548,"{""Old"":367,""New"":369,""Reason"":3}"
71718548,"{""Old"":365,""New"":367,""Reason"":3}"
71718548,"{""Old"":442,""New"":444,""Reason"":3}"
47061761,"{""Old"":1121,""New"":1123,""Reason"":3}"
47061761,"{""Old"":1764,""New"":1766,""Reason"":3}"
47061761,"{""Old"":1782,""New"":1784,""Reason"":3}"
47061761,"{""Old"":1629,""New"":1631,""Reason"":3}"
44931151,"{""Old"":82228,""New"":82238,""Reason"":3}"
44931151,"{""Old"":83534,""New"":83544,""Reason"":3}"
44931151,"{""Old"":83903,""New"":83933,""Reason"":3}"
44663519,"{""Old"":545,""New"":547,""Reason"":3}"
44931151,"{""Old"":82240,""New"":82242,""Reason"":3}"
44931151,"{""Old"":83008,""New"":83018,""Reason"":3}"
44931151,"{""Old"":83380,""New"":83390,""Reason"":3}"
44931151,"{""Old"":84503,""New"":84505,""Reason"":3}"
44931151,"{""Old"":84641,""New"":84651,""Reason"":3}"
44931151,"{""Old"":82226,""New"":82228,""Reason"":3}"
44931151,"{""Old"":83450,""New"":83460,""Reason"":3}"
44931151,"{""Old"":83729,""New"":83739,""Reason"":3}"
46626552,"{""Old"":34,""New"":36,""Reason"":3}"
62923015,"{""Old"":2226,""New"":2228,""Reason"":3}"
44931151,"{""Old"":82910,""New"":82920,""Reason"":3}"
44931151,"{""Old"":83198,""New"":83208,""Reason"":3}"
44931151,"{""Old"":83965,""New"":83975,""Reason"":3}"
44931151,"{""Old"":84035,""New"":84045,""Reason"":3}"
44931151,"{""Old"":83270,""New"":83280,""Reason"":3}"
62923015,"{""Old"":2200,""New"":2202,""Reason"":3}"
62923015,"{""Old"":2238,""New"":2240,""Reason"":3}"
44663519,"{""Old"":496,""New"":498,""Reason"":3}"
44663519,"{""Old"":526,""New"":528,""Reason"":3}"
44931151,"{""Old"":82178,""New"":82180,""Reason"":3}"
44931151,"{""Old"":82900,""New"":82910,""Reason"":3}"
44931151,"{""Old"":84599,""New"":84609,""Reason"":3}"
9442327,"{""Old"":167,""New"":169,""Reason"":3}"
43351980,"{""Old"":15262,""New"":15264,""Reason"":3}"
32389590,"{""Old"":340,""New"":342,""Reason"":3}"
70315956,"{""Old"":821,""New"":823,""Reason"":3}"
70315956,"{""Old"":862,""New"":864,""Reason"":3}"
84957257,"{""Old"":16453,""New"":16455,""Reason"":3}"
8673338,"{""Old"":11644,""New"":11646,""Reason"":3}"
8673338,"{""Old"":13088,""New"":13098,""Reason"":3}"
8673338,"{""Old"":13320,""New"":13330,""Reason"":3}"
70971660,"{""Old"":652,""New"":654,""Reason"":3}"
70971660,"{""Old"":1093,""New"":1097,""Reason"":3}"
70971660,"{""Old"":1113,""New"":1115,""Reason"":3}"
31853290,"{""Old"":10,""New"":12,""Reason"":3}"
8673338,"{""Old"":13562,""New"":13572,""Reason"":3}"
70971660,"{""Old"":1031,""New"":1033,""Reason"":3}"
52436180,"{""Old"":382504,""New"":382514,""Reason"":3}"
8883313,"{""Old"":1400,""New"":1402,""Reason"":3}"
32405736,"{""Old"":1255,""New"":1257,""Reason"":3}"
7087738,"{""Old"":58,""New"":60,""Reason"":3}"
9083671,"{""Old"":1213,""New"":1215,""Reason"":3}"
17730425,"{""Old"":2840,""New"":2850,""Reason"":3}"
58261482,"{""Old"":1519,""New"":1521,""Reason"":3}"
58261482,"{""Old"":1091,""New"":1093,""Reason"":3}"
6615671,"{""Old"":955,""New"":957,""Reason"":3}"
6615671,"{""Old"":1031,""New"":1033,""Reason"":3}"
6615671,"{""Old"":1033,""New"":1035,""Reason"":3}"
58261482,"{""Old"":1117,""New"":1119,""Reason"":3}"
6615671,"{""Old"":1064,""New"":1066,""Reason"":3}"
81856946,"{""Old"":706,""New"":708,""Reason"":3}"
81856946,"{""Old"":502,""New"":504,""Reason"":3}"
81856946,"{""Old"":598,""New"":600,""Reason"":3}"
81856946,"{""Old"":651,""New"":653,""Reason"":3}"
79782981,"{""Old"":3881,""New"":3883,""Reason"":3}"
79782981,"{""Old"":7133,""New"":7143,""Reason"":3}"
70253325,"{""Old"":186,""New"":188,""Reason"":3}"
79782981,"{""Old"":3887,""New"":3889,""Reason"":3}"
79782981,"{""Old"":5432,""New"":5434,""Reason"":3}"
79782981,"{""Old"":6920,""New"":6950,""Reason"":3}"
79782981,"{""Old"":7489,""New"":7499,""Reason"":3}"
79782981,"{""Old"":7733,""New"":7743,""Reason"":3}"
79782981,"{""Old"":7763,""New"":7773,""Reason"":3}"
37781144,"{""Old"":449,""New"":451,""Reason"":3}"
79782981,"{""Old"":3655,""New"":3659,""Reason"":3}"
37781144,"{""Old"":285,""New"":287,""Reason"":3}"
37781144,"{""Old"":419,""New"":421,""Reason"":3}"
79782981,"{""Old"":3344,""New"":3346,""Reason"":3}"
79782981,"{""Old"":8413,""New"":8423,""Reason"":3}"
79782981,"{""Old"":8567,""New"":8577,""Reason"":3}"
79782981,"{""Old"":2986,""New"":2988,""Reason"":3}"
37781144,"{""Old"":403,""New"":405,""Reason"":3}"
49831730,"{""Old"":785,""New"":787,""Reason"":3}"
49831730,"{""Old"":882,""New"":884,""Reason"":3}"
49831730,"{""Old"":771,""New"":773,""Reason"":3}"
49831730,"{""Old"":777,""New"":779,""Reason"":3}"
49831730,"{""Old"":1143,""New"":1145,""Reason"":3}"
49831730,"{""Old"":1145,""New"":1147,""Reason"":3}"
42367164,"{""Old"":1281,""New"":1283,""Reason"":3}"
42367164,"{""Old"":1552,""New"":1556,""Reason"":3}"
28562228,"{""Old"":251,""New"":253,""Reason"":3}"
48056970,"{""Old"":1055,""New"":1057,""Reason"":3}"
44510856,"{""Old"":1620,""New"":1622,""Reason"":3}"
44510856,"{""Old"":1634,""New"":1636,""Reason"":3}"
44510856,"{""Old"":1697,""New"":1699,""Reason"":3}"
44510856,"{""Old"":1424,""New"":1426,""Reason"":3}"
44510856,"{""Old"":1436,""New"":1438,""Reason"":3}"
80491185,"{""Old"":4547,""New"":4557,""Reason"":3}"
80491185,"{""Old"":4379,""New"":4389,""Reason"":3}"
80491185,"{""Old"":4233,""New"":4243,""Reason"":3}"
80491185,"{""Old"":4245,""New"":4255,""Reason"":3}"
80491185,"{""Old"":4731,""New"":4741,""Reason"":3}"
8873732,"{""Old"":24947,""New"":24949,""Reason"":3}"
8873732,"{""Old"":25206,""New"":25208,""Reason"":3}"
38749156,"{""Old"":285,""New"":287,""Reason"":3}"
38749156,"{""Old"":346,""New"":348,""Reason"":3}"
13083476,"{""Old"":230,""New"":232,""Reason"":3}"
39687811,"{""Old"":290,""New"":292,""Reason"":3}"
35875544,"{""Old"":21576,""New"":21578,""Reason"":3}"
35875544,"{""Old"":21648,""New"":21650,""Reason"":3}"
205211705,"{""Old"":3662,""New"":3664,""Reason"":3}"
42367164,"{""Old"":891,""New"":897,""Reason"":3}"
38749156,"{""Old"":2313,""New"":2315,""Reason"":3}"
38749156,"{""Old"":4505,""New"":4507,""Reason"":3}"
56262169,"{""Old"":120,""New"":124,""Reason"":3}"
56262169,"{""Old"":149,""New"":151,""Reason"":3}"
47061761,"{""Old"":874,""New"":884,""Reason"":3}"
85219672,"{""Old"":16189,""New"":16191,""Reason"":3}"
85219672,"{""Old"":16779,""New"":16781,""Reason"":3}"
85219672,"{""Old"":17354,""New"":17356,""Reason"":3}"
86009749,"{""Old"":276,""New"":278,""Reason"":3}"
10586403,"{""Old"":2735,""New"":2737,""Reason"":3}"
35875544,"{""Old"":18440,""New"":18442,""Reason"":3}"
46662749,"{""Old"":91,""New"":93,""Reason"":3}"
44481882,"{""Old"":544,""New"":546,""Reason"":3}"
44481882,"{""Old"":412,""New"":414,""Reason"":3}"
69442044,"{""Old"":459,""New"":469,""Reason"":3}"
40247006,"{""Old"":1251,""New"":1253,""Reason"":3}"
40247006,"{""Old"":1269,""New"":1271,""Reason"":3}"
215520292,"{""Old"":314757,""New"":314797,""Reason"":3}"
80491185,"{""Old"":4137,""New"":4139,""Reason"":3}"
44510856,"{""Old"":1695,""New"":1697,""Reason"":3}"
55522266,"{""Old"":598,""New"":600,""Reason"":3}"
25599199,"{""Old"":1170,""New"":1172,""Reason"":3}"
25599199,"{""Old"":1198,""New"":1200,""Reason"":3}"
215520292,"{""Old"":316437,""New"":316477,""Reason"":3}"
215520292,"{""Old"":316417,""New"":316437,""Reason"":3}"
8873732,"{""Old"":25015,""New"":25017,""Reason"":3}"
8873732,"{""Old"":25080,""New"":25082,""Reason"":3}"
8873732,"{""Old"":25082,""New"":25084,""Reason"":3}"
8873732,"{""Old"":25102,""New"":25112,""Reason"":3}"
27777369,"{""Old"":66582,""New"":66584,""Reason"":3}"
9076256,"{""Old"":719,""New"":721,""Reason"":3}"
25599199,"{""Old"":1178,""New"":1180,""Reason"":3}"
80491185,"{""Old"":4607,""New"":4617,""Reason"":3}"
80491185,"{""Old"":4672,""New"":4674,""Reason"":3}"
215520292,"{""Old"":316077,""New"":316087,""Reason"":3}"
47061761,"{""Old"":1682,""New"":1684,""Reason"":3}"
47061761,"{""Old"":1719,""New"":1721,""Reason"":3}"
47061761,"{""Old"":780,""New"":782,""Reason"":3}"
47061761,"{""Old"":1466,""New"":1468,""Reason"":3}"
47061761,"{""Old"":1198,""New"":1208,""Reason"":3}"
47061761,"{""Old"":1649,""New"":1651,""Reason"":3}"
37314067,"{""Old"":412,""New"":414,""Reason"":3}"
38095618,"{""Old"":79063,""New"":79073,""Reason"":3}"
44510856,"{""Old"":1721,""New"":1723,""Reason"":3}"
48056970,"{""Old"":880,""New"":882,""Reason"":3}"
48056970,"{""Old"":1047,""New"":1049,""Reason"":3}"
215520292,"{""Old"":315353,""New"":315355,""Reason"":3}"
215520292,"{""Old"":316572,""New"":316574,""Reason"":3}"
80491185,"{""Old"":4320,""New"":4322,""Reason"":3}"
26453322,"{""Old"":32361,""New"":32371,""Reason"":3}"
26453322,"{""Old"":32598,""New"":32608,""Reason"":3}"
26453322,"{""Old"":32778,""New"":32798,""Reason"":3}"
26453322,"{""Old"":33460,""New"":33462,""Reason"":3}"
38095618,"{""Old"":80057,""New"":80067,""Reason"":3}"
4239086,"{""Old"":3431,""New"":3433,""Reason"":3}"
4239086,"{""Old"":3465,""New"":3469,""Reason"":3}"
4239086,"{""Old"":3905,""New"":3909,""Reason"":3}"
4239086,"{""Old"":4061,""New"":4071,""Reason"":3}"
38095618,"{""Old"":78762,""New"":78764,""Reason"":3}"
38095618,"{""Old"":78760,""New"":78762,""Reason"":3}"
38095618,"{""Old"":79911,""New"":79921,""Reason"":3}"
38095618,"{""Old"":80087,""New"":80097,""Reason"":3}"
38095618,"{""Old"":79171,""New"":79181,""Reason"":3}"
38095618,"{""Old"":79335,""New"":79345,""Reason"":3}"
38095618,"{""Old"":79583,""New"":79585,""Reason"":3}"
20440680,"{""Old"":3515,""New"":3517,""Reason"":3}"
38095618,"{""Old"":78517,""New"":78519,""Reason"":3}"
38319980,"{""Old"":82139,""New"":82149,""Reason"":3}"
50494222,"{""Old"":81845,""New"":81855,""Reason"":3}"
50494222,"{""Old"":82257,""New"":82267,""Reason"":3}"
50494222,"{""Old"":82787,""New"":82797,""Reason"":3}"
38319980,"{""Old"":80726,""New"":80728,""Reason"":3}"
38319980,"{""Old"":80738,""New"":80740,""Reason"":3}"
16303419,"{""Old"":75294,""New"":75304,""Reason"":3}"
16303419,"{""Old"":75154,""New"":75164,""Reason"":3}"
16303419,"{""Old"":75534,""New"":75544,""Reason"":3}"
16303419,"{""Old"":73322,""New"":73342,""Reason"":3}"
16303419,"{""Old"":74249,""New"":74259,""Reason"":3}"
16303419,"{""Old"":75114,""New"":75134,""Reason"":3}"
16303419,"{""Old"":76301,""New"":76311,""Reason"":3}"
16303419,"{""Old"":76901,""New"":76911,""Reason"":3}"
16303419,"{""Old"":67610,""New"":67620,""Reason"":3}"
16303419,"{""Old"":67812,""New"":67822,""Reason"":3}"
16303419,"{""Old"":70070,""New"":70080,""Reason"":3}"
16303419,"{""Old"":72027,""New"":72037,""Reason"":3}"
16303419,"{""Old"":72452,""New"":72472,""Reason"":3}"
16303419,"{""Old"":67757,""New"":67777,""Reason"":3}"
16303419,"{""Old"":69041,""New"":69051,""Reason"":3}"
16303419,"{""Old"":69565,""New"":69575,""Reason"":3}"
16303419,"{""Old"":72567,""New"":72587,""Reason"":3}"
16303419,"{""Old"":77126,""New"":77136,""Reason"":3}"
9083671,"{""Old"":1219,""New"":1221,""Reason"":3}"
20302898,"{""Old"":2656,""New"":2658,""Reason"":3}"
32405736,"{""Old"":1281,""New"":1283,""Reason"":3}"
23353445,"{""Old"":418,""New"":420,""Reason"":3}"
23353445,"{""Old"":507,""New"":509,""Reason"":3}"
67835639,"{""Old"":269,""New"":271,""Reason"":3}"
48056970,"{""Old"":1053,""New"":1055,""Reason"":3}"
48056970,"{""Old"":955,""New"":959,""Reason"":3}"
48056970,"{""Old"":890,""New"":892,""Reason"":3}"
48056970,"{""Old"":1008,""New"":1010,""Reason"":3}"
44510856,"{""Old"":1606,""New"":1608,""Reason"":3}"
44510856,"{""Old"":1602,""New"":1604,""Reason"":3}"
8873732,"{""Old"":24995,""New"":24997,""Reason"":3}"
8873732,"{""Old"":25134,""New"":25136,""Reason"":3}"
8873732,"{""Old"":25232,""New"":25242,""Reason"":3}"
8873732,"{""Old"":25246,""New"":25248,""Reason"":3}"
55522266,"{""Old"":582,""New"":584,""Reason"":3}"
79620375,"{""Old"":129,""New"":131,""Reason"":3}"
55522266,"{""Old"":610,""New"":612,""Reason"":3}"
20302898,"{""Old"":2888,""New"":2890,""Reason"":3}"
20302898,"{""Old"":2915,""New"":2917,""Reason"":3}"
37784995,"{""Old"":4388,""New"":4398,""Reason"":3}"
32405736,"{""Old"":1279,""New"":1281,""Reason"":3}"
32405736,"{""Old"":1298,""New"":1300,""Reason"":3}"
52436180,"{""Old"":381170,""New"":381180,""Reason"":3}"
8673338,"{""Old"":12820,""New"":12822,""Reason"":3}"
8673338,"{""Old"":12964,""New"":12966,""Reason"":3}"
48073539,"{""Old"":2195,""New"":2201,""Reason"":3}"
48073539,"{""Old"":2353,""New"":2355,""Reason"":3}"
32002545,"{""Old"":200,""New"":202,""Reason"":3}"
32002545,"{""Old"":320,""New"":322,""Reason"":3}"
32002545,"{""Old"":352,""New"":354,""Reason"":3}"
8873732,"{""Old"":25262,""New"":25272,""Reason"":3}"
8873732,"{""Old"":25023,""New"":25025,""Reason"":3}"
8873732,"{""Old"":25086,""New"":25088,""Reason"":3}"
8873732,"{""Old"":25200,""New"":25202,""Reason"":3}"
8873732,"{""Old"":24980,""New"":24982,""Reason"":3}"
8873732,"{""Old"":24978,""New"":24980,""Reason"":3}"
27777369,"{""Old"":67127,""New"":67129,""Reason"":3}"
8873732,"{""Old"":24966,""New"":24970,""Reason"":3}"
8873732,"{""Old"":25208,""New"":25210,""Reason"":3}"
79620375,"{""Old"":127,""New"":129,""Reason"":3}"
9076256,"{""Old"":721,""New"":731,""Reason"":3}"
25599199,"{""Old"":1184,""New"":1186,""Reason"":3}"
80491185,"{""Old"":4474,""New"":4484,""Reason"":3}"
80491185,"{""Old"":4471,""New"":4473,""Reason"":3}"
80491185,"{""Old"":4741,""New"":4751,""Reason"":3}"
215520292,"{""Old"":317154,""New"":317184,""Reason"":3}"
80491185,"{""Old"":4533,""New"":4535,""Reason"":3}"
58261482,"{""Old"":1396,""New"":1398,""Reason"":3}"
79782981,"{""Old"":5805,""New"":5815,""Reason"":3}"
79782981,"{""Old"":7909,""New"":7919,""Reason"":3}"
79782981,"{""Old"":8184,""New"":8194,""Reason"":3}"
37781144,"{""Old"":411,""New"":413,""Reason"":3}"
37781144,"{""Old"":427,""New"":437,""Reason"":3}"
37781144,"{""Old"":463,""New"":465,""Reason"":3}"
79782981,"{""Old"":6850,""New"":6870,""Reason"":3}"
79782981,"{""Old"":7245,""New"":7255,""Reason"":3}"
79782981,"{""Old"":8435,""New"":8445,""Reason"":3}"
79782981,"{""Old"":2994,""New"":2996,""Reason"":3}"
79782981,"{""Old"":3211,""New"":3221,""Reason"":3}"
79782981,"{""Old"":5626,""New"":5628,""Reason"":3}"
79782981,"{""Old"":6478,""New"":6488,""Reason"":3}"
79782981,"{""Old"":7355,""New"":7375,""Reason"":3}"
79782981,"{""Old"":7845,""New"":7855,""Reason"":3}"
79782981,"{""Old"":8084,""New"":8094,""Reason"":3}"
79782981,"{""Old"":5892,""New"":5894,""Reason"":3}"
79782981,"{""Old"":8923,""New"":8933,""Reason"":3}"
58261482,"{""Old"":1115,""New"":1117,""Reason"":3}"
58261482,"{""Old"":1329,""New"":1331,""Reason"":3}"
26480103,"{""Old"":105,""New"":107,""Reason"":3}"
79782981,"{""Old"":4997,""New"":5001,""Reason"":3}"
79782981,"{""Old"":5707,""New"":5709,""Reason"":3}"
79782981,"{""Old"":7279,""New"":7289,""Reason"":3}"
79782981,"{""Old"":7689,""New"":7691,""Reason"":3}"
79782981,"{""Old"":8234,""New"":8244,""Reason"":3}"
79782981,"{""Old"":3048,""New"":3052,""Reason"":3}"
79782981,"{""Old"":8902,""New"":8912,""Reason"":3}"
26480103,"{""Old"":641,""New"":643,""Reason"":3}"
81856946,"{""Old"":738,""New"":740,""Reason"":3}"
65582555,"{""Old"":21,""New"":23,""Reason"":3}"
79782981,"{""Old"":8758,""New"":8768,""Reason"":3}"
37781144,"{""Old"":223,""New"":225,""Reason"":3}"
37781144,"{""Old"":459,""New"":461,""Reason"":3}"
38319980,"{""Old"":81268,""New"":81270,""Reason"":3}"
38319980,"{""Old"":81890,""New"":81892,""Reason"":3}"
36439403,"{""Old"":1590,""New"":1592,""Reason"":3}"
85888980,"{""Old"":835,""New"":837,""Reason"":3}"
11129004,"{""Old"":2652,""New"":2662,""Reason"":3}"
11129004,"{""Old"":2662,""New"":2672,""Reason"":3}"
210993055,"{""Old"":56373,""New"":56383,""Reason"":3}"
210993055,"{""Old"":56492,""New"":56502,""Reason"":3}"
11129004,"{""Old"":1932,""New"":1934,""Reason"":3}"
11129004,"{""Old"":2692,""New"":2702,""Reason"":3}"
6881205,"{""Old"":1319,""New"":1321,""Reason"":3}"
6881205,"{""Old"":1323,""New"":1325,""Reason"":3}"
85219672,"{""Old"":13097,""New"":13099,""Reason"":3}"
85219672,"{""Old"":14112,""New"":14114,""Reason"":3}"
85219672,"{""Old"":14322,""New"":14332,""Reason"":3}"
85219672,"{""Old"":14554,""New"":14564,""Reason"":3}"
9083671,"{""Old"":1215,""New"":1217,""Reason"":3}"
16303419,"{""Old"":74719,""New"":74779,""Reason"":3}"
16303419,"{""Old"":67430,""New"":67440,""Reason"":3}"
16303419,"{""Old"":68447,""New"":68467,""Reason"":3}"
16303419,"{""Old"":68402,""New"":68412,""Reason"":3}"
16303419,"{""Old"":69031,""New"":69041,""Reason"":3}"
16303419,"{""Old"":71702,""New"":71712,""Reason"":3}"
43351980,"{""Old"":15698,""New"":15708,""Reason"":3}"
13755035,"{""Old"":259,""New"":267,""Reason"":3}"
200690715,"{""Old"":397,""New"":399,""Reason"":3}"
43351980,"{""Old"":15768,""New"":15770,""Reason"":3}"
16303419,"{""Old"":68522,""New"":68532,""Reason"":3}"
16303419,"{""Old"":71862,""New"":71872,""Reason"":3}"
16303419,"{""Old"":77041,""New"":77051,""Reason"":3}"
16303419,"{""Old"":77371,""New"":77381,""Reason"":3}"
16303419,"{""Old"":66200,""New"":66210,""Reason"":3}"
16303419,"{""Old"":66260,""New"":66270,""Reason"":3}"
16303419,"{""Old"":69480,""New"":69490,""Reason"":3}"
16303419,"{""Old"":69815,""New"":69825,""Reason"":3}"
16303419,"{""Old"":70650,""New"":70660,""Reason"":3}"
16303419,"{""Old"":71642,""New"":71652,""Reason"":3}"
16303419,"{""Old"":72257,""New"":72267,""Reason"":3}"
16303419,"{""Old"":72107,""New"":72137,""Reason"":3}"
13755035,"{""Old"":66,""New"":68,""Reason"":3}"
16303419,"{""Old"":72607,""New"":72617,""Reason"":3}"
16303419,"{""Old"":73212,""New"":73222,""Reason"":3}"
16303419,"{""Old"":73949,""New"":73969,""Reason"":3}"
16303419,"{""Old"":75569,""New"":75589,""Reason"":3}"
16303419,"{""Old"":75394,""New"":75404,""Reason"":3}"
43351980,"{""Old"":15290,""New"":15292,""Reason"":3}"
38095618,"{""Old"":79675,""New"":79685,""Reason"":3}"
38095618,"{""Old"":79595,""New"":79605,""Reason"":3}"
4239086,"{""Old"":3402,""New"":3404,""Reason"":3}"
38095618,"{""Old"":80077,""New"":80087,""Reason"":3}"
37314067,"{""Old"":421,""New"":423,""Reason"":3}"
81856946,"{""Old"":430,""New"":432,""Reason"":3}"
